L -312.0, -1337.0, -686.0, -316.0, -1379.0, -686.0, 0, 0, 0
L -465.0, -1614.0, -686.0, -432.0, -1581.0, -686.0, 0, 0, 0
L -465.0, -1614.0, -686.0, -485.0, -1639.0, -686.0, 0, 0, 0
L -485.0, -1639.0, -686.0, -513.0, -1668.0, -686.0, 0, 0, 0
L -557.0, -1655.0, -686.0, -593.0, -1634.0, -686.0, 0, 0, 0
L -557.0, -1655.0, -686.0, -513.0, -1668.0, -686.0, 0, 0, 0
L -1086.0, -379.0, 6.0, -1094.0, -365.0, 6.0, 150, 150, 150
L -1094.0, -365.0, 6.0, -1110.0, -365.0, 6.0, 150, 150, 150
L -1110.0, -365.0, 6.0, -1118.0, -378.0, 6.0, 150, 150, 150
L -1118.0, -378.0, 6.0, -1110.0, -393.0, 6.0, 150, 150, 150
L -1110.0, -393.0, 6.0, -1094.0, -393.0, 6.0, 150, 150, 150
L -1094.0, -393.0, 6.0, -1086.0, -379.0, 6.0, 150, 150, 150
L -1104.0, -372.0, 9.0, -1096.0, -372.0, 9.0, 0, 204, 0
L -1096.0, -372.0, 9.0, -1092.0, -379.0, 9.0, 0, 204, 0
L -1092.0, -379.0, 9.0, -1096.0, -386.0, 9.0, 0, 204, 0
L -1096.0, -386.0, 9.0, -1104.0, -386.0, 9.0, 0, 204, 0
L -1104.0, -386.0, 9.0, -1109.0, -379.0, 9.0, 0, 204, 0
L -1109.0, -379.0, 9.0, -1104.0, -372.0, 9.0, 0, 204, 0
L -1014.0, -387.0, -5.0, -1037.0, -387.0, -1.0, 150, 150, 150
L -1014.0, -367.0, -6.0, -1037.0, -367.0, -4.0, 150, 150, 150
L -1197.0, -434.0, -6.0, -1203.0, -465.0, -12.0, 150, 150, 150
L -1203.0, -465.0, -12.0, -1179.0, -487.0, -12.0, 150, 150, 150
L -1179.0, -487.0, -12.0, -1148.0, -478.0, -7.0, 150, 150, 150
L -1148.0, -478.0, -7.0, -1142.0, -446.0, -1.0, 150, 150, 150
L -1142.0, -446.0, -1.0, -1166.0, -423.0, 0.0, 150, 150, 150
L -1197.0, -434.0, -7.0, -1166.0, -423.0, 0.0, 150, 150, 150
L -1169.0, -438.0, -2.0, -1187.0, -444.0, -5.0, 255, 255, 0
L -1187.0, -444.0, -5.0, -1190.0, -461.0, -9.0, 255, 255, 0
L -1190.0, -461.0, -9.0, -1177.0, -473.0, -9.0, 255, 255, 0
L -1177.0, -473.0, -9.0, -1161.0, -468.0, -6.0, 255, 255, 0
L -1161.0, -468.0, -6.0, -1156.0, -450.0, -2.0, 255, 255, 0
L -1156.0, -450.0, -2.0, -1169.0, -438.0, 0.0, 255, 255, 0
L 410.0, 37.0, -363.0, 487.0, 23.0, -363.0, 0, 204, 204
L 487.0, 23.0, -363.0, 525.0, 13.0, -363.0, 0, 204, 204
L 525.0, 13.0, -363.0, 603.0, 14.0, -361.0, 0, 204, 204
L 603.0, 14.0, -361.0, 642.0, 24.0, -361.0, 0, 204, 204
L 642.0, 24.0, -361.0, 681.0, 23.0, -363.0, 0, 204, 204
L 681.0, 23.0, -363.0, 720.0, 30.0, -363.0, 0, 204, 204
L 720.0, 30.0, -363.0, 759.0, 18.0, -363.0, 0, 204, 204
L 759.0, 18.0, -363.0, 797.0, 38.0, -363.0, 0, 204, 204
L 797.0, 38.0, -363.0, 813.0, 81.0, -363.0, 0, 204, 204
L 813.0, 81.0, -363.0, 804.0, 124.0, -363.0, 0, 204, 204
L 804.0, 124.0, -363.0, 817.0, 167.0, -361.0, 0, 204, 204
L 817.0, 167.0, -361.0, 810.0, 210.0, -361.0, 0, 204, 204
L 810.0, 210.0, -361.0, 820.0, 254.0, -361.0, 0, 204, 204
L 820.0, 254.0, -361.0, 820.0, 297.0, -362.0, 0, 204, 204
L 820.0, 297.0, -362.0, 809.0, 341.0, -363.0, 0, 204, 204
L 809.0, 341.0, -363.0, 804.0, 383.0, -363.0, 0, 204, 204
L 804.0, 383.0, -363.0, 804.0, 427.0, -363.0, 0, 204, 204
L 804.0, 427.0, -363.0, 797.0, 469.0, -363.0, 0, 204, 204
L 797.0, 469.0, -363.0, 759.0, 489.0, -363.0, 0, 204, 204
L 759.0, 489.0, -363.0, 720.0, 502.0, -363.0, 0, 204, 204
L 720.0, 502.0, -363.0, 681.0, 518.0, -363.0, 0, 204, 204
L 681.0, 518.0, -363.0, 642.0, 518.0, -363.0, 0, 204, 204
L 642.0, 518.0, -363.0, 604.0, 527.0, -363.0, 0, 204, 204
L 604.0, 527.0, -363.0, 565.0, 527.0, -363.0, 0, 204, 204
L 565.0, 527.0, -363.0, 527.0, 518.0, -363.0, 0, 204, 204
L 527.0, 518.0, -363.0, 487.0, 502.0, -363.0, 0, 204, 204
L 487.0, 502.0, -363.0, 448.0, 506.0, -363.0, 0, 204, 204
L 448.0, 506.0, -363.0, 410.0, 470.0, -363.0, 0, 204, 204
L 410.0, 470.0, -363.0, 388.0, 426.0, -363.0, 0, 204, 204
L 388.0, 426.0, -363.0, 385.0, 383.0, -363.0, 0, 204, 204
L 385.0, 383.0, -363.0, 375.0, 341.0, -363.0, 0, 204, 204
L 375.0, 341.0, -363.0, 375.0, 255.0, -363.0, 0, 204, 204
L 375.0, 255.0, -363.0, 385.0, 212.0, -363.0, 0, 204, 204
L 385.0, 212.0, -363.0, 385.0, 167.0, -363.0, 0, 204, 204
L 385.0, 167.0, -363.0, 398.0, 124.0, -363.0, 0, 204, 204
L 398.0, 124.0, -363.0, 397.0, 81.0, -363.0, 0, 204, 204
L 397.0, 81.0, -363.0, 410.0, 37.0, -363.0, 0, 204, 204
L 555.0, 439.0, -363.0, 546.0, 472.0, -363.0, 150, 150, 150
L 546.0, 472.0, -363.0, 569.0, 495.0, -363.0, 150, 150, 150
L 569.0, 495.0, -363.0, 601.0, 486.0, -362.0, 150, 150, 150
L 601.0, 486.0, -362.0, 609.0, 455.0, -362.0, 150, 150, 150
L 609.0, 455.0, -362.0, 587.0, 431.0, -362.0, 150, 150, 150
L 587.0, 431.0, -362.0, 555.0, 439.0, -363.0, 150, 150, 150
L 565.0, 450.0, -362.0, 561.0, 468.0, -362.0, 255, 255, 0
L 561.0, 468.0, -362.0, 573.0, 480.0, -362.0, 255, 255, 0
L 573.0, 480.0, -362.0, 591.0, 475.0, -362.0, 255, 255, 0
L 591.0, 475.0, -362.0, 596.0, 458.0, -362.0, 255, 255, 0
L 596.0, 458.0, -362.0, 583.0, 446.0, -362.0, 255, 255, 0
L 583.0, 446.0, -362.0, 565.0, 450.0, -362.0, 255, 255, 0
L -314.0, -591.0, -58.0, -272.0, -591.0, -58.0, 102, 255, 255
L -272.0, -591.0, -58.0, -272.0, -681.0, -58.0, 102, 255, 255
L -272.0, -681.0, -58.0, -372.0, -681.0, -58.0, 102, 255, 255
L -372.0, -681.0, -58.0, -372.0, -591.0, -58.0, 102, 255, 255
L -372.0, -591.0, -58.0, -332.0, -591.0, -58.0, 102, 255, 255
L -332.0, -591.0, -58.0, -332.0, -599.0, -58.0, 102, 255, 255
L -365.0, -599.0, -58.0, -365.0, -673.0, -58.0, 102, 255, 255
L -365.0, -673.0, -58.0, -279.0, -673.0, -58.0, 102, 255, 255
L -279.0, -673.0, -58.0, -279.0, -599.0, -58.0, 102, 255, 255
L -314.0, -591.0, -58.0, -314.0, -599.0, -58.0, 102, 255, 255
L -332.0, -599.0, -58.0, -365.0, -599.0, -58.0, 102, 255, 255
L -314.0, -599.0, -58.0, -279.0, -599.0, -58.0, 102, 255, 255
L -299.0, -551.0, -79.0, -162.0, -551.0, -75.0, 150, 150, 150
L -162.0, -551.0, -74.0, -237.0, -713.0, -79.0, 150, 150, 150
L -237.0, -713.0, -80.0, -407.0, -713.0, -72.0, 150, 150, 150
L -407.0, -713.0, -72.0, -482.0, -551.0, -77.0, 150, 150, 150
L -482.0, -551.0, -76.0, -342.0, -551.0, -79.0, 150, 150, 150
L -342.0, -551.0, -79.0, -342.0, -490.0, -78.0, 150, 150, 150
L -300.0, -491.0, -76.0, -299.0, -551.0, -79.0, 150, 150, 150
L -449.0, -578.0, -58.0, -441.0, -582.0, -58.0, 102, 255, 255
L -441.0, -591.0, -58.0, -441.0, -582.0, -58.0, 102, 255, 255
L -441.0, -591.0, -58.0, -449.0, -595.0, -58.0, 102, 255, 255
L -449.0, -595.0, -58.0, -456.0, -591.0, -58.0, 102, 255, 255
L -456.0, -591.0, -58.0, -456.0, -582.0, -58.0, 102, 255, 255
L -456.0, -582.0, -58.0, -449.0, -578.0, -58.0, 102, 255, 255
L -401.0, -626.0, -58.0, -394.0, -631.0, -58.0, 102, 255, 255
L -394.0, -631.0, -58.0, -394.0, -639.0, -58.0, 102, 255, 255
L -394.0, -639.0, -58.0, -401.0, -643.0, -58.0, 102, 255, 255
L -401.0, -643.0, -58.0, -409.0, -639.0, -58.0, 102, 255, 255
L -409.0, -639.0, -58.0, -408.0, -631.0, -58.0, 102, 255, 255
L -408.0, -631.0, -58.0, -401.0, -626.0, -58.0, 102, 255, 255
L -243.0, -643.0, -58.0, -251.0, -639.0, -58.0, 102, 255, 255
L -251.0, -639.0, -58.0, -251.0, -631.0, -58.0, 102, 255, 255
L -251.0, -631.0, -58.0, -243.0, -626.0, -58.0, 102, 255, 255
L -243.0, -626.0, -58.0, -236.0, -631.0, -58.0, 102, 255, 255
L -236.0, -631.0, -58.0, -236.0, -639.0, -58.0, 102, 255, 255
L -236.0, -639.0, -58.0, -243.0, -643.0, -58.0, 102, 255, 255
L -192.0, -596.0, -58.0, -200.0, -592.0, -58.0, 102, 255, 255
L -200.0, -592.0, -58.0, -200.0, -583.0, -58.0, 102, 255, 255
L -200.0, -583.0, -58.0, -192.0, -579.0, -58.0, 102, 255, 255
L -192.0, -579.0, -58.0, -185.0, -583.0, -58.0, 102, 255, 255
L -185.0, -583.0, -58.0, -185.0, -592.0, -58.0, 102, 255, 255
L -185.0, -592.0, -58.0, -192.0, -596.0, -58.0, 102, 255, 255
L -49.0, -188.0, -119.0, -115.0, -149.0, -119.0, 102, 255, 255
L -189.0, -123.0, -119.0, -270.0, -109.0, -119.0, 102, 255, 255
L -270.0, -109.0, -119.0, -332.0, -65.0, -119.0, 102, 255, 255
L -332.0, -65.0, -119.0, -432.0, -81.0, -119.0, 102, 255, 255
L -432.0, -81.0, -119.0, -510.0, -130.0, -119.0, 102, 255, 255
L -510.0, -130.0, -119.0, -556.0, -192.0, -119.0, 102, 255, 255
L -556.0, -192.0, -119.0, -614.0, -251.0, -119.0, 102, 255, 255
L -614.0, -251.0, -119.0, -696.0, -388.0, -119.0, 102, 255, 255
L -696.0, -388.0, -119.0, -721.0, -466.0, -119.0, 102, 255, 255
L -721.0, -466.0, -119.0, -762.0, -535.0, -119.0, 102, 255, 255
L -762.0, -535.0, -119.0, -781.0, -617.0, -119.0, 102, 255, 255
L -781.0, -617.0, -119.0, -822.0, -685.0, -119.0, 102, 255, 255
L -822.0, -685.0, -119.0, -843.0, -765.0, -119.0, 102, 255, 255
L -843.0, -765.0, -119.0, -785.0, -818.0, -119.0, 102, 255, 255
L -785.0, -818.0, -119.0, -726.0, -867.0, -119.0, 102, 255, 255
L -726.0, -867.0, -119.0, -669.0, -922.0, -119.0, 102, 255, 255
L -669.0, -922.0, -119.0, -538.0, -1001.0, -114.0, 102, 255, 255
L -538.0, -1001.0, -114.0, -463.0, -1024.0, -114.0, 102, 255, 255
L -463.0, -1024.0, -114.0, -397.0, -1063.0, -119.0, 102, 255, 255
L -397.0, -1063.0, -119.0, -324.0, -1094.0, -119.0, 102, 255, 255
L -324.0, -1094.0, -119.0, -270.0, -1151.0, -119.0, 102, 255, 255
L -270.0, -1151.0, -119.0, -186.0, -1159.0, -119.0, 102, 255, 255
L -186.0, -1159.0, -119.0, -118.0, -1108.0, -119.0, 102, 255, 255
L -118.0, -1108.0, -119.0, -92.0, -1031.0, -119.0, 102, 255, 255
L -92.0, -1031.0, -119.0, -30.0, -975.0, -115.0, 102, 255, 255
L -30.0, -975.0, -115.0, 0.0, -899.0, -114.0, 102, 255, 255
L 0.0, -899.0, -114.0, 58.0, -841.0, -114.0, 102, 255, 255
L 58.0, -841.0, -114.0, 99.0, -773.0, -117.0, 102, 255, 255
L 99.0, -773.0, -117.0, 122.0, -694.0, -119.0, 102, 255, 255
L 122.0, -694.0, -119.0, 154.0, -620.0, -118.0, 102, 255, 255
L 154.0, -620.0, -118.0, 195.0, -551.0, -118.0, 102, 255, 255
L 195.0, -551.0, -118.0, 224.0, -475.0, -119.0, 102, 255, 255
L 224.0, -475.0, -119.0, 178.0, -406.0, -119.0, 102, 255, 255
L 178.0, -406.0, -119.0, 123.0, -346.0, -119.0, 102, 255, 255
L 123.0, -346.0, -119.0, 74.0, -281.0, -119.0, 102, 255, 255
L 7.0, -241.0, -119.0, -49.0, -188.0, -119.0, 102, 255, 255
L -115.0, -149.0, -119.0, -189.0, -123.0, -119.0, 102, 255, 255
L 7.0, -241.0, -119.0, 74.0, -281.0, -119.0, 102, 255, 255
L -237.0, -219.0, -119.0, -206.0, -205.0, -119.0, 150, 150, 150
L -206.0, -205.0, -119.0, -202.0, -171.0, -119.0, 150, 150, 150
L -202.0, -171.0, -119.0, -229.0, -151.0, -118.0, 150, 150, 150
L -229.0, -151.0, -118.0, -260.0, -166.0, -117.0, 150, 150, 150
L -260.0, -166.0, -117.0, -264.0, -199.0, -117.0, 150, 150, 150
L -264.0, -199.0, -117.0, -237.0, -219.0, -119.0, 150, 150, 150
L -235.0, -203.0, -117.0, -218.0, -195.0, -117.0, 255, 255, 0
L -218.0, -195.0, -117.0, -217.0, -178.0, -117.0, 255, 255, 0
L -217.0, -178.0, -117.0, -232.0, -167.0, -117.0, 255, 255, 0
L -232.0, -167.0, -117.0, -248.0, -174.0, -117.0, 255, 255, 0
L -248.0, -174.0, -117.0, -249.0, -193.0, -117.0, 255, 255, 0
L -249.0, -193.0, -117.0, -235.0, -203.0, -117.0, 255, 255, 0
L 805.0, -1311.0, 123.0, 882.0, -1377.0, 123.0, 102, 255, 102
L 882.0, -1377.0, 123.0, 978.0, -1421.0, 123.0, 102, 255, 102
L 978.0, -1421.0, 123.0, 1057.0, -1359.0, 123.0, 102, 255, 102
L 1057.0, -1359.0, 123.0, 1133.0, -1293.0, 123.0, 102, 255, 102
L 1133.0, -1293.0, 123.0, 1215.0, -1233.0, 123.0, 102, 255, 102
L 1215.0, -1233.0, 123.0, 1343.0, -1082.0, 128.0, 102, 255, 102
L 1343.0, -1082.0, 128.0, 1390.0, -993.0, 128.0, 102, 255, 102
L 1390.0, -993.0, 128.0, 1453.0, -918.0, 123.0, 102, 255, 102
L 1453.0, -918.0, 123.0, 1507.0, -832.0, 123.0, 102, 255, 102
L 1507.0, -832.0, 123.0, 1592.0, -774.0, 123.0, 102, 255, 102
L 1592.0, -774.0, 123.0, 1621.0, -669.0, 123.0, 102, 255, 102
L 1621.0, -669.0, 123.0, 1570.0, -571.0, 123.0, 102, 255, 102
L 1570.0, -571.0, 123.0, 1476.0, -521.0, 123.0, 102, 255, 102
L 1476.0, -521.0, 123.0, 1419.0, -430.0, 127.0, 102, 255, 102
L 1419.0, -430.0, 127.0, 1329.0, -377.0, 128.0, 102, 255, 102
L 1329.0, -377.0, 128.0, 1268.0, -289.0, 128.0, 102, 255, 102
L 1268.0, -289.0, 128.0, 1190.0, -223.0, 125.0, 102, 255, 102
L 1190.0, -223.0, 125.0, 1093.0, -176.0, 123.0, 102, 255, 102
L 1093.0, -176.0, 123.0, 1007.0, -120.0, 124.0, 102, 255, 102
L 1007.0, -120.0, 124.0, 928.0, -53.0, 124.0, 102, 255, 102
L 928.0, -53.0, 124.0, 838.0, 0.0, 123.0, 102, 255, 102
L 838.0, 0.0, 123.0, 739.0, -44.0, 123.0, 102, 255, 102
L 739.0, -44.0, 123.0, 652.0, -100.0, 123.0, 102, 255, 102
L 652.0, -100.0, 123.0, 559.0, -150.0, 123.0, 102, 255, 102
L 559.0, -150.0, 123.0, 495.0, -225.0, 123.0, 102, 255, 102
L 495.0, -225.0, 123.0, 414.0, -287.0, 123.0, 102, 255, 102
L 414.0, -287.0, 123.0, 350.0, -362.0, 123.0, 102, 255, 102
L 350.0, -362.0, 123.0, 302.0, -451.0, 123.0, 102, 255, 102
L 302.0, -451.0, 123.0, 266.0, -552.0, 123.0, 102, 255, 102
L 266.0, -552.0, 123.0, 196.0, -621.0, 123.0, 102, 255, 102
L 196.0, -621.0, 123.0, 196.0, -752.0, 123.0, 102, 255, 102
L 196.0, -752.0, 123.0, 242.0, -862.0, 123.0, 102, 255, 102
L 242.0, -862.0, 123.0, 311.0, -933.0, 123.0, 102, 255, 102
L 311.0, -933.0, 123.0, 374.0, -1019.0, 123.0, 102, 255, 102
L 374.0, -1019.0, 123.0, 530.0, -1154.0, 123.0, 102, 255, 102
L 530.0, -1154.0, 123.0, 625.0, -1202.0, 123.0, 102, 255, 102
L 625.0, -1202.0, 123.0, 703.0, -1269.0, 123.0, 102, 255, 102
L 703.0, -1269.0, 123.0, 805.0, -1311.0, 123.0, 102, 255, 102
L 665.0, -804.0, 161.0, 601.0, -840.0, 156.0, 150, 150, 150
L 601.0, -840.0, 156.0, 537.0, -804.0, 156.0, 150, 150, 150
L 537.0, -804.0, 157.0, 537.0, -777.0, 159.0, 150, 150, 150
L 537.0, -777.0, 159.0, 513.0, -777.0, 157.0, 150, 150, 150
L 513.0, -756.0, 160.0, 537.0, -756.0, 161.0, 150, 150, 150
L 537.0, -756.0, 161.0, 537.0, -730.0, 160.0, 150, 150, 150
L 537.0, -730.0, 160.0, 601.0, -693.0, 160.0, 150, 150, 150
L 601.0, -693.0, 160.0, 665.0, -730.0, 166.0, 150, 150, 150
L 665.0, -730.0, 165.0, 665.0, -804.0, 161.0, 150, 150, 150
L 551.0, -773.0, 171.0, 547.0, -773.0, 169.0, 102, 255, 102
L 547.0, -773.0, 169.0, 547.0, -797.0, 169.0, 102, 255, 102
L 547.0, -797.0, 169.0, 601.0, -828.0, 169.0, 102, 255, 102
L 601.0, -828.0, 169.0, 655.0, -797.0, 169.0, 102, 255, 102
L 655.0, -797.0, 169.0, 655.0, -735.0, 169.0, 102, 255, 102
L 655.0, -735.0, 169.0, 601.0, -704.0, 169.0, 102, 255, 102
L 601.0, -704.0, 169.0, 547.0, -735.0, 169.0, 102, 255, 102
L 547.0, -735.0, 169.0, 547.0, -761.0, 169.0, 102, 255, 102
L 547.0, -761.0, 169.0, 551.0, -761.0, 171.0, 102, 255, 102
L 551.0, -761.0, 171.0, 551.0, -737.0, 171.0, 102, 255, 102
L 551.0, -737.0, 171.0, 601.0, -708.0, 171.0, 102, 255, 102
L 601.0, -708.0, 171.0, 651.0, -737.0, 171.0, 102, 255, 102
L 651.0, -737.0, 171.0, 651.0, -795.0, 171.0, 102, 255, 102
L 651.0, -795.0, 171.0, 601.0, -824.0, 171.0, 102, 255, 102
L 601.0, -824.0, 171.0, 551.0, -795.0, 171.0, 102, 255, 102
L 551.0, -795.0, 171.0, 551.0, -773.0, 171.0, 102, 255, 102
L 588.0, -767.0, 171.0, 596.0, -782.0, 171.0, 150, 150, 150
L 613.0, -782.0, 171.0, 621.0, -768.0, 171.0, 150, 150, 150
L 621.0, -768.0, 171.0, 613.0, -754.0, 171.0, 150, 150, 150
L 588.0, -767.0, 171.0, 597.0, -754.0, 171.0, 150, 150, 150
L 613.0, -754.0, 171.0, 597.0, -754.0, 171.0, 150, 150, 150
L 596.0, -782.0, 171.0, 613.0, -782.0, 171.0, 150, 150, 150
L 611.0, -765.0, 175.0, 605.0, -759.0, 175.0, 102, 255, 102
L 605.0, -759.0, 175.0, 597.0, -761.0, 175.0, 102, 255, 102
L 597.0, -761.0, 175.0, 594.0, -769.0, 175.0, 102, 255, 102
L 594.0, -769.0, 175.0, 600.0, -776.0, 175.0, 102, 255, 102
L 600.0, -776.0, 175.0, 608.0, -774.0, 175.0, 102, 255, 102
L 608.0, -774.0, 175.0, 611.0, -765.0, 175.0, 102, 255, 102
L 367.0, -516.0, 124.0, 375.0, -484.0, 123.0, 150, 150, 150
L 375.0, -484.0, 123.0, 352.0, -461.0, 123.0, 150, 150, 150
L 352.0, -461.0, 123.0, 320.0, -469.0, 123.0, 150, 150, 150
L 320.0, -469.0, 123.0, 312.0, -500.0, 124.0, 150, 150, 150
L 312.0, -500.0, 124.0, 335.0, -523.0, 124.0, 150, 150, 150
L 335.0, -523.0, 124.0, 367.0, -516.0, 124.0, 150, 150, 150
L 356.0, -505.0, 125.0, 361.0, -488.0, 125.0, 255, 255, 0
L 361.0, -488.0, 125.0, 348.0, -475.0, 125.0, 255, 255, 0
L 348.0, -475.0, 125.0, 331.0, -480.0, 125.0, 255, 255, 0
L 331.0, -480.0, 125.0, 326.0, -497.0, 125.0, 255, 255, 0
L 326.0, -497.0, 125.0, 339.0, -510.0, 125.0, 255, 255, 0
L 339.0, -510.0, 125.0, 356.0, -505.0, 125.0, 255, 255, 0
L -554.0, -1409.0, -769.0, -554.0, -1292.0, -769.0, 178, 102, 255
L -554.0, -1292.0, -769.0, -671.0, -1292.0, -769.0, 178, 102, 255
L -671.0, -1292.0, -769.0, -671.0, -1410.0, -769.0, 178, 102, 255
L -671.0, -1410.0, -769.0, -583.0, -1410.0, -769.0, 178, 102, 255
L -583.0, -1410.0, -769.0, -583.0, -1452.0, -769.0, 178, 102, 255
L -583.0, -1452.0, -769.0, -660.0, -1452.0, -769.0, 178, 102, 255
L -660.0, -1490.0, -769.0, -620.0, -1490.0, -769.0, 178, 102, 255
L -660.0, -1490.0, -769.0, -660.0, -1452.0, -769.0, 178, 102, 255
L -620.0, -1490.0, -769.0, -620.0, -1591.0, -770.0, 178, 102, 255
L -602.0, -1582.0, -769.0, -602.0, -1488.0, -769.0, 178, 102, 255
L -565.0, -1488.0, -769.0, -602.0, -1488.0, -769.0, 178, 102, 255
L -554.0, -1409.0, -769.0, -565.0, -1409.0, -769.0, 178, 102, 255
L -565.0, -1409.0, -769.0, -565.0, -1488.0, -769.0, 178, 102, 255
L -1095.0, 1017.0, 405.0, -1164.0, 1034.0, 405.0, 204, 102, 0
L -1164.0, 1034.0, 405.0, -1243.0, 986.0, 405.0, 204, 102, 0
L -1243.0, 986.0, 405.0, -1293.0, 917.0, 405.0, 204, 102, 0
L -1293.0, 917.0, 405.0, -1310.0, 849.0, 405.0, 204, 102, 0
L -1310.0, 849.0, 405.0, -1339.0, 779.0, 405.0, 204, 102, 0
L -1339.0, 779.0, 405.0, -1362.0, 635.0, 405.0, 204, 102, 0
L -1362.0, 635.0, 405.0, -1356.0, 560.0, 405.0, 204, 102, 0
L -1356.0, 560.0, 405.0, -1367.0, 488.0, 405.0, 204, 102, 0
L -1367.0, 488.0, 405.0, -1355.0, 412.0, 405.0, 204, 102, 0
L -1355.0, 412.0, 405.0, -1366.0, 340.0, 405.0, 204, 102, 0
L -1366.0, 340.0, 405.0, -1357.0, 264.0, 405.0, 204, 102, 0
L -1357.0, 264.0, 405.0, -1291.0, 240.0, 405.0, 204, 102, 0
L -1291.0, 240.0, 405.0, -1225.0, 218.0, 405.0, 204, 102, 0
L -1225.0, 218.0, 405.0, -1157.0, 191.0, 405.0, 204, 102, 0
L -1157.0, 191.0, 405.0, -1018.0, 169.0, 410.0, 204, 102, 0
L -1018.0, 169.0, 410.0, -946.0, 175.0, 410.0, 204, 102, 0
L -946.0, 175.0, 410.0, -877.0, 164.0, 405.0, 204, 102, 0
L -877.0, 164.0, 405.0, -805.0, 163.0, 405.0, 204, 102, 0
L -805.0, 163.0, 405.0, -739.0, 133.0, 405.0, 204, 102, 0
L -739.0, 133.0, 405.0, -665.0, 155.0, 405.0, 204, 102, 0
L -665.0, 155.0, 405.0, -625.0, 222.0, 405.0, 204, 102, 0
L -625.0, 222.0, 405.0, -629.0, 296.0, 405.0, 204, 102, 0
L -629.0, 296.0, 405.0, -596.0, 365.0, 409.0, 204, 102, 0
L -596.0, 365.0, 409.0, -597.0, 438.0, 410.0, 204, 102, 0
L -597.0, 438.0, 410.0, -566.0, 509.0, 410.0, 204, 102, 0
L -566.0, 509.0, 410.0, -555.0, 580.0, 407.0, 204, 102, 0
L -555.0, 580.0, 407.0, -562.0, 655.0, 405.0, 204, 102, 0
L -562.0, 655.0, 405.0, -560.0, 730.0, 406.0, 204, 102, 0
L -560.0, 730.0, 406.0, -549.0, 802.0, 406.0, 204, 102, 0
L -549.0, 802.0, 406.0, -550.0, 875.0, 405.0, 204, 102, 0
L -550.0, 875.0, 405.0, -614.0, 919.0, 405.0, 204, 102, 0
L -614.0, 919.0, 405.0, -680.0, 951.0, 405.0, 204, 102, 0
L -680.0, 951.0, 405.0, -745.0, 989.0, 405.0, 204, 102, 0
L -745.0, 989.0, 405.0, -814.0, 1000.0, 405.0, 204, 102, 0
L -814.0, 1000.0, 405.0, -881.0, 1026.0, 405.0, 204, 102, 0
L -881.0, 1026.0, 405.0, -950.0, 1037.0, 405.0, 204, 102, 0
L -950.0, 1037.0, 405.0, -1022.0, 1033.0, 405.0, 204, 102, 0
L -1022.0, 1033.0, 405.0, -1095.0, 1017.0, 405.0, 204, 102, 0
L -1098.0, 780.0, 442.0, -1103.0, 770.0, 442.0, 204, 102, 0
L -1103.0, 770.0, 442.0, -1092.0, 765.0, 441.0, 204, 102, 0
L -1092.0, 765.0, 441.0, -1088.0, 775.0, 441.0, 204, 102, 0
L -1088.0, 775.0, 441.0, -1098.0, 780.0, 442.0, 204, 102, 0
L -1069.0, 497.0, 459.0, -1059.0, 495.0, 452.0, 204, 102, 0
L -1059.0, 495.0, 452.0, -1061.0, 485.0, 453.0, 204, 102, 0
L -1061.0, 485.0, 453.0, -1071.0, 487.0, 456.0, 204, 102, 0
L -1071.0, 487.0, 456.0, -1069.0, 497.0, 459.0, 204, 102, 0
L -707.0, 527.0, 443.0, -699.0, 520.0, 443.0, 204, 102, 0
L -699.0, 520.0, 443.0, -692.0, 529.0, 442.0, 204, 102, 0
L -692.0, 529.0, 442.0, -700.0, 536.0, 441.0, 204, 102, 0
L -700.0, 536.0, 441.0, -707.0, 527.0, 443.0, 204, 102, 0
L -743.0, 214.0, 406.0, -755.0, 184.0, 406.0, 150, 150, 150
L -755.0, 184.0, 406.0, -736.0, 159.0, 405.0, 150, 150, 150
L -736.0, 159.0, 405.0, -704.0, 163.0, 405.0, 150, 150, 150
L -704.0, 163.0, 405.0, -692.0, 194.0, 405.0, 150, 150, 150
L -692.0, 194.0, 405.0, -712.0, 217.0, 406.0, 150, 150, 150
L -712.0, 217.0, 406.0, -743.0, 214.0, 406.0, 150, 150, 150
L -736.0, 203.0, 407.0, -742.0, 186.0, 406.0, 255, 255, 0
L -742.0, 186.0, 406.0, -731.0, 172.0, 407.0, 255, 255, 0
L -731.0, 172.0, 407.0, -713.0, 175.0, 407.0, 255, 255, 0
L -713.0, 175.0, 407.0, -706.0, 191.0, 406.0, 255, 255, 0
L -706.0, 191.0, 406.0, -718.0, 206.0, 406.0, 255, 255, 0
L -718.0, 206.0, 406.0, -735.0, 203.0, 406.0, 255, 255, 0
L 1244.0, 1690.0, -1093.0, 1302.0, 1492.0, -1093.0, 178, 102, 255
L 1302.0, 1492.0, -1093.0, 1387.0, 1299.0, -1093.0, 178, 102, 255
L 1387.0, 1299.0, -1093.0, 1402.0, 1194.0, -1093.0, 178, 102, 255
L 1402.0, 1194.0, -1093.0, 1403.0, 1082.0, -1093.0, 178, 102, 255
L 1403.0, 1082.0, -1093.0, 1438.0, 995.0, -1093.0, 178, 102, 255
L 1438.0, 995.0, -1093.0, 1432.0, 888.0, -1093.0, 178, 102, 255
L 1432.0, 888.0, -1093.0, 1476.0, 790.0, -1093.0, 178, 102, 255
L 1476.0, 790.0, -1093.0, 1480.0, 680.0, -1093.0, 178, 102, 255
L 1480.0, 680.0, -1093.0, 1371.0, 616.0, -1093.0, 178, 102, 255
L 1371.0, 616.0, -1093.0, 1267.0, 622.0, -1093.0, 178, 102, 255
L 1267.0, 622.0, -1093.0, 1173.0, 543.0, -1093.0, 178, 102, 255
L 1173.0, 543.0, -1093.0, 1083.0, 480.0, -1093.0, 178, 102, 255
L 1083.0, 480.0, -1093.0, 981.0, 521.0, -1093.0, 178, 102, 255
L 981.0, 521.0, -1093.0, 664.0, 480.0, -1093.0, 178, 102, 255
L 664.0, 480.0, -1093.0, 490.0, 476.0, -1093.0, 178, 102, 255
L 490.0, 476.0, -1093.0, 440.0, 570.0, -1093.0, 178, 102, 255
L 440.0, 570.0, -1093.0, 417.0, 672.0, -1093.0, 178, 102, 255
L 417.0, 672.0, -1093.0, 359.0, 778.0, -1093.0, 178, 102, 255
L 359.0, 778.0, -1093.0, 337.0, 875.0, -1093.0, 178, 102, 255
L 337.0, 875.0, -1093.0, 264.0, 1080.0, -1093.0, 178, 102, 255
L 264.0, 1080.0, -1093.0, 248.0, 1372.0, -1093.0, 178, 102, 255
L 248.0, 1372.0, -1093.0, 283.0, 1490.0, -1093.0, 178, 102, 255
L 283.0, 1490.0, -1093.0, 354.0, 1587.0, -1093.0, 178, 102, 255
L 354.0, 1587.0, -1093.0, 450.0, 1601.0, -1093.0, 178, 102, 255
L 450.0, 1601.0, -1093.0, 642.0, 1713.0, -1093.0, 178, 102, 255
L 642.0, 1713.0, -1093.0, 845.0, 1730.0, -1093.0, 178, 102, 255
L 845.0, 1730.0, -1093.0, 942.0, 1737.0, -1093.0, 178, 102, 255
L 942.0, 1737.0, -1093.0, 1143.0, 1713.0, -1093.0, 178, 102, 255
L 1143.0, 1713.0, -1093.0, 1244.0, 1690.0, -1093.0, 178, 102, 255
L 1315.0, 461.0, -1247.0, 1351.0, 499.0, -1247.0, 102, 0, 204
L 1351.0, 499.0, -1247.0, 1382.0, 495.0, -1247.0, 102, 0, 204
L 1382.0, 495.0, -1247.0, 1422.0, 488.0, -1247.0, 102, 0, 204
L 1422.0, 488.0, -1247.0, 1475.0, 478.0, -1247.0, 102, 0, 204
L 1475.0, 478.0, -1247.0, 1557.0, 466.0, -1247.0, 102, 0, 204
L 1557.0, 466.0, -1247.0, 1604.0, 441.0, -1247.0, 102, 0, 204
L 1604.0, 441.0, -1247.0, 1644.0, 432.0, -1247.0, 102, 0, 204
L 1644.0, 432.0, -1247.0, 1685.0, 410.0, -1247.0, 102, 0, 204
L 1685.0, 410.0, -1247.0, 1727.0, 406.0, -1247.0, 102, 0, 204
L 1727.0, 406.0, -1247.0, 1764.0, 379.0, -1247.0, 102, 0, 204
L 1764.0, 379.0, -1247.0, 1773.0, 336.0, -1247.0, 102, 0, 204
L 1773.0, 336.0, -1247.0, 1751.0, 301.0, -1247.0, 102, 0, 204
L 1751.0, 301.0, -1247.0, 1745.0, 260.0, -1247.0, 102, 0, 204
L 1745.0, 260.0, -1247.0, 1737.0, 234.0, -1247.0, 102, 0, 204
L 1737.0, 234.0, -1247.0, 1733.0, 193.0, -1247.0, 102, 0, 204
L 1733.0, 193.0, -1247.0, 1715.0, 125.0, -1247.0, 102, 0, 204
L 1715.0, 125.0, -1247.0, 1699.0, 86.0, -1247.0, 102, 0, 204
L 1699.0, 86.0, -1247.0, 1655.0, 6.0, -1247.0, 102, 0, 204
L 1655.0, 6.0, -1247.0, 1612.0, 8.0, -1247.0, 102, 0, 204
L 1612.0, 8.0, -1247.0, 1567.0, 20.0, -1247.0, 102, 0, 204
L 1567.0, 20.0, -1247.0, 1528.0, 21.0, -1247.0, 102, 0, 204
L 1528.0, 21.0, -1247.0, 1486.0, 27.0, -1247.0, 102, 0, 204
L 1486.0, 27.0, -1247.0, 1445.0, 36.0, -1247.0, 102, 0, 204
L 1445.0, 36.0, -1247.0, 1359.0, 57.0, -1247.0, 102, 0, 204
L 1359.0, 57.0, -1247.0, 1320.0, 76.0, -1247.0, 102, 0, 204
L 1320.0, 76.0, -1247.0, 1245.0, 117.0, -1247.0, 102, 0, 204
L 1245.0, 117.0, -1247.0, 1218.0, 176.0, -1247.0, 102, 0, 204
L 1218.0, 176.0, -1247.0, 1230.0, 213.0, -1247.0, 102, 0, 204
L 1230.0, 213.0, -1247.0, 1231.0, 244.0, -1247.0, 102, 0, 204
L 1231.0, 244.0, -1247.0, 1229.0, 284.0, -1247.0, 102, 0, 204
L 1229.0, 284.0, -1247.0, 1240.0, 324.0, -1247.0, 102, 0, 204
L 1240.0, 324.0, -1247.0, 1252.0, 354.0, -1247.0, 102, 0, 204
L 1252.0, 354.0, -1247.0, 1268.0, 399.0, -1247.0, 102, 0, 204
L -216.0, 1093.0, 799.0, -159.0, 1125.0, 789.0, 255, 168, 102
L -159.0, 1125.0, 789.0, -161.0, 1130.0, 788.0, 255, 168, 102
L -161.0, 1130.0, 788.0, -124.0, 1155.0, 783.0, 255, 168, 102
L -124.0, 1155.0, 783.0, -130.0, 1161.0, 778.0, 255, 168, 102
L -130.0, 1161.0, 778.0, -152.0, 1172.0, 778.0, 255, 168, 102
L -152.0, 1172.0, 778.0, -176.0, 1160.0, 780.0, 255, 168, 102
L -176.0, 1160.0, 780.0, -178.0, 1163.0, 779.0, 255, 168, 102
L -178.0, 1163.0, 779.0, -235.0, 1127.0, 782.0, 255, 168, 102
L -235.0, 1127.0, 782.0, -223.0, 1109.0, 794.0, 255, 168, 102
L -223.0, 1109.0, 794.0, -216.0, 1093.0, 799.0, 255, 168, 102
L -255.0, 1072.0, 806.0, -259.0, 1078.0, 803.0, 255, 168, 102
L -259.0, 1078.0, 803.0, -274.0, 1099.0, 784.0, 255, 168, 102
L -274.0, 1099.0, 784.0, -332.0, 1059.0, 787.0, 255, 168, 102
L -432.0, -1581.0, -686.0, -392.0, -1515.0, -684.0, 0, 0, 0
L -392.0, -1515.0, -684.0, -380.0, -1476.0, -684.0, 0, 0, 0
L -380.0, -1476.0, -684.0, -361.0, -1443.0, -686.0, 0, 0, 0
L -361.0, -1443.0, -686.0, -346.0, -1406.0, -686.0, 0, 0, 0
L -346.0, -1406.0, -686.0, -316.0, -1379.0, -686.0, 0, 0, 0
L -312.0, -1337.0, -686.0, -341.0, -1300.0, -686.0, 0, 0, 0
L -341.0, -1300.0, -686.0, -383.0, -1286.0, -686.0, 0, 0, 0
L -383.0, -1286.0, -686.0, -413.0, -1253.0, -684.0, 0, 0, 0
L -413.0, -1253.0, -684.0, -454.0, -1236.0, -684.0, 0, 0, 0
L -454.0, -1236.0, -684.0, -485.0, -1205.0, -684.0, 0, 0, 0
L -485.0, -1205.0, -684.0, -523.0, -1183.0, -685.0, 0, 0, 0
L -523.0, -1183.0, -685.0, -566.0, -1169.0, -686.0, 0, 0, 0
L -566.0, -1169.0, -686.0, -606.0, -1152.0, -686.0, 0, 0, 0
L -606.0, -1152.0, -686.0, -642.0, -1129.0, -686.0, 0, 0, 0
L -642.0, -1129.0, -686.0, -683.0, -1113.0, -686.0, 0, 0, 0
L -683.0, -1113.0, -686.0, -720.0, -1136.0, -686.0, 0, 0, 0
L -720.0, -1136.0, -686.0, -751.0, -1163.0, -686.0, 0, 0, 0
L -751.0, -1163.0, -686.0, -784.0, -1188.0, -686.0, 0, 0, 0
L -784.0, -1188.0, -686.0, -804.0, -1221.0, -686.0, 0, 0, 0
L -804.0, -1221.0, -686.0, -832.0, -1250.0, -686.0, 0, 0, 0
L -832.0, -1250.0, -686.0, -852.0, -1283.0, -686.0, 0, 0, 0
L -852.0, -1283.0, -686.0, -864.0, -1320.0, -686.0, 0, 0, 0
L -864.0, -1320.0, -686.0, -871.0, -1362.0, -686.0, 0, 0, 0
L -871.0, -1362.0, -686.0, -893.0, -1394.0, -686.0, 0, 0, 0
L -893.0, -1394.0, -686.0, -883.0, -1446.0, -686.0, 0, 0, 0
L -883.0, -1446.0, -686.0, -856.0, -1486.0, -686.0, 0, 0, 0
L -856.0, -1486.0, -686.0, -822.0, -1511.0, -686.0, 0, 0, 0
L -822.0, -1511.0, -686.0, -790.0, -1542.0, -686.0, 0, 0, 0
L -790.0, -1542.0, -686.0, -716.0, -1586.0, -686.0, 0, 0, 0
L -716.0, -1586.0, -686.0, -674.0, -1600.0, -686.0, 0, 0, 0
L -674.0, -1600.0, -686.0, -637.0, -1622.0, -686.0, 0, 0, 0
L -637.0, -1622.0, -686.0, -593.0, -1634.0, -686.0, 0, 0, 0
L -553.0, -1638.0, -686.0, -522.0, -1644.0, -686.0, 150, 150, 150
L -522.0, -1644.0, -686.0, -501.0, -1619.0, -686.0, 150, 150, 150
L -501.0, -1619.0, -686.0, -512.0, -1590.0, -685.0, 150, 150, 150
L -512.0, -1590.0, -685.0, -543.0, -1584.0, -683.0, 150, 150, 150
L -543.0, -1584.0, -683.0, -564.0, -1608.0, -686.0, 150, 150, 150
L -564.0, -1608.0, -686.0, -553.0, -1638.0, -686.0, 150, 150, 150
L -544.0, -1627.0, -686.0, -527.0, -1631.0, -685.0, 255, 255, 0
L -527.0, -1631.0, -685.0, -514.0, -1617.0, -686.0, 255, 255, 0
L -514.0, -1617.0, -686.0, -521.0, -1600.0, -686.0, 255, 255, 0
L -521.0, -1600.0, -686.0, -538.0, -1597.0, -686.0, 255, 255, 0
L -538.0, -1597.0, -686.0, -550.0, -1610.0, -686.0, 255, 255, 0
L -550.0, -1610.0, -686.0, -544.0, -1627.0, -686.0, 255, 255, 0
L -354.0, -1330.0, -686.0, -386.0, -1330.0, -685.0, 150, 150, 150
L -386.0, -1330.0, -684.0, -403.0, -1360.0, -682.0, 150, 150, 150
L -386.0, -1387.0, -685.0, -354.0, -1387.0, -686.0, 150, 150, 150
L -354.0, -1387.0, -686.0, -338.0, -1360.0, -686.0, 150, 150, 150
L -403.0, -1360.0, -682.0, -386.0, -1387.0, -685.0, 150, 150, 150
L -338.0, -1360.0, -686.0, -354.0, -1330.0, -686.0, 150, 150, 150
L -380.0, -1344.0, -685.0, -361.0, -1344.0, -685.0, 255, 255, 0
L -354.0, -1360.0, -685.0, -361.0, -1375.0, -685.0, 255, 255, 0
L -361.0, -1375.0, -685.0, -379.0, -1375.0, -685.0, 255, 255, 0
L -379.0, -1375.0, -685.0, -387.0, -1360.0, -685.0, 255, 255, 0
L -387.0, -1360.0, -685.0, -380.0, -1344.0, -685.0, 255, 255, 0
L -354.0, -1360.0, -685.0, -361.0, -1344.0, -684.0, 255, 255, 0
L -809.0, -1421.0, -686.0, -823.0, -1392.0, -685.0, 150, 150, 150
L -823.0, -1392.0, -685.0, -854.0, -1389.0, -686.0, 150, 150, 150
L -854.0, -1389.0, -686.0, -873.0, -1416.0, -686.0, 150, 150, 150
L -873.0, -1416.0, -686.0, -859.0, -1445.0, -686.0, 150, 150, 150
L -859.0, -1445.0, -686.0, -826.0, -1448.0, -686.0, 150, 150, 150
L -826.0, -1448.0, -686.0, -809.0, -1421.0, -686.0, 150, 150, 150
L -822.0, -1419.0, -686.0, -830.0, -1403.0, -686.0, 255, 255, 0
L -830.0, -1403.0, -686.0, -849.0, -1401.0, -685.0, 255, 255, 0
L -849.0, -1401.0, -685.0, -858.0, -1417.0, -686.0, 255, 255, 0
L -858.0, -1417.0, -686.0, -850.0, -1433.0, -686.0, 255, 255, 0
L -850.0, -1433.0, -686.0, -833.0, -1434.0, -686.0, 255, 255, 0
L -833.0, -1434.0, -686.0, -822.0, -1419.0, -686.0, 255, 255, 0
L -1112.0, -542.0, -15.0, -1127.0, -526.0, -15.0, 0, 204, 0
L -1127.0, -526.0, -15.0, -1146.0, -518.0, -15.0, 0, 204, 0
L -1146.0, -518.0, -15.0, -1163.0, -508.0, -14.0, 0, 204, 0
L -1163.0, -508.0, -14.0, -1183.0, -502.0, -14.0, 0, 204, 0
L -1183.0, -502.0, -14.0, -1217.0, -480.0, -15.0, 0, 204, 0
L -1217.0, -480.0, -15.0, -1232.0, -465.0, -15.0, 0, 204, 0
L -1232.0, -465.0, -15.0, -1261.0, -438.0, -15.0, 0, 204, 0
L -1261.0, -438.0, -15.0, -1254.0, -418.0, -15.0, 0, 204, 0
L -1254.0, -418.0, -15.0, -1241.0, -399.0, -15.0, 0, 204, 0
L -1241.0, -399.0, -15.0, -1235.0, -378.0, -15.0, 0, 204, 0
L -1235.0, -378.0, -15.0, -1222.0, -358.0, -15.0, 0, 204, 0
L -1222.0, -358.0, -15.0, -1214.0, -338.0, -15.0, 0, 204, 0
L -1214.0, -338.0, -15.0, -1190.0, -302.0, -15.0, 0, 204, 0
L -1190.0, -302.0, -15.0, -1173.0, -287.0, -15.0, 0, 204, 0
L -1173.0, -287.0, -15.0, -1159.0, -270.0, -15.0, 0, 204, 0
L -1159.0, -270.0, -15.0, -1137.0, -257.0, -15.0, 0, 204, 0
L -1137.0, -257.0, -15.0, -1110.0, -253.0, -15.0, 0, 204, 0
L -1110.0, -253.0, -15.0, -1094.0, -265.0, -15.0, 0, 204, 0
L -1094.0, -265.0, -15.0, -1069.0, -269.0, -15.0, 0, 204, 0
L -1113.0, -542.0, -15.0, -1090.0, -545.0, -15.0, 0, 204, 0
L -1090.0, -545.0, -15.0, -1071.0, -531.0, -15.0, 0, 204, 0
L -1071.0, -531.0, -15.0, -1063.0, -511.0, -15.0, 0, 204, 0
L -1063.0, -511.0, -15.0, -1045.0, -496.0, -14.0, 0, 204, 0
L -1045.0, -496.0, -14.0, -1035.0, -475.0, -13.0, 0, 204, 0
L -1035.0, -475.0, -13.0, -1018.0, -460.0, -14.0, 0, 204, 0
L -1018.0, -460.0, -14.0, -1005.0, -442.0, -15.0, 0, 204, 0
L -1005.0, -442.0, -15.0, -998.0, -421.0, -15.0, 0, 204, 0
L -998.0, -421.0, -15.0, -988.0, -401.0, -15.0, 0, 204, 0
L -988.0, -401.0, -15.0, -976.0, -383.0, -15.0, 0, 204, 0
L -976.0, -383.0, -15.0, -967.0, -363.0, -15.0, 0, 204, 0
L -967.0, -363.0, -15.0, -978.0, -344.0, -15.0, 0, 204, 0
L -978.0, -344.0, -15.0, -992.0, -328.0, -15.0, 0, 204, 0
L -992.0, -328.0, -15.0, -1004.0, -311.0, -15.0, 0, 204, 0
L -1004.0, -311.0, -15.0, -1021.0, -300.0, -15.0, 0, 204, 0
L -1021.0, -300.0, -15.0, -1036.0, -286.0, -15.0, 0, 204, 0
L -1036.0, -286.0, -15.0, -1054.0, -275.0, -15.0, 0, 204, 0
L -1054.0, -275.0, -15.0, -1069.0, -269.0, -15.0, 0, 204, 0
L -1037.0, -340.0, -10.0, -1101.0, -303.0, -15.0, 150, 150, 150
L -1101.0, -303.0, -15.0, -1165.0, -340.0, -9.0, 150, 150, 150
L -1165.0, -414.0, 0.0, -1165.0, -340.0, -9.0, 150, 150, 150
L -1165.0, -414.0, 0.0, -1101.0, -451.0, 0.0, 150, 150, 150
L -1101.0, -451.0, 0.0, -1037.0, -414.0, -5.0, 150, 150, 150
L -1037.0, -414.0, -5.0, -1037.0, -387.0, -1.0, 150, 150, 150
L -1037.0, -367.0, -4.0, -1037.0, -340.0, -10.0, 150, 150, 150
L -1047.0, -371.0, 4.0, -1047.0, -346.0, 4.0, 0, 204, 0
L -1047.0, -346.0, 4.0, -1101.0, -315.0, 4.0, 0, 204, 0
L -1101.0, -315.0, 4.0, -1155.0, -346.0, 4.0, 0, 204, 0
L -1155.0, -346.0, 4.0, -1155.0, -408.0, 4.0, 0, 204, 0
L -1155.0, -408.0, 4.0, -1101.0, -439.0, 4.0, 0, 204, 0
L -1101.0, -439.0, 4.0, -1047.0, -408.0, 4.0, 0, 204, 0
L -1047.0, -408.0, 4.0, -1047.0, -383.0, 4.0, 0, 204, 0
L -1047.0, -383.0, 4.0, -1051.0, -383.0, 6.0, 0, 204, 0
L -1047.0, -371.0, 4.0, -1051.0, -371.0, 6.0, 0, 204, 0
L -1051.0, -371.0, 6.0, -1051.0, -349.0, 6.0, 0, 204, 0
L -1051.0, -349.0, 6.0, -1101.0, -320.0, 6.0, 0, 204, 0
L -1101.0, -320.0, 6.0, -1151.0, -349.0, 6.0, 0, 204, 0
L -1151.0, -349.0, 6.0, -1151.0, -406.0, 6.0, 0, 204, 0
L -1151.0, -406.0, 6.0, -1101.0, -435.0, 6.0, 0, 204, 0
L -1101.0, -435.0, 6.0, -1051.0, -406.0, 6.0, 0, 204, 0
L -1051.0, -406.0, 6.0, -1051.0, -383.0, 6.0, 0, 204, 0
L -332.0, 1059.0, 787.0, -330.0, 1056.0, 787.0, 255, 168, 102
L -330.0, 1056.0, 787.0, -339.0, 1045.0, 786.0, 255, 168, 102
L -339.0, 1045.0, 786.0, -335.0, 1009.0, 787.0, 255, 168, 102
L -335.0, 1009.0, 787.0, -301.0, 1029.0, 787.0, 255, 168, 102
L -301.0, 1029.0, 787.0, -293.0, 1029.0, 787.0, 255, 168, 102
L -255.0, 1072.0, 806.0, -293.0, 1029.0, 787.0, 255, 168, 102
L -379.0, 1184.0, 766.0, -395.0, 1156.0, 766.0, 150, 150, 150
L -395.0, 1156.0, 766.0, -426.0, 1156.0, 766.0, 150, 150, 150
L -426.0, 1156.0, 766.0, -441.0, 1184.0, 766.0, 150, 150, 150
L -441.0, 1184.0, 766.0, -427.0, 1211.0, 766.0, 150, 150, 150
L -427.0, 1211.0, 766.0, -394.0, 1211.0, 766.0, 150, 150, 150
L -394.0, 1211.0, 766.0, -379.0, 1184.0, 766.0, 150, 150, 150
L -392.0, 1184.0, 766.0, -401.0, 1169.0, 766.0, 255, 255, 0
L -401.0, 1169.0, 766.0, -419.0, 1168.0, 766.0, 255, 255, 0
L -419.0, 1168.0, 766.0, -428.0, 1184.0, 766.0, 255, 255, 0
L -428.0, 1184.0, 766.0, -419.0, 1200.0, 766.0, 255, 255, 0
L -419.0, 1200.0, 766.0, -401.0, 1200.0, 767.0, 255, 255, 0
L -401.0, 1200.0, 767.0, -392.0, 1184.0, 766.0, 255, 255, 0
L -487.0, 1033.0, 766.0, -493.0, 982.0, 766.0, 255, 168, 102
L -493.0, 982.0, 766.0, -464.0, 929.0, 766.0, 255, 168, 102
L -464.0, 929.0, 766.0, -464.0, 878.0, 766.0, 255, 168, 102
L -464.0, 878.0, 766.0, -448.0, 828.0, 766.0, 255, 168, 102
L -448.0, 828.0, 766.0, -448.0, 776.0, 766.0, 255, 168, 102
L -448.0, 776.0, 766.0, -435.0, 725.0, 766.0, 255, 168, 102
L -435.0, 725.0, 766.0, -390.0, 716.0, 766.0, 255, 168, 102
L -390.0, 716.0, 766.0, -343.0, 709.0, 766.0, 255, 168, 102
L -343.0, 709.0, 766.0, -296.0, 683.0, 766.0, 255, 168, 102
L -296.0, 683.0, 766.0, -248.0, 685.0, 766.0, 255, 168, 102
L -248.0, 685.0, 766.0, -160.0, 709.0, 768.0, 255, 168, 102
L -160.0, 709.0, 768.0, -113.0, 709.0, 766.0, 255, 168, 102
L -113.0, 709.0, 766.0, -68.0, 716.0, 766.0, 255, 168, 102
L -68.0, 716.0, 766.0, -22.0, 702.0, 766.0, 255, 168, 102
L -22.0, 702.0, 766.0, 22.0, 726.0, 766.0, 255, 168, 102
L 22.0, 726.0, 766.0, 41.0, 776.0, 766.0, 255, 168, 102
L 41.0, 776.0, 766.0, 31.0, 826.0, 766.0, 255, 168, 102
L 31.0, 826.0, 766.0, 46.0, 879.0, 768.0, 255, 168, 102
L 46.0, 879.0, 768.0, 68.0, 925.0, 768.0, 255, 168, 102
L 68.0, 925.0, 768.0, 71.0, 969.0, 768.0, 255, 168, 102
L 71.0, 969.0, 768.0, 50.0, 1031.0, 767.0, 255, 168, 102
L 50.0, 1031.0, 767.0, 63.0, 1091.0, 766.0, 255, 168, 102
L 63.0, 1091.0, 766.0, 31.0, 1134.0, 766.0, 255, 168, 102
L 31.0, 1134.0, 766.0, 31.0, 1185.0, 766.0, 255, 168, 102
L 31.0, 1185.0, 766.0, 22.0, 1236.0, 766.0, 255, 168, 102
L 22.0, 1236.0, 766.0, -22.0, 1259.0, 766.0, 255, 168, 102
L -22.0, 1259.0, 766.0, -67.0, 1273.0, 766.0, 255, 168, 102
L -67.0, 1273.0, 766.0, -113.0, 1292.0, 766.0, 255, 168, 102
L -113.0, 1292.0, 766.0, -158.0, 1292.0, 766.0, 255, 168, 102
L -158.0, 1292.0, 766.0, -205.0, 1286.0, 766.0, 255, 168, 102
L -205.0, 1286.0, 766.0, -252.0, 1303.0, 766.0, 255, 168, 102
L -252.0, 1303.0, 766.0, -296.0, 1280.0, 766.0, 255, 168, 102
L -296.0, 1280.0, 766.0, -343.0, 1274.0, 766.0, 255, 168, 102
L -343.0, 1274.0, 766.0, -389.0, 1278.0, 766.0, 255, 168, 102
L -389.0, 1278.0, 766.0, -434.0, 1236.0, 766.0, 255, 168, 102
L -434.0, 1236.0, 766.0, -459.0, 1183.0, 766.0, 255, 168, 102
L -459.0, 1183.0, 766.0, -464.0, 1133.0, 766.0, 255, 168, 102
L -464.0, 1133.0, 766.0, -487.0, 1033.0, 766.0, 255, 168, 102
L 804.0, 1092.0, -1057.0, 794.0, 1087.0, -1057.0, 178, 102, 255
L 884.0, 990.0, -1057.0, 972.0, 990.0, -1057.0, 178, 102, 255
L 782.0, 1035.0, -1057.0, 790.0, 1019.0, -1057.0, 178, 102, 255
L 650.0, 1046.0, -1057.0, 725.0, 1046.0, -1057.0, 150, 150, 150
L 989.0, 960.0, -1057.0, 998.0, 965.0, -1057.0, 178, 102, 255
L 803.0, 965.0, -1057.0, 794.0, 959.0, -1057.0, 178, 102, 255
L 998.0, 1103.0, -1057.0, 989.0, 1109.0, -1057.0, 178, 102, 255
L 766.0, 1034.0, -1057.0, 784.0, 1061.0, -1057.0, 150, 150, 150
L 877.0, 1047.0, -1057.0, 877.0, 1086.0, -1057.0, 178, 102, 255
L 877.0, 1086.0, -1057.0, 979.0, 1083.0, -1057.0, 178, 102, 255
L 785.0, 975.0, -1057.0, 794.0, 981.0, -1057.0, 178, 102, 255
L 794.0, 1087.0, -1057.0, 785.0, 1092.0, -1057.0, 178, 102, 255
L 725.0, 1023.0, -1057.0, 646.0, 1023.0, -1057.0, 150, 150, 150
L 816.0, 1008.0, -1057.0, 783.0, 1006.0, -1057.0, 150, 150, 150
L 725.0, 933.0, -1057.0, 725.0, 1023.0, -1057.0, 150, 150, 150
L 790.0, 1019.0, -1057.0, 806.0, 1020.0, -1057.0, 178, 102, 255
L 972.0, 1078.0, -1057.0, 884.0, 1078.0, -1057.0, 178, 102, 255
L 1007.0, 960.0, -1057.0, 1008.0, 950.0, -1057.0, 178, 102, 255
L 725.0, 1046.0, -1057.0, 726.0, 1136.0, -1057.0, 150, 150, 150
L 794.0, 1108.0, -1057.0, 803.0, 1103.0, -1057.0, 178, 102, 255
L 979.0, 1083.0, -1057.0, 979.0, 983.0, -1057.0, 178, 102, 255
L 998.0, 965.0, -1057.0, 1007.0, 960.0, -1057.0, 178, 102, 255
L 806.0, 1020.0, -1057.0, 815.0, 1034.0, -1057.0, 178, 102, 255
L 794.0, 981.0, -1057.0, 803.0, 976.0, -1057.0, 178, 102, 255
L 877.0, 1021.0, -1057.0, 883.0, 1022.0, -1057.0, 178, 102, 255
L 803.0, 1103.0, -1057.0, 804.0, 1092.0, -1057.0, 178, 102, 255
L 1028.0, 934.0, -1057.0, 725.0, 933.0, -1057.0, 150, 150, 150
L 726.0, 1136.0, -1057.0, 1028.0, 1132.0, -1057.0, 150, 150, 150
L 1008.0, 950.0, -1057.0, 999.0, 944.0, -1057.0, 178, 102, 255
L 989.0, 948.0, -1057.0, 989.0, 960.0, -1057.0, 178, 102, 255
L 784.0, 1061.0, -1057.0, 815.0, 1063.0, -1057.0, 150, 150, 150
L 884.0, 1078.0, -1057.0, 884.0, 1047.0, -1057.0, 178, 102, 255
L 815.0, 1063.0, -1057.0, 830.0, 1033.0, -1057.0, 150, 150, 150
L 794.0, 959.0, -1057.0, 785.0, 964.0, -1057.0, 178, 102, 255
L 1008.0, 1109.0, -1057.0, 998.0, 1103.0, -1057.0, 178, 102, 255
L 1028.0, 1132.0, -1057.0, 1028.0, 934.0, -1057.0, 150, 150, 150
L 815.0, 1034.0, -1057.0, 808.0, 1049.0, -1057.0, 178, 102, 255
L 972.0, 990.0, -1057.0, 972.0, 1078.0, -1057.0, 178, 102, 255
L 785.0, 1103.0, -1057.0, 794.0, 1108.0, -1057.0, 178, 102, 255
L 830.0, 1033.0, -1057.0, 816.0, 1008.0, -1057.0, 150, 150, 150
L 808.0, 1049.0, -1057.0, 791.0, 1049.0, -1057.0, 178, 102, 255
L 979.0, 983.0, -1057.0, 878.0, 983.0, -1057.0, 178, 102, 255
L 878.0, 983.0, -1057.0, 877.0, 1021.0, -1057.0, 178, 102, 255
L 998.0, 1125.0, -1057.0, 1007.0, 1119.0, -1057.0, 178, 102, 255
L 783.0, 1006.0, -1057.0, 767.0, 1034.0, -1057.0, 150, 150, 150
L 884.0, 1047.0, -1057.0, 877.0, 1047.0, -1057.0, 178, 102, 255
L 791.0, 1049.0, -1057.0, 782.0, 1035.0, -1057.0, 178, 102, 255
L 883.0, 1022.0, -1057.0, 884.0, 990.0, -1057.0, 178, 102, 255
L 785.0, 964.0, -1057.0, 785.0, 975.0, -1057.0, 178, 102, 255
L 999.0, 944.0, -1057.0, 989.0, 948.0, -1057.0, 178, 102, 255
L 803.0, 976.0, -1057.0, 804.0, 965.0, -1057.0, 178, 102, 255
L 989.0, 1109.0, -1057.0, 989.0, 1119.0, -1057.0, 178, 102, 255
L 1007.0, 1119.0, -1057.0, 1008.0, 1109.0, -1057.0, 178, 102, 255
L 785.0, 1092.0, -1057.0, 785.0, 1103.0, -1057.0, 178, 102, 255
L 989.0, 1119.0, -1057.0, 998.0, 1125.0, -1057.0, 178, 102, 255
L 1485.0, 340.0, -1239.0, 1549.0, 304.0, -1239.0, 150, 150, 150
L 1423.0, 232.0, -1239.0, 1423.0, 257.0, -1239.0, 150, 150, 150
L 1411.0, 277.0, -1239.0, 1423.0, 277.0, -1239.0, 150, 150, 150
L 1423.0, 304.0, -1239.0, 1485.0, 340.0, -1239.0, 150, 150, 150
L 1549.0, 304.0, -1239.0, 1549.0, 233.0, -1239.0, 150, 150, 150
L 1549.0, 233.0, -1239.0, 1486.0, 195.0, -1239.0, 150, 150, 150
L 1486.0, 195.0, -1239.0, 1423.0, 232.0, -1239.0, 150, 150, 150
L 1423.0, 257.0, -1239.0, 1417.0, 256.0, -1239.0, 150, 150, 150
L 1423.0, 277.0, -1239.0, 1423.0, 304.0, -1239.0, 150, 150, 150
L 1436.0, 262.0, -1239.0, 1436.0, 240.0, -1239.0, 102, 0, 204
L 1471.0, 268.0, -1239.0, 1480.0, 282.0, -1239.0, 150, 150, 150
L 1433.0, 301.0, -1239.0, 1486.0, 331.0, -1239.0, 102, 0, 204
L 1436.0, 240.0, -1239.0, 1486.0, 212.0, -1239.0, 102, 0, 204
L 1486.0, 331.0, -1239.0, 1540.0, 300.0, -1239.0, 102, 0, 204
L 1486.0, 212.0, -1239.0, 1535.0, 240.0, -1239.0, 102, 0, 204
L 1496.0, 282.0, -1239.0, 1505.0, 268.0, -1239.0, 150, 150, 150
L 1496.0, 253.0, -1239.0, 1480.0, 253.0, -1239.0, 150, 150, 150
L 1485.0, 206.0, -1239.0, 1431.0, 238.0, -1239.0, 102, 0, 204
L 1436.0, 274.0, -1239.0, 1432.0, 274.0, -1239.0, 102, 0, 204
L 1535.0, 240.0, -1239.0, 1535.0, 297.0, -1239.0, 102, 0, 204
L 1486.0, 326.0, -1239.0, 1436.0, 297.0, -1239.0, 102, 0, 204
L 1432.0, 262.0, -1239.0, 1436.0, 262.0, -1239.0, 102, 0, 204
L 1480.0, 253.0, -1239.0, 1471.0, 267.0, -1239.0, 150, 150, 150
L 1480.0, 282.0, -1239.0, 1496.0, 282.0, -1239.0, 150, 150, 150
L 1432.0, 274.0, -1239.0, 1433.0, 301.0, -1239.0, 102, 0, 204
L 1535.0, 297.0, -1239.0, 1486.0, 326.0, -1239.0, 102, 0, 204
L 1540.0, 300.0, -1239.0, 1540.0, 237.0, -1239.0, 102, 0, 204
L 1540.0, 237.0, -1239.0, 1485.0, 206.0, -1239.0, 102, 0, 204
L 1505.0, 268.0, -1239.0, 1496.0, 253.0, -1239.0, 150, 150, 150
L 1436.0, 297.0, -1239.0, 1436.0, 274.0, -1239.0, 102, 0, 204
L 1431.0, 238.0, -1239.0, 1432.0, 262.0, -1239.0, 102, 0, 204
L 1268.0, 399.0, -1247.0, 1315.0, 461.0, -1247.0, 102, 0, 204
L 1317.0, 738.0, -1093.0, 1346.0, 747.0, -1093.0, 150, 150, 150
L 1346.0, 747.0, -1093.0, 1371.0, 726.0, -1093.0, 150, 150, 150
L 1371.0, 726.0, -1093.0, 1364.0, 694.0, -1093.0, 150, 150, 150
L 1310.0, 706.0, -1093.0, 1317.0, 737.0, -1093.0, 150, 150, 150
L 1327.0, 728.0, -1093.0, 1344.0, 734.0, -1093.0, 255, 255, 0
L 1344.0, 734.0, -1093.0, 1357.0, 721.0, -1093.0, 255, 255, 0
L 1364.0, 694.0, -1093.0, 1333.0, 685.0, -1093.0, 150, 150, 150
L 1333.0, 685.0, -1093.0, 1310.0, 706.0, -1093.0, 150, 150, 150
L 1353.0, 704.0, -1093.0, 1336.0, 698.0, -1093.0, 255, 255, 0
L 1336.0, 698.0, -1093.0, 1323.0, 710.0, -1093.0, 255, 255, 0
L 1323.0, 710.0, -1093.0, 1327.0, 728.0, -1093.0, 255, 255, 0
L 1357.0, 721.0, -1093.0, 1353.0, 704.0, -1093.0, 255, 255, 0
