P 78.2305, -50.5123, 0.0019, 255, 0, 0, 3, to_The_Steamfont_Mountains
P 35.8611, -47.1226, 0.0019, 240, 0, 0, 2, Succor
P -55.0000, -359.0000, -19.4964, 255, 0, 0, 2, Priest_of_Discord
P 852.0000, -1348.0000, -31.9989, 255, 210, 0, 2, Clockwork_(Banker)
P -156.5009, -773.5012, -27.9989, 128, 0, 128, 2, Loom
P 706.1109, -1252.5191, -27.9979, 128, 0, 128, 2, Forge
P 913.3502, -1250.0541, -31.7980, 128, 0, 128, 2, Brew_Barrel
P 141.5189, -730.0863, -55.9666, 128, 0, 128, 2, Pottery_Wheel
P 148.6626, -725.7348, -55.9666, 128, 0, 128, 2, Kiln
P -146.0000, -761.0000, -27.9989, 0, 128, 0, 2, clockwork_(Tailoring)
P -153.0000, -733.0000, -27.9989, 0, 128, 0, 2, clockwork_(Fishing)
P -172.0000, -771.0000, -27.9989, 0, 128, 0, 2, clockwork_(Armor)
P -36.8768, -496.5857, -27.9979, 0, 0, 0, 2, Toglonoit_Soulbinder
P 1040.0000, -1120.0000, 29.0009, 0, 128, 0, 2, clockwork_(Enchanter_Spells)
P 115.0000, -484.0000, -27.9989, 0, 128, 0, 2, clockwork_(General)
P 173.0000, -750.0000, -31.9989, 0, 128, 0, 2, clockwork_(Pottery)
P 190.2258, -1467.6978, -111.9666, 0, 128, 0, 2, Rylin_Coil_(Tinkering)
P 284.0000, -904.0000, -21.9989, 0, 128, 0, 2, clockwork_(General)
P 299.0000, -886.0000, -21.9989, 0, 128, 0, 2, clockwork_(Baking)
P 301.0000, -891.0000, -31.9989, 0, 128, 0, 2, clockwork_(Alchemy)
P 356.0000, -2149.0000, -183.9364, 0, 128, 0, 2, clockwork_(Cleric_Spells)
P 40.2666, -950.0573, -39.9666, 0, 128, 0, 2, clockwork_(Armor)
P 38.9360, -973.9401, -39.9666, 0, 128, 0, 2, clockwork_(Armor)
P 371.0000, -2083.0000, -183.9364, 0, 128, 0, 2, clockwork_(General_Spells)
P 374.0000, -2149.0000, -183.9364, 0, 128, 0, 2, clockwork_(Cleric_Spells)
P 396.0000, -2081.0000, -183.9364, 0, 128, 0, 2, clockwork_(Necromancer_Supplies)
P 410.0000, -2098.0000, -181.3426, 0, 128, 0, 2, clockwork_(Necromancer_Spells)
P 444.0000, -2112.0000, -183.9364, 0, 128, 0, 2, clockwork_(Cleric_Spells)
P 444.0000, -2148.0000, -183.9364, 0, 128, 0, 2, clockwork_(Necromancer_Spells)
P 475.0000, -866.0000, -31.9989, 0, 128, 0, 2, Drekon_Vebnebber_(General)
P 56.5373, -982.9071, -23.9979, 0, 128, 0, 2, clockwork_(Armor)
P 540.0000, -2163.0000, -183.9364, 0, 128, 0, 2, Clockwork_Smith_XIII_(Smithing)
P 61.8995, -967.2215, -23.9979, 0, 128, 0, 2, clockwork_(Armor)
P 705.0000, -1221.0000, -27.9989, 0, 128, 0, 2, clockwork_(Smithing)
P 711.9949, -1332.2199, -27.9979, 0, 128, 0, 2, clockwork_(Weapons)
P 706.2413, -1232.5209, -27.9979, 0, 128, 0, 2, clockwork_(Armor)
P 720.0000, -1195.0000, -27.9989, 0, 127, 127, 2, Tesil_Gludien_(Task_Master)
P 734.4432, -1325.9688, -27.9979, 0, 128, 0, 2, clockwork_(Smithing)
P 745.0000, -1170.0000, -27.9989, 0, 128, 0, 2, clockwork_(Smithing)
P 759.0000, -1174.0000, -27.9989, 0, 128, 0, 2, clockwork_(Armor)
P 771.6077, -1239.6369, -27.9979, 0, 128, 0, 2, clockwork_(General)
P 777.0000, -1265.0000, -27.9989, 0, 128, 0, 2, clockwork_(Satchels)
P 776.3383, -1323.7011, -27.9979, 0, 128, 0, 2, clockwork_(General)
P 879.0000, -1250.0000, -31.9989, 0, 128, 0, 2, clockwork_(Fletching)
P 884.0000, -1315.0000, -31.9989, 0, 128, 0, 2, clockwork_(Weapons)
P 884.3853, -1345.4705, -31.9979, 0, 128, 0, 2, clockwork_(Jewelcrafting)
P 886.0000, -1285.0000, -31.9989, 0, 128, 0, 2, clockwork_(Armor)
P 915.0000, -1284.0000, -31.9989, 0, 128, 0, 2, clockwork_(General)
P 917.0000, -1332.0000, -31.9989, 0, 128, 0, 2, clockwork_(Jewelcrafting)
P 924.0000, -1265.0000, -31.9989, 0, 128, 0, 2, clockwork_(Brewing)
P 945.0000, -1245.0000, -31.9989, 0, 128, 0, 2, clockwork_(General)
P 952.0000, -1347.0000, -31.9989, 0, 128, 0, 2, clockwork_(Jewelcrafting)
P 577.0000, -1191.0000, -34.9989, 128, 128, 128, 2, Iony_Gredlong_(GM_Cleric)
P 428.0000, -2147.0000, -183.9364, 128, 128, 128, 2, Garret_Zethkog_(GM_Shadowknight)
P 431.0000, -848.0000, -31.9989, 128, 128, 128, 2, Baxok_Curhunter_(GM_Warrior)
P 441.0000, -847.0000, -31.9989, 128, 128, 128, 2, Narron_Jenork_(GM_Warrior)
P 579.0000, -2024.0000, -183.9364, 128, 128, 128, 2, Rilgor_Plegnog_(GM_Enchanter)
P 590.0000, -2022.0000, -183.9364, 128, 128, 128, 2, Vaenor_Husga_(GM_Magician)
P 595.0000, -2031.0000, -183.9364, 128, 128, 128, 2, Velena_Corgtec_(GM_Wizard)
P 598.0000, -1240.0000, -55.9676, 128, 128, 128, 2, Welno_Tanlonikan_(GM_Rogue)
P 615.0000, -1168.0000, -55.9676, 128, 128, 128, 2, Lobal_Postugger_(GM_Rogue)
P 538.0000, -1183.0000, -41.9676, 128, 128, 128, 2, Digetha_Chogaller_(GM_Cleric)
P 978.0000, -1029.0000, 29.0009, 128, 128, 128, 2, Larkon_Theardor_(GM_Magician)
P 979.0000, -1096.0000, 28.0009, 128, 128, 128, 2, Juline_Urncaller_(GM_Enchanter)
P 990.0000, -1049.0000, 28.0009, 128, 128, 128, 2, Tobon_(GM_Wizard)
P 503.0000, -2108.0000, -183.9364, 128, 128, 128, 2, Naygog_Mitope_(GM_Warrior)
P 509.0000, -2069.0000, -183.9364, 128, 128, 128, 2, Kaxon_Frennor_(GM_Rogue)
P 407.0000, -2101.0000, -183.9364, 128, 128, 128, 2, Eonis_Mournunder_(GM_Necromancer)
P 1008.0000, -1046.0000, 28.0009, 128, 128, 128, 2, Useah_(GM_Wizard)
P 1012.3845, -1075.5590, 28.0019, 128, 128, 128, 2, Nonnie_Texaker_(GM_Enchanter)
P 1026.0000, -1108.0000, 28.0009, 128, 128, 128, 2, Wuggan_(GM_Magician)
P 1039.0000, -1081.0000, 28.0009, 128, 128, 128, 2, Xalirilan_(GM_Wizard)
P 454.0000, -2061.0000, -183.9364, 128, 128, 128, 2, Derthix_(GM_Cleric)
P 469.0000, -836.0000, -31.9989, 128, 128, 128, 2, Jarah_Reskan_(GM_Warrior)
P 470.0000, -902.0000, -31.9989, 128, 128, 128, 2, Manik_Compolten_(GM_Warrior)
P 526.0000, -1231.0000, -37.9989, 128, 128, 128, 2, Lewis_Reldnok_(GM_Paladin)
P 388.0000, -2082.0000, -183.9364, 128, 128, 128, 2, Dewis_Caneal_(GM_Necromancer)
P 388.0000, -2100.0000, -183.9364, 128, 128, 128, 2, Evah_Xokez_(GM_Cleric)
P 820.4697, -1299.5430, -39.9666, 255, 255, 255, 2, Ak`Anon_Zoo
P 108.0157, -779.5540, -31.9979, 240, 240, 0, 2, Ramp_Up
P 132.0962, -829.6977, 0.0019, 0, 127, 127, 2, Artisan_Vidi_Cogsworthy_(Artisan_Quests)
P 152.1837, -757.6340, -15.9979, 0, 127, 0, 2, a_clockwork_miner_(Smithing)
P 733.8126, -1225.3461, -27.9979, 128, 0, 128, 2, Clockwork_Forge_(Cultural)
P 713.4390, -1307.5711, -27.9979, 0, 240, 0, 2, Zenrel_Ottonoggin_(Parcels)
P 767.4528, -1253.2392, -27.9979, 0, 0, 0, 2, Lyra_Lyrestringer
P 696.2280, -1293.8278, -27.9979, 127, 127, 127, 2, Maldeny_Gredlong_(GM_Cleric)
P 296.6035, -1939.1271, -142.8119, 240, 240, 240, 2, Paddle_Wheel
P 235.1583, -2023.3112, -195.9041, 0, 0, 0, 2, Sanfyrd_Featherhead
P 257.2034, -2012.3051, -195.9040, 0, 0, 0, 2, Silox_Azrix
P 290.9727, -1967.7050, -131.4580, 240, 240, 240, 2, Waterfall
P 295.4211, -1739.4490, -138.2088, 240, 240, 240, 2, Underwater_Passage
P 578.9002, -2159.1247, -183.9353, 0, 0, 0, 2, Glerbella_Gibblix
P 586.6771, -2172.8627, -183.9353, 0, 0, 0, 2, Mimtia_Zethkog
P 628.2001, -2022.8814, -182.7215, 0, 0, 0, 2, Red_V
P 870.8784, -1382.6137, -39.9666, 0, 0, 0, 2, Gilipus
P 870.3505, -1364.5390, -31.9979, 0, 240, 0, 2, Clockwork_XXVD_(Parcels)
P 919.0156, -1233.1066, -31.9979, 0, 0, 0, 2, Drigaz_Grumblegrowl
P 927.4129, -1236.8532, -31.9979, 0, 0, 0, 2, Flapti_Bizttrin
P 848.1549, -1177.6099, -39.9666, 0, 0, 0, 2, Golsodix_Biroboddle
P 799.4738, -1332.8096, -63.9177, 0, 0, 0, 2, Kimble_Nogflop
P 939.3377, -1096.7554, 28.0019, 0, 0, 0, 2, Celine
P 608.4914, -1232.3919, -55.9666, 127, 127, 127, 2, Morlan_Tanlonikan_(GM_Rogue)
P 557.4249, -1179.1796, -55.9666, 0, 127, 0, 2, clockwork_(Weapons)
P 572.2221, -1235.5329, -41.9666, 240, 240, 0, 2, Fake_Wall
P 550.0846, -1238.6817, -41.9666, 0, 127, 0, 2, clockwork_(Cleric_Spells)
P 543.0241, -1240.2930, -41.9666, 0, 127, 0, 2, clockwork_(Cleric_Spells)
P 540.4206, -1224.8632, -41.9666, 0, 127, 0, 2, clockwork_(Cleric_Spells)
P 545.4050, -1221.9550, -41.9666, 0, 127, 0, 2, clockwork_(Cleric_Spells)
P 554.3786, -1181.9119, -41.9666, 0, 127, 0, 2, clockwork_(Cleric_Spells)
P 561.3072, -1195.9174, -41.9666, 0, 127, 0, 2, clockwork_(Cleric_Spells)
P 552.9313, -1197.2614, -41.9666, 0, 127, 0, 2, clockwork_(Weapons)
P 529.7152, -1394.8035, -82.9666, 0, 0, 0, 2, Guide_II
P 192.8209, -1482.3201, -111.9666, 0, 0, 0, 2, a_mechanic
P 218.2094, -1943.6032, -125.9353, 0, 0, 0, 2, a_mechanic
P 257.6988, -1991.8527, -125.9353, 0, 0, 240, 1, GS:_Old_Silver_Coin
P 401.7750, -2027.2537, -183.9353, 0, 127, 0, 2, a_spell_research_merchant_(Research)
P 406.4010, -2031.0352, -183.9353, 0, 127, 0, 2, a_spell_research_merchant_(Research)
P 410.9629, -2039.5640, -183.9353, 0, 127, 0, 2, clockwork_(Cleric_Spells)
P 399.0741, -2043.3406, -183.9353, 0, 127, 0, 2, a_spell_research_merchant_(Research)
P 395.5044, -2098.5661, -183.9353, 0, 127, 0, 2, clockwork_(Necromancer_Spells)
P 368.9964, -2152.3952, -183.9353, 0, 127, 0, 2, clockwork_(Cleric_Spells)
P 439.7529, -2130.9726, -183.9353, 127, 127, 127, 2, Valknor_Zethkog_(GM_Shadow_Knight)
P 428.4030, -2112.8195, -183.9353, 0, 127, 0, 2, clockwork_(Cleric_Spells)
P 450.7018, -2069.8913, -183.9353, 0, 0, 0, 2, Tilkzog_Mournunder
P 495.0585, -2069.6564, -183.9353, 0, 127, 127, 2, Poison_Master_Genk_(Poison_Tasks)
P 593.8410, -2156.7519, -183.9353, 0, 0, 0, 2, Rebbie_Romblerum
P 594.5766, -2165.9689, -183.9353, 0, 0, 0, 2, Windlebeck_Tobokog
P 520.4379, -2023.8007, -183.9353, 0, 0, 0, 2, Clockwork_VIIX
P 545.7472, -1993.3288, -183.9353, 0, 0, 0, 2, Clockwork_XXVIIC
P 425.2233, -1844.1110, -125.9353, 0, 0, 0, 2, Clockwork_XXVIIB
P 714.1975, -1255.3820, -27.9979, 0, 127, 0, 2, clockwork_(Weapons)
P 709.2866, -1212.9278, -27.9979, 0, 127, 0, 2, clockwork_(Armor)
P 712.0758, -1209.6857, -27.9979, 0, 127, 0, 2, clockwork_(Armor)
P 718.4841, -1218.7851, -27.9979, 0, 127, 0, 2, clockwork_(Armor)
P 744.4306, -1325.1215, -27.9979, 0, 127, 0, 2, clockwork_(Weapons)
P 759.5937, -1327.9372, -27.9979, 0, 127, 0, 2, clockwork_(Weapons)
P 729.9019, -1308.8125, -27.9979, 0, 0, 0, 2, Guide_III
P 756.4218, -1306.5164, -27.9979, 0, 240, 0, 2, Tamno_shifa_(Tribute)
P 776.4996, -1362.0032, -27.9979, 0, 0, 0, 2, Zigg_Flin
P 897.1721, -1296.4091, -31.9979, 0, 0, 0, 2, Clockwork_XVIE
P 866.7901, -1347.4152, -31.9979, 255, 210, 0, 2, clockwork_(Banker)
P 852.0990, -1340.8704, -23.9979, 0, 127, 0, 2, Gemcrafter_Gosan_(Melee_Augs)
P 946.6514, -1241.0834, -31.9979, 0, 127, 0, 2, clockwork_(General)
P 780.4301, -1296.2310, -39.9666, 0, 0, 0, 2, Clockwork_IZ
P 798.9086, -1275.7841, -39.9666, 0, 0, 0, 2, Clockwork_IIIZ
P 807.5440, -1322.4533, -39.9666, 0, 0, 0, 2, Clockwork_IIZ
P 795.6876, -1329.6862, -63.9666, 0, 0, 0, 2, Clockwork_XXIIB
P 782.7891, -1308.0169, -13.9979, 0, 0, 0, 2, Clockwork_XXB
P 783.1150, -1280.7547, -13.9979, 0, 0, 0, 2, Clockwork_XXIB
P 1006.8003, -1071.4285, 28.0019, 0, 127, 0, 2, clockwork_(General_Spells)
P 1033.8682, -1072.7891, 28.0019, 0, 127, 0, 2, clockwork_(Magician_Spells)
P 1006.1666, -1131.5534, 29.0019, 240, 240, 240, 2, Library_Mechanamagica
P 1028.1127, -1099.7183, 28.0019, 0, 127, 0, 2, clockwork_(Magician_Spells)
P 1032.1763, -1096.4174, 28.0019, 0, 127, 0, 2, clockwork_(Magician_Spells)
P 1034.8908, -1092.6918, 28.0019, 0, 127, 0, 2, clockwork_(Magician_Spells)
P 977.2926, -1059.9329, 28.0019, 0, 127, 0, 2, clockwork_(Wizard_Spells)
P 981.2974, -1054.6209, 28.0019, 0, 127, 0, 2, clockwork_(Wizard_Spells)
P 987.3509, -1050.3444, 28.0019, 0, 127, 0, 2, clockwork_(Wizard_Spells)
P 1009.0615, -1052.6614, 28.0019, 0, 127, 0, 2, clockwork_(Enchanter_Supplies)
P 1009.4686, -1046.5214, 28.0019, 0, 127, 0, 2, clockwork_(Wizard_Supplies)
P 1031.5928, -1079.3583, 28.0019, 127, 127, 127, 2, Tergon_Brenclog_(GM_Magician)
P 1042.5463, -1076.1459, 28.0019, 0, 127, 0, 2, clockwork_(Magician_Spells)
P 1016.6688, -1068.1536, 28.0019, 240, 240, 0, 2, Fake_Wall
P 992.9176, -1103.0441, 28.0019, 0, 127, 0, 2, clockwork_(Enchanter_Spells)
P 987.9982, -1104.8294, 28.0019, 0, 127, 0, 2, clockwork_(Enchanter_Spells)
P 985.0745, -1101.6752, 28.0019, 0, 127, 0, 2, clockwork_(Enchanter_Spells)
P 462.3348, -984.4213, -31.9979, 0, 0, 0, 2, Clockwork_XXXD
P 427.6330, -925.8729, -27.9979, 0, 0, 0, 2, Clockwork_XVIIA
P 211.0670, -815.9957, -31.9979, 0, 0, 0, 2, Clockwork_XVA
P 201.9163, -817.8728, -31.9979, 0, 0, 0, 2, a_clockwork_receptionist
P 150.4383, -812.7171, -31.9979, 0, 0, 0, 2, Clockwork_XVIB
P 144.9705, -827.0593, -31.9979, 0, 0, 0, 2, Clockwork_XVIIIB
P 114.5607, -821.3339, -31.9979, 0, 0, 0, 2, Clockwork_XXIIIA
P 130.2102, -812.1029, -31.9979, 0, 0, 0, 2, Clockwork_XVIIB
P 130.0007, -764.0846, -31.9979, 0, 0, 0, 2, Clockwork_XXIA
P 149.8688, -759.8723, -31.9979, 0, 0, 0, 2, Clockwork_XVID
P 209.6846, -790.7763, -31.9979, 0, 0, 0, 2, Clockwork_XXE
P 199.5994, -729.1939, -55.9666, 0, 0, 0, 2, Clockwork_XXIVD
P 189.6436, -760.6237, -55.9666, 0, 0, 0, 2, Clockwork_XXVA
P 174.8372, -757.5091, -55.9666, 0, 0, 0, 2, Clockwork_XXVIC
P 208.7394, -785.9420, -55.9666, 0, 0, 0, 2, Watchman_Dool
P 173.4707, -823.4204, -71.9666, 0, 0, 0, 2, Watchman_Hodl
P 172.5915, -815.0058, -71.9666, 0, 0, 0, 2, Royal_Clerk_Palthen
P 148.8999, -824.2360, -71.9666, 0, 0, 0, 2, Watchman_Qiz
P 141.2454, -815.5775, -71.9666, 0, 0, 0, 2, Watchman_Lyl
P 205.7630, -802.2276, -71.9666, 0, 0, 0, 2, Clockwork_MX
P 209.0930, -813.0216, -71.9666, 0, 0, 0, 2, King_Akanon
P 115.8219, -724.9416, -15.9979, 0, 0, 0, 2, Clockwork_XIVE
P 142.8241, -760.0863, -15.9979, 0, 127, 0, 2, clockwork_(Pottery)
P 110.5097, -794.3231, 0.0019, 0, 0, 0, 2, Clockwork_XVIIIE
P 386.1702, -785.5720, -27.9979, 0, 0, 0, 2, Guide_I
P 373.6927, -603.5767, -27.9979, 0, 0, 0, 2, Guide_V
P 229.1171, -526.8726, -27.9979, 0, 127, 0, 2, Melkin_Gearwell_(Mercenary_Liaison)
P 127.7631, -488.7385, -27.9979, 0, 0, 0, 2, Zapho_the_Ancient
P -139.6842, -660.7482, -27.9979, 0, 0, 0, 2, Guide_IV
P 696.2577, -1241.8937, -27.9979, 240, 240, 240, 2, Forge_of_Defiance
P 337.1148, -1973.8593, -125.9353, 0, 0, 0, 2, Clockwork_XXVIIIB
P 391.3634, -1954.8980, -125.9353, 0, 0, 0, 2, Clockwork_XXVIIC
P 229.1416, -1922.2613, -125.9353, 0, 0, 0, 2, Clockwork_XXIXB
P 243.1021, -1970.8704, -125.9353, 0, 0, 0, 2, Clockwork_XXVIIC
P 356.9777, -2042.1221, -181.9353, 0, 0, 0, 2, Clockwork_XVIIC
P 549.0042, -1269.1486, -41.9666, 240, 240, 240, 2, The_Abbey_of_Deep_Musing
P 467.9471, -947.7684, -31.9979, 240, 240, 240, 2, Gemchoper_Hall
P 201.5534, -849.1453, -26.9979, 240, 240, 240, 2, Ak`Anon_Palace
P -34.4243, -264.6186, -27.9978, 0, 0, 0, 2, Clockwork_XVE
P -9.6204, -263.8896, -27.9979, 0, 0, 0, 2, Clockwork_XXD
P -28.0812, -217.7089, -27.9979, 0, 0, 0, 2, Clockwork_XE
P -16.7515, -211.7310, -27.9979, 0, 0, 0, 2, Clockwork_XVD
P -31.7830, -244.5004, -27.9979, 0, 0, 0, 2, Clockwork_XXID
P -7.4961, -232.2367, -27.9979, 0, 0, 0, 2, Guide_VI
P -53.0221, -233.3813, 10.0019, 0, 0, 0, 2, Clockwork_XIE
P 41.8176, -239.8712, 10.0019, 0, 0, 0, 2, Clockwork_XIXA
P 19.8958, -8.6573, 0.0019, 0, 0, 0, 2, Exterminator_VIII
P 2.2194, -3.9738, 0.0019, 0, 0, 0, 2, Clockwork_XIB
P 12.3964, 17.7003, 0.0019, 0, 0, 0, 2, Clockwork_XIIE
P 27.8814, 18.0957, 0.0019, 0, 0, 0, 1, Clockwork_XIIB
P 117.0407, -723.0308, -31.9979, 128, 0, 128, 2, Oven
P 365.2016, -2035.2177, -180.4064, 240, 240, 240, 2, The_Mines_of_Malfunction
P 223.8500, -1965.6524, -124.3846, 240, 240, 240, 2, Steam_Generator
P 931.3707, -1246.8101, -30.4700, 240, 240, 240, 2, Merchants_Quarter
P 870.0390, -1356.7531, -30.4781, 240, 240, 240, 2, Ak`anon_Bank
P 53.6835, -477.9559, -25.7689, 0, 127, 0, 2, Hermanie_Gearwell_(Mercenary_Liason)
