L 1080.0000, -331.0000, -22.0000, 1077.0000, -329.0000, -22.0000, 0, 0, 0
L 1113.0000, -331.0000, -22.0000, 1080.0000, -331.0000, -22.0000, 0, 0, 0
L 1126.0000, -291.0000, -22.0000, 1113.0000, -331.0000, -22.0000, 0, 0, 0
L 1185.0000, -294.0000, 3.0000, 1126.0000, -291.0000, -22.0000, 0, 0, 0
L 1409.0000, -290.0000, 3.0000, 1185.0000, -294.0000, 3.0000, 0, 0, 0
L 1413.0000, -897.0000, 15.0000, 1409.0000, -290.0000, 3.0000, 0, 0, 0
L 1428.0000, -903.0000, 17.0000, 1413.0000, -897.0000, 15.0000, 0, 0, 0
L 1426.0000, -926.0000, 15.0000, 1428.0000, -903.0000, 17.0000, 0, 0, 0
L 1420.0000, -929.0000, 13.0000, 1426.0000, -926.0000, 15.0000, 0, 0, 0
L 1401.0000, -930.0000, 13.0000, 1420.0000, -929.0000, 13.0000, 0, 0, 0
L 1367.0000, -960.0000, 13.0000, 1401.0000, -930.0000, 13.0000, 0, 0, 0
L 1367.0000, -1022.0000, 13.0000, 1367.0000, -960.0000, 13.0000, 0, 0, 0
L 1356.0000, -1042.0000, 13.0000, 1367.0000, -1022.0000, 13.0000, 0, 0, 0
L 1355.0000, -1064.0000, 13.0000, 1356.0000, -1042.0000, 13.0000, 0, 0, 0
L 1348.0000, -1069.0000, 19.0000, 1355.0000, -1064.0000, 13.0000, 0, 0, 0
L 1167.0000, -1063.0000, 21.0000, 1348.0000, -1069.0000, 19.0000, 0, 0, 0
L 1141.0000, -1064.0000, 19.0000, 1167.0000, -1063.0000, 21.0000, 0, 0, 0
L 1138.0000, -1060.0000, 20.0000, 1141.0000, -1064.0000, 19.0000, 0, 0, 0
L 1110.0000, -1012.0000, 19.0000, 1138.0000, -1060.0000, 20.0000, 0, 0, 0
L 1097.0000, -998.0000, 19.0000, 1110.0000, -1012.0000, 19.0000, 0, 0, 0
L 1048.0000, -959.0000, 19.0000, 1097.0000, -998.0000, 19.0000, 0, 0, 0
L 1013.0000, -952.0000, 19.0000, 1048.0000, -959.0000, 19.0000, 0, 0, 0
L 1010.0000, -308.0000, -21.0000, 1013.0000, -952.0000, 19.0000, 0, 0, 0
L 1074.0000, -304.0000, -22.0000, 1010.0000, -308.0000, -21.0000, 0, 0, 0
L 1077.0000, -329.0000, -22.0000, 1074.0000, -304.0000, -22.0000, 0, 0, 0
L 22.0000, -237.0000, 21.0000, -79.0000, -237.0000, 21.0000, 0, 0, 0
L 24.0000, -207.0000, 3.0000, 22.0000, -237.0000, 21.0000, 0, 0, 0
L 11.0000, -212.0000, 6.0000, 24.0000, -207.0000, 3.0000, 0, 0, 0
L -30.0000, -235.0000, 3.0000, 11.0000, -212.0000, 6.0000, 0, 0, 0
L -66.0000, -210.0000, 3.0000, -30.0000, -235.0000, 3.0000, 0, 0, 0
L -81.0000, -208.0000, 3.0000, -66.0000, -210.0000, 3.0000, 0, 0, 0
L -79.0000, -237.0000, 21.0000, -81.0000, -208.0000, 3.0000, 0, 0, 0
L -154.0000, 1429.0000, 22.0000, 46.0000, 1430.0000, 22.0000, 0, 0, 0
L -92.0000, 1371.0000, 22.0000, -209.0000, 1373.0000, 22.0000, 0, 0, 0
L -93.0000, 726.0000, 22.0000, -92.0000, 1371.0000, 22.0000, 0, 0, 0
L -96.0000, 708.0000, 8.0000, -93.0000, 726.0000, 22.0000, 0, 0, 0
L -127.0000, 702.0000, 8.0000, -96.0000, 708.0000, 8.0000, 0, 0, 0
L -144.0000, 702.0000, 8.0000, -127.0000, 702.0000, 8.0000, 0, 0, 0
L -129.0000, 691.0000, 8.0000, -144.0000, 702.0000, 8.0000, 150, 150, 150
L 44.0000, 587.0000, 11.0000, -129.0000, 691.0000, 8.0000, 150, 150, 150
L 31.0000, 572.0000, 8.0000, 44.0000, 587.0000, 11.0000, 150, 150, 150
L -146.0000, 659.0000, 8.0000, 31.0000, 572.0000, 8.0000, 150, 150, 150
L -166.0000, 666.0000, 8.0000, -146.0000, 659.0000, 8.0000, 150, 150, 150
L -146.0000, 702.0000, 8.0000, -166.0000, 666.0000, 8.0000, 150, 150, 150
L -171.0000, 700.0000, 8.0000, -146.0000, 702.0000, 8.0000, 0, 0, 0
L -171.0000, 608.0000, 8.0000, -171.0000, 700.0000, 8.0000, 0, 0, 0
L -140.0000, 608.0000, 8.0000, -171.0000, 608.0000, 8.0000, 0, 0, 0
L -136.0000, 568.0000, 8.0000, -140.0000, 608.0000, 8.0000, 0, 0, 0
L -136.0000, 481.0000, 8.0000, -136.0000, 568.0000, 8.0000, 0, 0, 0
L -101.0000, 481.0000, 8.0000, -136.0000, 481.0000, 8.0000, 0, 0, 0
L -99.0000, 443.0000, 8.0000, -101.0000, 481.0000, 8.0000, 0, 0, 0
L -69.0000, 439.0000, 8.0000, -99.0000, 443.0000, 8.0000, 0, 0, 0
L -45.0000, 438.0000, 8.0000, -69.0000, 439.0000, 8.0000, 0, 0, 0
L -47.0000, 400.0000, 15.0000, -45.0000, 438.0000, 8.0000, 0, 0, 0
L -61.0000, 400.0000, 15.0000, -47.0000, 400.0000, 15.0000, 0, 0, 0
L -61.0000, 160.0000, 15.0000, -61.0000, 400.0000, 15.0000, 0, 0, 0
L -46.0000, 164.0000, 15.0000, -61.0000, 160.0000, 15.0000, 0, 0, 0
L -47.0000, 121.0000, 3.0000, -46.0000, 164.0000, 15.0000, 0, 0, 0
L -60.0000, 119.0000, 3.0000, -47.0000, 121.0000, 3.0000, 0, 0, 0
L -74.0000, 97.0000, 3.0000, -60.0000, 119.0000, 3.0000, 0, 0, 0
L -98.0000, 84.0000, 3.0000, -74.0000, 97.0000, 3.0000, 0, 0, 0
L -114.0000, 84.0000, 3.0000, -98.0000, 84.0000, 3.0000, 0, 0, 0
L -150.0000, 100.0000, 3.0000, -114.0000, 84.0000, 3.0000, 0, 0, 0
L -156.0000, 110.0000, 3.0000, -150.0000, 100.0000, 3.0000, 0, 0, 0
L -161.0000, 145.0000, 3.0000, -156.0000, 110.0000, 3.0000, 0, 0, 0
L -177.0000, 144.0000, 3.0000, -161.0000, 145.0000, 3.0000, 0, 0, 0
L -215.0000, 95.0000, 3.0000, -177.0000, 144.0000, 3.0000, 0, 0, 0
L -219.0000, 77.0000, 3.0000, -215.0000, 95.0000, 3.0000, 0, 0, 0
L -182.0000, 78.0000, 3.0000, -219.0000, 77.0000, 3.0000, 0, 0, 0
L -182.0000, -4.0000, 3.0000, -182.0000, 78.0000, 3.0000, 0, 0, 0
L -219.0000, -4.0000, 3.0000, -182.0000, -4.0000, 3.0000, 0, 0, 0
L -213.0000, -31.0000, 3.0000, -219.0000, -4.0000, 3.0000, 0, 0, 0
L -354.0000, -32.0000, 5.0000, -213.0000, -31.0000, 3.0000, 0, 0, 0
L -351.0000, -6.0000, 5.0000, -354.0000, -32.0000, 5.0000, 0, 0, 0
L -373.0000, 4.0000, 5.0000, -351.0000, -6.0000, 5.0000, 0, 0, 0
L -372.0000, 34.0000, 15.0000, -373.0000, 4.0000, 5.0000, 0, 0, 0
L -365.0000, 46.0000, 15.0000, -372.0000, 34.0000, 15.0000, 0, 0, 0
L -364.0000, 80.0000, 15.0000, -365.0000, 46.0000, 15.0000, 0, 0, 0
L -401.0000, 114.0000, 15.0000, -364.0000, 80.0000, 15.0000, 0, 0, 0
L -474.0000, 114.0000, 15.0000, -401.0000, 114.0000, 15.0000, 0, 0, 0
L -503.0000, 81.0000, 15.0000, -474.0000, 114.0000, 15.0000, 0, 0, 0
L -504.0000, 41.0000, 15.0000, -503.0000, 81.0000, 15.0000, 0, 0, 0
L -489.0000, 36.0000, 15.0000, -504.0000, 41.0000, 15.0000, 0, 0, 0
L -489.0000, -4.0000, 5.0000, -489.0000, 36.0000, 15.0000, 0, 0, 0
L -525.0000, -2.0000, 15.0000, -489.0000, -4.0000, 5.0000, 0, 0, 0
L -527.0000, 2.0000, 15.0000, -525.0000, -2.0000, 15.0000, 0, 0, 0
L -580.0000, 0.0000, 15.0000, -527.0000, 2.0000, 15.0000, 0, 0, 0
L -608.0000, -31.0000, 15.0000, -580.0000, 0.0000, 15.0000, 0, 0, 0
L -608.0000, -36.0000, 19.0000, -608.0000, -31.0000, 15.0000, 0, 0, 0
L -581.0000, -41.0000, 19.0000, -608.0000, -36.0000, 19.0000, 0, 0, 0
L -583.0000, -98.0000, 19.0000, -581.0000, -41.0000, 19.0000, 0, 0, 0
L -606.0000, -98.0000, 19.0000, -583.0000, -98.0000, 19.0000, 0, 0, 0
L -602.0000, -111.0000, 15.0000, -606.0000, -98.0000, 19.0000, 0, 0, 0
L -571.0000, -136.0000, 15.0000, -602.0000, -111.0000, 15.0000, 0, 0, 0
L -523.0000, -136.0000, 15.0000, -571.0000, -136.0000, 15.0000, 0, 0, 0
L -522.0000, -118.0000, 15.0000, -523.0000, -136.0000, 15.0000, 0, 0, 0
L -488.0000, -117.0000, 5.0000, -522.0000, -118.0000, 15.0000, 0, 0, 0
L -485.0000, -157.0000, 15.0000, -488.0000, -117.0000, 5.0000, 0, 0, 0
L -498.0000, -160.0000, 15.0000, -485.0000, -157.0000, 15.0000, 0, 0, 0
L -498.0000, -210.0000, 15.0000, -498.0000, -160.0000, 15.0000, 0, 0, 0
L -464.0000, -240.0000, 15.0000, -498.0000, -210.0000, 15.0000, 0, 0, 0
L -380.0000, -232.0000, 15.0000, -464.0000, -240.0000, 15.0000, 0, 0, 0
L -362.0000, -212.0000, 15.0000, -380.0000, -232.0000, 15.0000, 0, 0, 0
L -358.0000, -170.0000, 15.0000, -362.0000, -212.0000, 15.0000, 0, 0, 0
L -351.0000, -120.0000, 5.0000, -368.0000, -120.0000, 5.0000, 0, 0, 0
L -349.0000, -88.0000, 5.0000, -351.0000, -120.0000, 5.0000, 0, 0, 0
L -224.0000, -88.0000, 5.0000, -349.0000, -88.0000, 5.0000, 0, 0, 0
L -216.0000, -96.0000, 3.0000, -224.0000, -88.0000, 5.0000, 0, 0, 0
L -219.0000, -101.0000, 3.0000, -216.0000, -96.0000, 3.0000, 0, 0, 0
L -219.0000, -121.0000, 3.0000, -219.0000, -101.0000, 3.0000, 0, 0, 0
L -192.0000, -185.0000, 3.0000, -219.0000, -121.0000, 3.0000, 0, 0, 0
L -153.0000, -181.0000, 3.0000, -192.0000, -185.0000, 3.0000, 0, 0, 0
L -127.0000, -198.0000, 3.0000, -153.0000, -181.0000, 3.0000, 0, 0, 0
L -121.0000, -229.0000, 3.0000, -127.0000, -198.0000, 3.0000, 0, 0, 0
L -121.0000, -236.0000, 3.0000, -121.0000, -229.0000, 3.0000, 0, 0, 0
L -111.0000, -209.0000, 3.0000, -121.0000, -236.0000, 3.0000, 0, 0, 0
L -100.0000, -208.0000, 3.0000, -111.0000, -209.0000, 3.0000, 0, 0, 0
L -98.0000, -303.0000, 33.0000, -100.0000, -208.0000, 3.0000, 0, 0, 0
L -61.0000, -333.0000, 33.0000, -98.0000, -303.0000, 33.0000, 0, 0, 0
L 10.0000, -333.0000, 33.0000, -61.0000, -333.0000, 33.0000, 0, 0, 0
L 33.0000, -310.0000, 33.0000, 10.0000, -333.0000, 33.0000, 0, 0, 0
L 43.0000, -209.0000, 3.0000, 33.0000, -310.0000, 33.0000, 0, 0, 0
L 52.0000, -208.0000, 3.0000, 43.0000, -209.0000, 3.0000, 0, 0, 0
L 65.0000, -236.0000, 3.0000, 52.0000, -208.0000, 3.0000, 0, 0, 0
L 64.0000, -210.0000, 3.0000, 65.0000, -236.0000, 3.0000, 0, 0, 0
L 78.0000, -192.0000, 3.0000, 64.0000, -210.0000, 3.0000, 0, 0, 0
L 115.0000, -180.0000, 3.0000, 78.0000, -192.0000, 3.0000, 0, 0, 0
L 135.0000, -191.0000, 3.0000, 115.0000, -180.0000, 3.0000, 0, 0, 0
L 144.0000, -198.0000, 3.0000, 135.0000, -191.0000, 3.0000, 0, 0, 0
L 171.0000, -152.0000, 3.0000, 144.0000, -198.0000, 3.0000, 0, 0, 0
L 168.0000, -90.0000, 3.0000, 171.0000, -152.0000, 3.0000, 0, 0, 0
L 277.0000, -87.0000, 3.0000, 168.0000, -90.0000, 3.0000, 0, 0, 0
L 295.0000, -99.0000, -14.0000, 277.0000, -87.0000, 3.0000, 0, 0, 0
L 281.0000, -101.0000, -9.0000, 295.0000, -99.0000, -14.0000, 0, 0, 0
L 280.0000, -121.0000, -14.0000, 281.0000, -101.0000, -9.0000, 0, 0, 0
L 235.0000, -121.0000, -14.0000, 280.0000, -121.0000, -14.0000, 0, 0, 0
L 235.0000, -158.0000, -14.0000, 235.0000, -121.0000, -14.0000, 0, 0, 0
L 270.0000, -160.0000, -14.0000, 235.0000, -158.0000, -14.0000, 0, 0, 0
L 269.0000, -240.0000, -14.0000, 270.0000, -160.0000, -14.0000, 0, 0, 0
L 235.0000, -240.0000, -14.0000, 269.0000, -240.0000, -14.0000, 0, 0, 0
L 235.0000, -303.0000, -14.0000, 235.0000, -240.0000, -14.0000, 0, 0, 0
L 408.0000, -303.0000, -14.0000, 235.0000, -303.0000, -14.0000, 0, 0, 0
L 413.0000, -296.0000, -10.0000, 408.0000, -303.0000, -14.0000, 0, 0, 0
L 413.0000, -208.0000, -13.0000, 413.0000, -296.0000, -10.0000, 0, 0, 0
L 344.0000, -209.0000, -14.0000, 413.0000, -208.0000, -13.0000, 0, 0, 0
L 343.0000, -183.0000, -14.0000, 344.0000, -209.0000, -14.0000, 0, 0, 0
L 349.0000, -181.0000, -14.0000, 343.0000, -183.0000, -14.0000, 0, 0, 0
L 348.0000, -80.0000, -14.0000, 349.0000, -181.0000, -14.0000, 0, 0, 0
L 399.0000, -78.0000, -14.0000, 348.0000, -80.0000, -14.0000, 0, 0, 0
L 390.0000, 11.0000, -14.0000, 399.0000, -78.0000, -14.0000, 0, 0, 0
L 399.0000, 23.0000, -14.0000, 390.0000, 11.0000, -14.0000, 0, 0, 0
L 448.0000, 24.0000, -22.0000, 399.0000, 23.0000, -14.0000, 0, 0, 0
L 457.0000, -3.0000, -22.0000, 448.0000, 24.0000, -22.0000, 0, 0, 0
L 471.0000, -24.0000, -22.0000, 457.0000, -3.0000, -22.0000, 0, 0, 0
L 469.0000, -41.0000, -22.0000, 471.0000, -24.0000, -22.0000, 0, 0, 0
L 471.0000, -173.0000, -25.0000, 469.0000, -41.0000, -22.0000, 0, 0, 0
L 458.0000, -175.0000, -25.0000, 471.0000, -173.0000, -25.0000, 0, 0, 0
L 436.0000, -179.0000, -25.0000, 458.0000, -175.0000, -25.0000, 0, 0, 0
L 430.0000, -192.0000, -25.0000, 436.0000, -179.0000, -25.0000, 0, 0, 0
L 430.0000, -286.0000, -25.0000, 430.0000, -192.0000, -25.0000, 0, 0, 0
L 445.0000, -294.0000, -25.0000, 430.0000, -286.0000, -25.0000, 0, 0, 0
L 448.0000, -310.0000, -14.0000, 445.0000, -294.0000, -25.0000, 0, 0, 0
L 451.0000, -321.0000, -11.0000, 448.0000, -310.0000, -14.0000, 0, 0, 0
L 451.0000, -336.0000, -11.0000, 451.0000, -321.0000, -11.0000, 0, 0, 0
L 444.0000, -358.0000, -21.0000, 451.0000, -336.0000, -11.0000, 0, 0, 0
L 427.0000, -358.0000, -21.0000, 444.0000, -358.0000, -21.0000, 0, 0, 0
L 405.0000, -338.0000, -21.0000, 427.0000, -358.0000, -21.0000, 0, 0, 0
L 346.0000, -338.0000, -21.0000, 405.0000, -338.0000, -21.0000, 0, 0, 0
L 315.0000, -368.0000, -21.0000, 346.0000, -338.0000, -21.0000, 0, 0, 0
L 315.0000, -376.0000, -21.0000, 315.0000, -368.0000, -21.0000, 0, 0, 0
L 319.0000, -449.0000, -21.0000, 315.0000, -376.0000, -21.0000, 0, 0, 0
L 345.0000, -478.0000, -21.0000, 319.0000, -449.0000, -21.0000, 0, 0, 0
L 413.0000, -479.0000, -21.0000, 345.0000, -478.0000, -21.0000, 0, 0, 0
L 478.0000, -556.0000, 25.0000, 413.0000, -479.0000, -21.0000, 0, 0, 0
L 537.0000, -554.0000, 25.0000, 478.0000, -556.0000, 25.0000, 0, 0, 0
L 608.0000, -477.0000, -21.0000, 537.0000, -554.0000, 25.0000, 0, 0, 0
L 682.0000, -477.0000, -21.0000, 608.0000, -477.0000, -21.0000, 0, 0, 0
L 715.0000, -447.0000, -21.0000, 682.0000, -477.0000, -21.0000, 0, 0, 0
L 712.0000, -369.0000, -21.0000, 715.0000, -447.0000, -21.0000, 0, 0, 0
L 684.0000, -342.0000, -21.0000, 712.0000, -369.0000, -21.0000, 0, 0, 0
L 592.0000, -349.0000, -21.0000, 684.0000, -342.0000, -21.0000, 0, 0, 0
L 582.0000, -358.0000, -21.0000, 592.0000, -349.0000, -21.0000, 0, 0, 0
L 564.0000, -359.0000, -21.0000, 582.0000, -358.0000, -21.0000, 0, 0, 0
L 560.0000, -350.0000, -21.0000, 564.0000, -359.0000, -21.0000, 0, 0, 0
L 559.0000, -338.0000, -11.0000, 560.0000, -350.0000, -21.0000, 0, 0, 0
L 558.0000, -316.0000, -11.0000, 559.0000, -338.0000, -11.0000, 0, 0, 0
L 564.0000, -299.0000, -23.0000, 558.0000, -316.0000, -11.0000, 0, 0, 0
L 577.0000, -292.0000, -25.0000, 564.0000, -299.0000, -23.0000, 0, 0, 0
L 593.0000, -299.0000, -22.0000, 577.0000, -292.0000, -25.0000, 0, 0, 0
L 591.0000, -286.0000, -22.0000, 593.0000, -299.0000, -22.0000, 0, 0, 0
L 718.0000, -284.0000, -22.0000, 591.0000, -286.0000, -22.0000, 0, 0, 0
L 723.0000, -290.0000, -22.0000, 718.0000, -284.0000, -22.0000, 0, 0, 0
L 718.0000, -295.0000, -22.0000, 723.0000, -290.0000, -22.0000, 0, 0, 0
L 724.0000, -312.0000, -22.0000, 718.0000, -295.0000, -22.0000, 0, 0, 0
L 733.0000, -320.0000, -22.0000, 724.0000, -312.0000, -22.0000, 0, 0, 0
L 739.0000, -330.0000, -22.0000, 733.0000, -320.0000, -22.0000, 0, 0, 0
L 786.0000, -330.0000, -22.0000, 739.0000, -330.0000, -22.0000, 0, 0, 0
L 787.0000, -305.0000, -22.0000, 786.0000, -330.0000, -22.0000, 0, 0, 0
L 854.0000, -305.0000, -22.0000, 787.0000, -305.0000, -22.0000, 0, 0, 0
L 855.0000, -958.0000, 19.0000, 854.0000, -305.0000, -22.0000, 0, 0, 0
L 791.0000, -959.0000, 19.0000, 855.0000, -958.0000, 19.0000, 0, 0, 0
L 736.1999, -1005.5000, 19.0000, 791.0000, -959.0000, 19.0000, 0, 0, 0
L 693.0000, -1096.0000, 22.0000, 520.1999, -1096.0000, 22.0000, 0, 0, 0
L 713.0999, -1094.8999, 19.0000, 693.0000, -1096.0000, 22.0000, 0, 0, 0
L 1345.0000, -1093.0000, 21.0000, 1139.8999, -1095.0000, 19.0000, 0, 0, 0
L 1354.0000, -1092.0000, 15.0000, 1345.0000, -1093.0000, 21.0000, 0, 0, 0
L 1355.0000, -1107.0000, 13.0000, 1354.0000, -1092.0000, 15.0000, 0, 0, 0
L 1367.0000, -1130.0000, 13.0000, 1355.0000, -1107.0000, 13.0000, 0, 0, 0
L 1368.0000, -1193.0000, 13.0000, 1367.0000, -1130.0000, 13.0000, 0, 0, 0
L 1396.0000, -1219.0000, 18.0000, 1368.0000, -1193.0000, 13.0000, 0, 0, 0
L 1427.0000, -1222.0000, 15.0000, 1396.0000, -1219.0000, 18.0000, 0, 0, 0
L 1427.0000, -1249.0000, 16.0000, 1427.0000, -1222.0000, 15.0000, 0, 0, 0
L 1418.0000, -1253.0000, 16.0000, 1427.0000, -1249.0000, 16.0000, 0, 0, 0
L 1376.0000, -1254.0000, 16.0000, 1418.0000, -1253.0000, 16.0000, 0, 0, 0
L 1362.0000, -1278.0000, 16.0000, 1376.0000, -1254.0000, 16.0000, 0, 0, 0
L 1361.0000, -1505.0000, 16.0000, 1362.0000, -1278.0000, 16.0000, 0, 0, 0
L 1529.0000, -1505.0000, 16.0000, 1361.0000, -1505.0000, 16.0000, 0, 0, 0
L 1527.0000, -1254.0000, 16.0000, 1529.0000, -1505.0000, 16.0000, 0, 0, 0
L 1461.0000, -1253.0000, 16.0000, 1527.0000, -1254.0000, 16.0000, 0, 0, 0
L 1449.0000, -1248.0000, 16.0000, 1461.0000, -1253.0000, 16.0000, 0, 0, 0
L 1450.0000, -1223.0000, 17.0000, 1449.0000, -1248.0000, 16.0000, 0, 0, 0
L 1463.0000, -1218.0000, 13.0000, 1450.0000, -1223.0000, 17.0000, 0, 0, 0
L 1483.0000, -1217.0000, 13.0000, 1463.0000, -1218.0000, 13.0000, 0, 0, 0
L 1506.0000, -1193.0000, 13.0000, 1483.0000, -1217.0000, 13.0000, 0, 0, 0
L 1507.0000, -1128.0000, 13.0000, 1506.0000, -1193.0000, 13.0000, 0, 0, 0
L 1539.0000, -1113.0000, 13.0000, 1507.0000, -1128.0000, 13.0000, 0, 0, 0
L 1539.0000, -1095.0000, 13.0000, 1539.0000, -1113.0000, 13.0000, 0, 0, 0
L 1543.0000, -1088.0000, 13.0000, 1539.0000, -1095.0000, 13.0000, 0, 0, 0
L 1569.0000, -1094.0000, 17.0000, 1543.0000, -1088.0000, 13.0000, 0, 0, 0
L 1571.0000, -1169.0000, 17.0000, 1569.0000, -1094.0000, 17.0000, 0, 0, 0
L 1659.0000, -1169.0000, 17.0000, 1571.0000, -1169.0000, 17.0000, 0, 0, 0
L 1656.0000, -1126.0000, 17.0000, 1659.0000, -1169.0000, 17.0000, 0, 0, 0
L 1653.0000, -1114.0000, 17.0000, 1656.0000, -1126.0000, 17.0000, 0, 0, 0
L 1657.0000, -1094.0000, 17.0000, 1653.0000, -1114.0000, 17.0000, 0, 0, 0
L 1670.0000, -1094.0000, 17.0000, 1657.0000, -1094.0000, 17.0000, 0, 0, 0
L 1675.0000, -1108.0000, 17.0000, 1670.0000, -1094.0000, 17.0000, 0, 0, 0
L 1672.0000, -1126.0000, 17.0000, 1675.0000, -1108.0000, 17.0000, 0, 0, 0
L 1670.0000, -1149.0000, 17.0000, 1672.0000, -1126.0000, 17.0000, 0, 0, 0
L 1680.0000, -1149.0000, 17.0000, 1670.0000, -1149.0000, 17.0000, 0, 0, 0
L 1681.0000, -1162.0000, 17.0000, 1680.0000, -1149.0000, 17.0000, 0, 0, 0
L 1777.0000, -1162.0000, 17.0000, 1681.0000, -1162.0000, 17.0000, 0, 0, 0
L 1782.0000, -1146.0000, 17.0000, 1777.0000, -1162.0000, 17.0000, 0, 0, 0
L 1812.0000, -1146.0000, 17.0000, 1782.0000, -1146.0000, 17.0000, 0, 0, 0
L 1812.0000, -1041.0000, 17.0000, 1812.0000, -1146.0000, 17.0000, 0, 0, 0
L 1796.0000, -1020.0000, 17.0000, 1812.0000, -1041.0000, 17.0000, 0, 0, 0
L 1786.0000, -1014.0000, 17.0000, 1796.0000, -1020.0000, 17.0000, 0, 0, 0
L 1786.0000, -999.0000, 17.0000, 1786.0000, -1014.0000, 17.0000, 0, 0, 0
L 1682.0000, -999.0000, 17.0000, 1786.0000, -999.0000, 17.0000, 0, 0, 0
L 1682.0000, -1010.0000, 17.0000, 1682.0000, -999.0000, 17.0000, 0, 0, 0
L 1671.0000, -1011.0000, 17.0000, 1682.0000, -1010.0000, 17.0000, 0, 0, 0
L 1675.0000, -1048.0000, 17.0000, 1671.0000, -1011.0000, 17.0000, 0, 0, 0
L 1670.0000, -1066.0000, 17.0000, 1675.0000, -1048.0000, 17.0000, 0, 0, 0
L 1658.0000, -1067.0000, 17.0000, 1670.0000, -1066.0000, 17.0000, 0, 0, 0
L 1659.0000, -991.0000, 17.0000, 1658.0000, -1067.0000, 17.0000, 0, 0, 0
L 1573.0000, -1002.0000, 17.0000, 1659.0000, -991.0000, 17.0000, 0, 0, 0
L 1571.0000, -1047.0000, 17.0000, 1573.0000, -1002.0000, 17.0000, 0, 0, 0
L 1566.0000, -1067.0000, 15.0000, 1571.0000, -1047.0000, 17.0000, 0, 0, 0
L 1545.0000, -1068.0000, 13.0000, 1566.0000, -1067.0000, 15.0000, 0, 0, 0
L 1538.0000, -1057.0000, 13.0000, 1545.0000, -1068.0000, 13.0000, 0, 0, 0
L 1528.0000, -1035.0000, 13.0000, 1538.0000, -1057.0000, 13.0000, 0, 0, 0
L 1507.0000, -1022.0000, 13.0000, 1528.0000, -1035.0000, 13.0000, 0, 0, 0
L 1507.0000, -974.0000, 13.0000, 1507.0000, -1022.0000, 13.0000, 0, 0, 0
L 1488.0000, -938.0000, 13.0000, 1507.0000, -974.0000, 13.0000, 0, 0, 0
L 1449.0000, -936.0000, 13.0000, 1488.0000, -938.0000, 13.0000, 0, 0, 0
L 1448.0000, -900.0000, 17.0000, 1449.0000, -936.0000, 13.0000, 0, 0, 0
L 1459.0000, -899.0000, 15.0000, 1448.0000, -900.0000, 17.0000, 0, 0, 0
L 1471.0000, -897.0000, 15.0000, 1459.0000, -899.0000, 15.0000, 0, 0, 0
L 1472.0000, -292.0000, 3.0000, 1471.0000, -897.0000, 15.0000, 0, 0, 0
L 1506.0000, -291.0000, 3.0000, 1472.0000, -292.0000, 3.0000, 0, 0, 0
L 1510.0000, -286.0000, 3.0000, 1506.0000, -291.0000, 3.0000, 0, 0, 0
L 1582.0000, -284.0000, 3.0000, 1510.0000, -286.0000, 3.0000, 0, 0, 0
L 1610.0000, -251.0000, 3.0000, 1582.0000, -284.0000, 3.0000, 0, 0, 0
L 1606.0000, -173.0000, 3.0000, 1610.0000, -251.0000, 3.0000, 0, 0, 0
L 1576.0000, -146.0000, 3.0000, 1606.0000, -173.0000, 3.0000, 0, 0, 0
L 1509.0000, -144.0000, 3.0000, 1576.0000, -146.0000, 3.0000, 0, 0, 0
L 1506.0000, -138.0000, 3.0000, 1509.0000, -144.0000, 3.0000, 0, 0, 0
L 1185.0000, -163.0000, 3.0000, 1506.0000, -138.0000, 3.0000, 0, 0, 0
L 1125.0000, -163.0000, -22.0000, 1185.0000, -163.0000, 3.0000, 0, 0, 0
L 1125.0000, -137.0000, -22.0000, 1125.0000, -163.0000, -22.0000, 0, 0, 0
L 1112.0000, -137.0000, -22.0000, 1125.0000, -137.0000, -22.0000, 0, 0, 0
L 1111.0000, -165.0000, -22.0000, 1112.0000, -137.0000, -22.0000, 0, 0, 0
L 1082.0000, -165.0000, -22.0000, 1111.0000, -165.0000, -22.0000, 0, 0, 0
L 1081.0000, -138.0000, -22.0000, 1082.0000, -165.0000, -22.0000, 0, 0, 0
L 939.0000, -233.0000, -20.0000, 1081.0000, -138.0000, -22.0000, 150, 150, 150
L 933.0000, -211.0000, -13.0000, 939.0000, -233.0000, -20.0000, 150, 150, 150
L 1054.0000, -137.0000, -22.0000, 933.0000, -211.0000, -13.0000, 150, 150, 150
L 1003.0000, -137.0000, -22.0000, 1054.0000, -137.0000, -22.0000, 0, 0, 0
L 1003.0000, -163.0000, -22.0000, 1003.0000, -137.0000, -22.0000, 0, 0, 0
L 972.0000, -164.0000, -22.0000, 1003.0000, -163.0000, -22.0000, 0, 0, 0
L 972.0000, -137.0000, -22.0000, 972.0000, -164.0000, -22.0000, 0, 0, 0
L 961.0000, -140.0000, -19.0000, 972.0000, -137.0000, -22.0000, 0, 0, 0
L 961.0000, -152.0000, -19.0000, 961.0000, -140.0000, -19.0000, 0, 0, 0
L 881.0000, -146.0000, -19.0000, 961.0000, -152.0000, -19.0000, 0, 0, 0
L 879.0000, -137.0000, -22.0000, 881.0000, -146.0000, -19.0000, 0, 0, 0
L 873.0000, -158.0000, -22.0000, 879.0000, -137.0000, -22.0000, 0, 0, 0
L 869.0000, -164.0000, -22.0000, 873.0000, -158.0000, -22.0000, 0, 0, 0
L 840.0000, -162.0000, -22.0000, 869.0000, -164.0000, -22.0000, 0, 0, 0
L 808.0000, -137.0000, -22.0000, 840.0000, -162.0000, -22.0000, 0, 0, 0
L 744.0000, -137.0000, -22.0000, 808.0000, -137.0000, -22.0000, 0, 0, 0
L 741.0000, -164.0000, -22.0000, 744.0000, -137.0000, -22.0000, 0, 0, 0
L 722.0000, -164.0000, -22.0000, 741.0000, -164.0000, -22.0000, 0, 0, 0
L 719.0000, -206.0000, -22.0000, 722.0000, -164.0000, -22.0000, 0, 0, 0
L 589.0000, -205.0000, -22.0000, 719.0000, -206.0000, -22.0000, 0, 0, 0
L 593.0000, -194.0000, -22.0000, 589.0000, -205.0000, -22.0000, 0, 0, 0
L 574.0000, -181.0000, -25.0000, 593.0000, -194.0000, -22.0000, 0, 0, 0
L 575.0000, -176.0000, -25.0000, 574.0000, -181.0000, -25.0000, 0, 0, 0
L 545.0000, -175.0000, -25.0000, 575.0000, -176.0000, -25.0000, 0, 0, 0
L 546.0000, -30.0000, -22.0000, 545.0000, -175.0000, -25.0000, 0, 0, 0
L 558.0000, -5.0000, -22.0000, 546.0000, -30.0000, -22.0000, 0, 0, 0
L 571.0000, 0.0000, -22.0000, 558.0000, -5.0000, -22.0000, 0, 0, 0
L 569.0000, 107.0000, -22.0000, 571.0000, 0.0000, -22.0000, 0, 0, 0
L 688.0000, 129.0000, -22.0000, 569.0000, 107.0000, -22.0000, 0, 0, 0
L 685.0000, 463.0000, -22.0000, 688.0000, 129.0000, -22.0000, 0, 0, 0
L 324.0000, 471.0000, -22.0000, 685.0000, 463.0000, -22.0000, 0, 0, 0
L 324.0000, 124.0000, -22.0000, 324.0000, 471.0000, -22.0000, 0, 0, 0
L 431.0000, 123.0000, -22.0000, 324.0000, 124.0000, -22.0000, 0, 0, 0
L 443.0000, 129.0000, -22.0000, 431.0000, 123.0000, -22.0000, 0, 0, 0
L 454.0000, 123.0000, -22.0000, 443.0000, 129.0000, -22.0000, 0, 0, 0
L 458.0000, 112.0000, -22.0000, 454.0000, 123.0000, -22.0000, 0, 0, 0
L 452.0000, 100.0000, -22.0000, 458.0000, 112.0000, -22.0000, 0, 0, 0
L 447.0000, 77.0000, -22.0000, 452.0000, 100.0000, -22.0000, 0, 0, 0
L 393.0000, 79.0000, -14.0000, 447.0000, 77.0000, -22.0000, 0, 0, 0
L 397.0000, 98.0000, -14.0000, 393.0000, 79.0000, -14.0000, 0, 0, 0
L 235.0000, 98.0000, -14.0000, 397.0000, 98.0000, -14.0000, 0, 0, 0
L 235.0000, 89.0000, -14.0000, 235.0000, 98.0000, -14.0000, 0, 0, 0
L 268.0000, 89.0000, -14.0000, 235.0000, 89.0000, -14.0000, 0, 0, 0
L 271.0000, 8.0000, -14.0000, 268.0000, 89.0000, -14.0000, 0, 0, 0
L 235.0000, 7.0000, -14.0000, 271.0000, 8.0000, -14.0000, 0, 0, 0
L 235.0000, 0.0000, -14.0000, 235.0000, 7.0000, -14.0000, 0, 0, 0
L 280.0000, -6.0000, -14.0000, 235.0000, 0.0000, -14.0000, 0, 0, 0
L 281.0000, -36.0000, 1.0000, 280.0000, -6.0000, -14.0000, 0, 0, 0
L 169.0000, -35.0000, 3.0000, 281.0000, -36.0000, 1.0000, 0, 0, 0
L 172.0000, -4.0000, 3.0000, 169.0000, -35.0000, 3.0000, 0, 0, 0
L 132.0000, -3.0000, 3.0000, 172.0000, -4.0000, 3.0000, 0, 0, 0
L 133.0000, 77.0000, 3.0000, 132.0000, -3.0000, 3.0000, 0, 0, 0
L 168.0000, 77.0000, 3.0000, 133.0000, 77.0000, 3.0000, 0, 0, 0
L 153.0000, 144.0000, 3.0000, 168.0000, 77.0000, 3.0000, 0, 0, 0
L 111.0000, 145.0000, 3.0000, 153.0000, 144.0000, 3.0000, 0, 0, 0
L 109.0000, 113.0000, 3.0000, 111.0000, 145.0000, 3.0000, 0, 0, 0
L 98.0000, 96.0000, 3.0000, 109.0000, 113.0000, 3.0000, 0, 0, 0
L 68.0000, 84.0000, 3.0000, 98.0000, 96.0000, 3.0000, 0, 0, 0
L 38.0000, 86.0000, 3.0000, 68.0000, 84.0000, 3.0000, 0, 0, 0
L 22.0000, 99.0000, 3.0000, 38.0000, 86.0000, 3.0000, 0, 0, 0
L 10.0000, 117.0000, 3.0000, 22.0000, 99.0000, 3.0000, 0, 0, 0
L -5.0000, 122.0000, 3.0000, 10.0000, 117.0000, 3.0000, 0, 0, 0
L -2.0000, 160.0000, 15.0000, -5.0000, 122.0000, 3.0000, 0, 0, 0
L 11.0000, 160.0000, 15.0000, -2.0000, 160.0000, 15.0000, 0, 0, 0
L 7.0000, 400.0000, 15.0000, 11.0000, 160.0000, 15.0000, 0, 0, 0
L -5.0000, 408.0000, 15.0000, 7.0000, 400.0000, 15.0000, 0, 0, 0
L -1.0000, 439.0000, 8.0000, -5.0000, 408.0000, 15.0000, 0, 0, 0
L 24.0000, 438.0000, 8.0000, -1.0000, 439.0000, 8.0000, 0, 0, 0
L 50.0000, 443.0000, 8.0000, 24.0000, 438.0000, 8.0000, 0, 0, 0
L 52.0000, 481.0000, 8.0000, 50.0000, 443.0000, 8.0000, 0, 0, 0
L 86.0000, 481.0000, 8.0000, 52.0000, 481.0000, 8.0000, 0, 0, 0
L 82.0000, 507.0000, 16.0000, 86.0000, 481.0000, 8.0000, 0, 0, 0
L 82.0000, 535.0000, 16.0000, 82.0000, 507.0000, 16.0000, 0, 0, 0
L 728.0000, 538.0000, 5.0000, 82.0000, 535.0000, 16.0000, 0, 0, 0
L 730.0000, 530.0000, 5.0000, 728.0000, 538.0000, 5.0000, 0, 0, 0
L 740.0000, 514.0000, 5.0000, 730.0000, 530.0000, 5.0000, 0, 0, 0
L 759.0000, 507.0000, 5.0000, 740.0000, 514.0000, 5.0000, 0, 0, 0
L 811.0000, 510.0000, 5.0000, 759.0000, 507.0000, 5.0000, 0, 0, 0
L 819.0000, 512.0000, 5.0000, 811.0000, 510.0000, 5.0000, 0, 0, 0
L 863.0000, 511.0000, 5.0000, 819.0000, 512.0000, 5.0000, 0, 0, 0
L 866.0000, 470.0000, 11.0000, 863.0000, 511.0000, 5.0000, 0, 0, 0
L 856.0000, 466.0000, 11.0000, 866.0000, 470.0000, 11.0000, 0, 0, 0
L 862.0000, 406.0000, 17.0000, 856.0000, 466.0000, 11.0000, 0, 0, 0
L 897.0000, 381.0000, 11.0000, 862.0000, 406.0000, 17.0000, 0, 0, 0
L 965.0000, 381.0000, 11.0000, 897.0000, 381.0000, 11.0000, 0, 0, 0
L 996.0000, 418.0000, 11.0000, 965.0000, 381.0000, 11.0000, 0, 0, 0
L 1004.0000, 497.0000, 5.0000, 996.0000, 418.0000, 11.0000, 0, 0, 0
L 993.0000, 683.0000, 18.0000, 997.0000, 635.0000, 5.0000, 0, 0, 0
L 967.0000, 705.0000, 21.0000, 993.0000, 683.0000, 18.0000, 0, 0, 0
L 972.0000, 1332.0000, 25.0000, 967.0000, 705.0000, 21.0000, 0, 0, 0
L 969.0000, 1406.0000, 16.0000, 972.0000, 1332.0000, 25.0000, 0, 0, 0
L 998.0000, 1403.0000, 12.0000, 969.0000, 1406.0000, 16.0000, 0, 0, 0
L 1003.0000, 1368.0000, 12.0000, 998.0000, 1403.0000, 12.0000, 0, 0, 0
L 1126.0000, 1370.0000, 12.0000, 1003.0000, 1368.0000, 12.0000, 0, 0, 0
L 1124.0000, 1355.0000, 12.0000, 1126.0000, 1370.0000, 12.0000, 0, 0, 0
L 1126.0000, 1342.0000, 12.0000, 1124.0000, 1355.0000, 12.0000, 0, 0, 0
L 1145.0000, 1337.0000, 30.0000, 1126.0000, 1342.0000, 12.0000, 0, 0, 0
L 1147.0000, 1307.0000, 16.0000, 1145.0000, 1337.0000, 30.0000, 0, 0, 0
L 1147.0000, 1298.0000, 22.0000, 1147.0000, 1307.0000, 16.0000, 0, 0, 0
L 1134.0000, 1296.0000, 22.0000, 1147.0000, 1298.0000, 22.0000, 0, 0, 0
L 1134.0000, 1252.0000, 22.0000, 1134.0000, 1296.0000, 22.0000, 0, 0, 0
L 1165.0000, 1218.0000, 22.0000, 1134.0000, 1252.0000, 22.0000, 0, 0, 0
L 1241.0000, 1218.0000, 22.0000, 1165.0000, 1218.0000, 22.0000, 0, 0, 0
L 1274.0000, 1266.0000, 22.0000, 1241.0000, 1218.0000, 22.0000, 0, 0, 0
L 1274.0000, 1298.0000, 22.0000, 1274.0000, 1266.0000, 22.0000, 0, 0, 0
L 1264.0000, 1301.0000, 22.0000, 1274.0000, 1298.0000, 22.0000, 0, 0, 0
L 1263.0000, 1338.0000, 12.0000, 1264.0000, 1301.0000, 22.0000, 0, 0, 0
L 1299.0000, 1337.0000, 22.0000, 1263.0000, 1338.0000, 12.0000, 0, 0, 0
L 1299.0000, 1321.0000, 22.0000, 1299.0000, 1337.0000, 22.0000, 0, 0, 0
L 1357.0000, 1326.0000, 22.0000, 1299.0000, 1321.0000, 22.0000, 0, 0, 0
L 1384.0000, 1351.0000, 22.0000, 1357.0000, 1326.0000, 22.0000, 0, 0, 0
L 1381.0000, 1430.0000, 22.0000, 1384.0000, 1351.0000, 22.0000, 0, 0, 0
L 1327.0000, 1461.0000, 22.0000, 1381.0000, 1430.0000, 22.0000, 0, 0, 0
L 1300.0000, 1461.0000, 22.0000, 1327.0000, 1461.0000, 22.0000, 0, 0, 0
L 1299.0000, 1453.0000, 22.0000, 1300.0000, 1461.0000, 22.0000, 0, 0, 0
L 1275.0000, 1453.0000, 12.0000, 1299.0000, 1453.0000, 22.0000, 0, 0, 0
L 1263.0000, 1428.0000, 17.0000, 1275.0000, 1453.0000, 12.0000, 0, 0, 0
L 1244.0000, 1448.0000, 15.0000, 1263.0000, 1428.0000, 17.0000, 0, 0, 0
L 1264.0000, 1479.0000, 20.0000, 1244.0000, 1448.0000, 15.0000, 0, 0, 0
L 1267.0000, 1492.0000, 22.0000, 1264.0000, 1479.0000, 20.0000, 0, 0, 0
L 1280.0000, 1492.0000, 22.0000, 1267.0000, 1492.0000, 22.0000, 0, 0, 0
L 1279.0000, 1541.0000, 22.0000, 1280.0000, 1492.0000, 22.0000, 0, 0, 0
L 1248.0000, 1572.0000, 22.0000, 1279.0000, 1541.0000, 22.0000, 0, 0, 0
L 1173.0000, 1571.0000, 22.0000, 1248.0000, 1572.0000, 22.0000, 0, 0, 0
L 1146.0000, 1547.0000, 22.0000, 1173.0000, 1571.0000, 22.0000, 0, 0, 0
L 1140.0000, 1537.0000, 27.0000, 1146.0000, 1547.0000, 22.0000, 0, 0, 0
L 1146.0000, 1523.0000, 23.0000, 1140.0000, 1537.0000, 27.0000, 0, 0, 0
L 1141.0000, 1499.0000, 25.0000, 1146.0000, 1523.0000, 23.0000, 0, 0, 0
L 1147.0000, 1498.0000, 25.0000, 1141.0000, 1499.0000, 25.0000, 0, 0, 0
L 1145.0000, 1451.0000, 12.0000, 1147.0000, 1498.0000, 25.0000, 0, 0, 0
L 1124.0000, 1451.0000, 12.0000, 1145.0000, 1451.0000, 12.0000, 0, 0, 0
L 1125.0000, 1420.0000, 12.0000, 1124.0000, 1451.0000, 12.0000, 0, 0, 0
L 1115.0000, 1422.0000, 12.0000, 1125.0000, 1420.0000, 12.0000, 0, 0, 0
L 993.0000, 1418.0000, 12.0000, 1115.0000, 1422.0000, 12.0000, 0, 0, 0
L 996.0000, 1440.0000, 14.0000, 993.0000, 1418.0000, 12.0000, 0, 0, 0
L 993.0000, 1517.0000, 18.0000, 996.0000, 1440.0000, 14.0000, 0, 0, 0
L 959.0000, 1547.0000, 18.0000, 993.0000, 1517.0000, 18.0000, 0, 0, 0
L 884.0000, 1544.0000, 18.0000, 959.0000, 1547.0000, 18.0000, 0, 0, 0
L 862.0000, 1522.0000, 18.0000, 884.0000, 1544.0000, 18.0000, 0, 0, 0
L 856.0000, 1507.0000, 22.0000, 862.0000, 1522.0000, 18.0000, 0, 0, 0
L 866.0000, 1504.0000, 35.0000, 856.0000, 1507.0000, 22.0000, 0, 0, 0
L 866.0000, 1472.0000, 34.0000, 866.0000, 1504.0000, 35.0000, 0, 0, 0
L 887.0000, 1454.0000, 14.0000, 866.0000, 1472.0000, 34.0000, 0, 0, 0
L 866.0000, 1453.0000, 12.0000, 887.0000, 1454.0000, 14.0000, 0, 0, 0
L 868.0000, 1422.0000, 12.0000, 866.0000, 1453.0000, 12.0000, 0, 0, 0
L 862.0000, 1424.0000, 12.0000, 868.0000, 1422.0000, 12.0000, 0, 0, 0
L 862.0000, 1431.0000, 12.0000, 862.0000, 1424.0000, 12.0000, 0, 0, 0
L 742.0000, 1431.0000, 12.0000, 862.0000, 1431.0000, 12.0000, 0, 0, 0
L 744.0000, 1424.0000, 12.0000, 742.0000, 1431.0000, 12.0000, 0, 0, 0
L 734.0000, 1421.0000, 9.0000, 744.0000, 1424.0000, 12.0000, 0, 0, 0
L 734.0000, 1436.0000, 9.0000, 734.0000, 1421.0000, 9.0000, 0, 0, 0
L 727.0000, 1454.0000, 9.0000, 734.0000, 1436.0000, 9.0000, 0, 0, 0
L 712.0000, 1456.0000, 9.0000, 727.0000, 1454.0000, 9.0000, 0, 0, 0
L 715.0000, 1493.0000, 19.0000, 712.0000, 1456.0000, 9.0000, 0, 0, 0
L 719.0000, 1493.0000, 19.0000, 715.0000, 1493.0000, 19.0000, 0, 0, 0
L 719.0000, 1545.0000, 19.0000, 719.0000, 1493.0000, 19.0000, 0, 0, 0
L 681.0000, 1575.0000, 19.0000, 719.0000, 1545.0000, 19.0000, 0, 0, 0
L 608.0000, 1574.0000, 19.0000, 681.0000, 1575.0000, 19.0000, 0, 0, 0
L 579.0000, 1540.0000, 19.0000, 608.0000, 1574.0000, 19.0000, 0, 0, 0
L 579.0000, 1495.0000, 19.0000, 579.0000, 1540.0000, 19.0000, 0, 0, 0
L 595.0000, 1495.0000, 19.0000, 579.0000, 1495.0000, 19.0000, 0, 0, 0
L 595.0000, 1457.0000, 9.0000, 595.0000, 1495.0000, 19.0000, 0, 0, 0
L 561.0000, 1456.0000, 19.0000, 595.0000, 1457.0000, 9.0000, 0, 0, 0
L 560.0000, 1464.0000, 19.0000, 561.0000, 1456.0000, 19.0000, 0, 0, 0
L 508.0000, 1464.0000, 19.0000, 560.0000, 1464.0000, 19.0000, 0, 0, 0
L 475.0000, 1427.0000, 19.0000, 508.0000, 1464.0000, 19.0000, 0, 0, 0
L 475.0000, 1354.0000, 19.0000, 475.0000, 1427.0000, 19.0000, 0, 0, 0
L 508.0000, 1324.0000, 20.0000, 475.0000, 1354.0000, 19.0000, 0, 0, 0
L 560.0000, 1324.0000, 19.0000, 508.0000, 1324.0000, 20.0000, 0, 0, 0
L 566.0000, 1342.0000, 17.0000, 560.0000, 1324.0000, 19.0000, 0, 0, 0
L 595.0000, 1342.0000, 9.0000, 566.0000, 1342.0000, 17.0000, 0, 0, 0
L 594.0000, 1303.0000, 19.0000, 595.0000, 1342.0000, 9.0000, 0, 0, 0
L 585.0000, 1303.0000, 19.0000, 594.0000, 1303.0000, 19.0000, 0, 0, 0
L 585.0000, 1253.0000, 19.0000, 585.0000, 1303.0000, 19.0000, 0, 0, 0
L 623.0000, 1222.0000, 19.0000, 585.0000, 1253.0000, 19.0000, 0, 0, 0
L 698.0000, 1224.0000, 19.0000, 623.0000, 1222.0000, 19.0000, 0, 0, 0
L 719.0000, 1255.0000, 19.0000, 698.0000, 1224.0000, 19.0000, 0, 0, 0
L 719.0000, 1302.0000, 19.0000, 719.0000, 1255.0000, 19.0000, 0, 0, 0
L 712.0000, 1307.0000, 15.0000, 719.0000, 1302.0000, 19.0000, 0, 0, 0
L 715.0000, 1342.0000, 9.0000, 712.0000, 1307.0000, 15.0000, 0, 0, 0
L 734.0000, 1342.0000, 9.0000, 715.0000, 1342.0000, 9.0000, 0, 0, 0
L 732.0000, 1367.0000, 9.0000, 734.0000, 1342.0000, 9.0000, 0, 0, 0
L 741.0000, 1368.0000, 12.0000, 732.0000, 1367.0000, 9.0000, 0, 0, 0
L 746.0000, 1359.0000, 12.0000, 741.0000, 1368.0000, 12.0000, 0, 0, 0
L 857.0000, 1360.0000, 12.0000, 746.0000, 1359.0000, 12.0000, 0, 0, 0
L 869.0000, 1368.0000, 12.0000, 857.0000, 1360.0000, 12.0000, 0, 0, 0
L 868.0000, 1329.0000, 27.0000, 869.0000, 1368.0000, 12.0000, 0, 0, 0
L 893.0000, 1329.0000, 21.0000, 868.0000, 1329.0000, 27.0000, 0, 0, 0
L 894.0000, 699.0000, 21.0000, 893.0000, 1329.0000, 21.0000, 0, 0, 0
L 890.0000, 681.0000, 5.0000, 894.0000, 699.0000, 21.0000, 0, 0, 0
L 863.0000, 679.0000, 5.0000, 890.0000, 681.0000, 5.0000, 0, 0, 0
L 862.0000, 640.0000, 5.0000, 863.0000, 679.0000, 5.0000, 0, 0, 0
L 811.0000, 640.0000, 5.0000, 862.0000, 640.0000, 5.0000, 0, 0, 0
L 813.0000, 647.0000, 5.0000, 811.0000, 640.0000, 5.0000, 0, 0, 0
L 739.0000, 640.0000, 5.0000, 813.0000, 647.0000, 5.0000, 0, 0, 0
L 728.0000, 613.0000, 6.0000, 739.0000, 640.0000, 5.0000, 0, 0, 0
L 720.0000, 612.0000, 12.0000, 728.0000, 613.0000, 6.0000, 0, 0, 0
L 85.0000, 612.0000, 14.0000, 720.0000, 612.0000, 12.0000, 0, 0, 0
L 88.0000, 651.0000, 8.0000, 85.0000, 612.0000, 14.0000, 0, 0, 0
L 88.0000, 717.0000, 8.0000, 88.0000, 651.0000, 8.0000, 0, 0, 0
L 52.0000, 717.0000, 8.0000, 88.0000, 717.0000, 8.0000, 0, 0, 0
L 50.0000, 670.0000, 8.0000, 52.0000, 717.0000, 8.0000, 0, 0, 0
L 11.0000, 669.0000, 8.0000, 50.0000, 670.0000, 8.0000, 0, 0, 0
L 10.0000, 706.0000, 8.0000, 11.0000, 669.0000, 8.0000, 0, 0, 0
L -18.0000, 725.0000, 22.0000, 10.0000, 706.0000, 8.0000, 0, 0, 0
L -19.0000, 1371.0000, 22.0000, -18.0000, 725.0000, 22.0000, 0, 0, 0
L 4.0000, 1373.0000, 22.0000, -19.0000, 1371.0000, 22.0000, 0, 0, 0
L 98.0000, 1373.0000, 22.0000, 4.0000, 1373.0000, 22.0000, 0, 0, 0
L 46.0000, 1430.0000, 22.0000, 46.0000, 1448.0000, 22.0000, 0, 0, 0
L 98.0000, 1373.0000, 22.0000, 98.0000, 1430.0000, 22.0000, 0, 0, 0
L 98.0000, 1430.0000, 22.0000, 98.0000, 1448.0000, 22.0000, 0, 0, 0
L 46.0000, 1430.0000, 22.0000, 98.0000, 1430.0000, 22.0000, 199, 21, 133
L -209.0000, 1373.0000, 22.0000, -209.0000, 1429.0000, 22.0000, 0, 0, 0
L -154.0000, 1429.0000, 22.0000, -154.0000, 1448.0000, 22.0000, 0, 0, 0
L -209.0000, 1429.0000, 22.0000, -209.0000, 1448.0000, 22.0000, 0, 0, 0
L -154.0000, 1429.0000, 22.0000, -209.0000, 1429.0000, 22.0000, 199, 21, 133
L 1054.0000, -137.0000, -22.0000, 1081.0000, -138.0000, -22.0000, 0, 0, 0
L -368.0000, -177.0000, 15.0000, -358.0000, -170.0000, 15.0000, 0, 0, 0
L -368.0000, -120.0000, 5.0000, -368.0000, -177.0000, 15.0000, 0, 0, 0
L 173.5999, -1198.0999, 21.0000, 163.8999, -1198.0999, 21.0000, 0, 0, 0
L 163.8999, -1198.0999, 21.0000, 163.8999, -940.8999, 21.0000, 0, 0, 0
L 163.8999, -940.8999, 21.0000, 172.0000, -940.8999, 21.0000, 0, 0, 0
L 172.0000, -940.8999, 21.0000, 250.0999, -1041.2999, 21.0000, 0, 0, 0
L 250.0999, -1041.2999, 21.0000, 250.0999, -1054.0999, 21.0000, 0, 0, 0
L 250.0999, -1054.0999, 21.0000, 226.0999, -1054.0999, 21.0000, 0, 0, 0
L 226.0999, -1054.0999, 21.0000, 226.0999, -1060.8999, 21.0000, 0, 0, 0
L 226.0999, -1060.8999, 21.0000, 266.8999, -1060.8999, 21.0000, 0, 0, 0
L 266.8999, -1060.8999, 21.0000, 266.8999, -1055.8999, 21.0000, 0, 0, 0
L 266.8999, -1055.8999, 21.0000, 271.8999, -1055.8999, 21.0000, 0, 0, 0
L 271.8999, -1055.8999, 21.0000, 271.8999, -1015.0999, 21.0000, 0, 0, 0
L 271.8999, -1015.0999, 21.0000, 265.0999, -1015.0999, 21.0000, 0, 0, 0
L 265.0999, -1015.0999, 21.0000, 265.0999, -1040.0999, 21.0000, 0, 0, 0
L 265.0999, -1040.0999, 21.0000, 257.7999, -1040.0999, 21.0000, 0, 0, 0
L 257.7999, -1040.0999, 21.0000, 178.8999, -938.6999, 21.0000, 0, 0, 0
L 178.8999, -938.6999, 21.0000, 178.8999, -926.8999, 21.0000, 0, 0, 0
L 178.8999, -926.8999, 21.0000, 312.0999, -926.8999, 21.0000, 0, 0, 0
L 312.0999, -926.8999, 21.0000, 312.0999, -939.8999, 21.0000, 0, 0, 0
L 312.0999, -939.8999, 21.0000, 325.0999, -939.8999, 21.0000, 0, 0, 0
L 325.0999, -939.8999, 21.0000, 325.0999, -1015.0999, 21.0000, 0, 0, 0
L 325.0999, -1015.0999, 21.0000, 312.0999, -1015.0999, 21.0000, 0, 0, 0
L 312.0999, -1015.0999, 21.0000, 312.0999, -1055.8999, 21.0000, 0, 0, 0
L 312.0999, -1055.8999, 21.0000, 317.0999, -1055.8999, 21.0000, 0, 0, 0
L 317.0999, -1055.8999, 21.0000, 317.0999, -1061.8999, 21.0000, 0, 0, 0
L 317.0999, -1061.8999, 21.0000, 319.0999, -1061.8999, 21.0000, 0, 0, 0
L 319.0999, -1061.8999, 21.0000, 319.0999, -1069.8999, 21.0000, 0, 0, 0
L 319.0999, -1069.8999, 21.0000, 340.8999, -1069.8999, 21.0000, 0, 0, 0
L 340.8999, -1069.8999, 21.0000, 340.8999, -1062.5000, 21.0000, 0, 0, 0
L 340.8999, -1062.5000, 21.0000, 384.8999, -1062.5000, 21.0000, 0, 0, 0
L 384.8999, -1062.5000, 21.0000, 386.8999, -1062.5000, 21.0000, 0, 0, 0
L 384.8999, -1062.5000, 21.0000, 376.7999, -1065.8999, 21.0000, 150, 150, 150
L 376.7999, -1065.8999, 21.0000, 340.8999, -1062.5000, 21.0000, 150, 150, 150
L 386.8999, -1062.5000, 21.0000, 386.8999, -1050.0999, 21.0000, 0, 0, 0
L 386.8999, -1050.0999, 26.0000, 337.8999, -1050.0999, 26.0000, 0, 0, 0
L 337.8999, -1050.0999, 21.0000, 337.8999, -1006.8999, 21.0000, 0, 0, 0
L 337.8999, -1006.8999, 21.0000, 341.8999, -1006.8999, 21.0000, 0, 0, 0
L 341.8999, -1006.8999, 21.0000, 341.8999, -993.0999, 21.0000, 0, 0, 0
L 341.8999, -993.0999, 21.0000, 337.8999, -993.0999, 21.0000, 0, 0, 0
L 337.8999, -993.0999, 21.0000, 337.8999, -923.8999, 21.0000, 0, 0, 0
L 337.8999, -923.8999, 21.0000, 413.0999, -923.8999, 21.0000, 0, 0, 0
L 413.0999, -923.8999, 21.0000, 413.0999, -928.8999, 21.0000, 0, 0, 0
L 413.0999, -928.8999, 21.0000, 429.8999, -928.8999, 21.0000, 0, 0, 0
L 429.8999, -928.8999, 21.0000, 429.8999, -923.8999, 21.0000, 0, 0, 0
L 429.8999, -923.8999, 21.0000, 505.0999, -923.8999, 21.0000, 0, 0, 0
L 505.0999, -923.8999, 21.0000, 505.0999, -994.0999, 21.0000, 0, 0, 0
L 505.0999, -994.0999, 21.0000, 502.0999, -994.0999, 21.0000, 0, 0, 0
L 502.0999, -994.0999, 21.0000, 502.0999, -1006.8999, 21.0000, 0, 0, 0
L 502.0999, -1006.8999, 21.0000, 505.0999, -1006.8999, 21.0000, 0, 0, 0
L 505.0999, -1006.8999, 21.0000, 505.0999, -1044.6999, 21.0000, 0, 0, 0
L 505.0999, -1044.6999, 21.0000, 486.0000, -1050.0999, 21.0000, 0, 0, 0
L 486.0000, -1050.0999, 21.0000, 465.0999, -1050.0999, 25.7999, 0, 0, 0
L 465.0999, -1050.0999, 21.0000, 465.0999, -1061.8999, 21.0000, 0, 0, 0
L 465.0999, -1061.8999, 26.0000, 511.8999, -1061.8999, 21.0000, 0, 0, 0
L 511.8999, -1061.8999, 19.0000, 511.8999, -1051.8999, 19.0000, 0, 0, 0
L 511.8999, -1051.8999, 19.0000, 516.1999, -1051.8999, 19.0000, 0, 0, 0
L 516.1999, -1051.8999, 19.0000, 513.1999, -1053.5000, 19.0000, 0, 0, 0
L 513.1999, -1053.5000, 19.0000, 513.0999, -1059.5999, 19.0000, 0, 0, 0
L 513.0999, -1059.5999, 19.0000, 520.0000, -1061.8999, 19.0000, 0, 0, 0
L 520.0000, -1061.8999, 19.0000, 525.8999, -1059.5999, 19.0000, 0, 0, 0
L 525.8999, -1059.5999, 19.0000, 525.8999, -1053.5000, 19.0000, 0, 0, 0
L 525.8999, -1053.5000, 19.0000, 523.1999, -1051.8999, 19.0000, 0, 0, 0
L 523.1999, -1051.8999, 19.0000, 555.5000, -1051.8999, 19.0000, 0, 0, 0
L 555.5000, -1051.8999, 19.0000, 554.0999, -1053.0000, 19.0000, 0, 0, 0
L 554.0999, -1053.0000, 19.0000, 554.0999, -1058.5000, 19.0000, 0, 0, 0
L 554.0999, -1058.5000, 19.0000, 561.0000, -1062.0000, 19.0000, 0, 0, 0
L 561.0000, -1062.0000, 19.0000, 566.8999, -1058.5000, 19.0000, 0, 0, 0
L 566.8999, -1058.5000, 19.0000, 566.8999, -1053.0999, 19.0000, 0, 0, 0
L 566.8999, -1053.0999, 19.0000, 565.5999, -1051.8999, 19.0000, 0, 0, 0
L 565.5999, -1051.8999, 19.0000, 576.5999, -1051.8999, 19.0000, 0, 0, 0
L 576.5999, -1051.8999, 19.0000, 573.8999, -1053.5000, 19.0000, 0, 0, 0
L 573.8999, -1053.5000, 19.0000, 573.8999, -1059.5999, 19.0000, 0, 0, 0
L 573.8999, -1059.5999, 19.0000, 580.8999, -1061.8999, 19.0000, 0, 0, 0
L 580.8999, -1061.8999, 19.1999, 586.6999, -1059.5999, 19.0000, 0, 0, 0
L 586.6999, -1059.5999, 19.0000, 586.6999, -1055.1999, 19.0000, 0, 0, 0
L 586.6999, -1055.1999, 19.0000, 582.8999, -1051.8999, 19.0000, 0, 0, 0
L 582.8999, -1051.8999, 19.0000, 616.1999, -1051.8999, 19.0000, 0, 0, 0
L 616.1999, -1051.8999, 19.0000, 614.8999, -1053.3999, 19.0000, 0, 0, 0
L 614.8999, -1053.3999, 19.0000, 614.8999, -1058.3999, 19.0000, 0, 0, 0
L 614.8999, -1058.3999, 19.0000, 620.8999, -1062.0000, 19.0000, 0, 0, 0
L 620.8999, -1062.0000, 19.0000, 627.6999, -1058.5999, 19.0000, 0, 0, 0
L 627.6999, -1058.5999, 19.0000, 627.6999, -1052.8999, 19.0000, 0, 0, 0
L 627.6999, -1052.8999, 19.0000, 626.2999, -1051.8999, 19.0000, 0, 0, 0
L 626.2999, -1051.8999, 19.0000, 636.5999, -1051.8999, 19.0000, 0, 0, 0
L 636.5999, -1051.8999, 19.0000, 633.8999, -1054.0999, 19.0000, 0, 0, 0
L 633.8999, -1054.0999, 19.0000, 633.8999, -1059.0000, 19.0000, 0, 0, 0
L 633.8999, -1059.0000, 19.0000, 641.0000, -1061.8999, 19.0000, 0, 0, 0
L 641.0000, -1061.8999, 19.0000, 646.6999, -1058.5999, 19.0000, 0, 0, 0
L 646.6999, -1058.5999, 19.0000, 646.6999, -1055.0000, 19.0000, 0, 0, 0
L 646.6999, -1055.0000, 19.0000, 642.8999, -1051.8999, 19.0000, 0, 0, 0
L 642.8999, -1051.8999, 19.0000, 676.1999, -1051.8999, 19.0000, 0, 0, 0
L 676.1999, -1051.8999, 19.0000, 674.8999, -1053.0000, 19.0000, 0, 0, 0
L 674.8999, -1053.0000, 19.0000, 674.8999, -1057.5999, 19.0000, 0, 0, 0
L 674.8999, -1057.5999, 19.0000, 681.3999, -1061.6999, 19.0000, 0, 0, 0
L 681.3999, -1061.6999, 19.0000, 686.5999, -1059.0999, 19.0000, 0, 0, 0
L 686.5999, -1059.0999, 19.0000, 697.7999, -1062.8999, 19.0000, 0, 0, 0
L 697.7999, -1062.8999, 19.0000, 712.8999, -1062.8999, 16.0000, 0, 0, 0
L 712.8999, -1062.8999, 16.0000, 712.8999, -1049.1999, 16.0000, 0, 0, 0
L 712.8999, -1049.1999, 16.0000, 736.1999, -1005.5000, 16.0000, 0, 0, 0
L 173.5999, -1198.0999, 21.0000, 250.0999, -1120.6999, 21.0000, 0, 0, 0
L 250.0999, -1120.6999, 21.0000, 250.0999, -1107.8999, 21.0000, 0, 0, 0
L 250.0999, -1107.8999, 21.0000, 226.0999, -1107.8999, 21.0000, 0, 0, 0
L 226.0999, -1107.8999, 21.0000, 226.0999, -1101.0999, 21.0000, 0, 0, 0
L 226.0999, -1101.0999, 21.0000, 266.8999, -1101.0999, 21.0000, 0, 0, 0
L 266.8999, -1106.0999, 21.0000, 266.8999, -1101.0999, 21.0000, 0, 0, 0
L 266.8999, -1106.0999, 21.0000, 271.8999, -1106.0999, 21.0000, 0, 0, 0
L 271.8999, -1106.0999, 21.0000, 271.8999, -1147.8999, 21.0000, 0, 0, 0
L 271.8999, -1147.8999, 21.0000, 265.0999, -1147.8999, 21.0000, 0, 0, 0
L 265.0999, -1147.8999, 21.0000, 265.0000, -1121.8999, 21.0000, 0, 0, 0
L 265.0000, -1121.8999, 21.0000, 258.3999, -1121.8999, 21.0000, 0, 0, 0
L 258.3999, -1121.8999, 21.0000, 178.8999, -1202.2999, 21.0000, 0, 0, 0
L 178.8999, -1202.2999, 21.0000, 178.8999, -1212.0999, 21.0000, 0, 0, 0
L 178.8999, -1212.0999, 21.0000, 310.0999, -1212.0999, 21.0000, 0, 0, 0
L 310.0999, -1212.0999, 21.0000, 310.0999, -1198.0999, 21.0000, 0, 0, 0
L 310.0999, -1198.0999, 21.0000, 325.0999, -1198.0999, 21.0000, 0, 0, 0
L 325.0999, -1198.0999, 21.0000, 325.0999, -1147.8999, 21.0000, 0, 0, 0
L 325.0999, -1147.8999, 21.0000, 312.0999, -1147.8999, 21.0000, 0, 0, 0
L 312.0999, -1147.8999, 21.0000, 312.0999, -1106.0999, 21.0000, 0, 0, 0
L 317.0999, -1106.0999, 21.0000, 312.0999, -1106.0999, 21.0000, 0, 0, 0
L 317.0999, -1106.0999, 21.0000, 317.0999, -1100.0999, 21.0000, 0, 0, 0
L 319.0999, -1100.0999, 21.0000, 317.0999, -1100.0999, 21.0000, 0, 0, 0
L 319.0999, -1100.0999, 21.0000, 319.0999, -1092.0999, 21.0000, 0, 0, 0
L 319.0999, -1092.0999, 21.0000, 340.8999, -1092.0999, 21.0000, 0, 0, 0
L 340.8999, -1092.0999, 21.0000, 340.8999, -1100.0999, 21.0000, 0, 0, 0
L 340.8999, -1100.0999, 26.0000, 386.8999, -1100.0999, 26.0000, 0, 0, 0
L 386.8999, -1100.0999, 21.0000, 386.8999, -1111.8999, 21.0000, 0, 0, 0
L 386.8999, -1111.8999, 26.0000, 338.8999, -1111.8999, 26.0000, 0, 0, 0
L 338.8999, -1111.8999, 21.0000, 338.8999, -1151.0999, 21.0000, 0, 0, 0
L 338.8999, -1151.0999, 21.0000, 340.8999, -1151.0999, 21.0000, 0, 0, 0
L 340.8999, -1151.0999, 21.0000, 340.8999, -1164.8999, 21.0000, 0, 0, 0
L 338.8999, -1164.8999, 21.0000, 340.8999, -1164.8999, 21.0000, 0, 0, 0
L 338.8999, -1164.8999, 21.0000, 338.8999, -1234.0999, 21.0000, 0, 0, 0
L 338.8999, -1234.0999, 21.0000, 413.0999, -1234.0999, 21.0000, 0, 0, 0
L 413.0999, -1234.0999, 21.0000, 413.0999, -1231.0999, 21.0000, 0, 0, 0
L 428.8999, -1234.0999, 21.0000, 428.8999, -1231.0999, 21.0000, 0, 0, 0
L 428.8999, -1231.0999, 21.0000, 413.0999, -1231.0999, 21.0000, 0, 0, 0
L 428.8999, -1234.0999, 21.0000, 505.0999, -1234.0999, 21.0000, 0, 0, 0
L 505.0999, -1234.0999, 21.0000, 505.0999, -1164.8999, 21.0000, 0, 0, 0
L 505.0999, -1164.8999, 21.0000, 502.0999, -1164.8999, 21.0000, 0, 0, 0
L 502.0999, -1164.8999, 21.0000, 502.0999, -1152.0999, 21.0000, 0, 0, 0
L 505.0999, -1152.0999, 21.0000, 502.0999, -1152.0999, 21.0000, 0, 0, 0
L 505.0999, -1152.0999, 21.0000, 505.0999, -1115.7999, 21.0000, 0, 0, 0
L 505.0999, -1115.7999, 21.0000, 485.8999, -1111.8999, 21.0000, 0, 0, 0
L 485.8999, -1111.8999, 26.0000, 465.0999, -1111.8999, 26.0000, 0, 0, 0
L 465.0999, -1111.8999, 21.0000, 465.0999, -1100.0999, 21.0000, 0, 0, 0
L 465.0999, -1100.0999, 26.0000, 486.0000, -1100.0999, 26.0000, 0, 0, 0
L 486.0000, -1100.0999, 21.0000, 520.1999, -1096.0000, 21.0000, 0, 0, 0
L 902.8999, -1040.2999, 24.0000, 902.8999, -1031.6999, 24.0000, 0, 0, 0
L 902.8999, -1031.6999, 24.0000, 907.1999, -1024.1999, 24.0000, 0, 0, 0
L 907.1999, -1024.1999, 24.0000, 915.6999, -1019.8999, 24.0000, 0, 0, 0
L 915.6999, -1019.8999, 24.0000, 925.1999, -1018.8999, 24.0000, 0, 0, 0
L 925.1999, -1018.8999, 24.0000, 932.7999, -1023.1999, 24.0000, 0, 0, 0
L 932.7999, -1023.1999, 24.0000, 937.0999, -1031.6999, 24.0000, 0, 0, 0
L 937.0999, -1031.6999, 24.0000, 937.0999, -1040.2999, 24.0000, 0, 0, 0
L 937.0999, -1040.2999, 24.0000, 932.7999, -1047.7999, 24.0000, 0, 0, 0
L 932.7999, -1047.7999, 24.0000, 924.2999, -1052.0000, 24.0000, 0, 0, 0
L 924.2999, -1052.0000, 24.0000, 914.7999, -1053.0999, 24.0000, 0, 0, 0
L 914.7999, -1053.0999, 24.0000, 907.1999, -1048.7999, 24.0000, 0, 0, 0
L 907.1999, -1048.7999, 24.0000, 902.8999, -1040.2999, 24.0000, 0, 0, 0
L 882.8999, -1053.3999, 16.0000, 882.8999, -1019.5000, 16.0000, 150, 150, 150
L 882.8999, -1019.5000, 16.0000, 903.5999, -1000.8999, 16.0000, 150, 150, 150
L 903.5999, -1000.8999, 16.0000, 936.3999, -1000.8999, 16.0000, 150, 150, 150
L 936.3999, -1000.8999, 16.0000, 956.0999, -1019.5000, 16.0000, 150, 150, 150
L 956.0999, -1019.5000, 16.0000, 956.0999, -1055.5000, 16.0000, 150, 150, 150
L 956.0999, -1055.5000, 16.0000, 934.3999, -1073.0999, 16.0000, 150, 150, 150
L 934.3999, -1073.0999, 16.0000, 902.5999, -1073.0999, 16.0000, 150, 150, 150
L 902.5999, -1073.0999, 16.0000, 882.8999, -1053.3999, 16.0000, 150, 150, 150
L 886.8999, -1052.5000, 21.0000, 886.8999, -1021.5000, 21.0000, 150, 150, 150
L 886.8999, -1021.5000, 21.0000, 904.2999, -1005.1999, 21.0000, 150, 150, 150
L 904.2999, -1005.1999, 21.0000, 934.1999, -1004.8999, 21.0000, 150, 150, 150
L 934.1999, -1004.8999, 21.0000, 952.0999, -1021.5000, 21.0000, 150, 150, 150
L 952.0999, -1021.5000, 21.0000, 952.0999, -1053.3999, 21.0000, 150, 150, 150
L 952.0999, -1053.3999, 21.0000, 933.3999, -1069.0999, 21.0000, 150, 150, 150
L 933.3999, -1069.0999, 21.0000, 904.5999, -1069.0999, 21.0000, 150, 150, 150
L 904.5999, -1069.0999, 21.0000, 886.8999, -1052.5000, 21.0000, 150, 150, 150
L 969.0999, -1169.8999, 32.0000, 986.8999, -1169.8999, 32.0000, 0, 0, 0
L 986.8999, -1169.8999, 32.0000, 986.8999, -1161.2999, 32.0000, 0, 0, 0
L 986.8999, -1161.2999, 32.0000, 997.0000, -1156.7999, 32.0000, 0, 0, 0
L 997.0000, -1156.7999, 32.0000, 1008.1999, -1160.8999, 32.0000, 0, 0, 0
L 1029.0999, -1169.8999, 32.0000, 1029.0999, -1160.8999, 32.0000, 0, 0, 0
L 1029.0999, -1160.8999, 32.0000, 1008.1999, -1160.8999, 32.0000, 0, 0, 0
L 1029.0999, -1169.8999, 32.0000, 1046.8999, -1169.8999, 32.0000, 0, 0, 0
L 1046.8999, -1169.8999, 32.0000, 1046.8999, -1160.8999, 32.0000, 0, 0, 0
L 1046.8999, -1160.8999, 32.0000, 1069.3999, -1160.8999, 32.0000, 0, 0, 0
L 1069.3999, -1160.8999, 32.0000, 1070.2999, -1157.5000, 32.0000, 0, 0, 0
L 1070.2999, -1157.5000, 32.0000, 1070.6999, -1155.8999, 20.0000, 0, 0, 0
L 1070.6999, -1155.8999, 20.0000, 1074.0999, -1142.2999, 18.0000, 0, 0, 0
L 1074.0999, -1142.2999, 18.0000, 1082.3999, -1137.5999, 16.0000, 0, 0, 0
L 1082.3999, -1137.5999, 16.0000, 1092.7999, -1131.8999, 16.0000, 0, 0, 0
L 1092.7999, -1131.8999, 16.0000, 1119.7999, -1136.7999, 16.0000, 0, 0, 0
L 1119.7999, -1136.7999, 16.0000, 1139.8999, -1121.8999, 16.0000, 0, 0, 0
L 1139.8999, -1121.8999, 16.0000, 1139.8999, -1095.0000, 16.0000, 0, 0, 0
L 928.8999, -1172.6999, 32.0000, 928.8999, -1161.2999, 32.0000, 0, 0, 0
L 928.8999, -1161.2999, 32.0000, 939.0000, -1156.7999, 32.0000, 0, 0, 0
L 939.0000, -1156.7999, 32.0000, 949.0000, -1160.5000, 32.0000, 0, 0, 0
L 949.0000, -1160.5000, 32.0000, 959.0000, -1156.7999, 32.0000, 0, 0, 0
L 959.0000, -1156.7999, 32.0000, 969.0999, -1161.2999, 32.0000, 0, 0, 0
L 969.0999, -1161.2999, 32.0000, 969.0999, -1169.8999, 32.0000, 0, 0, 0
L 928.8999, -1172.6999, 30.0000, 933.1999, -1174.5999, 30.0000, 0, 0, 0
L 936.8999, -1205.5999, 7.0000, 936.8999, -1224.1999, 7.0000, 0, 0, 0
L 936.8999, -1224.1999, 6.0000, 947.8999, -1249.2999, 6.0000, 0, 0, 0
L 947.8999, -1249.2999, 6.0000, 943.5999, -1259.8999, 6.0000, 0, 0, 0
L 943.5999, -1259.8999, 6.0000, 896.3999, -1259.8999, 6.0000, 0, 0, 0
L 896.3999, -1259.8999, 6.0000, 892.0999, -1249.1999, 6.0000, 0, 0, 0
L 892.0999, -1249.1999, 6.0000, 903.0999, -1226.1999, 6.0000, 0, 0, 0
L 903.0999, -1226.1999, 7.0000, 903.0999, -1205.5999, 7.0000, 0, 0, 0
L 903.0999, -1205.5999, 7.0000, 903.0999, -1176.2999, 39.0000, 0, 0, 0
L 903.0999, -1176.2999, 39.0000, 906.7999, -1174.5999, 30.0000, 0, 0, 0
L 906.7999, -1174.5999, 30.0000, 911.0999, -1172.6999, 30.0000, 0, 0, 0
L 933.1999, -1174.5999, 30.0000, 936.8999, -1176.1999, 39.0000, 0, 0, 0
L 936.8999, -1176.1999, 39.0000, 936.8999, -1205.5999, 7.0000, 0, 0, 0
L 911.0999, -1172.6999, 32.0000, 911.0999, -1161.2999, 32.0000, 0, 0, 0
L 933.1999, -1174.5999, 30.0000, 933.1999, -1174.5999, 30.0000, 0, 0, 0
L 906.7999, -1174.5999, 30.0000, 933.1999, -1174.5999, 30.0000, 150, 150, 150
L 933.8999, -1180.0000, 28.0000, 906.0999, -1180.0000, 28.0000, 150, 150, 150
L 906.0999, -1188.0000, 20.0000, 933.8999, -1188.0000, 20.0000, 150, 150, 150
L 933.8999, -1196.0000, 12.0000, 906.0999, -1196.0000, 12.0000, 150, 150, 150
L 903.0999, -1205.5999, 7.0000, 936.8999, -1205.5999, 7.0000, 150, 150, 150
L 934.0999, -1155.8999, 20.0000, 1070.5999, -1155.8999, 20.0000, 150, 150, 150
L 1073.5999, -1143.8999, 18.0000, 763.1999, -1144.0000, 18.0000, 150, 150, 150
L 761.7999, -1140.0999, 18.0000, 734.0000, -1131.8999, 16.0000, 0, 0, 0
L 734.0000, -1131.8999, 16.0000, 716.5000, -1136.6999, 16.0000, 0, 0, 0
L 716.5000, -1136.6999, 16.0000, 705.3999, -1121.0999, 16.0000, 0, 0, 0
L 705.3999, -1121.0999, 16.0000, 713.0999, -1112.3999, 16.0000, 0, 0, 0
L 713.0999, -1112.3999, 16.0000, 713.0999, -1094.8999, 16.0000, 0, 0, 0
L 911.0999, -1161.2999, 32.0000, 901.0000, -1156.7999, 32.0000, 0, 0, 0
L 901.0000, -1156.7999, 32.0000, 891.0000, -1160.5000, 32.0000, 0, 0, 0
L 891.0000, -1160.5000, 32.0000, 881.0000, -1156.7999, 32.0000, 0, 0, 0
L 881.0000, -1156.7999, 32.0000, 870.8999, -1161.2999, 32.0000, 0, 0, 0
L 870.8999, -1161.2999, 32.0000, 870.8999, -1169.8999, 32.0000, 0, 0, 0
L 870.8999, -1169.8999, 32.0000, 853.0999, -1169.8999, 32.0000, 0, 0, 0
L 853.0999, -1169.8999, 32.0000, 853.0999, -1161.2999, 32.0000, 0, 0, 0
L 853.0999, -1161.2999, 32.0000, 843.0000, -1156.7999, 32.0000, 0, 0, 0
L 843.0000, -1156.7999, 32.0000, 831.7999, -1160.8999, 32.0000, 0, 0, 0
L 831.7999, -1160.8999, 32.0000, 810.8999, -1160.8999, 32.0000, 0, 0, 0
L 810.8999, -1160.8999, 32.0000, 810.8999, -1169.8999, 32.0000, 0, 0, 0
L 810.8999, -1169.8999, 32.0000, 793.0999, -1169.8999, 32.0000, 0, 0, 0
L 793.0999, -1169.8999, 32.0000, 793.0999, -1160.8999, 32.0000, 0, 0, 0
L 793.0999, -1160.8999, 32.0000, 769.5000, -1160.8999, 32.0000, 0, 0, 0
L 769.5000, -1160.8999, 32.0000, 768.2999, -1157.7999, 32.0000, 0, 0, 0
L 768.2999, -1157.7999, 32.0000, 767.5999, -1155.8999, 20.0000, 0, 0, 0
L 767.5999, -1155.8999, 20.0000, 764.0000, -1146.1999, 20.0000, 0, 0, 0
L 764.0000, -1146.1999, 20.0000, 761.7999, -1140.0999, 18.0000, 0, 0, 0
L 767.5999, -1155.8999, 20.0000, 906.8999, -1155.8999, 20.0000, 150, 150, 150
L 906.8999, -1147.0000, 20.0000, 906.8999, -1155.8999, 20.0000, 150, 150, 150
L 934.0999, -1155.8999, 20.0000, 934.0999, -1147.0000, 20.0000, 150, 150, 150
L 934.0999, -1147.0000, 20.0000, 906.8999, -1147.0000, 20.0000, 150, 150, 150
L 898.1999, 409.5000, 8.0999, 898.0000, 434.1999, 8.1999, 0, 0, 0
L 898.0000, 434.1999, 8.0000, 947.5999, 434.7999, 8.0000, 0, 0, 0
L 947.5999, 434.7999, 8.0000, 947.8999, 410.0999, 8.0000, 0, 0, 0
L 947.8999, 410.0999, 8.0000, 898.1999, 409.5000, 8.0000, 0, 0, 0
L 1070.3999, 528.8999, 8.0000, 1039.8999, 529.1999, 8.0000, 0, 0, 0
L 1039.8999, 529.1999, 8.0000, 1040.5999, 585.1999, 8.0000, 0, 0, 0
L 1040.5999, 585.1999, 8.0000, 1071.0999, 584.7999, 8.0000, 0, 0, 0
L 1071.0999, 584.7999, 8.0000, 1070.3999, 528.8999, 8.0000, 0, 0, 0
L 1087.5000, 495.0999, 8.0000, 1117.8999, 529.3999, 8.0000, 0, 0, 0
L 1117.8999, 529.3999, 8.0000, 1117.8999, 606.5000, 8.0000, 0, 0, 0
L 1117.8999, 606.5000, 8.0000, 1085.5999, 636.8999, 8.0000, 0, 0, 0
L 1085.5999, 636.8999, 8.0000, 1030.0999, 636.8999, 8.0000, 0, 0, 0
L 1021.8999, 635.8999, 2.0000, 1030.2999, 635.8999, 8.0000, 0, 0, 0
L 1030.0999, 636.8999, 8.0000, 1030.2999, 635.8999, 8.0000, 0, 0, 0
L 1021.8999, 635.8999, 2.0000, 1000.7999, 635.8999, 2.0000, 0, 0, 0
L 1021.8999, 497.0999, 2.0000, 998.7999, 497.0999, 2.0000, 0, 0, 0
L 1021.8999, 497.0999, 2.0000, 1038.0000, 497.0999, 8.0000, 0, 0, 0
L 1039.0999, 495.0999, 8.0000, 1087.5000, 495.0999, 8.0000, 0, 0, 0
L 405.0999, -1060.2999, 21.0000, 405.0999, -1050.6999, 21.0000, 0, 0, 0
L 446.8999, -1051.7999, 21.0000, 446.8999, -1060.2999, 21.0000, 0, 0, 0
