L -258.6250, 508.1250, -0.8740,  -258.6250, 507.6249, -0.8740,  100, 50, 0
L -260.6250, 507.6250, -0.8740,  -258.6250, 507.6249, -0.8740,  100, 50, 0
L -239.3630, 510.3750, -0.3740,  -237.3749, 510.3750, -0.3740,  100, 50, 0
L -239.3630, 510.3750, -0.8740,  -239.3750, 509.8750, -0.8740,  100, 50, 0
L 108.8384, 474.8484, 1.6260,  109.7631, 478.8822, 1.6260,  100, 50, 0
L 108.8384, 474.8484, 4.5691,  105.5704, 473.2743, 5.9961,  100, 50, 0
L 105.8737, 330.7479, 1.6260,  105.5704, 473.2743, 5.8819,  100, 50, 0
L 108.7751, 329.3504, 1.6260,  105.8737, 330.7479, 1.6260,  100, 50, 0
L 109.6997, 325.3166, 1.6260,  108.7751, 329.3504, 1.6260,  100, 50, 0
L 107.1180, 322.0833, 1.6260,  109.6997, 325.3166, 1.6260,  100, 50, 0
L 102.9848, 322.0833, 1.6260,  107.1180, 322.0833, 1.6260,  100, 50, 0
L 100.4031, 325.3167, 1.6260,  102.9848, 322.0833, 1.6260,  100, 50, 0
L 101.3279, 329.3510, 1.6260,  100.4031, 325.3167, 1.6260,  100, 50, 0
L 103.9806, 330.6266, 1.6260,  101.3279, 329.3510, 1.6260,  100, 50, 0
L 103.7961, 473.6899, 1.6260,  103.9806, 330.6266, 1.6260,  100, 50, 0
L 101.3910, 474.8484, 1.6260,  103.7961, 473.6899, 1.6260,  100, 50, 0
L 100.4664, 478.8822, 1.6260,  101.3910, 474.8484, 1.6260,  100, 50, 0
L 103.0481, 482.1156, 1.6260,  100.4664, 478.8822, 1.6260,  100, 50, 0
L 107.1813, 482.1156, 1.5749,  103.0481, 482.1156, 1.5749,  100, 50, 0
L 109.7631, 478.8822, 1.6260,  107.1813, 482.1156, 1.6260,  100, 50, 0
L 203.8118, 693.1844, 1.6260,  203.6379, 551.3371, 1.6260,  100, 50, 0
L 201.0665, 694.5908, 1.6260,  203.8118, 693.1844, 1.6260,  100, 50, 0
L 200.2411, 698.6461, 1.6260,  201.0665, 694.5908, 1.6260,  100, 50, 0
L 202.9012, 701.8149, 1.6260,  200.2411, 698.6461, 1.6260,  100, 50, 0
L 207.0333, 701.7138, 1.6260,  202.9012, 701.8149, 1.6260,  100, 50, 0
L 209.5349, 698.4180, 1.6260,  207.0333, 701.7138, 1.6260,  100, 50, 0
L 208.5116, 694.4080, 1.6260,  209.5349, 698.4180, 1.6260,  100, 50, 0
L 205.7757, 693.1721, 1.6260,  208.5116, 694.4080, 1.6260,  100, 50, 0
L 205.5646, 551.3394, 1.6260,  205.7757, 693.1721, 1.6260,  100, 50, 0
L 206.7793, 551.3394, 1.6260,  205.5646, 551.3394, 1.6260,  100, 50, 0
L 209.3610, 548.1060, 1.6260,  206.7793, 551.3394, 1.6260,  100, 50, 0
L 208.4364, 544.0722, 1.6260,  209.3610, 548.1060, 1.6260,  100, 50, 0
L 204.7128, 542.2786, 1.6260,  208.4364, 544.0722, 1.6260,  100, 50, 0
L 200.9891, 544.0721, 1.6260,  204.7128, 542.2786, 1.6260,  100, 50, 0
L 200.0644, 548.1060, 1.6260,  200.9891, 544.0721, 1.6260,  100, 50, 0
L 202.6461, 551.3394, 1.6260,  200.0644, 548.1060, 1.6260,  100, 50, 0
L 203.6379, 551.3394, 1.6260,  202.6461, 551.3394, 1.6260,  100, 50, 0
L 96.6222, 540.5104, 1.6260,  -86.7024, 540.5574, 1.6260,  100, 50, 0
L 97.8410, 537.8127, 1.6260,  96.6222, 540.5104, 1.6260,  100, 50, 0
L 101.8508, 536.7894, 1.6260,  97.8410, 537.8127, 1.6260,  100, 50, 0
L 105.1466, 539.2910, 1.6260,  101.8508, 536.7894, 1.6260,  100, 50, 0
L 105.2481, 543.4230, 1.1260,  105.1466, 539.2910, 1.1260,  100, 50, 0
L 102.0790, 546.0833, 1.6260,  105.2481, 543.4230, 1.6260,  100, 50, 0
L 98.0237, 545.2579, 1.6260,  102.0790, 546.0833, 1.6260,  100, 50, 0
L 96.5669, 542.4141, 1.6260,  98.0237, 545.2579, 1.6260,  100, 50, 0
L -85.4865, 542.5172, 1.6260,  96.5669, 542.4141, 1.6260,  100, 50, 0
L -88.6046, 546.4223, 1.6260,  -92.8354, 546.4487, 1.6260,  100, 50, 0
L -88.6046, 546.4223, 1.6260,  -85.4865, 542.5172, 1.6260,  100, 50, 0
L -95.3789, 543.2632, 1.6260,  -92.8354, 546.4487, 1.6260,  100, 50, 0
L -94.4542, 539.2294, 1.6260,  -95.3789, 543.2632, 1.6195,  100, 50, 0
L -90.7305, 537.4359, 1.6260,  -94.4542, 539.2294, 1.6260,  100, 50, 0
L -87.0069, 539.2294, 1.6260,  -90.7305, 537.4359, 1.6260,  100, 50, 0
L -86.7024, 540.5574, 1.6260,  -87.0069, 539.2294, 1.6260,  100, 50, 0
L -98.7310, 329.2987, 1.6260,  -96.1721, 330.5313, 1.6260,  100, 50, 0
L -99.6557, 325.2649, 1.6260,  -98.7310, 329.2987, 1.6260,  100, 50, 0
L -97.0739, 322.0315, 1.6260,  -99.6557, 325.2649, 1.6260,  100, 50, 0
L -92.9408, 322.0315, 1.6260,  -97.0739, 322.0315, 1.6260,  100, 50, 0
L -90.3591, 325.2649, 1.6260,  -92.9408, 322.0315, 1.6260,  100, 50, 0
L -91.2838, 329.2990, 1.6260,  -90.3591, 325.2649, 1.6260,  100, 50, 0
L -94.0578, 330.6343, 1.6260,  -91.2838, 329.2990, 1.6260,  100, 50, 0
L -94.2361, 473.3895, 1.6260,  -94.0578, 330.6343, 1.6260,  100, 50, 0
L -96.1721, 330.5313, 1.6260,  -96.1390, 473.4144, 1.6260,  100, 50, 0
L -98.8594, 474.6034, 1.6260,  -96.1390, 473.4144, 1.6260,  100, 50, 0
L -99.9319, 478.6004, 1.6260,  -98.8594, 474.6034, 1.6260,  100, 50, 0
L -97.4709, 481.9267, 1.6260,  -99.9319, 478.6004, 1.6260,  100, 50, 0
L -93.3405, 482.0788, 1.6196,  -97.4709, 481.9267, 1.6260,  100, 50, 0
L -90.6415, 478.9426, 1.6260,  -93.3405, 482.0788, 1.6260,  100, 50, 0
L -91.4171, 474.8775, 1.6260,  -90.6415, 478.9426, 1.6260,  100, 50, 0
L -94.2361, 473.3895, 1.6260,  -91.4171, 474.8775, 1.6260,  100, 50, 0
L -115.3628, 482.3628, 0.6262,  -74.6371, 482.3628, 0.6262,  64, 64, 64
L -115.3629, 321.6371, 0.6260,  -115.3628, 482.3628, 0.6260,  64, 64, 64
L -74.6372, 321.6371, 0.6260,  -115.3629, 321.6371, 0.6260,  64, 64, 64
L -74.6371, 482.3628, 0.6260,  -74.6372, 321.6371, 0.6260,  64, 64, 64
L 225.3527, 541.6371, 0.6260,  184.6347, 541.6371, 0.6260,  64, 64, 64
L 225.3632, 702.3620, 0.6262,  225.3527, 541.6371, 0.6575,  64, 64, 64
L 184.6596, 702.3629, 0.6261,  225.3632, 702.3620, 0.6288,  64, 64, 64
L 184.6347, 541.6371, 0.6260,  184.6596, 702.3629, 0.6858,  64, 64, 64
L 125.3628, 321.6371, 0.6260,  125.3628, 482.3617, 0.6260,  64, 64, 64
L 84.6372, 321.6371, 0.6260,  125.3628, 321.6371, 0.6260,  64, 64, 64
L 84.6372, 482.3629, 0.6260,  84.6372, 321.6371, 0.6260,  64, 64, 64
L 125.3628, 482.3617, 0.6297,  84.6372, 482.3629, 0.6262,  64, 64, 64
L 105.3628, 521.6371, 0.6260,  105.3629, 562.3627, 0.6260,  64, 64, 64
L -95.3628, 521.6371, 0.6260,  105.3628, 521.6371, 0.6260,  64, 64, 64
L -95.3628, 562.3628, 0.6260,  -95.3628, 521.6371, 0.6260,  64, 64, 64
L 105.3629, 562.3627, 0.6262,  -95.3628, 562.3628, 0.6262,  64, 64, 64
L 84.6372, 762.3608, 0.6260,  84.6372, 601.6371, 0.6260,  64, 64, 64
L 125.3429, 762.3632, 0.6262,  84.6372, 762.3608, 0.6310,  64, 64, 64
L 125.3637, 601.6371, 0.6260,  125.3429, 762.3632, 0.6765,  64, 64, 64
L 84.6372, 601.6371, 0.6260,  125.3637, 601.6371, 0.6260,  64, 64, 64
L 101.4066, 751.8400, 1.6260,  104.2240, 750.4835, 1.6260,  100, 50, 0
L 100.4819, 755.8740, 1.6260,  101.4066, 751.8400, 1.6260,  100, 50, 0
L 103.0637, 759.1074, 1.6260,  100.4819, 755.8740, 1.6260,  100, 50, 0
L 107.1968, 759.1074, 1.6260,  103.0637, 759.1074, 1.6260,  100, 50, 0
L 109.7786, 755.8740, 1.6260,  107.1968, 759.1074, 1.6260,  100, 50, 0
L 108.8539, 751.8401, 1.6260,  109.7786, 755.8740, 1.6260,  100, 50, 0
L 106.5183, 750.7153, 6.2078,  108.8539, 751.8401, 1.6260,  100, 50, 0
L 106.0572, 610.7041, 1.6260,  106.5183, 750.7153, 6.2078,  100, 50, 0
L 107.3165, 610.6886, 1.6260,  106.0572, 610.7041, 1.6260,  100, 50, 0
L 109.8583, 607.4238, 1.6260,  107.3165, 610.6886, 1.6260,  100, 50, 0
L 108.8842, 603.4016, 1.6260,  109.8583, 607.4238, 1.6260,  100, 50, 0
L 105.1389, 601.6539, 1.6260,  108.8842, 603.4016, 1.6260,  100, 50, 0
L 101.4374, 603.4929, 1.6260,  105.1389, 601.6539, 1.6260,  100, 50, 0
L 100.5623, 607.5378, 1.6260,  101.4374, 603.4929, 1.6260,  100, 50, 0
L 103.1875, 610.7441, 1.6260,  100.5623, 607.5378, 1.6260,  100, 50, 0
L 104.2145, 610.7225, 1.6260,  103.1875, 610.7441, 1.6260,  100, 50, 0
L 104.2240, 750.4835, 3.9528,  104.2145, 610.7225, 1.6260,  100, 50, 0
L -95.9299, 751.7478, 1.6260,  -95.6351, 610.5099, 1.6260,  100, 50, 0
L -99.1292, 753.2889, 1.6260,  -95.9299, 751.7478, 1.6260,  100, 50, 0
L -100.0560, 757.3224, 1.6260,  -99.1292, 753.2889, 1.6260,  100, 50, 0
L -97.4736, 760.5567, 1.6260,  -100.0560, 757.3224, 1.6260,  100, 50, 0
L -93.3404, 760.5568, 1.6260,  -97.4736, 760.5567, 1.6260,  100, 50, 0
L -90.7586, 757.3234, 1.6260,  -93.3404, 760.5568, 1.6260,  100, 50, 0
L -91.6833, 753.2896, 1.6260,  -90.7586, 757.3234, 1.6260,  100, 50, 0
L -94.0791, 752.1356, 1.6260,  -91.6833, 753.2896, 1.6260,  100, 50, 0
L -93.7681, 610.3140, 1.6260,  -94.0791, 752.1356, 1.6260,  100, 50, 0
L -93.7681, 610.3152, 1.6260,  -91.1801, 609.0686, 1.6260,  100, 50, 0
L -90.2555, 605.0347, 1.6260,  -91.1801, 609.0686, 1.6260,  100, 50, 0
L -92.8372, 601.8015, 1.6260,  -90.2555, 605.0347, 1.6260,  100, 50, 0
L -96.9704, 601.8015, 1.1260,  -92.8372, 601.8015, 1.1260,  100, 50, 0
L -99.5521, 605.0348, 1.6260,  -96.9704, 601.8015, 1.6260,  100, 50, 0
L -98.6275, 609.0686, 1.6260,  -99.5521, 605.0348, 1.6260,  100, 50, 0
L -95.6351, 610.5099, 1.6260,  -98.6275, 609.0686, 1.6260,  100, 50, 0
L -74.6372, 762.3629, 0.6260,  -74.6372, 601.6371, 0.6260,  64, 64, 64
L -115.3631, 762.3621, 0.6282,  -74.6372, 762.3629, 0.6264,  64, 64, 64
L -115.3628, 601.6371, 0.6262,  -115.3631, 762.3621, 0.6260,  64, 64, 64
L -74.6372, 601.6371, 0.6260,  -115.3628, 601.6371, 0.6260,  64, 64, 64
L -12.3750, 772.3749, 22.6260,  -12.3750, 770.4284, 22.6260,  64, 64, 64
L -32.6250, 770.3734, 22.6260,  -32.6250, 772.3750, 22.6260,  64, 64, 64
L -34.6250, 772.3748, 22.6260,  -32.6250, 772.3750, 22.6260,  64, 64, 64
L -12.3750, 772.3749, 22.6260,  44.6250, 772.3754, 22.6260,  64, 64, 64
L 44.6250, 791.9559, 22.6260,  -34.6250, 791.8705, 22.6260,  100, 50, 0
L 44.6250, 772.3754, 22.8297,  44.6250, 791.9559, 22.6260,  100, 50, 0
L -34.6250, 772.3732, 22.6260,  -34.6250, 791.8705, 22.6260,  100, 50, 0
L -127.6250, 789.6260, 0.6260,  -131.3616, 789.6246, 0.6260,  64, 64, 64
L -127.6250, 784.3740, 1.6260,  -127.6250, 789.6260, 1.6260,  64, 64, 64
L -131.3630, 804.3749, 0.6260,  -127.6250, 804.3749, 0.6260,  64, 64, 64
L -72.3750, 784.3749, 1.6260,  -72.3750, 789.6371, 1.6260,  64, 64, 64
L -127.6250, 784.3749, 1.6260,  -72.3750, 784.3749, 1.6260,  64, 64, 64
L -127.6250, 809.6249, 1.6260,  -127.6250, 804.3749, 1.6260,  64, 64, 64
L -72.3739, 809.6249, 1.6260,  -127.6250, 809.6249, 1.6260,  64, 64, 64
L -72.3750, 809.6249, 1.6260,  -72.3750, 804.4407, 1.6260,  64, 64, 64
L -131.3616, 789.6246, 0.6302,  -131.3630, 804.3749, 0.6262,  64, 64, 64
L -130.3750, 781.6249, 0.6260,  -130.3748, 789.6377, 0.6280,  64, 64, 64
L -69.6250, 781.6250, 0.6260,  -130.3750, 781.6249, 0.6260,  64, 64, 64
L -69.6250, 789.6568, 0.6824,  -69.6250, 781.6250, 0.6260,  64, 64, 64
L -72.3750, 789.6371, 0.6260,  -68.6372, 789.6371, 0.6260,  64, 64, 64
L -68.6372, 804.3513, 0.6260,  -68.6372, 789.6371, 0.6260,  64, 64, 64
L -72.3750, 804.4407, 0.6260,  -68.6372, 804.3513, 0.6260,  64, 64, 64
L -69.6250, 812.3750, 0.6260,  -69.6250, 804.3749, 0.6260,  64, 64, 64
L -130.3750, 812.3749, 0.6260,  -69.6250, 812.3750, 0.6260,  64, 64, 64
L -130.3750, 804.3749, 0.6260,  -130.3750, 812.3749, 0.6260,  64, 64, 64
L -32.6250, 769.6250, 1.6260,  -9.6250, 769.6249, 1.6260,  64, 64, 64
L -32.6250, 584.3736, 1.6260,  -32.6250, 769.6250, 1.6260,  64, 64, 64
L -4.3750, 584.3741, 1.6260,  -32.6250, 584.3737, 1.6260,  64, 64, 64
L -4.3750, 584.3747, 1.6260,  -4.3750, 587.3749, 1.6260,  64, 64, 64
L -0.6250, 587.3749, 1.6260,  -4.3750, 587.3749, 1.6260,  64, 64, 64
L -0.6250, 584.3741, 1.6260,  -0.6250, 587.3749, 1.6260,  64, 64, 64
L -0.6250, 584.3749, 1.6260,  0.3750, 584.3749, 1.6260,  64, 64, 64
L 0.3750, 581.6250, 1.6260,  0.3750, 584.3749, 1.6260,  64, 64, 64
L -34.6250, 581.6250, 1.1260,  0.3750, 581.6250, 1.1260,  64, 64, 64
L -34.6250, 576.6248, 1.1260,  -34.6250, 581.6250, 1.1260,  64, 64, 64
L -45.3750, 576.6249, 0.6260,  -34.6250, 576.6248, 0.6260,  64, 64, 64
L -45.3750, 587.3750, 0.6260,  -45.3750, 576.6249, 0.6260,  64, 64, 64
L -35.3750, 587.3750, 0.6260,  -45.3750, 587.3750, 0.6260,  64, 64, 64
L -35.3749, 766.6250, 0.6260,  -35.3750, 587.3750, 0.6260,  64, 64, 64
L -45.3750, 766.6250, 0.6260,  -35.3749, 766.6250, 0.6260,  64, 64, 64
L -45.3750, 777.3749, 0.6260,  -45.3750, 766.6250, 0.6260,  64, 64, 64
L -43.3750, 777.3749, 0.6260,  -45.3750, 777.3749, 0.6260,  64, 64, 64
L -43.3750, 777.3749, 0.6260,  -43.3750, 779.3749, 0.6260,  64, 64, 64
L -39.6250, 779.3749, 0.6260,  -43.3750, 779.3749, 0.6260,  64, 64, 64
L -39.6250, 777.3734, 0.6260,  -39.6250, 779.3749, 0.6260,  64, 64, 64
L -34.6250, 777.3753, 0.6260,  -39.6250, 777.3735, 0.6260,  64, 64, 64
L -34.6250, 772.3738, 1.1260,  -34.6250, 777.3753, 1.1260,  64, 64, 64
L -32.3750, 772.3749, 1.1260,  -34.6250, 772.3738, 1.1260,  64, 64, 64
L -32.3750, 774.3749, 1.1260,  -32.3750, 772.3749, 1.1260,  64, 64, 64
L -29.6250, 774.3749, 1.1260,  -32.3750, 774.3749, 1.1260,  64, 64, 64
L -29.6250, 772.3730, 1.1260,  -29.6250, 774.3749, 1.1260,  64, 64, 64
L -15.3750, 772.3749, 1.1260,  -29.6250, 772.3731, 1.1260,  64, 64, 64
L -15.3750, 774.3749, 1.1260,  -15.3750, 772.3749, 1.1260,  64, 64, 64
L -12.6250, 774.3749, 1.1260,  -15.3750, 774.3749, 1.1260,  64, 64, 64
L -12.6250, 772.3726, 1.1260,  -12.6250, 774.3749, 1.1260,  64, 64, 64
L -9.6250, 772.3764, 1.1260,  -12.6250, 772.3726, 1.1260,  64, 64, 64
L -9.6250, 769.6249, 1.1260,  -9.6250, 772.3764, 1.1260,  64, 64, 64
L 55.3750, 766.6249, 0.6260,  45.3750, 766.6250, 0.6260,  64, 64, 64
L 55.3750, 771.6249, 0.6260,  55.3750, 766.6249, 0.6260,  64, 64, 64
L 55.3750, 771.6249, 0.6260,  57.3750, 771.6249, 0.6260,  64, 64, 64
L 57.3750, 776.3750, 0.6260,  57.3750, 771.6249, 0.6260,  64, 64, 64
L 55.3750, 776.3749, 0.6260,  57.3750, 776.3750, 0.6260,  64, 64, 64
L 55.3750, 776.3750, 0.6260,  55.3750, 777.3750, 0.6260,  64, 64, 64
L 44.6250, 777.3749, 0.6260,  55.3750, 777.3750, 0.6260,  64, 64, 64
L 44.6250, 772.3729, 1.1260,  44.6250, 777.3749, 1.1260,  64, 64, 64
L 43.3750, 772.3749, 1.1260,  44.6250, 772.3729, 1.1260,  64, 64, 64
L 43.3750, 772.3749, 1.1260,  43.3750, 774.3749, 1.1260,  64, 64, 64
L 40.6250, 774.3749, 1.1260,  43.3750, 774.3749, 1.1260,  64, 64, 64
L 40.6250, 772.3729, 1.1260,  40.6250, 774.3749, 1.1260,  64, 64, 64
L 26.3750, 772.3749, 1.1260,  40.6250, 772.3730, 1.1260,  64, 64, 64
L 26.3750, 772.3749, 1.1260,  26.3750, 774.3749, 1.1260,  64, 64, 64
L 23.6250, 774.3749, 1.1260,  26.3750, 774.3749, 1.1260,  64, 64, 64
L 23.6250, 772.3724, 1.1260,  23.6250, 774.3749, 1.1260,  64, 64, 64
L 9.6250, 772.3754, 1.1260,  23.6250, 772.3724, 1.1260,  64, 64, 64
L 9.6250, 769.6249, 1.1260,  9.6250, 772.3754, 1.1260,  64, 64, 64
L 9.6250, 769.6249, 1.6260,  42.6250, 769.6250, 1.6260,  64, 64, 64
L 42.6249, 586.3665, 1.6260,  42.6250, 769.6250, 1.6260,  64, 64, 64
L 42.6249, 586.3665, 4.0686,  40.6250, 586.3822, 3.0481,  64, 64, 64
L 40.6250, 584.3714, 1.6260,  40.6250, 586.3822, 1.6260,  64, 64, 64
L 23.3750, 584.3749, 1.6260,  40.6250, 584.3714, 1.6260,  64, 64, 64
L 23.3750, 584.3749, 1.6260,  23.3750, 586.3749, 1.6260,  64, 64, 64
L 20.6250, 586.3749, 1.6260,  23.3750, 586.3749, 1.6260,  64, 64, 64
L 20.6250, 584.3732, 1.6260,  20.6250, 586.3749, 1.6260,  64, 64, 64
L 20.6250, 584.3737, 1.6260,  19.6250, 584.3740, 1.6260,  64, 64, 64
L 19.6250, 581.6248, 1.6260,  19.6250, 584.3740, 1.6260,  64, 64, 64
L 44.6251, 581.6250, 1.1260,  19.6250, 581.6248, 1.1260,  64, 64, 64
L 44.6251, 581.6250, 1.1260,  44.6249, 576.6248, 1.1260,  64, 64, 64
L 55.3750, 576.6249, 0.6260,  44.6249, 576.6248, 0.6260,  64, 64, 64
L 55.3750, 587.3749, 0.6260,  55.3750, 576.6249, 0.6260,  64, 64, 64
L 45.3750, 587.3750, 0.6260,  55.3750, 587.3749, 0.6260,  64, 64, 64
L 45.3750, 766.6250, 0.6260,  45.3750, 587.3750, 0.6260,  64, 64, 64
L 172.3750, 757.6250, 1.6260,  172.3751, 752.3557, 1.6260,  64, 64, 64
L 227.6250, 757.6250, 1.6260,  227.6250, 752.3826, 1.6260,  64, 64, 64
L 227.6250, 732.3735, 1.6260,  227.6250, 737.6364, 1.6260,  64, 64, 64
L 172.3750, 732.3749, 1.6260,  227.6250, 732.3735, 1.6260,  64, 64, 64
L 172.3750, 737.6371, 1.6260,  172.3750, 732.3749, 1.6260,  64, 64, 64
L 227.6250, 757.6250, 1.6260,  172.3750, 757.6250, 1.6260,  64, 64, 64
L 227.6250, 752.3826, 0.6261,  231.3627, 752.3556, 0.6355,  64, 64, 64
L 231.3615, 737.6373, 0.6307,  231.3627, 752.3556, 0.6274,  64, 64, 64
L 227.6250, 737.6364, 0.6260,  231.3615, 737.6373, 0.6260,  64, 64, 64
L 230.3750, 729.6249, 0.6260,  230.3750, 737.6371, 0.6260,  64, 64, 64
L 169.6250, 729.6250, 0.6260,  230.3750, 729.6249, 0.6260,  64, 64, 64
L 169.6250, 737.6359, 0.6260,  169.6250, 729.6250, 0.6260,  64, 64, 64
L 172.3751, 752.3557, 0.6262,  168.6372, 752.3633, 0.6287,  64, 64, 64
L 172.3750, 737.6371, 0.6260,  168.6372, 737.6371, 0.6260,  64, 64, 64
L 168.6372, 752.3633, 0.6260,  168.6372, 737.6371, 0.6260,  64, 64, 64
L 169.6250, 760.3749, 0.6260,  169.6250, 752.3611, 0.6260,  64, 64, 64
L 230.3750, 760.3749, 0.6260,  169.6250, 760.3749, 0.6260,  64, 64, 64
L 230.3750, 752.3627, 0.6262,  230.3750, 760.3749, 0.6260,  64, 64, 64
L -146.5119, 52.3750, -39.3740,  -146.5119, 21.6250, -39.3740,  64, 64, 64
L -154.5119, 21.6250, -35.3740,  -154.5119, 52.3749, -35.3740,  64, 64, 64
L -162.5119, 52.3750, -31.3740,  -162.5119, 21.6250, -31.3740,  64, 64, 64
L -170.5119, 21.6250, -27.3740,  -170.5119, 52.3749, -27.3740,  64, 64, 64
L -142.6250, 21.6250, -39.3740,  -174.6250, 21.6251, -35.3740,  64, 64, 64
L -142.6250, 52.3750, -39.3740,  -142.6250, 21.6250, -39.3740,  64, 64, 64
L -142.6250, 52.3750, -39.3740,  -174.6250, 52.3750, -35.3740,  64, 64, 64
L -5.3750, 141.5992, -39.3740,  15.3750, 141.5992, -39.3740,  64, 64, 64
L 15.3750, 149.5992, -35.3740,  -5.3750, 149.5992, -35.3740,  64, 64, 64
L -5.3750, 157.5992, -31.3740,  15.3750, 157.5992, -31.3740,  64, 64, 64
L 15.3750, 165.5992, -27.3740,  -5.3750, 165.5992, -27.3740,  64, 64, 64
L 15.3750, 137.6250, -39.3740,  15.3750, 169.6250, -27.3740,  64, 64, 64
L -5.3750, 137.6250, -39.3740,  15.3750, 137.6250, -39.3740,  64, 64, 64
L -5.3750, 173.5992, -23.3740,  -5.3750, 137.6250, -39.3740,  64, 64, 64
L -5.3750, -67.5992, -39.3740,  15.3749, -67.5992, -39.3740,  64, 64, 64
L 15.3750, -75.5992, -35.3740,  -5.3750, -75.5992, -35.3740,  64, 64, 64
L -5.3750, -83.5946, -31.3740,  15.3750, -83.5992, -31.3740,  64, 64, 64
L 15.3750, -91.5992, -27.3740,  -5.3750, -91.5992, -27.3740,  64, 64, 64
L -5.3750, -63.6250, -35.3740,  -5.3750, -95.6250, -27.3740,  64, 64, 64
L 15.3750, -63.6250, -39.3740,  15.3750, -95.6250, -31.3740,  64, 64, 64
L -5.3750, -63.6250, -39.3740,  15.3750, -63.6250, -39.3740,  64, 64, 64
L 156.5119, 21.6250, -39.3740,  156.5119, 52.3750, -39.3740,  64, 64, 64
L 164.5119, 52.3750, -35.3740,  164.5119, 21.6250, -35.3740,  64, 64, 64
L 172.5119, 21.6250, -31.3740,  172.5119, 52.3750, -31.3740,  64, 64, 64
L 180.5119, 52.3750, -27.3740,  180.5119, 21.6250, -27.3740,  64, 64, 64
L 152.6250, 52.3750, -39.3740,  184.6250, 52.3750, -31.3740,  64, 64, 64
L 152.6250, 21.6250, -39.3740,  184.6250, 21.6250, -31.3740,  64, 64, 64
L 152.6250, 52.3750, -39.3740,  152.6250, 21.6250, -39.3740,  64, 64, 64
L 144.6250, 905.4688, 10.6260,  144.6250, 881.7582, 10.6260,  64, 64, 64
L 125.3747, 905.5036, 10.0010,  144.6250, 905.4688, 10.6260,  150, 64, 200
L 224.6250, 905.6555, 10.0010,  205.3750, 905.6525, 10.0010,  150, 64, 200
L 184.6250, 843.6371, 0.6260,  165.3750, 843.6371, 0.6260,  64, 64, 64
L 165.3750, 845.6371, 1.6260,  184.6250, 845.6361, 1.6260,  64, 64, 64
L 184.6250, 847.6371, 2.6260,  165.3750, 847.6371, 2.6260,  64, 64, 64
L 165.3750, 849.6371, 3.6260,  184.6250, 849.6371, 3.6260,  64, 64, 64
L 184.6250, 851.6371, 4.6260,  165.3750, 851.6371, 4.6260,  64, 64, 64
L 165.3750, 853.6352, 5.6260,  184.6251, 853.6367, 5.6260,  64, 64, 64
L 184.6250, 855.6371, 6.6260,  165.3750, 855.6371, 6.6260,  64, 64, 64
L 165.3750, 857.6371, 7.6260,  184.6250, 857.6371, 7.6260,  64, 64, 64
L 184.6250, 859.6371, 8.6260,  165.3750, 859.6368, 8.6260,  64, 64, 64
L -206.6250, 32.3750, -56.3740,  -206.6250, 41.6253, -56.3740,  64, 64, 64
L -214.6250, 41.6250, -52.3740,  -214.6250, 32.3750, -52.3740,  64, 64, 64
L -210.6250, 32.3744, -54.3740,  -210.6250, 41.6254, -54.3740,  64, 64, 64
L -198.6250, 32.3750, -60.3740,  -198.6250, 41.6254, -60.3740,  64, 64, 64
L -202.6250, 32.3750, -58.3740,  -202.6250, 41.6250, -58.3740,  64, 64, 64
L -190.6250, 32.3750, -64.3740,  -190.6250, 41.6250, -64.3740,  64, 64, 64
L -194.6250, 32.3750, -62.3740,  -194.6250, 41.6250, -62.3740,  64, 64, 64
L -186.6250, 41.6250, -66.3740,  -186.6250, 32.3750, -66.3740,  64, 64, 64
L -178.5119, 32.3817, -68.3740,  -216.6803, 32.3197, -50.2727,  64, 64, 64
L -216.6743, 41.6744, -50.2828,  -178.5119, 41.6190, -68.3740,  64, 64, 64
L -182.6250, 32.3750, -68.9990,  -182.6250, 41.6251, -68.3740,  64, 64, 64
L -216.6448, 41.6448, -50.3486,  -216.6468, 32.3531, -50.3427,  64, 64, 64
L -225.3750, -81.6250, -33.3740,  -244.6250, -81.6250, -33.3740,  64, 64, 64
L -225.3748, -77.6250, -35.3740,  -244.6250, -77.6250, -35.3740,  64, 64, 64
L -225.3750, -73.6250, -37.3740,  -244.6250, -73.6250, -37.3740,  64, 64, 64
L -225.3750, -69.6250, -39.3740,  -244.6250, -69.6250, -39.3740,  64, 64, 64
L -225.3750, -65.6250, -41.3740,  -244.6250, -65.6250, -41.3740,  64, 64, 64
L -225.3750, -61.6250, -43.3740,  -244.6250, -61.6250, -43.3740,  64, 64, 64
L -225.3750, -57.6250, -45.3740,  -244.6250, -57.6250, -45.3740,  64, 64, 64
L -225.3750, -53.6250, -47.3740,  -244.6250, -53.6250, -47.3740,  64, 64, 64
L -155.3749, 171.6632, -19.3038,  -175.2360, 171.6215, -19.3740,  64, 64, 64
L -174.6250, 173.6372, -18.3740,  -155.3750, 173.6418, -18.3578,  64, 64, 64
L -155.3750, 175.6372, -17.3740,  -174.6250, 175.6372, -17.3740,  64, 64, 64
L -174.6250, 177.6372, -16.3740,  -155.3749, 177.6499, -16.3345,  64, 64, 64
L -155.3750, 179.6372, -15.3740,  -174.6250, 179.6352, -15.3740,  64, 64, 64
L -174.6250, 181.6372, -14.3740,  -155.3750, 181.6770, -14.2783,  64, 64, 64
L -155.3750, 183.6372, -13.3740,  -174.6250, 183.6372, -13.3740,  64, 64, 64
L -174.6250, 185.6372, -12.3740,  -155.3750, 185.6372, -12.3740,  64, 64, 64
L -155.3750, 187.6372, -11.3740,  -174.6250, 187.6372, -11.3740,  64, 64, 64
L -174.6250, 189.6372, -10.3740,  -155.3750, 189.6431, -10.3538,  64, 64, 64
L -155.3750, 203.6372, -9.3740,  -174.6250, 203.6372, -9.3740,  64, 64, 64
L -174.6250, 205.6372, -8.3740,  -155.3750, 205.6486, -8.3377,  64, 64, 64
L -155.3750, 207.6372, -7.3740,  -174.6250, 207.6466, -7.3434,  64, 64, 64
L -174.6250, 209.6372, -6.3740,  -155.3750, 209.6372, -6.3740,  64, 64, 64
L -155.3750, 211.6372, -5.3740,  -174.6250, 211.6372, -5.3737,  64, 64, 64
L -174.6250, 213.6372, -4.3740,  -155.3750, 213.6490, -4.3369,  64, 64, 64
L -155.3750, 215.6372, -3.3740,  -174.6250, 215.6372, -3.3740,  64, 64, 64
L -174.6250, 217.6372, -2.3740,  -155.3749, 217.6703, -2.2901,  64, 64, 64
L -155.3750, 219.6372, -1.3740,  -174.6250, 219.6372, -1.3740,  64, 64, 64
L -155.3746, 221.6618, -0.3066,  -174.6250, 221.6372, -0.3740,  64, 64, 64
L 184.6250, 221.6372, -0.3740,  165.3750, 221.6511, -0.3312,  64, 64, 64
L 184.6250, 219.6403, -1.3628,  165.3750, 219.6371, -1.3740,  64, 64, 64
L 165.3750, 217.6372, -2.3740,  184.6250, 217.6372, -2.3740,  64, 64, 64
L 184.6250, 215.6461, -3.3448,  165.3750, 215.6372, -3.3740,  64, 64, 64
L 165.3750, 213.6372, -4.3740,  184.6250, 213.6368, -4.3699,  64, 64, 64
L 184.6250, 211.6840, -5.2668,  165.3750, 211.6372, -5.3740,  64, 64, 64
L 184.6250, 209.6372, -6.3740,  165.3750, 209.6832, -6.2682,  64, 64, 64
L 184.6250, 207.6372, -7.3740,  165.3750, 207.6367, -7.3740,  64, 64, 64
L 165.3749, 205.6372, -8.3740,  184.6250, 205.6372, -8.3740,  64, 64, 64
L 165.3750, 203.6372, -9.3740,  184.6250, 203.6372, -9.3740,  64, 64, 64
L 184.6250, 189.6372, -10.3740,  165.4214, 189.6489, -10.3286,  64, 64, 64
L 165.3750, 187.6372, -11.3740,  184.6250, 187.6364, -11.3740,  64, 64, 64
L 165.3750, 185.6361, -12.3740,  184.6250, 185.6362, -12.3740,  64, 64, 64
L 165.3750, 183.6372, -13.3740,  184.6250, 183.6531, -13.2810,  64, 64, 64
L 165.3750, 181.6372, -14.3740,  184.6250, 181.6366, -14.3740,  64, 64, 64
L 165.3750, 179.6372, -15.3740,  184.6250, 179.6372, -15.3740,  64, 64, 64
L 165.3750, 177.6371, -16.3740,  184.6250, 177.6355, -16.3740,  64, 64, 64
L 165.3750, 175.6372, -17.3740,  184.6250, 175.6372, -17.3740,  64, 64, 64
L 165.3750, 173.6372, -18.3740,  184.6250, 173.6372, -18.3740,  64, 64, 64
L -205.3750, -110.3750, -21.3740,  -205.3746, -129.6250, -21.3740,  64, 64, 64
L -209.3744, -129.6250, -23.3740,  -209.3750, -110.3750, -23.3740,  64, 64, 64
L -213.3749, -110.3750, -25.3740,  -213.3746, -129.6250, -25.3740,  64, 64, 64
L -217.3746, -129.6250, -27.3740,  -217.3750, -110.3750, -27.3740,  64, 64, 64
L -221.3750, -110.3750, -29.3740,  -221.3746, -129.6250, -29.3740,  64, 64, 64
L -225.3750, -109.9558, -31.3740,  -225.3748, -129.6250, -31.3740,  64, 64, 64
L -5.3750, 173.5992, -23.3740,  15.3750, 173.5992, -23.3740,  64, 64, 64
L 188.5119, 21.6250, -23.3740,  188.5119, 52.3750, -23.3740,  64, 64, 64
L 74.9227, -93.6320, -23.3740,  44.9583, -97.6269, -23.3740,  64, 64, 64
L 104.8581, -85.6497, -23.3740,  74.9227, -93.6320, -23.3740,  64, 64, 64
L 134.7665, -69.6995, -23.3740,  104.8581, -85.6497, -23.3740,  64, 64, 64
L 164.6933, -37.7782, -23.3740,  134.7665, -69.6995, -23.3740,  64, 64, 64
L 180.6498, -7.8576, -23.3740,  164.6933, -37.7782, -23.3740,  64, 64, 64
L 188.5119, 21.6250, -23.3740,  180.6493, -7.8599, -23.3740,  64, 64, 64
L 184.6250, 21.6250, -23.3740,  188.5119, 21.6250, -23.3740,  64, 64, 64
L 184.6250, 52.3750, -23.3740,  184.6250, 21.6250, -23.3740,  64, 64, 64
L 188.5119, 52.3750, -23.3740,  184.6250, 52.3750, -23.3740,  64, 64, 64
L 180.6488, 81.8616, -23.3740,  188.5119, 52.3750, -23.3740,  64, 64, 64
L 164.6933, 111.7782, -23.3740,  180.6488, 81.8616, -23.3740,  64, 64, 64
L 134.7689, 143.6982, -23.3740,  164.6933, 111.7782, -23.3740,  64, 64, 64
L 104.8617, 159.6488, -23.3740,  134.7689, 143.6982, -23.3740,  64, 64, 64
L 74.9180, 167.6326, -23.3740,  104.8617, 159.6488, -23.3740,  64, 64, 64
L 44.9629, 171.6266, -23.3740,  74.9267, 167.6314, -23.3740,  64, 64, 64
L 15.3750, 173.5992, -23.3740,  44.9629, 171.6266, -23.3740,  64, 64, 64
L 15.3750, 169.6250, -23.3740,  15.3750, 173.5992, -23.3740,  64, 64, 64
L -5.3750, 169.6250, -23.3740,  15.3750, 169.6250, -23.3740,  64, 64, 64
L -5.3750, 173.5992, -23.3740,  -5.3750, 169.6250, -23.3740,  64, 64, 64
L -34.9630, 171.6266, -23.3740,  -5.3750, 173.5992, -23.3740,  64, 64, 64
L -64.9267, 167.6315, -23.3740,  -34.9630, 171.6266, -23.3740,  64, 64, 64
L -94.8618, 159.6488, -23.3740,  -64.9267, 167.6315, -23.3740,  64, 64, 64
L -124.7690, 143.6982, -23.3740,  -94.8618, 159.6488, -23.3740,  64, 64, 64
L -154.6937, 111.7775, -23.3740,  -124.7690, 143.6982, -23.3740,  64, 64, 64
L -170.6497, 81.8582, -23.3740,  -154.6937, 111.7775, -23.3740,  64, 64, 64
L -178.5119, 52.3748, -23.3740,  -170.6497, 81.8582, -23.3740,  64, 64, 64
L -178.5119, 52.3750, -23.3740,  -178.5119, 21.6250, -23.3740,  64, 64, 64
L -174.6250, 52.3750, -23.3740,  -178.5119, 52.3750, -23.3740,  64, 64, 64
L -174.6250, 21.6251, -23.3740,  -174.6250, 52.3750, -23.3740,  64, 64, 64
L -178.5119, 21.6250, -23.3740,  -174.6250, 21.6250, -23.3740,  64, 64, 64
L -170.6488, -7.8616, -23.3740,  -178.5119, 21.6250, -23.3740,  64, 64, 64
L -154.6924, -37.7798, -23.3740,  -170.6488, -7.8616, -23.3740,  64, 64, 64
L -124.7688, -69.6983, -23.3740,  -154.6924, -37.7798, -23.3740,  64, 64, 64
L -94.8617, -85.6488, -23.3740,  -124.7688, -69.6983, -23.3740,  64, 64, 64
L -64.9266, -93.6315, -23.3740,  -94.8617, -85.6488, -23.3740,  64, 64, 64
L -34.9628, -97.6266, -23.3740,  -64.9266, -93.6315, -23.3740,  64, 64, 64
L -5.3750, -99.5992, -23.3740,  -34.9628, -97.6266, -23.3740,  64, 64, 64
L 15.3750, -99.5992, -23.3740,  -5.3750, -99.5992, -23.3740,  64, 64, 64
L -5.3750, -95.6250, -23.3740,  -5.3750, -99.5992, -23.3740,  64, 64, 64
L 15.3750, -95.6250, -23.3740,  -5.3750, -95.6250, -23.3740,  64, 64, 64
L 15.3750, -99.5992, -23.3740,  15.3750, -95.6250, -23.3740,  64, 64, 64
L 44.8389, -97.6349, -23.3740,  15.3750, -99.5992, -23.3740,  64, 64, 64
L 180.6509, -7.8537, -23.3740,  164.6925, -37.7797, -23.3740,  64, 64, 64
L 180.6508, -7.8542, -23.3740,  188.5119, 21.6250, -23.3740,  64, 64, 64
L 219.3745, -129.6250, -23.3740,  219.3750, -110.3750, -23.3740,  64, 64, 64
L 223.3744, -129.6250, -25.3740,  223.3750, -110.3750, -25.3740,  64, 64, 64
L 227.3742, -129.6250, -27.3740,  227.3750, -110.3750, -27.3740,  64, 64, 64
L 231.3747, -129.6250, -29.3740,  231.3750, -110.3750, -29.3740,  64, 64, 64
L 350.3749, -119.6176, -39.3740,  369.6250, -119.5540, -39.9990,  64, 64, 64
L 428.3750, -182.3628, -58.3740,  447.6250, -182.3622, -58.3739,  64, 64, 64
L 447.6250, -178.4017, -57.3739,  428.3750, -180.3271, -57.3740,  64, 64, 64
L 427.5493, -178.2601, -56.3740,  446.7199, -174.4259, -56.3739,  64, 64, 64
L 444.8022, -170.4429, -55.3740,  426.5264, -176.2142, -55.3740,  64, 64, 64
L 424.6420, -174.1117, -54.3740,  441.8717, -166.4540, -54.3739,  64, 64, 64
L 437.9466, -162.4769, -53.3740,  422.7238, -172.9426, -53.3738,  64, 64, 64
L 420.8865, -172.6250, -52.3740,  433.0780, -160.4351, -52.3740,  64, 64, 64
L 427.1669, -159.4080, -51.3672,  418.6693, -172.6250, -51.3740,  64, 64, 64
L 416.5182, -172.6250, -50.3740,  421.2513, -159.3750, -50.3739,  64, 64, 64
L 414.3628, -159.3750, -49.3740,  414.3621, -172.6250, -49.3740,  64, 64, 64
L 377.5178, -172.6250, -48.3740,  382.2513, -159.3750, -48.3740,  64, 64, 64
L 380.1901, -159.3750, -47.3740,  371.6710, -172.6250, -47.3740,  64, 64, 64
L 365.7655, -171.7474, -46.3739,  378.1381, -159.3750, -46.3739,  64, 64, 64
L 360.7762, -169.9066, -45.3740,  375.9944, -159.4403, -45.3626,  64, 64, 64
L 373.9764, -158.4075, -44.3740,  356.6420, -166.1117, -44.3740,  64, 64, 64
L 371.8861, -156.4164, -43.3739,  353.6097, -162.1879, -43.3740,  64, 64, 64
L 351.5492, -158.2598, -42.3727,  370.7882, -154.4149, -42.3740,  64, 64, 64
L 369.7757, -152.3900, -41.3740,  350.4660, -154.3180, -41.3740,  64, 64, 64
L 350.3750, -150.3628, -40.3740,  369.6250, -150.3624, -40.3724,  64, 64, 64
L 350.4660, -154.3180, -41.3740,  350.3750, -150.3628, -40.3740,  64, 64, 64
L 351.5493, -158.2601, -42.3740,  350.4660, -154.3180, -41.3740,  64, 64, 64
L 353.6097, -162.1879, -43.3740,  351.5493, -158.2601, -42.3740,  64, 64, 64
L 356.6420, -166.1117, -44.3740,  353.6097, -162.1879, -43.3740,  64, 64, 64
L 360.7762, -169.9066, -45.3740,  356.6420, -166.1117, -44.3740,  64, 64, 64
L 365.7665, -171.7476, -46.3740,  360.7762, -169.9066, -45.3740,  64, 64, 64
L 371.6713, -172.6250, -47.3740,  365.7665, -171.7476, -46.3740,  64, 64, 64
L 377.5176, -172.6250, -48.3738,  371.6716, -172.6250, -47.3740,  64, 64, 64
L 414.3610, -172.6250, -49.3740,  377.5176, -172.6250, -48.3738,  64, 64, 64
L 416.4984, -172.6250, -50.3196,  414.3610, -172.6250, -49.3740,  64, 64, 64
L 418.6716, -172.6250, -51.3740,  416.4984, -172.6250, -50.3196,  64, 64, 64
L 420.8871, -172.6250, -52.3739,  418.6716, -172.6250, -51.3740,  64, 64, 64
L 422.6804, -172.9209, -53.2738,  420.8871, -172.6250, -52.3739,  64, 64, 64
L 424.6177, -174.0874, -54.2920,  422.6804, -172.9209, -53.2738,  64, 64, 64
L 426.5264, -176.2142, -55.3740,  424.6177, -174.0874, -54.2920,  64, 64, 64
L 427.5493, -178.2601, -56.3740,  426.5264, -176.2142, -55.3740,  64, 64, 64
L 428.3750, -180.3271, -57.3740,  427.5493, -178.2601, -56.3740,  64, 64, 64
L 428.3750, -182.3628, -58.3740,  428.3750, -180.3271, -57.3740,  64, 64, 64
L 422.3203, -279.8021, -58.3740,  412.3749, -259.9114, -58.3740,  64, 64, 64
L 428.1850, -287.6250, -58.3740,  447.8125, -287.6250, -58.3740,  64, 64, 64
L 422.3202, -279.8020, -58.3740,  428.1859, -287.6250, -58.3740,  64, 64, 64
L 428.3750, -182.3628, -58.3740,  428.3750, -212.1250, -58.3740,  64, 64, 64
L 422.3202, -220.1980, -58.3740,  428.3750, -212.1250, -58.3740,  64, 64, 64
L 412.3750, -240.0885, -58.3740,  422.3202, -220.1980, -58.3740,  64, 64, 64
L 412.3750, -259.9114, -58.3740,  412.3750, -240.0885, -58.3740,  64, 64, 64
L 453.6803, -279.8008, -58.3740,  447.8125, -287.6250, -58.3740,  64, 64, 64
L 463.6250, -259.9115, -58.3740,  453.6803, -279.8008, -58.3740,  64, 64, 64
L 463.6250, -240.0886, -58.3740,  463.6250, -259.9115, -58.3740,  64, 64, 64
L 453.6812, -220.2009, -58.3740,  463.6250, -240.0886, -58.3740,  64, 64, 64
L 447.6250, -212.1248, -58.3740,  453.6812, -220.2009, -58.3740,  64, 64, 64
L 447.6250, -182.3623, -58.3739,  447.6250, -212.1248, -58.3740,  64, 64, 64
L 447.6250, -178.4013, -57.3738,  447.6250, -182.3623, -58.3739,  64, 64, 64
L 446.7199, -174.4259, -56.3738,  447.6250, -178.4013, -57.3738,  64, 64, 64
L 444.8022, -170.4429, -55.3740,  446.7199, -174.4259, -56.3738,  64, 64, 64
L 441.8717, -166.4539, -54.3740,  444.8022, -170.4429, -55.3740,  64, 64, 64
L 437.9466, -162.4769, -53.3740,  441.8717, -166.4539, -54.3740,  64, 64, 64
L 433.0780, -160.4351, -52.3739,  437.9466, -162.4769, -53.3740,  64, 64, 64
L 427.1688, -159.4083, -51.3740,  433.0780, -160.4351, -52.3739,  64, 64, 64
L 421.2513, -159.3750, -50.3740,  427.1688, -159.4083, -51.3740,  64, 64, 64
L 414.3625, -159.3750, -49.3729,  421.2513, -159.3750, -50.3740,  64, 64, 64
L 382.2513, -159.3750, -48.3739,  414.3625, -159.3750, -49.3729,  64, 64, 64
L 380.1902, -159.3750, -47.3739,  382.2513, -159.3750, -48.3739,  64, 64, 64
L 378.1381, -159.3750, -46.3740,  380.1902, -159.3750, -47.3739,  64, 64, 64
L 375.9964, -159.4423, -45.3725,  378.1381, -159.3750, -46.3740,  64, 64, 64
L 373.9733, -158.4059, -44.3641,  375.9964, -159.4423, -45.3725,  64, 64, 64
L 371.8861, -156.4164, -43.3740,  373.9733, -158.4059, -44.3641,  64, 64, 64
L 370.7870, -154.4126, -42.3740,  371.8861, -156.4164, -43.3740,  64, 64, 64
L 369.7755, -152.3896, -41.3740,  370.7870, -154.4126, -42.3740,  64, 64, 64
L 369.6250, -150.3624, -40.3740,  369.7755, -152.3896, -41.3740,  64, 64, 64
L 369.6250, -150.3621, -40.3719,  369.6250, -114.9032, -39.3740,  64, 64, 64
L 247.3744, -220.1250, -31.3740,  247.3676, -219.6250, -31.9990,  64, 64, 64
L 215.3746, -129.6250, -21.3740,  215.3750, -110.3750, -21.3740,  64, 64, 64
L 215.3746, -129.6250, -21.3740,  235.3750, -129.6250, -29.3740,  64, 64, 64
L 165.3748, -129.6250, -19.3740,  215.3746, -129.6250, -21.3740,  64, 64, 64
L 235.3750, -219.6250, -31.3740,  235.3750, -110.3750, -31.3740,  64, 64, 64
L 247.3676, -219.6250, -31.3740,  235.3750, -219.6250, -31.3740,  64, 64, 64
L 272.6250, -220.1250, -31.3740,  247.3750, -220.1250, -31.3740,  64, 64, 64
L 272.6250, -219.6250, -31.3740,  272.6250, -220.1250, -31.3740,  64, 64, 64
L 299.6250, -219.6250, -31.3740,  272.6250, -219.6250, -31.3740,  64, 64, 64
L 299.6250, -154.3746, -31.3740,  299.6250, -219.6250, -31.3740,  64, 64, 64
L 289.6249, -154.3751, -31.3740,  299.6250, -154.3746, -31.3740,  64, 64, 64
L 289.6250, -94.6250, -39.3740,  289.6249, -154.3751, -31.6462,  64, 64, 64
L 302.6250, -94.6250, -39.3740,  289.6250, -94.6250, -39.3740,  64, 64, 64
L 302.6250, -92.6250, -39.3740,  302.6250, -94.6250, -39.3740,  64, 64, 64
L 307.3750, -92.6250, -39.3740,  302.6250, -92.6250, -39.3740,  64, 64, 64
L 307.3750, -119.6250, -39.3740,  307.3750, -92.6250, -39.3740,  64, 64, 64
L 350.3750, -119.6250, -39.3740,  307.3750, -119.6250, -39.3740,  64, 64, 64
L 350.3750, -150.3628, -40.3740,  350.3749, -119.6176, -39.3740,  64, 64, 64
L 369.6250, -50.3748, -39.3740,  369.6250, -116.1280, -39.3740,  64, 64, 64
L 307.3750, -50.3750, -39.3740,  369.6250, -50.3749, -39.3740,  64, 64, 64
L 307.3750, -77.3750, -39.3740,  307.3750, -50.3750, -39.3740,  64, 64, 64
L 302.6250, -77.3750, -39.3740,  307.3750, -77.3750, -39.3740,  64, 64, 64
L 302.6250, -75.3748, -39.3740,  302.6250, -77.3750, -39.3740,  64, 64, 64
L 289.6250, -75.3750, -39.3740,  302.6250, -75.3748, -39.3740,  64, 64, 64
L 289.6250, -21.6250, -48.9090,  289.6250, -75.3750, -39.4534,  64, 64, 64
L 333.9678, -21.6250, -59.3627,  289.6250, -21.6250, -49.7684,  64, 64, 64
L 353.6250, -21.6250, -59.3740,  333.9678, -21.6250, -59.3627,  64, 64, 64
L 353.6250, 42.0079, -69.3718,  353.6250, -21.6250, -59.3740,  64, 64, 64
L 353.6250, 89.6250, -69.3740,  353.6250, 42.0079, -69.3718,  64, 64, 64
L 270.3747, 89.6250, -69.3740,  353.6250, 89.6250, -69.3740,  64, 64, 64
L 270.3750, 71.5645, -69.3740,  270.3748, 89.6250, -69.3740,  64, 64, 64
L 189.0514, 46.6250, -69.3740,  267.5140, 68.9043, -69.3740,  64, 64, 64
L 153.3750, 46.6250, -69.3740,  189.0514, 46.6250, -69.3740,  64, 64, 64
L 153.3750, 45.6250, -69.3740,  153.3750, 46.6250, -69.3740,  64, 64, 64
L 148.6250, 45.6250, -69.3740,  153.3750, 45.6250, -69.3740,  64, 64, 64
L 148.6250, 51.9507, -69.3740,  148.6250, 45.6250, -69.3740,  64, 64, 64
L 134.6653, 101.8107, -69.3740,  148.6250, 51.9507, -69.3740,  64, 64, 64
L 114.7597, 123.7068, -69.3740,  134.6653, 101.8107, -69.3740,  64, 64, 64
L 104.8792, 129.6352, -69.3740,  114.7597, 123.7068, -69.3740,  64, 64, 64
L 74.9815, 132.6250, -69.3740,  104.8792, 129.6352, -69.3740,  64, 64, 64
L -4.9949, 133.6250, -69.3740,  74.9815, 132.6250, -69.3740,  64, 64, 64
L -64.9811, 132.6250, -69.3740,  -4.9949, 133.6250, -69.3740,  64, 64, 64
L -94.8790, 129.6352, -69.3740,  -64.9811, 132.6250, -69.3740,  64, 64, 64
L -104.7596, 123.7069, -69.3740,  -94.8790, 129.6352, -69.3740,  64, 64, 64
L -124.6653, 101.8108, -69.3740,  -104.7596, 123.7069, -69.3740,  64, 64, 64
L -130.6395, 81.8968, -69.3740,  -124.6653, 101.8108, -69.3740,  64, 64, 64
L -138.6250, 51.9509, -69.3740,  -130.6395, 81.8968, -69.3740,  64, 64, 64
L -138.6250, 51.9510, -69.3740,  -138.6249, 46.6250, -69.3740,  64, 64, 64
L -178.6250, 46.6250, -69.3740,  -138.6249, 46.6250, -69.3740,  64, 64, 64
L -215.3750, 46.6250, -51.0968,  -178.6250, 46.6250, -69.3740,  64, 64, 64
L -215.3750, 51.6250, -49.3740,  -215.3750, 46.6250, -49.3740,  64, 64, 64
L -250.6250, 51.6250, -49.3740,  -215.3750, 51.6250, -49.3740,  64, 64, 64
L -250.6250, 22.3750, -49.3740,  -250.6250, 51.6250, -49.3740,  64, 64, 64
L -244.6250, 22.3750, -49.3740,  -250.6250, 22.3750, -49.3740,  64, 64, 64
L -244.6250, 19.6250, -49.3740,  -244.6250, 22.3750, -49.3740,  64, 64, 64
L -250.6250, 19.6250, -49.3740,  -244.6250, 19.6250, -49.3740,  64, 64, 64
L -250.6250, -16.3750, -49.3740,  -250.6250, 19.6250, -49.3740,  64, 64, 64
L -268.3750, -16.3750, -49.3740,  -250.6250, -16.3750, -49.3740,  64, 64, 64
L -268.3749, -11.6241, -49.3740,  -268.3750, -16.3750, -49.3740,  64, 64, 64
L -260.3742, -11.6250, -50.3740,  -268.3749, -11.6250, -50.3740,  64, 64, 64
L -260.3750, 15.6250, -50.3740,  -260.3742, -11.6250, -50.3740,  64, 64, 64
L -289.6250, 15.6250, -50.3740,  -260.3750, 15.6250, -50.3740,  64, 64, 64
L -289.6250, -11.6254, -50.3740,  -289.6250, 15.6250, -50.3740,  64, 64, 64
L -268.3749, -11.6241, -50.3740,  -289.6250, -11.6254, -50.3740,  64, 64, 64
L -281.6250, -16.3750, -49.3740,  -281.6250, -11.6249, -49.3740,  64, 64, 64
L -294.3750, -16.3750, -49.3740,  -281.6250, -16.3750, -49.3740,  64, 64, 64
L -294.3750, -8.3750, -50.3740,  -294.3750, -29.6250, -50.3740,  64, 64, 64
L -321.6250, -8.3750, -50.3740,  -294.3750, -8.3750, -50.3740,  64, 64, 64
L -321.6250, -37.6250, -50.3740,  -321.6250, -8.3750, -50.3740,  64, 64, 64
L -294.3750, -37.6250, -50.3740,  -321.6250, -37.6250, -50.3740,  64, 64, 64
L -294.3750, -37.6250, -50.3740,  -294.3750, -29.6250, -50.3740,  64, 64, 64
L -281.6250, -29.6250, -49.3740,  -294.3750, -29.6250, -49.3740,  64, 64, 64
L -281.6250, -34.3750, -49.3740,  -281.6250, -29.6250, -49.3740,  64, 64, 64
L -289.6249, -34.3750, -50.3740,  -268.3750, -34.3750, -50.3740,  64, 64, 64
L -289.6250, -61.6250, -50.3740,  -289.6249, -34.3750, -50.3740,  64, 64, 64
L -260.3743, -61.6250, -50.3740,  -289.6250, -61.6250, -50.3740,  64, 64, 64
L -260.3750, -34.3750, -50.3740,  -260.3743, -61.6250, -50.3740,  64, 64, 64
L -268.3749, -34.3750, -50.3740,  -260.3750, -34.3750, -50.3740,  64, 64, 64
L -268.3750, -29.6250, -49.3740,  -268.3749, -34.3750, -49.3740,  64, 64, 64
L -250.6250, -29.6250, -49.3740,  -268.3750, -29.6250, -49.3740,  64, 64, 64
L -250.6250, -49.6250, -49.3740,  -250.6250, -29.6250, -49.3740,  64, 64, 64
L -250.6250, -49.6250, -49.3740,  -225.3748, -49.6250, -49.3740,  64, 64, 64
L -244.6250, -81.6250, -33.3740,  -244.6250, -49.6250, -47.3740,  64, 64, 64
L -244.6250, -129.6250, -31.3740,  -244.6250, -81.6250, -33.3740,  64, 64, 64
L -225.3750, -129.6250, -31.3740,  -244.6250, -129.6250, -31.3740,  64, 64, 64
L -205.3737, -129.6250, -21.3740,  -225.3750, -129.6250, -31.3740,  64, 64, 64
L -155.3750, -129.6250, -19.3740,  -205.3737, -129.6250, -21.3740,  64, 64, 64
L -155.3750, -67.0517, -19.3740,  -155.3746, -129.6250, -19.3740,  64, 64, 64
L -124.7689, -99.6983, -19.3740,  -155.3750, -67.0517, -19.3740,  64, 64, 64
L -94.8617, -115.6488, -19.3740,  -124.7689, -99.6983, -19.3740,  64, 64, 64
L -64.9267, -123.6314, -19.3740,  -94.8617, -115.6488, -19.3740,  64, 64, 64
L -34.9627, -127.6266, -19.3740,  -64.9267, -123.6314, -19.3740,  64, 64, 64
L -4.9872, -129.6250, -19.3740,  -34.9627, -127.6266, -19.3740,  64, 64, 64
L 14.9874, -129.6250, -19.3740,  -4.9872, -129.6250, -19.3740,  64, 64, 64
L 44.9629, -127.6266, -19.3740,  14.9874, -129.6250, -19.3740,  64, 64, 64
L 74.9265, -123.6315, -19.3740,  44.9629, -127.6266, -19.3740,  64, 64, 64
L 104.8615, -115.6489, -19.3740,  74.9265, -123.6315, -19.3740,  64, 64, 64
L 134.7673, -99.6991, -19.3740,  104.8615, -115.6489, -19.3740,  64, 64, 64
L 165.3750, -67.0516, -19.3740,  134.7689, -99.6983, -19.3740,  64, 64, 64
L 165.3736, -129.6250, -19.3740,  165.3750, -67.0516, -19.3740,  64, 64, 64
L 144.6250, 302.3751, 0.6260,  164.6250, 302.3737, 0.6260,  64, 64, 64
L 144.6250, 241.6250, 0.6260,  144.6250, 302.3751, 0.6260,  64, 64, 64
L 184.6250, 241.6250, 0.6260,  144.6250, 241.6250, 0.6260,  64, 64, 64
L 184.6250, 221.6357, -0.3740,  184.6250, 241.6250, 0.6260,  64, 64, 64
L 184.6250, 203.6372, -9.3740,  184.6250, 221.6357, -0.3740,  64, 64, 64
L 184.6250, 189.6372, -10.3740,  184.6250, 203.6372, -9.3740,  64, 64, 64
L 184.6250, 171.6288, -18.3740,  184.6250, 189.6372, -10.3740,  64, 64, 64
L 165.3747, 189.6372, -10.3740,  165.3747, 171.6372, -19.3740,  64, 64, 64
L 165.3750, 203.6372, -9.3739,  165.3747, 189.6475, -10.3407,  64, 64, 64
L 165.3750, 203.6372, -9.3739,  165.3750, 222.3750, -0.3740,  64, 64, 64
L 125.3750, 222.3750, 0.6260,  165.3750, 222.3750, 0.6260,  64, 64, 64
L 125.3750, 282.3749, 0.6260,  125.3750, 222.3750, 0.6260,  64, 64, 64
L 65.3750, 282.3750, 0.6260,  125.3750, 282.3749, 0.6260,  64, 64, 64
L 65.3750, 282.3750, 0.6260,  65.3750, 302.3750, 0.6260,  64, 64, 64
L 45.3750, 302.3750, 0.6260,  65.3750, 302.3750, 0.6260,  64, 64, 64
L 45.3752, 502.3750, 0.6260,  45.3750, 302.3750, 0.6260,  64, 64, 64
L -35.3750, 502.3750, 0.6260,  45.3752, 502.3750, 0.6260,  64, 64, 64
L -35.3750, 302.3750, 0.6260,  -35.3750, 502.3750, 0.6260,  64, 64, 64
L -55.3750, 302.3749, 0.6260,  -35.3750, 302.3750, 0.6260,  64, 64, 64
L -55.3750, 282.3750, 0.6260,  -55.3750, 302.3749, 0.6260,  64, 64, 64
L -115.3750, 282.3749, 0.6260,  -55.3750, 282.3750, 0.6260,  64, 64, 64
L -115.3750, 222.3750, 0.6260,  -115.3750, 282.3749, 0.6260,  64, 64, 64
L -115.3750, 222.3750, 0.6260,  -155.3750, 222.3756, 0.6260,  64, 64, 64
L -155.3750, 203.6515, -9.3303,  -155.3750, 222.3756, -0.3700,  64, 64, 64
L -155.3744, 189.6377, -10.3718,  -155.3750, 203.6515, -9.3303,  64, 64, 64
L -155.3747, 171.6385, -19.3691,  -155.3744, 189.6377, -10.3718,  64, 64, 64
L -155.3750, 171.7520, -19.1875,  -155.3750, 141.0517, -19.3740,  64, 64, 64
L -124.7689, 173.6983, -19.3740,  -155.3750, 141.0517, -19.3740,  64, 64, 64
L -94.8616, 189.6488, -19.3740,  -124.7689, 173.6983, -19.3740,  64, 64, 64
L -64.9265, 197.6315, -19.3740,  -94.8616, 189.6488, -19.3740,  64, 64, 64
L -35.0342, 201.6171, -19.3740,  -64.9265, 197.6315, -19.3740,  64, 64, 64
L -4.9872, 203.6250, -19.3740,  -35.0109, 201.6202, -19.3740,  64, 64, 64
L 14.9875, 203.6250, -19.3740,  -4.9872, 203.6250, -19.3740,  64, 64, 64
L 44.9629, 201.6266, -19.3740,  14.9875, 203.6250, -19.3740,  64, 64, 64
L 74.9225, 197.6320, -19.3740,  44.9629, 201.6266, -19.3740,  64, 64, 64
L 104.8617, 189.6488, -19.3740,  74.9225, 197.6320, -19.3740,  64, 64, 64
L 134.7673, 173.6991, -19.3740,  104.8617, 189.6488, -19.3740,  64, 64, 64
L 134.7671, 173.6992, -19.3740,  165.3750, 141.0517, -19.3740,  64, 64, 64
L 165.3748, 171.6362, -19.3740,  165.3750, 141.0517, -19.3740,  64, 64, 64
L 194.6250, 171.6250, -19.3740,  165.3748, 171.6362, -19.3740,  64, 64, 64
L 194.6250, 111.9062, -19.3740,  194.6250, 171.6250, -19.3740,  64, 64, 64
L 210.6488, 81.8617, -19.3740,  194.6250, 111.9062, -19.3740,  64, 64, 64
L 218.6250, 51.9508, -19.3740,  210.6488, 81.8617, -19.3740,  64, 64, 64
L 218.6250, 22.0490, -19.3740,  218.6250, 51.9508, -19.3740,  64, 64, 64
L 210.6497, -7.8580, -19.3740,  218.6250, 22.0490, -19.3740,  64, 64, 64
L 194.6250, -37.9063, -19.3740,  210.6497, -7.8580, -19.3740,  64, 64, 64
L 194.6250, -110.3750, -19.3740,  194.6250, -37.9063, -19.3740,  64, 64, 64
L 215.3750, -110.3750, -21.3740,  194.6250, -110.3750, -19.3740,  64, 64, 64
L 235.3750, -110.3750, -31.3740,  215.3750, -110.3750, -21.3740,  64, 64, 64
L 254.6250, -110.3750, -31.3740,  235.3750, -110.3750, -31.3740,  64, 64, 64
L 254.6250, -154.3750, -31.3740,  254.6250, -110.3750, -31.3740,  64, 64, 64
L 254.6250, -154.3750, -31.3740,  270.3749, -154.3750, -31.3740,  64, 64, 64
L 270.3750, -110.7276, -39.2391,  270.3749, -154.3750, -31.4831,  64, 64, 64
L 270.3750, -65.9325, -39.3853,  270.3750, -110.7276, -39.2391,  64, 64, 64
L 270.3750, -21.0025, -49.3740,  270.3750, -65.9325, -39.3853,  64, 64, 64
L 270.3750, -2.3750, -49.3740,  270.3750, -21.0025, -49.3740,  64, 64, 64
L 289.8316, -2.3750, -49.3740,  334.3750, -2.3750, -58.8960,  64, 64, 64
L 270.3750, -2.3750, -49.3740,  289.8316, -2.3750, -49.3740,  64, 64, 64
L 334.3750, -2.3750, -60.1104,  334.3749, 42.3750, -68.6390,  64, 64, 64
L 270.3749, 42.3750, -69.3740,  334.3749, 42.3750, -69.3740,  64, 64, 64
L 270.3750, 42.3750, -69.3740,  270.3750, 50.4955, -69.3740,  64, 64, 64
L 188.9478, 27.3750, -69.3740,  270.3750, 50.4955, -69.3740,  64, 64, 64
L 153.3750, 27.3750, -69.3740,  188.9478, 27.3750, -69.3740,  64, 64, 64
L 153.3750, 27.3750, -69.3740,  153.3750, 28.3750, -69.3740,  64, 64, 64
L 148.6250, 28.3750, -69.3740,  153.3750, 28.3750, -69.3740,  64, 64, 64
L 148.6250, 22.0492, -69.3740,  148.6250, 28.3750, -69.3740,  64, 64, 64
L 134.6653, -27.8108, -69.3740,  148.6250, 22.0492, -69.3740,  64, 64, 64
L 114.7597, -49.7069, -69.3740,  134.6653, -27.8108, -69.3740,  64, 64, 64
L 104.8793, -55.6352, -69.3740,  114.7597, -49.7069, -69.3740,  64, 64, 64
L 74.9812, -58.6250, -69.3740,  104.8793, -55.6352, -69.3740,  64, 64, 64
L 14.9958, -59.6250, -69.3740,  74.9812, -58.6250, -69.3740,  64, 64, 64
L -4.9939, -59.6250, -69.3740,  14.9958, -59.6250, -69.3740,  64, 64, 64
L -64.9423, -58.6250, -69.3740,  -4.9939, -59.6250, -69.3740,  64, 64, 64
L -64.9813, -58.6250, -69.3740,  -64.9423, -58.6250, -69.3740,  64, 64, 64
L -94.8764, -55.6355, -69.3740,  -64.9813, -58.6250, -69.3740,  64, 64, 64
L -104.7574, -49.7082, -69.3740,  -94.8764, -55.6355, -69.3740,  64, 64, 64
L -124.6659, -27.8090, -69.3740,  -104.7574, -49.7082, -69.3740,  64, 64, 64
L -138.6250, 22.0492, -69.3740,  -124.6659, -27.8090, -69.3740,  64, 64, 64
L -138.5271, 21.6822, -69.3740,  -138.6729, 27.3750, -69.3740,  64, 64, 64
L -178.6250, 27.3749, -69.3740,  -138.6729, 27.3750, -69.3740,  64, 64, 64
L -178.6250, 27.3749, -69.3740,  -215.3750, 27.3750, -50.1483,  64, 64, 64
L -215.3750, 22.3750, -49.3740,  -215.3750, 27.3750, -49.3740,  64, 64, 64
L -215.3750, 22.3750, -49.3740,  -228.3750, 22.3750, -49.3740,  64, 64, 64
L -228.3750, 22.3750, -49.3740,  -228.3750, 19.6250, -49.3740,  64, 64, 64
L -221.3745, 19.6250, -49.3740,  -228.3750, 19.6250, -49.3740,  64, 64, 64
L -221.3750, -49.6250, -49.3740,  -221.3745, 19.6250, -49.3740,  64, 64, 64
L -221.3745, -49.6250, -49.3740,  -225.3748, -49.6250, -49.3740,  64, 64, 64
L -225.3747, -81.6250, -33.3740,  -225.3748, -49.6250, -47.3740,  64, 64, 64
L -225.3746, -81.6250, -33.3740,  -225.3751, -110.3750, -31.3740,  64, 64, 64
L -225.3751, -110.3750, -29.3740,  -184.6250, -110.3750, -19.3740,  64, 64, 64
L -184.6254, -37.9819, -19.3740,  -184.6250, -110.3750, -19.3740,  64, 64, 64
L -200.6515, -7.8512, -19.3740,  -184.6254, -37.9819, -19.3740,  64, 64, 64
L -208.6250, 22.0499, -19.3740,  -200.6515, -7.8512, -19.3740,  64, 64, 64
L -208.6250, 51.9509, -19.3740,  -208.6250, 22.0499, -19.3740,  64, 64, 64
L -200.6488, 81.8616, -19.3740,  -208.6250, 51.9509, -19.3740,  64, 64, 64
L -184.6249, 111.9063, -19.3740,  -200.6488, 81.8616, -19.3740,  64, 64, 64
L -184.6250, 171.6250, -19.3740,  -184.6249, 111.9063, -19.3740,  64, 64, 64
L -184.6250, 171.6250, -19.3740,  -174.6250, 171.6250, -19.3740,  64, 64, 64
L -174.6249, 189.6372, -10.3740,  -174.6250, 171.6250, -18.3740,  64, 64, 64
L -174.6250, 203.6372, -9.3740,  -174.6249, 189.6372, -10.3740,  64, 64, 64
L -174.6250, 241.6250, 0.6260,  -174.6250, 203.6372, -9.3740,  64, 64, 64
L -134.6250, 241.6250, 0.6260,  -174.6250, 241.6250, 0.6260,  64, 64, 64
L -134.6250, 302.3750, 0.6260,  -134.6250, 241.6250, 0.6260,  64, 64, 64
L -154.6250, 302.3749, 0.6260,  -134.6250, 302.3750, 0.6260,  64, 64, 64
L -154.6250, 499.6250, 0.6260,  -154.6250, 302.3750, 0.6260,  64, 64, 64
L -154.6250, 499.6250, 0.6260,  -132.6250, 499.6250, 0.6260,  64, 64, 64
L -152.6250, 524.3719, 0.6260,  -152.6250, 526.3749, 0.6260,  64, 64, 64
L -132.6250, 499.6250, 0.6260,  -132.6250, 524.3751, 0.6260,  64, 64, 64
L -152.6250, 524.3727, 0.6260,  -132.6250, 524.3751, 0.6260,  64, 64, 64
L -197.3750, 526.3749, 0.1260,  -152.6250, 526.3749, 0.6260,  64, 64, 64
L -197.3750, 486.3750, -0.3740,  -197.3750, 526.3749, -0.3740,  64, 64, 64
L -204.6250, 486.3745, -0.3740,  -197.3750, 486.3750, -0.3740,  64, 64, 64
L -204.6250, 486.3744, -0.3740,  -204.6250, 488.3750, -0.3740,  100, 50, 0
L -206.6760, 488.3750, -0.3740,  -204.6250, 488.3750, -0.3740,  100, 50, 0
L -206.7113, 485.6249, -0.8740,  -206.6760, 488.3750, -0.3740,  100, 50, 0
L -205.3745, 485.6250, -0.8740,  -206.7113, 485.6249, -0.8740,  100, 50, 0
L -205.3750, 466.3750, -0.8740,  -205.3745, 485.6250, -0.8740,  64, 64, 64
L -228.6250, 466.3750, -0.8740,  -205.3750, 466.3750, -0.8740,  64, 64, 64
L -228.6250, 485.6250, -0.8740,  -228.6250, 466.3750, -0.8740,  64, 64, 64
L -228.6250, 485.6250, -0.8740,  -216.6757, 485.6249, -0.8740,  100, 50, 0
L -216.7050, 487.3865, -0.3740,  -216.6757, 485.6249, -0.8740,  100, 50, 0
L -226.4383, 487.3750, -0.3740,  -216.7050, 487.3865, -0.3740,  100, 50, 0
L -226.5238, 488.7636, -0.3740,  -226.4383, 487.3750, -0.3740,  100, 50, 0
L -229.3326, 488.7400, -0.3740,  -226.5238, 488.7636, -0.3740,  100, 50, 0
L -229.3750, 486.3750, -0.3740,  -229.3326, 488.7400, -0.3740,  100, 50, 0
L -236.6250, 486.3750, -0.3740,  -229.3750, 486.3750, -0.3740,  64, 64, 64
L -236.6458, 488.1230, -0.3740,  -236.6250, 486.3750, -0.3740,  100, 50, 0
L -239.3483, 488.1390, -0.8740,  -236.6458, 488.1230, -0.3740,  100, 50, 0
L -239.3750, 486.3750, -0.8740,  -239.3483, 488.1390, -0.8740,  100, 50, 0
L -258.5342, 486.3750, -0.8740,  -239.3750, 486.3750, -0.8740,  64, 64, 64
L -258.4911, 488.4117, -0.8740,  -258.5342, 486.3750, -0.8740,  100, 50, 0
L -260.6250, 488.3748, -0.8740,  -258.4911, 488.4117, -0.8740,  100, 50, 0
L -260.6250, 507.6250, -0.8740,  -260.6250, 488.3748, -0.8740,  64, 64, 64
L -239.3747, 508.1250, -0.8740,  -258.6250, 508.1250, -0.8740,  100, 50, 0
L -239.3750, 498.0751, -0.8740,  -239.3748, 508.1250, -0.8740,  100, 50, 0
L -237.6250, 498.0915, -0.3740,  -239.3750, 498.0751, -0.8740,  100, 50, 0
L -237.6250, 507.6250, -0.3740,  -237.6250, 498.0915, -0.3740,  100, 50, 0
L -237.3981, 507.6250, -0.3740,  -237.6250, 507.6250, -0.3740,  100, 50, 0
L -237.3749, 510.3750, -0.3740,  -237.3981, 507.6250, -0.3740,  100, 50, 0
L -258.1600, 509.8750, -1.4990,  -239.3750, 509.8750, -0.8740,  100, 50, 0
L -258.1317, 509.8750, -1.4990,  -258.1290, 510.3765, -1.4990,  100, 50, 0
L -260.6250, 510.3750, -0.8740,  -258.1290, 510.3765, -0.8740,  100, 50, 0
L -260.6250, 529.6250, -0.8740,  -260.6250, 510.3750, -0.8740,  64, 64, 64
L -258.6797, 529.7046, -0.8740,  -260.6250, 529.6250, -0.8740,  100, 50, 0
L -258.6250, 530.1250, -0.8740,  -258.6797, 529.7046, -0.8740,  100, 50, 0
L -239.3748, 530.1250, -0.8740,  -258.6250, 530.1250, -0.8740,  100, 50, 0
L -239.3737, 519.9689, -0.8740,  -239.3748, 530.1250, -0.8740,  100, 50, 0
L -237.6283, 519.9503, -0.3740,  -239.3737, 519.9689, -0.8740,  100, 50, 0
L -237.6250, 529.6250, -0.3740,  -237.6283, 519.9503, -0.3740,  100, 50, 0
L -236.2772, 529.6740, -0.3740,  -237.6250, 529.6250, -0.3740,  100, 50, 0
L -236.2886, 532.5186, -0.3740,  -236.2772, 529.6740, -0.3740,  100, 50, 0
L -239.3530, 532.5122, -0.8735,  -236.2886, 532.5186, -0.3740,  100, 50, 0
L -239.3750, 531.8749, -0.8740,  -239.3530, 532.5122, -0.8735,  100, 50, 0
L -258.6250, 531.8738, -0.8740,  -239.3750, 531.8749, -0.8740,  100, 50, 0
L -258.8504, 532.3889, -0.8740,  -258.6250, 531.8738, -0.8740,  100, 50, 0
L -260.6250, 532.3749, -0.8740,  -258.8504, 532.3889, -0.8740,  100, 50, 0
L -260.6250, 551.6249, -0.8740,  -260.6250, 532.3749, -0.8740,  64, 64, 64
L -258.7456, 551.6247, -0.8740,  -258.6250, 552.1250, -0.8740,  100, 50, 0
L -260.6250, 551.6249, -0.8740,  -258.7456, 551.6247, -0.8740,  100, 50, 0
L -239.3747, 552.1250, -0.8740,  -258.6250, 552.1250, -0.8740,  100, 50, 0
L -239.3714, 541.9479, -0.8740,  -239.3747, 552.1250, -0.8740,  100, 50, 0
L -237.6315, 541.9302, -0.3740,  -239.3714, 541.9479, -0.8740,  100, 50, 0
L -237.6250, 551.6249, -0.3740,  -237.6315, 541.9302, -0.3740,  100, 50, 0
L -237.2563, 551.6249, -0.3740,  -237.6250, 551.6249, -0.3740,  100, 50, 0
L -237.2374, 554.9402, -0.3740,  -237.2563, 551.6249, -0.3740,  100, 50, 0
L -239.3532, 554.9199, -0.8740,  -237.2374, 554.9402, -0.3740,  100, 50, 0
L -239.3750, 553.8750, -0.8740,  -239.3532, 554.9209, -0.8740,  100, 50, 0
L -258.6250, 553.8750, -0.8740,  -239.3750, 553.8750, -0.8740,  100, 50, 0
L -258.6770, 554.1906, -0.8740,  -258.6250, 553.8750, -0.8740,  100, 50, 0
L -258.9901, 554.3748, -0.8740,  -258.6770, 554.1906, -0.8740,  100, 50, 0
L -260.6250, 554.3750, -0.8740,  -258.9901, 554.3748, -0.8740,  100, 50, 0
L -260.6250, 573.4529, -0.8740,  -260.6250, 554.3750, -0.8740,  64, 64, 64
L -258.6211, 573.4460, -0.8740,  -260.6250, 573.4529, -0.8740,  100, 50, 0
L -258.6250, 574.1250, -0.8740,  -258.6211, 573.4460, -0.8740,  100, 50, 0
L -239.3746, 574.1250, -0.8740,  -258.6250, 574.1250, -0.8740,  100, 50, 0
L -239.3628, 563.9053, -0.8740,  -239.3746, 574.1250, -0.8740,  100, 50, 0
L -237.6357, 563.9111, -0.3740,  -239.3628, 563.9053, -0.8740,  100, 50, 0
L -237.6250, 573.4011, -0.3740,  -237.6357, 563.9111, -0.3740,  100, 50, 0
L -236.8557, 573.4177, -0.3740,  -237.6250, 573.4011, -0.3740,  100, 50, 0
L -236.8363, 576.5338, -0.3740,  -236.8557, 573.4177, -0.3740,  100, 50, 0
L -239.3579, 576.5198, -0.8740,  -236.8363, 576.5338, -0.3740,  100, 50, 0
L -239.3750, 575.8749, -0.8740,  -239.3579, 576.5198, -0.8740,  100, 50, 0
L -258.3779, 575.8749, -0.8740,  -239.3750, 575.8749, -0.8740,  100, 50, 0
L -258.3733, 576.3671, -0.8740,  -258.3779, 575.8749, -0.8740,  100, 50, 0
L -260.6250, 576.3749, -0.8740,  -258.3733, 576.3671, -0.8740,  100, 50, 0
L -260.6250, 595.6161, -0.8740,  -260.6250, 576.3749, -0.8740,  64, 64, 64
L -258.6075, 595.5944, -0.8740,  -260.6250, 595.6161, -0.8740,  100, 50, 0
L -258.6250, 597.6250, -0.8740,  -258.6075, 595.5944, -0.8740,  100, 50, 0
L -239.3745, 597.6250, -0.8740,  -258.6250, 597.6250, -0.8740,  64, 64, 64
L -239.3750, 586.1002, -0.8740,  -239.3745, 597.6250, -0.8740,  100, 50, 0
L -237.6250, 586.0778, -0.3740,  -239.3750, 586.1002, -0.8740,  100, 50, 0
L -237.6250, 595.6249, -0.3740,  -237.6250, 586.0778, -0.3740,  100, 50, 0
L -236.6248, 595.7003, -0.3740,  -237.6250, 595.6249, -0.3740,  100, 50, 0
L -236.6250, 597.6249, -0.3740,  -236.6248, 595.7003, -0.3740,  100, 50, 0
L -229.5789, 597.6249, -0.3740,  -236.6250, 597.6249, -0.3740,  64, 64, 64
L -229.6042, 595.6884, -0.3740,  -229.5789, 597.6249, -0.3740,  100, 50, 0
L -226.5473, 595.6792, -0.3740,  -229.6042, 595.6884, -0.3740,  100, 50, 0
L -226.5428, 598.3514, -0.8690,  -226.5473, 595.6792, -0.3740,  100, 50, 0
L -228.6250, 598.3750, -0.8740,  -226.5428, 598.3514, -0.8690,  100, 50, 0
L -228.6250, 617.6250, -0.8740,  -228.6250, 598.3750, -0.8740,  64, 64, 64
L -205.3748, 617.6250, -0.8740,  -228.6250, 617.6250, -0.8740,  64, 64, 64
L -205.3750, 598.3750, -0.8740,  -205.3748, 617.6250, -0.8740,  64, 64, 64
L -217.0095, 598.3749, -0.8740,  -205.3750, 598.3750, -0.8740,  100, 50, 0
L -217.0056, 596.6249, -0.3740,  -217.0095, 598.3749, -0.8740,  100, 50, 0
L -207.3749, 596.6250, -0.3740,  -217.0056, 596.6249, -0.3740,  100, 50, 0
L -207.3540, 595.8760, -0.3740,  -207.3749, 596.6250, -0.3740,  100, 50, 0
L -204.6504, 595.8641, -0.3740,  -207.3540, 595.8760, -0.3740,  100, 50, 0
L -204.6250, 597.6250, -0.3740,  -204.6504, 595.8641, -0.3740,  100, 50, 0
L -197.3742, 597.6250, -0.3740,  -204.6250, 597.6250, -0.3740,  64, 64, 64
L -197.2941, 557.7673, -0.3740,  -197.3742, 597.6250, -0.3740,  64, 64, 64
L -152.6560, 557.8506, 0.6260,  -197.2941, 557.7673, -0.3740,  64, 64, 64
L -152.6250, 559.6250, 0.6260,  -152.6560, 557.8506, 0.6260,  64, 64, 64
L -132.7168, 559.7542, 0.6260,  -152.6250, 559.6250, 0.6260,  64, 64, 64
L -132.7272, 584.2573, 0.6260,  -132.7168, 559.7542, 0.6260,  64, 64, 64
L -154.6250, 584.3749, 0.6260,  -132.7272, 584.2573, 0.6260,  64, 64, 64
L -154.7435, 822.2735, 0.6260,  -154.6250, 584.3746, 0.6260,  64, 64, 64
L -204.6250, 822.3722, 0.6260,  -154.7435, 822.2735, 0.6260,  64, 64, 64
L -185.3750, 885.7639, 0.6260,  -185.2461, 841.7170, 0.6260,  64, 64, 64
L -204.6248, 885.7927, 0.6260,  -185.3750, 885.7639, 0.6260,  150, 0, 200
L -204.6250, 822.3749, 0.6260,  -204.6248, 885.7927, 0.6260,  64, 64, 64
L 165.2686, 841.7383, 0.6260,  -185.2721, 841.7419, 0.6260,  64, 64, 64
L 165.3001, 862.2249, 10.6260,  165.2686, 841.7383, 0.6260,  64, 64, 64
L 205.3007, 905.6555, 10.6260,  205.2872, 881.7588, 10.6260,  64, 64, 64
L 205.2747, 881.7446, 10.6260,  144.6250, 881.7582, 10.6260,  64, 64, 64
L 224.6250, 905.6587, 10.6260,  224.6250, 862.3749, 10.6260,  64, 64, 64
L 125.3750, 862.3749, 10.6260,  125.3747, 905.5036, 10.6260,  64, 64, 64
L 224.6250, 862.3671, 10.6260,  125.3750, 862.3749, 10.6260,  64, 64, 64
L 184.8206, 841.6707, 0.6260,  184.8577, 862.3469, 10.6260,  64, 64, 64
L 244.6250, 841.6250, 0.6260,  184.8206, 841.6707, 0.6260,  64, 64, 64
L 244.6250, 502.3737, 0.6260,  244.6250, 841.6250, 0.6260,  64, 64, 64
L 167.3750, 502.3750, 0.6260,  244.6250, 502.3737, 0.6260,  64, 64, 64
L 167.3553, 524.1200, 0.6260,  167.3750, 502.3750, 0.6260,  64, 64, 64
L 144.7698, 524.2960, 0.6260,  167.3553, 524.1200, 0.6260,  64, 64, 64
L 144.7576, 501.7138, 0.6260,  144.7698, 524.2960, 0.6260,  64, 64, 64
L 164.6250, 501.6250, 0.6260,  144.7576, 501.7138, 0.6260,  64, 64, 64
L 164.6250, 302.3750, 0.6260,  164.6250, 501.6250, 0.6260,  64, 64, 64
L -138.6875, 22.1241, -40.8955,  -124.7211, -27.8423, -40.8955,  64, 64, 64
L -138.6875, 51.7771, -40.8955,  -138.6875, 22.1241, -40.8955,  64, 64, 64
L -124.7211, 101.8423, -40.8955,  -138.6875, 51.7771, -40.8955,  64, 64, 64
L -104.7997, 123.7558, -40.8955,  -124.7211, 101.8423, -40.8955,  64, 64, 64
L -94.8955, 129.6964, -40.8955,  -104.7997, 123.7558, -40.8955,  64, 64, 64
L -65.2640, 132.6595, -40.8955,  -94.8955, 129.6964, -40.8955,  64, 64, 64
L -7.9277, 133.5891, -40.8955,  -65.2640, 132.6595, -40.8955,  64, 64, 64
L 17.5369, 133.6020, -40.8477,  -7.9277, 133.5891, -40.8955,  64, 64, 64
L 73.7974, 132.6875, -40.8477,  17.5369, 133.6020, -40.8477,  64, 64, 64
L 104.8938, 129.6966, -40.8477,  73.7974, 132.6875, -40.8477,  64, 64, 64
L 114.7998, 123.7557, -40.8477,  104.8938, 129.6966, -40.8477,  64, 64, 64
L 134.7230, 101.8358, -40.8477,  114.7998, 123.7557, -40.8477,  64, 64, 64
L 148.6875, 51.9590, -40.8477,  134.7230, 101.8358, -40.8477,  64, 64, 64
L 148.6875, 22.0409, -40.8453,  148.6875, 51.9590, -40.8477,  64, 64, 64
L 134.7211, -27.8423, -40.8453,  148.6875, 22.0409, -40.8453,  64, 64, 64
L 114.7997, -49.7557, -40.8453,  134.7211, -27.8423, -40.8453,  64, 64, 64
L 104.8992, -55.6960, -40.8453,  114.7997, -49.7557, -40.8453,  64, 64, 64
L 74.7351, -58.6875, -40.8453,  104.8992, -55.6960, -40.8453,  64, 64, 64
L -64.8818, -58.6875, -40.8453,  74.7351, -58.6875, -40.8453,  64, 64, 64
L -94.8865, -55.6973, -40.8453,  -64.8818, -58.6875, -40.8453,  64, 64, 64
L -104.7951, -49.7585, -40.8453,  -94.8865, -55.6973, -40.8453,  64, 64, 64
L -124.7220, -27.8393, -40.8453,  -104.7951, -49.7585, -40.8453,  64, 64, 64
L -140.7643, 38.9270, -39.3740,  -140.7643, 38.9270, -39.3740,  64, 64, 64
L -138.7047, 81.8946, -39.3740,  -146.5932, 52.3125, -39.3740,  64, 64, 64
L -130.7302, 103.8276, -39.3740,  -138.7047, 81.8946, -39.3740,  64, 64, 64
L -108.8025, 127.7529, -39.3740,  -130.7302, 103.8276, -39.3740,  64, 64, 64
L -94.8979, 135.6984, -39.3740,  -108.8025, 127.7529, -39.3740,  64, 64, 64
L -64.9790, 139.6875, -39.3740,  -94.8979, 135.6984, -39.3740,  64, 64, 64
L -5.3123, 141.6660, -39.3740,  -64.9790, 139.6875, -39.3740,  64, 64, 64
L 74.9797, 139.6875, -39.3740,  15.3124, 141.6660, -39.3740,  64, 64, 64
L 104.8907, 135.6993, -39.3740,  74.9797, 139.6875, -39.3740,  64, 64, 64
L 118.7995, 127.7547, -39.3740,  104.8907, 135.6993, -39.3740,  64, 64, 64
L 140.7276, 103.8347, -39.3740,  118.7995, 127.7547, -39.3740,  64, 64, 64
L 148.7035, 81.8992, -39.3740,  140.7276, 103.8347, -39.3740,  64, 64, 64
L 156.5933, 52.3124, -39.3740,  148.7035, 81.8992, -39.3740,  64, 64, 64
L 150.5815, -0.8564, -39.3740,  156.5932, 21.6875, -39.3740,  64, 64, 64
L 140.7287, -29.8318, -39.3740,  150.5815, -0.8564, -39.3740,  64, 64, 64
L 118.7976, -53.7557, -39.3740,  140.7287, -29.8318, -39.3740,  64, 64, 64
L 104.8981, -61.6983, -39.3740,  118.7976, -53.7557, -39.3740,  64, 64, 64
L 74.9789, -65.6875, -39.3740,  104.8981, -61.6983, -39.3740,  64, 64, 64
L 15.3124, -67.6660, -39.3740,  74.9789, -65.6875, -39.3740,  64, 64, 64
L -5.3125, -67.6660, -39.3740,  -65.5900, -65.6061, -39.3740,  64, 64, 64
L -64.9793, -65.6875, -39.3740,  -64.9793, -65.6875, -39.3740,  64, 64, 64
L -94.8899, -61.6994, -39.3740,  -65.5900, -65.6061, -39.3740,  64, 64, 64
L -108.8026, -53.7529, -39.3740,  -94.8899, -61.6994, -39.3740,  64, 64, 64
L -130.7287, -29.8319, -39.3740,  -108.8026, -53.7529, -39.3740,  64, 64, 64
L -138.7050, -7.8935, -39.3740,  -130.7287, -29.8319, -39.3740,  64, 64, 64
L -146.5932, 21.6875, -39.3740,  -138.7050, -7.8935, -39.3740,  64, 64, 64
L -150.6875, 52.3750, -35.3740,  -150.6875, 21.6250, -35.3740,  64, 64, 64
L -146.7047, 81.8947, -35.3740,  -154.5932, 52.3125, -35.3740,  64, 64, 64
L -136.7341, 105.8256, -35.3740,  -146.7047, 81.8947, -35.3740,  64, 64, 64
L -112.8005, 131.7533, -35.3740,  -136.7341, 105.8256, -35.3740,  64, 64, 64
L -94.8897, 141.7016, -35.3740,  -112.8005, 131.7533, -35.3740,  64, 64, 64
L -64.9656, 146.6885, -35.3740,  -94.8897, 141.7016, -35.3740,  64, 64, 64
L -34.9899, 147.6874, -35.3740,  -64.9656, 146.6885, -35.3740,  64, 64, 64
L -5.3125, 149.6660, -35.3740,  -34.9899, 147.6874, -35.3740,  64, 64, 64
L 15.3750, 145.6875, -35.3740,  -5.3750, 145.6875, -35.3740,  64, 64, 64
L 9.5884, 145.6875, -35.3740,  9.5884, 145.6875, -35.3740,  64, 64, 64
L 44.9490, 147.6890, -35.3740,  15.3125, 149.6660, -35.3740,  64, 64, 64
L 74.9601, 146.6886, -35.3740,  44.9490, 147.6890, -35.3740,  64, 64, 64
L 104.8954, 141.7006, -35.3740,  74.9601, 146.6886, -35.3740,  64, 64, 64
L 122.8008, 131.7531, -35.3740,  104.8954, 141.7006, -35.3740,  64, 64, 64
L 146.7329, 105.8286, -35.3740,  122.8008, 131.7531, -35.3740,  64, 64, 64
L 156.7051, 81.8930, -35.3740,  146.7329, 105.8286, -35.3740,  64, 64, 64
L 156.7072, 81.8850, -35.3740,  164.5932, 52.3125, -35.3740,  64, 64, 64
L 160.6875, 21.6250, -35.3740,  160.6874, 52.3750, -35.3740,  64, 64, 64
L 156.7048, -7.8943, -35.3740,  164.5932, 21.6875, -35.3740,  64, 64, 64
L 146.7341, -31.8257, -35.3740,  156.7048, -7.8943, -35.3740,  64, 64, 64
L 122.8009, -57.7531, -35.3740,  146.7341, -31.8257, -35.3740,  64, 64, 64
L 104.8908, -67.7014, -35.3740,  122.8009, -57.7531, -35.3740,  64, 64, 64
L 74.9659, -72.6885, -35.3740,  104.8908, -67.7014, -35.3740,  64, 64, 64
L 44.9844, -73.6878, -35.3740,  74.9659, -72.6885, -35.3740,  64, 64, 64
L 15.3125, -75.6660, -35.3740,  44.9844, -73.6878, -35.3740,  64, 64, 64
L -5.3750, -71.6875, -35.3740,  15.3750, -71.6875, -35.3740,  64, 64, 64
L -34.9842, -73.6879, -35.3740,  -5.3125, -75.6660, -35.3740,  64, 64, 64
L -34.9842, -73.6879, -35.3740,  -64.9641, -72.6885, -35.3740,  64, 64, 64
L -94.8919, -67.7012, -35.3740,  -64.9603, -72.6886, -35.3740,  64, 64, 64
L -112.8002, -57.7536, -35.3740,  -94.8919, -67.7012, -35.3740,  64, 64, 64
L -136.7329, -31.8286, -35.3740,  -112.8002, -57.7536, -35.3740,  64, 64, 64
L -146.7055, -7.8914, -35.3740,  -136.7329, -31.8286, -35.3740,  64, 64, 64
L -154.5932, 21.6875, -35.3740,  -146.7055, -7.8914, -35.3740,  64, 64, 64
L -158.6875, 52.3750, -31.3740,  -158.6875, 21.6251, -31.3740,  64, 64, 64
L -154.7067, 81.8868, -31.3740,  -162.5933, 52.3124, -31.3740,  64, 64, 64
L -142.7395, 107.8187, -31.3740,  -154.7067, 81.8868, -31.3740,  64, 64, 64
L -116.8020, 135.7520, -31.3740,  -142.7395, 107.8187, -31.3740,  64, 64, 64
L -94.8921, 147.7029, -31.3740,  -116.8020, 135.7520, -31.3740,  64, 64, 64
L -64.9587, 153.6896, -31.3740,  -94.8921, 147.7029, -31.3740,  64, 64, 64
L -5.3124, 157.6660, -31.3740,  -64.9587, 153.6896, -31.3740,  64, 64, 64
L 15.3750, 153.6875, -31.3740,  -5.3750, 153.6875, -31.3740,  64, 64, 64
L 74.9530, 153.6899, -31.3740,  15.3125, 157.6660, -31.3740,  64, 64, 64
L 104.8877, 147.7038, -31.3740,  74.9530, 153.6899, -31.3740,  64, 64, 64
L 126.8065, 135.7496, -31.3740,  104.8877, 147.7038, -31.3740,  64, 64, 64
L 152.7384, 107.8211, -31.3740,  126.8065, 135.7496, -31.3740,  64, 64, 64
L 164.7050, 81.8935, -31.3740,  152.7384, 107.8211, -31.3740,  64, 64, 64
L 172.5933, 52.3124, -31.3740,  164.7050, 81.8935, -31.3740,  64, 64, 64
L 168.6875, 21.6250, -31.3740,  168.6874, 52.3750, -31.3740,  64, 64, 64
L 164.7067, -7.8869, -31.3740,  172.5932, 21.6875, -31.3740,  64, 64, 64
L 152.7372, -33.8236, -31.3740,  164.7067, -7.8869, -31.3740,  64, 64, 64
L 126.8019, -61.7521, -31.3740,  152.7372, -33.8236, -31.3740,  64, 64, 64
L 104.8874, -73.7038, -31.3740,  126.8019, -61.7521, -31.3740,  64, 64, 64
L 74.9517, -79.6901, -31.3740,  104.8874, -73.7038, -31.3740,  64, 64, 64
L 15.3124, -83.6660, -31.3740,  74.9517, -79.6901, -31.3740,  64, 64, 64
L -5.3750, -87.6875, -27.3740,  15.3750, -87.6875, -27.3740,  64, 64, 64
L -5.3750, -79.6875, -31.3740,  15.3750, -79.6875, -31.3740,  64, 64, 64
L -64.9534, -79.6899, -31.3740,  -5.3125, -83.6660, -31.3740,  64, 64, 64
L -94.9314, -73.6815, -31.3740,  -64.9534, -79.6899, -31.3740,  64, 64, 64
L -116.8063, -61.7497, -31.3740,  -94.9314, -73.6815, -31.3740,  64, 64, 64
L -142.7372, -33.8236, -31.3740,  -116.8063, -61.7497, -31.3740,  64, 64, 64
L -154.7050, -7.8936, -31.3740,  -142.7372, -33.8236, -31.3740,  64, 64, 64
L -162.5932, 21.6875, -31.3740,  -154.7050, -7.8936, -31.3740,  64, 64, 64
L -166.6875, 52.3750, -27.3740,  -166.6874, 21.6251, -27.3740,  64, 64, 64
L -148.7407, 109.8199, -27.3740,  -148.7421, 109.8169, -27.3740,  64, 64, 64
L -120.8032, 139.7510, -27.3740,  -148.7407, 109.8199, -27.3740,  64, 64, 64
L -94.8884, 153.7052, -27.3740,  -120.8032, 139.7510, -27.3740,  64, 64, 64
L -64.9396, 160.6920, -27.3740,  -94.8884, 153.7052, -27.3740,  64, 64, 64
L -35.0245, 163.6835, -27.3740,  -64.9396, 160.6920, -27.3740,  64, 64, 64
L -5.3125, 165.6660, -27.3740,  -35.0245, 163.6835, -27.3740,  64, 64, 64
L 15.3750, 161.6875, -27.3740,  -5.3750, 161.6875, -27.3740,  64, 64, 64
L 45.1094, 163.6750, -27.3740,  15.3123, 165.6660, -27.3740,  64, 64, 64
L 74.9433, 160.6916, -27.3740,  45.1094, 163.6750, -27.3740,  64, 64, 64
L 104.8823, 153.7065, -27.3740,  74.9433, 160.6916, -27.3740,  64, 64, 64
L 130.8065, 139.7493, -27.3740,  104.8823, 153.7065, -27.3740,  64, 64, 64
L 158.7408, 109.8197, -27.3740,  130.8065, 139.7493, -27.3740,  64, 64, 64
L 172.7077, 81.8831, -27.3740,  158.7408, 109.8197, -27.3740,  64, 64, 64
L 180.5932, 52.3125, -27.3740,  172.7077, 81.8831, -27.3740,  64, 64, 64
L 176.6875, 21.6250, -27.3740,  176.6874, 52.3750, -27.3740,  64, 64, 64
L 172.7079, -7.8824, -27.3740,  180.5932, 21.6875, -27.3740,  64, 64, 64
L 158.7426, -35.8160, -27.3740,  172.7079, -7.8824, -27.3740,  64, 64, 64
L 130.8064, -65.7493, -27.3740,  158.7426, -35.8160, -27.3740,  64, 64, 64
L 104.8827, -79.7065, -27.3740,  130.8064, -65.7493, -27.3740,  64, 64, 64
L 74.9435, -86.6916, -27.3740,  104.8827, -79.7065, -27.3740,  64, 64, 64
L 45.0522, -89.6807, -27.3740,  74.9435, -86.6916, -27.3740,  64, 64, 64
L 15.3125, -91.6660, -27.3740,  45.0522, -89.6807, -27.3740,  64, 64, 64
L -34.9651, -89.6891, -27.3740,  -5.3125, -91.6660, -27.3740,  64, 64, 64
L -64.9487, -86.6911, -27.3740,  -34.9651, -89.6891, -27.3740,  64, 64, 64
L -94.8884, -79.7051, -27.3740,  -64.9487, -86.6911, -27.3740,  64, 64, 64
L -120.8064, -65.7493, -27.3740,  -94.8884, -79.7051, -27.3740,  64, 64, 64
L -148.7407, -35.8199, -27.3740,  -120.8064, -65.7493, -27.3740,  64, 64, 64
L -162.7063, -7.8885, -27.3740,  -148.7407, -35.8199, -27.3740,  64, 64, 64
L -170.5932, 21.6875, -27.3740,  -162.7063, -7.8885, -27.3740,  64, 64, 64
L -170.5932, 52.3125, -27.3740,  -170.5932, 52.3125, -27.3740,  64, 64, 64
L -162.7078, 81.8829, -27.3740,  -170.5932, 52.3125, -27.3740,  64, 64, 64
L -148.7421, 109.8169, -27.3740,  -162.7078, 81.8829, -27.3740,  64, 64, 64
P -194.6305, 876.3328, 0.0010,  0, 0, 0,  3,  to_Nexus
P 159.0500, 872.4031, 10.0010,  0, 0, 0,  3,  to_Shadowhaven
P 15.0000, 661.0000, 22.0010,  0, 0, 0,  3,  Gaelsori_(Bar)
P 8.0000, 661.0000, 22.0010,  0, 0, 0,  3,  Tontoal_(Bar)
P 37.0000, 684.0000, 1.0010,  0, 0, 0,  3,  Gliblixl_(Smith)
P 38.0000, 676.0000, 1.0010,  0, 0, 0,  3,  Sateal_(Smith)
P 9.0000, 779.0000, 26.0685,  0, 0, 0,  3,  Jolum_(Spells)
P 195.4430, 739.6834, 1.0010,  0, 0, 0,  3,  Bank
P -100.4947, 799.9826, 1.0010,  0, 0, 0,  3,  Bank
P -203.0000, 498.0000, -0.9990,  0, 0, 0,  3,  Brack_(Merchant)
P -203.0000, 589.0000, -0.9990,  0, 0, 0,  3,  Kaye_(Merchant)
P 27.0000, 604.0000, 1.0010,  0, 0, 0,  3,  Dolsoj_(Tailor)
P 27.0000, 614.0000, 1.0010,  0, 0, 0,  3,  Domalisar_(Tailor)
P -18.0000, 651.0000, 1.0010,  0, 0, 0,  3,  Galarono_(Smith)
P -18.0000, 688.0000, 1.0010,  0, 0, 0,  3,  Stinak_(Smith)
P -18.0000, 672.0000, 1.0010,  0, 0, 0,  3,  Alabaer_(Smith)
P -19.0000, 734.0000, 1.0010,  0, 0, 0,  3,  Halois_(Spells)
P -19.0000, 744.0000, 1.0010,  0, 0, 0,  3,  Dashelo_(Reagents)
P 28.0000, 760.0000, 1.0010,  0, 0, 0,  3,  Tekrama_(Merchant)
P 196.9037, 639.8268, 1.0010,  0, 0, 0,  3,  Kiln
P 110.2619, 695.4109, 1.0010,  0, 0, 0,  3,  Forge
P 217.1480, 575.1563, 1.0762,  0, 0, 0,  3,  Pottery_Wheel
P 116.7013, 348.3084, 1.0010,  0, 0, 0,  3,  Forge
P -105.0451, 605.8027, 1.0010,  0, 0, 0,  3,  Oven
