P 435.8243, -0.0030, -32.3477, 255, 0, 0, 3, to_The_Plane_of_Knowledge
P -260.4703, 115.5134, 13.3054, 255, 0, 0, 3, to_The_Nexus
P 384.7245, 103.9771, 0.3177, 255, 0, 0, 3, to_Shadow_Haven
P 385.7251, 198.6474, 0.5119, 255, 0, 0, 3, to_Shadow_Haven
P -956.6879, -1800.7935, 14.4971, 0, 0, 240, 3, Blue_Dragon_Hall
P -925.6053, -1175.6061, -1.4682, 255, 255, 0, 2, Teleporter_to_Hub
P 887.8550, -1177.3534, -1.4682, 255, 255, 0, 2, Teleporter_to_Hub
P 50.9771, -340.9450, 29.4061, 255, 255, 0, 2, Teleporter_to_Red_Dragon_Hall
P -304.5150, -84.9151, 29.3890, 255, 255, 0, 2, Teleporter_to_Blue_Griffin_Hall
P -1120.6653, -1364.3407, 29.4062, 255, 255, 255, 2, Diamond
P -1293.2316, -1210.2715, -32.3424, 255, 255, 255, 2, Sapphire
P -1184.5713, -933.9235, 29.4062, 255, 255, 255, 2, Emerald
P -1037.1880, -760.3718, -32.3424, 255, 255, 255, 2, Ruby
P -758.6359, -865.2675, 29.4062, 255, 255, 255, 2, Platinum
P -585.4968, -1016.0862, -32.3424, 255, 255, 255, 2, Gold
P -689.0658, -1295.7870, 29.4062, 255, 255, 255, 2, Silver
P -841.1628, -1464.0414, -32.3424, 255, 255, 255, 2, Copper
P 834.7745, -1800.7920, -15.2769, 255, 0, 0, 3, Red_Dragon_Hall
P -0.1203, -7.3639, 4.7221, 0, 128, 0, 2, Merchants
P -183.2033, 298.4572, 29.4061, 255, 255, 255, 2, Stables
P -944.6534, -1104.1238, -1.4682, 255, 210, 0, 2, Bankers
P 865.6888, -1104.1266, -1.4682, 255, 210, 0, 2, Bankers
P 205.7874, -131.6947, -32.3425, 128, 0, 128, 2, Loom
P 203.9728, -174.8410, -32.3425, 128, 0, 128, 2, Pottery_Wheel
P 308.8572, -214.4682, -32.3425, 128, 0, 128, 2, Oven
P 427.0119, -172.0118, -32.3425, 128, 0, 128, 2, Forge
P 426.4219, -135.8511, -32.3425, 128, 0, 128, 2, Forge
P -133.1507, 255.4704, 29.4064, 128, 0, 128, 2, Forge
P 329.7889, -215.4025, -32.3425, 128, 0, 128, 2, Kiln
P 213.8826, -158.4334, -32.3425, 128, 0, 128, 2, Kiln
