P -178.0000, -207.0000, -1624.3743, 255, 0, 0, 3, from_The_Plane_of_Tranquility
P -178.0000, -207.0000, -1622.1868, 255, 0, 0, 2, Succor
P -152.7356, -3.7939, -1560.1009, 255, 255, 255, 2, Fire
P -23.2668, 130.3213, -1557.8106, 255, 255, 255, 2, Earth
P 112.5043, 5.3174, -1560.1464, 255, 255, 255, 2, Ice
P -170.8996, -14.6258, -647.8405, 255, 255, 255, 2, Agnarr_Tower
P -110.9033, 1180.4029, 2296.1564, 0, 0, 240, 1, GS:_Bits_of_Blue_Metal
P 224.0285, -348.2716, -637.9979, 255, 255, 0, 2, to_Fire_Tower
P 159.2101, -412.7314, -637.9978, 255, 255, 0, 2, to_Lobby
P 229.4561, 314.8175, -637.9964, 255, 255, 0, 2, to_Lobby
P 162.0344, 378.0557, -639.5393, 255, 255, 0, 2, to_Air_Tower
P -492.6027, 389.3491, -639.1345, 255, 255, 0, 2, to_Lobby
P -555.8773, 323.5071, -639.1344, 255, 255, 0, 2, to_Ice_Tower
P -556.4337, -344.0410, -638.5985, 255, 255, 0, 2, to_Lobby
P -494.4658, -410.3226, -638.5986, 255, 255, 0, 2, to_Earth_Tower
P 350.0000, 2200.0000, 1948.1586, 255, 255, 255, 2, Earth
P -26.1851, 1584.3931, -1403.8411, 255, 255, 0, 2, to_Courtyard
P -147.8684, 1220.7841, 1116.1569, 255, 255, 255, 2, Fire
P -85.0000, -145.0000, 629.1588, 255, 255, 255, 2, Air
P -19.5955, -129.1929, -1561.8406, 240, 240, 240, 2, Air
P -241.6675, -526.9328, -1425.8411, 0, 0, 0, 2, to_A
P -9.2186, -230.1414, -1561.8411, 0, 0, 0, 2, A
P -152.8450, -408.7275, -1561.8411, 0, 0, 0, 2, to_B-1
P -220.2932, -410.0000, -1425.8406, 0, 0, 0, 2, B-1
P 44.7902, -282.4850, -1561.8411, 0, 0, 0, 2, to_C
P 55.1444, -315.6079, -1493.8411, 0, 0, 0, 2, C
P -139.9752, -642.3220, -1493.8411, 0, 0, 0, 2, to_B-2
P 74.6751, -256.2472, -1561.8411, 0, 0, 0, 2, to_D
P 102.7637, -265.9123, -1493.8411, 0, 0, 0, 2, D-1
P 341.3193, -617.1070, -1493.8411, 0, 0, 0, 2, to_A
P 204.3920, -469.0259, -1493.8411, 0, 0, 0, 2, to_E
P 169.6268, -465.0000, -1425.8411, 0, 0, 0, 2, E
P 98.8819, -762.2883, -1425.8411, 0, 0, 0, 2, to_Courtyard
P -78.4066, -109.3071, 629.1577, 255, 255, 0, 2, to_Lobby
P -60.4898, -287.3076, 726.1577, 255, 255, 0, 2, to_Lower_Tower
P -43.3246, -16.4756, 1086.1574, 255, 255, 0, 2, to_Courtyard
P -397.0578, -412.2872, 1160.1574, 255, 255, 0, 2, to_Upper_Tower
P -59.0982, -282.9934, 1456.1574, 255, 255, 0, 2, to_Courtyard
P 830.0000, 865.0000, 1372.1586, 255, 255, 255, 2, Ice
P 476.1480, 864.4851, 1372.1574, 255, 255, 0, 2, to_Lower_Tower
P 902.3093, 985.0000, 1772.1574, 255, 255, 255, 2, Lower_Tower
P 786.5073, 929.2086, 1772.1569, 255, 255, 0, 2, to_Courtyard
P 853.7583, 864.0048, 1372.1569, 255, 255, 0, 2, to_Lobby
P 916.3887, 740.9004, 1772.1574, 255, 255, 0, 2, to_Upper_Tower
P 803.1473, 1074.9578, 2116.1564, 255, 255, 255, 2, Upper_Tower
P 777.9912, 662.0113, 2116.1564, 255, 255, 0, 2, to_Courtyard
P 355.6998, 2128.2038, 1948.1569, 255, 255, 0, 2, to_Lobby
P 22.7007, 11.9827, -1561.8406, 255, 255, 255, 2, Lobby
P -680.8580, -5.6204, -1465.8406, 255, 255, 0, 2, to_Courtyard
P 932.6424, 43.7692, -1451.8406, 255, 255, 0, 2, to_Courtyard
P -421.2137, 1154.5966, 1184.1569, 255, 255, 0, 2, to_Lower_Tower
P -166.9894, 1092.6708, 1560.1569, 255, 255, 255, 2, Lower_Tower
P -262.2586, 1125.2929, 1628.1569, 255, 255, 0, 2, to_Upper_Tower
P 50.2803, 1205.7062, 2260.1564, 255, 255, 255, 2, Upper_Tower
P -423.8715, 1345.5517, 1184.1569, 255, 255, 0, 2, to_Lobby
P -168.2476, 1295.1354, 1594.1569, 255, 255, 0, 2, to_Courtyard
P 61.2948, 1227.7260, 2260.1564, 255, 255, 0, 2, to_Courtyard
P -42.3702, -98.3979, 1086.1574, 255, 255, 255, 2, Lower_Tower
P 939.9678, 1772.8494, 1265.6724, 0, 0, 0, 2, Askr_the_Lost
P 1118.2978, 1733.6530, 1267.7283, 255, 255, 255, 2, Next_level_of_Torden
P -483.9013, -284.4140, 1456.1569, 255, 255, 255, 2, Upper_Tower
P 9.8850, 1934.0368, 2128.1298, 0, 0, 0, 2, Iri
P 1.7010, 1894.3831, 2115.0026, 0, 0, 0, 2, Leistr
P -66.4726, 1927.8024, 2122.4833, 0, 0, 0, 2, Hrani
P -28.9445, 1937.1033, 2098.3327, 0, 0, 0, 2, Kuanbyr_Hailstorm
P -17.3918, 1563.0640, -1403.8406, 0, 0, 0, 2, Gaukr_Sandstorm
P 846.6071, -283.2698, -1431.8406, 0, 0, 0, 2, Keeper_of_the_Past_Lore
P 901.7894, 37.3819, -1451.8406, 0, 0, 0, 2, Oreen_Wavecrasher
P 1109.5513, 1735.3393, 1265.6614, 0, 0, 0, 2, Evynd_Firestorm
P 1107.5198, 1734.8415, 1732.1574, 0, 0, 0, 2, Emmerik_Skyfury
P -419.0000, 1255.0000, 2261.0000, 240, 127, 0, 2, Agnarr_the_Storm_Lord_(Raid)
P -259.6094, -280.7419, 1456.1574, 240, 127, 0, 2, Auliffe_Chaoswind_(Raid)
P -214.9440, 1204.4418, 2314.0000, 240, 127, 0, 2, Brynju_Thunderclap_(Raid)
P 491.9009, -291.8037, -1480.8854, 240, 127, 0, 2, Eindride_Icestorm_(Raid)
P -17.3916, 1563.6425, -1403.8405, 240, 127, 0, 2, Gaukr_Sandstorm_(Raid)
P -709.0000, -239.0000, -1488.0000, 240, 127, 0, 2, Hreidar_Lynhillig_(Raid)
P -28.9445, 1937.1032, 2098.3327, 240, 127, 0, 2, Kuanbyr_Hailstorm_(Raid)
P 105.0606, -731.1594, -1425.8406, 240, 127, 0, 2, Leaf_Windfall_(Raid)
P 901.7893, 37.3818, -1451.8405, 240, 127, 0, 2, Oreen_Wavecrasher_(Raid)
P -254.6234, 1123.5214, 1629.5142, 127, 64, 0, 2, Amnquetil_Brynjulffr_(Hunter)
P -464.0034, 1339.1475, 1185.5159, 127, 64, 0, 2, Atle_Cloudburst_(Hunter)
P -331.6464, 1159.9350, 1595.5457, 127, 64, 0, 2, Bordir_Bjomolf_(Hunter)
P 22.7402, -429.6808, -1492.4373, 127, 64, 0, 2, Elif_Whitewind_(Hunter)
P -385.0477, -411.7194, 1161.5424, 127, 64, 0, 2, Erech_Eyford_(Hunter)
P 442.7071, 866.5316, 2116.1564, 128, 64, 0, 2, Finvakur_Icemantle_(Hunter)
P 909.6446, 978.6885, 1773.5539, 127, 64, 0, 2, Fogl_Iceshard_(Hunter)
P 666.1308, 1053.8455, 1373.5220, 127, 64, 0, 2, Galm_Snowdrift_(Hunter)
P 873.7421, -302.4724, -1431.8406, 128, 64, 0, 2, Riodhr_Torrentwind_(Hunter)
P -348.3456, 934.2902, -1454.4700, 127, 64, 0, 2, Rorek_Steelthorn_(Hunter)
P -89.1664, 568.2413, -1491.6995, 127, 64, 0, 2, Thangbrand_(Hunter)
P 310.7621, 773.1467, -1466.4688, 127, 64, 0, 2, Thorolf_Sutherland_(Hunter)
P -494.6608, 209.6645, -1476.1629, 127, 64, 0, 2, Torstien_Stoneskin_(Hunter)
P 319.8244, 791.6566, -1466.3869, 127, 64, 0, 2, Valbrand_(Hunter)
P -731.1117, -224.1912, -1488.3383, 127, 64, 0, 2, Wybjorn_(Hunter)
P -60.1599, 567.0824, -1489.7006, 127, 64, 0, 2, Ymirr_Stormseer_(Hunter)
P -233.0847, -191.7445, -1629.9965, 0, 0, 0, 2, Askr_the_Lost
P 59.7682, -465.0451, -1423.2825, 0, 0, 0, 2, to_D-2
P 259.0769, -468.3157, -1492.4798, 0, 0, 0, 2, D-2
P -269.0046, -525.7009, -1423.3096, 0, 0, 0, 2, B-2
P 552.2012, 89.1901, -1510.4577, 240, 240, 0, 2, TRAP:_Water
P 703.1836, 43.6809, -1470.4545, 240, 240, 0, 2, TRAP:_Water
P -58.2924, -332.6665, 725.5106, 240, 240, 0, 2, TRAP:_Air
P -241.8076, -450.2963, 1137.5043, 240, 240, 0, 2, TRAP:_Air
P -270.2023, 1216.6286, 1149.5148, 240, 240, 0, 2, TRAP:_Fire
P -277.6650, 1111.4665, 1167.5098, 240, 240, 0, 2, TRAP:_FIre
P -164.2719, 1128.1048, 1561.6608, 240, 240, 0, 2, TRAP:_Fire
P -174.1070, 1295.1405, 1595.5119, 240, 240, 0, 2, TRAP:_Fire
P -450.8130, 1299.2941, 1595.5070, 240, 240, 0, 2, TRAP:_Fire
P -45.4505, 1202.1995, 2279.5102, 240, 240, 0, 2, TRAP:_Fire
P -265.7821, 1413.3439, 2297.5031, 240, 240, 0, 2, TRAP:_Fire
P 368.8268, 2320.9848, 1951.6470, 240, 240, 0, 2, TRAP:_Earth
P -10.1662, 2554.1972, 1997.5075, 240, 240, 0, 2, TRAP:_Earth
P 193.2279, 423.9317, -1524.4860, 240, 240, 0, 1, TRAP:_Earth
P -220.5993, 429.8145, -1524.4849, 240, 240, 0, 2, TRAP:_Earth
P -289.0134, 907.9903, -1456.4772, 240, 240, 0, 2, TRAP:_Earth
P 182.5168, 831.0817, -1466.4761, 240, 240, 0, 2, TRAP:_Earth
P -179.6508, -244.9590, -1629.9971, 240, 0, 0, 3, to_The_Plane_of_Tranquility
