L -95.0000, 483.0000, -26.0000, -87.0000, 481.0000, -27.0000, 178, 102, 255
L -110.0000, 481.0000, -23.0000, -95.0000, 483.0000, -26.0000, 178, 102, 255
L -114.0000, 476.0000, -28.0000, -110.0000, 481.0000, -23.0000, 178, 102, 255
L -118.7999, 470.0999, -18.5000, -114.0000, 476.0000, -28.0000, 178, 102, 255
L -133.0000, 479.0000, -14.0000, -118.7999, 470.0999, -18.5000, 178, 102, 255
L -144.0000, 473.0000, -13.0000, -133.0000, 479.0000, -14.0000, 178, 102, 255
L -156.0000, 495.0000, -13.0000, -144.0000, 473.0000, -13.0000, 178, 102, 255
L -172.0000, 493.0000, -13.0000, -156.0000, 495.0000, -13.0000, 178, 102, 255
L -184.0000, 487.0000, -13.0000, -172.0000, 493.0000, -13.0000, 178, 102, 255
L -191.0000, 479.0000, -13.0000, -184.0000, 487.0000, -13.0000, 178, 102, 255
L -191.0000, 470.0000, -12.0000, -191.0000, 479.0000, -13.0000, 178, 102, 255
L -181.0000, 453.0000, -9.0000, -191.0000, 470.0000, -12.0000, 178, 102, 255
L -195.0000, 445.0000, -6.0000, -181.0000, 453.0000, -9.0000, 178, 102, 255
L -195.0000, 434.0000, -14.0000, -195.0000, 445.0000, -6.0000, 178, 102, 255
L -197.0000, 425.0000, -14.0000, -195.0000, 434.0000, -14.0000, 178, 102, 255
L -205.0000, 429.0000, -14.0000, -197.0000, 425.0000, -14.0000, 178, 102, 255
L -232.0000, 417.0000, -13.0000, -205.0000, 429.0000, -14.0000, 178, 102, 255
L -254.5000, 433.0000, 0.0000, -232.0000, 417.0000, -13.0000, 178, 102, 255
L -247.0000, 403.0000, -14.0000, -269.0000, 391.0000, 0.0000, 178, 102, 255
L -211.0000, 406.0000, -14.0000, -247.0000, 403.0000, -14.0000, 178, 102, 255
L -200.0000, 410.0000, -14.0000, -211.0000, 406.0000, -14.0000, 178, 102, 255
L -197.0000, 379.0000, -15.0000, -200.0000, 410.0000, -14.0000, 178, 102, 255
L -191.0000, 374.0000, -13.0000, -197.0000, 379.0000, -15.0000, 178, 102, 255
L -172.0000, 374.0000, -12.0000, -191.0000, 374.0000, -13.0000, 178, 102, 255
L -160.0000, 384.0000, -13.5000, -172.0000, 374.0000, -12.0000, 178, 102, 255
L -157.0000, 374.0000, -13.0000, -160.0000, 384.0000, -13.5000, 178, 102, 255
L -148.0000, 372.0000, -13.0000, -157.0000, 374.0000, -13.0000, 178, 102, 255
L -138.0000, 382.0000, -13.0000, -148.0000, 372.0000, -13.0000, 178, 102, 255
L -140.0000, 392.0000, -14.0000, -138.0000, 382.0000, -13.0000, 178, 102, 255
L -131.0000, 398.0000, -14.0000, -140.0000, 392.0000, -14.0000, 178, 102, 255
L -125.0000, 397.0000, -14.0000, -131.0000, 398.0000, -14.0000, 178, 102, 255
L -125.0000, 394.0000, -13.0000, -125.0000, 397.0000, -14.0000, 178, 102, 255
L -125.0000, 386.0000, -13.0000, -125.0000, 394.0000, -13.0000, 178, 102, 255
L -125.0000, 383.0000, -13.0000, -125.0000, 386.0000, -13.0000, 178, 102, 255
L -125.0000, 349.0000, -27.0000, -125.0000, 353.1999, -25.1999, 178, 102, 255
L -139.0000, 349.0000, -27.0000, -125.0000, 349.0000, -27.0000, 178, 102, 255
L -139.0000, 308.0000, -27.0000, -139.0000, 349.0000, -27.0000, 178, 102, 255
L -111.0000, 308.0000, -27.0000, -139.0000, 308.0000, -27.0000, 178, 102, 255
L -111.0000, 279.0000, -41.0000, -111.0000, 282.5999, -39.1999, 178, 102, 255
L -125.0000, 279.0000, -41.0000, -111.0000, 279.0000, -41.0000, 178, 102, 255
L -125.0000, 238.0000, -41.0000, -125.0000, 279.0000, -41.0000, 178, 102, 255
L -97.0000, 238.0000, -41.0000, -125.0000, 238.0000, -41.0000, 178, 102, 255
L -83.0000, 224.0000, -41.0000, -97.0000, 238.0000, -41.0000, 178, 102, 255
L -70.0000, 224.0000, -41.0000, -83.0000, 224.0000, -41.0000, 178, 102, 255
L -56.0000, 237.0000, -41.0000, -70.0000, 224.0000, -41.0000, 178, 102, 255
L -56.0000, 251.0000, -41.0000, -56.0000, 237.0000, -41.0000, 178, 102, 255
L -70.0000, 265.0000, -41.0000, -56.0000, 251.0000, -41.0000, 178, 102, 255
L -70.0000, 280.0000, -41.0000, -70.0000, 265.0000, -41.0000, 178, 102, 255
L -42.0000, 280.0000, -41.0000, -70.0000, 280.0000, -41.0000, 178, 102, 255
L -42.0000, 321.0000, -41.0000, -42.0000, 280.0000, -41.0000, 178, 102, 255
L -56.0000, 321.0000, -41.0000, -42.0000, 321.0000, -41.0000, 178, 102, 255
L -56.0000, 349.0000, -41.0000, -56.0000, 321.0000, -41.0000, 178, 102, 255
L -27.0000, 308.0000, -55.0000, -27.0000, 321.0000, -55.0000, 178, 102, 255
L 5.0000, 308.0000, -55.0000, -27.0000, 308.0000, -55.0000, 178, 102, 255
L 5.0000, 321.0000, -55.0000, 8.0000, 321.0000, -55.0000, 178, 102, 255
L 8.0000, 308.0000, -55.0000, 5.0000, 308.0000, -55.0000, 178, 102, 255
L 13.0000, 308.0000, -55.0000, 8.0000, 308.0000, -55.0000, 178, 102, 255
L 28.0000, 294.0000, -55.0000, 13.0000, 308.0000, -55.0000, 178, 102, 255
L 28.0000, 266.0000, -55.0000, 28.0000, 294.0000, -55.0000, 178, 102, 255
L 97.0000, 266.0000, -55.0000, 28.0000, 266.0000, -55.0000, 178, 102, 255
L 98.0000, 294.0000, -55.0000, 97.0000, 266.0000, -55.0000, 178, 102, 255
L 139.0000, 294.0000, -55.0000, 98.0000, 294.0000, -55.0000, 178, 102, 255
L 139.0000, 307.0000, -55.0000, 139.0000, 294.0000, -55.0000, 178, 102, 255
L 167.0000, 308.0000, -55.0000, 139.0000, 307.0000, -55.0000, 178, 102, 255
L 167.0000, 336.0000, -55.0000, 167.0000, 308.0000, -55.0000, 178, 102, 255
L 181.0000, 336.0000, -55.0000, 167.0000, 336.0000, -55.0000, 178, 102, 255
L 181.0000, 363.0000, -55.0000, 181.0000, 336.0000, -55.0000, 178, 102, 255
L 196.0000, 378.0000, -55.0000, 181.0000, 363.0000, -55.0000, 178, 102, 255
L 209.0000, 378.0000, -55.0000, 196.0000, 378.0000, -55.0000, 178, 102, 255
L 224.0000, 363.0000, -55.0000, 209.0000, 378.0000, -55.0000, 178, 102, 255
L 224.0000, 335.0000, -55.0000, 224.0000, 363.0000, -55.0000, 178, 102, 255
L 209.0000, 335.0000, -55.0000, 224.0000, 335.0000, -55.0000, 178, 102, 255
L 209.0000, 363.0000, -55.0000, 209.0000, 335.0000, -55.0000, 178, 102, 255
L 196.0000, 363.0000, -55.0000, 209.0000, 363.0000, -55.0000, 178, 102, 255
L 196.0000, 322.0000, -55.0000, 196.0000, 363.0000, -55.0000, 178, 102, 255
L 237.0000, 322.0000, -55.0000, 196.0000, 322.0000, -55.0000, 178, 102, 255
L 237.0000, 363.0000, -55.0000, 237.0000, 322.0000, -55.0000, 178, 102, 255
L 251.0000, 377.0000, -55.0000, 237.0000, 363.0000, -55.0000, 178, 102, 255
L 251.0000, 392.0000, -55.0000, 251.0000, 377.0000, -55.0000, 178, 102, 255
L 237.0000, 406.0000, -55.0000, 251.0000, 392.0000, -55.0000, 178, 102, 255
L 237.0000, 420.0000, -55.0000, 237.0000, 406.0000, -55.0000, 178, 102, 255
L 265.0000, 420.0000, -55.0000, 237.0000, 420.0000, -55.0000, 178, 102, 255
L 265.0000, 475.0000, -55.0000, 265.0000, 420.0000, -55.0000, 178, 102, 255
L 209.0000, 475.0000, -55.0000, 265.0000, 475.0000, -55.0000, 178, 102, 255
L 209.0000, 489.0000, -55.0000, 209.0000, 475.0000, -55.0000, 178, 102, 255
L 182.0000, 489.0000, -55.0000, 209.0000, 489.0000, -55.0000, 178, 102, 255
L 196.0000, 462.0000, -55.0000, 196.0000, 475.0000, -55.0000, 178, 102, 255
L 251.0000, 462.0000, -55.0000, 196.0000, 462.0000, -55.0000, 178, 102, 255
L 252.0000, 433.0000, -55.0000, 251.0000, 462.0000, -55.0000, 178, 102, 255
L 237.0000, 433.0000, -55.0000, 252.0000, 433.0000, -55.0000, 178, 102, 255
L 237.0000, 447.0000, -55.0000, 237.0000, 433.0000, -55.0000, 178, 102, 255
L 196.0000, 447.0000, -55.0000, 237.0000, 447.0000, -55.0000, 178, 102, 255
L 196.0000, 406.0000, -55.0000, 196.0000, 447.0000, -55.0000, 178, 102, 255
L 209.0000, 406.0000, -55.0000, 196.0000, 406.0000, -55.0000, 178, 102, 255
L 209.0000, 434.0000, -55.0000, 209.0000, 406.0000, -55.0000, 178, 102, 255
L 224.0000, 434.0000, -55.0000, 209.0000, 434.0000, -55.0000, 178, 102, 255
L 224.0000, 405.0000, -55.0000, 224.0000, 434.0000, -55.0000, 178, 102, 255
L 209.0000, 391.0000, -55.0000, 224.0000, 405.0000, -55.0000, 178, 102, 255
L 195.0000, 392.0000, -55.0000, 209.0000, 391.0000, -55.0000, 178, 102, 255
L 181.0000, 405.0000, -55.0000, 195.0000, 392.0000, -55.0000, 178, 102, 255
L 181.0000, 411.0000, -55.0000, 181.0000, 405.0000, -55.0000, 178, 102, 255
L 181.0000, 414.0000, -55.0000, 181.0000, 411.0000, -55.0000, 178, 102, 255
L 181.0000, 447.0000, -55.0000, 181.0000, 414.0000, -55.0000, 178, 102, 255
L 153.0000, 447.0000, -55.0000, 181.0000, 447.0000, -55.0000, 178, 102, 255
L 97.0000, 545.0000, -83.0000, 112.0000, 531.0000, -83.0000, 102, 0, 204
L 84.0000, 545.0000, -83.0000, 97.0000, 545.0000, -83.0000, 102, 0, 204
L 70.0000, 531.0000, -83.0000, 84.0000, 545.0000, -83.0000, 102, 0, 204
L 70.0000, 517.0000, -83.0000, 70.0000, 531.0000, -83.0000, 102, 0, 204
L 84.0000, 503.0000, -83.0000, 70.0000, 517.0000, -83.0000, 102, 0, 204
L 84.0000, 460.0000, -83.0000, 84.0000, 503.0000, -83.0000, 102, 0, 204
L 84.0000, 447.0000, -83.0000, 84.0000, 460.0000, -83.0000, 102, 0, 204
L 70.0000, 433.0000, -83.0000, 84.0000, 447.0000, -83.0000, 102, 0, 204
L 70.0000, 419.0000, -83.0000, 70.0000, 433.0000, -83.0000, 102, 0, 204
L 84.0000, 406.0000, -83.0000, 70.0000, 419.0000, -83.0000, 102, 0, 204
L 84.0000, 391.0000, -83.0000, 84.0000, 406.0000, -83.0000, 102, 0, 204
L 76.0000, 391.0000, -83.0000, 84.0000, 391.0000, -83.0000, 102, 0, 204
L 73.0000, 391.0000, -83.0000, 76.0000, 391.0000, -83.0000, 102, 0, 204
L 55.0000, 391.0000, -83.0000, 73.0000, 391.0000, -83.0000, 102, 0, 204
L 41.0000, 405.0000, -83.0000, 55.0000, 391.0000, -83.0000, 102, 0, 204
L 28.0000, 405.0000, -83.0000, 41.0000, 405.0000, -83.0000, 102, 0, 204
L 14.0000, 391.0000, -83.0000, 28.0000, 405.0000, -83.0000, 102, 0, 204
L 0.0000, 392.0000, -84.0000, 14.0000, 391.0000, -83.0000, 102, 0, 204
L -1.8999, 433.2999, -85.0000, 0.0000, 392.0000, -84.0000, 102, 0, 204
L -12.0999, 432.7999, -85.0000, -27.0000, 447.0000, -84.0000, 0, 0, 255
L 13.0000, 447.0000, -87.0000, -1.8999, 433.2999, -85.0000, 0, 0, 255
L 0.0000, 461.0000, -85.0000, 13.0000, 447.0000, -87.0000, 0, 0, 255
L -27.0000, 447.0000, -84.0000, -13.0000, 461.0000, -85.0000, 0, 0, 255
L -13.0000, 380.0000, -84.0000, -12.0999, 432.7999, -85.0000, 102, 0, 204
L -6.0000, 378.0000, -83.0000, -13.0000, 380.0000, -84.0000, 102, 0, 204
L 13.0000, 378.0000, -83.0000, -6.0000, 378.0000, -83.0000, 102, 0, 204
L 28.0000, 364.0000, -83.0000, 13.0000, 378.0000, -83.0000, 102, 0, 204
L 42.0000, 364.0000, -83.0000, 28.0000, 364.0000, -83.0000, 102, 0, 204
L 54.0000, 378.0000, -83.0000, 42.0000, 364.0000, -83.0000, 102, 0, 204
L 73.0000, 378.0000, -83.0000, 54.0000, 378.0000, -83.0000, 102, 0, 204
L 76.0000, 378.0000, -83.0000, 73.0000, 378.0000, -83.0000, 102, 0, 204
L 97.0000, 378.0000, -83.0000, 76.0000, 378.0000, -83.0000, 102, 0, 204
L 97.0000, 406.0000, -83.0000, 97.0000, 378.0000, -83.0000, 102, 0, 204
L 111.0000, 419.0000, -83.0000, 97.0000, 406.0000, -83.0000, 102, 0, 204
L 111.0000, 433.0000, -83.0000, 111.0000, 419.0000, -83.0000, 102, 0, 204
L 97.0000, 447.0000, -83.0000, 111.0000, 433.0000, -83.0000, 102, 0, 204
L 98.0000, 504.0000, -83.0000, 97.0000, 447.0000, -83.0000, 102, 0, 204
L 111.0000, 518.0000, -83.0000, 98.0000, 504.0000, -83.0000, 102, 0, 204
L 139.0000, 419.0000, -55.0000, 140.0000, 447.0000, -55.0000, 178, 102, 255
L 126.0000, 419.0000, -55.0000, 139.0000, 419.0000, -55.0000, 178, 102, 255
L 125.0000, 391.0000, -55.0000, 126.0000, 419.0000, -55.0000, 178, 102, 255
L 112.0000, 391.0000, -55.0000, 125.0000, 391.0000, -55.0000, 178, 102, 255
L 112.0000, 378.0000, -55.0000, 112.0000, 391.0000, -55.0000, 178, 102, 255
L 139.0000, 378.0000, -55.0000, 112.0000, 378.0000, -55.0000, 178, 102, 255
L 139.0000, 405.0000, -55.0000, 139.0000, 378.0000, -55.0000, 178, 102, 255
L 153.0000, 406.0000, -55.0000, 139.0000, 405.0000, -55.0000, 178, 102, 255
L 168.0000, 405.0000, -55.0000, 170.0000, 411.0000, -55.0000, 178, 102, 255
L 154.0000, 392.0000, -55.0000, 168.0000, 405.0000, -55.0000, 178, 102, 255
L 154.0000, 378.0000, -55.0000, 154.0000, 392.0000, -55.0000, 178, 102, 255
L 168.0000, 363.0000, -55.0000, 154.0000, 378.0000, -55.0000, 178, 102, 255
L 169.0000, 349.0000, -55.0000, 168.0000, 363.0000, -55.0000, 178, 102, 255
L 153.0000, 349.0000, -55.0000, 169.0000, 349.0000, -55.0000, 178, 102, 255
L 153.0000, 363.0000, -55.0000, 153.0000, 349.0000, -55.0000, 178, 102, 255
L 112.0000, 363.0000, -55.0000, 153.0000, 363.0000, -55.0000, 178, 102, 255
L 112.0000, 336.0000, -55.0000, 112.0000, 363.0000, -55.0000, 178, 102, 255
L 125.0000, 336.0000, -55.0000, 112.0000, 336.0000, -55.0000, 178, 102, 255
L -83.0000, 491.0000, -32.0999, -87.0000, 481.0000, -27.0000, 178, 102, 255
L -26.0000, 515.0000, -39.0000, -48.0000, 501.0999, -32.0999, 178, 102, 255
L -4.0000, 513.0000, -43.0000, -26.0000, 515.0000, -39.0000, 178, 102, 255
L -4.0000, 498.0000, -41.0000, -4.0000, 513.0000, -43.0000, 178, 102, 255
L -12.0000, 472.0000, -39.0000, -4.0000, 498.0000, -41.0000, 178, 102, 255
L -30.0000, 469.0000, -38.0000, -12.0000, 472.0000, -39.0000, 178, 102, 255
L -34.0000, 466.0000, -37.0000, -30.0000, 469.0000, -38.0000, 178, 102, 255
L -41.0000, 468.0000, -36.0000, -34.0000, 466.0000, -37.0000, 178, 102, 255
L -45.0000, 471.0000, -37.0000, -41.0000, 468.0000, -36.0000, 178, 102, 255
L -57.0000, 474.0000, -30.0000, -46.7999, 481.5000, -32.0999, 178, 102, 255
L -75.0000, 466.0000, -23.0000, -57.0000, 474.0000, -30.0000, 178, 102, 255
L -80.0000, 466.0000, -21.0000, -75.0000, 466.0000, -23.0000, 178, 102, 255
L -96.0000, 456.0000, -27.0000, -80.0000, 466.0000, -21.0000, 178, 102, 255
L -117.6999, 459.6999, -18.6999, -96.0000, 456.0000, -27.0000, 178, 102, 255
L -135.0000, 454.0000, -11.0000, -117.6999, 459.6999, -18.6999, 178, 102, 255
L -143.0000, 461.0000, -13.0000, -135.0000, 454.0000, -11.0000, 178, 102, 255
L -166.0000, 456.0000, -14.0000, -143.0000, 461.0000, -13.0000, 178, 102, 255
L -156.0000, 426.0000, -13.0000, -166.0000, 456.0000, -14.0000, 178, 102, 255
L -160.0000, 404.0000, -11.0000, -156.0000, 426.0000, -13.0000, 178, 102, 255
L -156.0000, 399.0000, -11.0000, -160.0000, 404.0000, -11.0000, 178, 102, 255
L -154.0000, 391.0000, -14.0000, -156.0000, 399.0000, -11.0000, 178, 102, 255
L -149.0000, 401.0000, -14.0000, -154.0000, 391.0000, -14.0000, 178, 102, 255
L -151.0000, 408.0000, -14.0000, -149.0000, 401.0000, -14.0000, 178, 102, 255
L -151.0000, 419.0000, -14.0000, -151.0000, 408.0000, -14.0000, 178, 102, 255
L -140.0000, 433.0000, -14.0000, -151.0000, 419.0000, -14.0000, 178, 102, 255
L -128.0000, 437.0000, -14.0000, -140.0000, 433.0000, -14.0000, 178, 102, 255
L -112.0000, 433.0000, -14.0000, -128.0000, 437.0000, -14.0000, 178, 102, 255
L -104.0000, 425.0000, -14.0000, -112.0000, 433.0000, -14.0000, 178, 102, 255
L -104.0000, 403.0000, -14.0000, -104.0000, 425.0000, -14.0000, 178, 102, 255
L -112.0000, 399.0000, -14.0000, -104.0000, 403.0000, -14.0000, 178, 102, 255
L -112.0000, 386.0000, -13.0000, -112.0000, 399.0000, -14.0000, 178, 102, 255
L -112.0000, 383.0000, -13.0000, -112.0000, 386.0000, -13.0000, 178, 102, 255
L -126.0000, 336.0000, -27.0000, -112.0000, 336.0000, -27.0000, 178, 102, 255
L -126.0000, 321.0000, -27.0000, -126.0000, 336.0000, -27.0000, 178, 102, 255
L -84.0000, 321.0000, -27.0000, -126.0000, 321.0000, -27.0000, 178, 102, 255
L -84.0000, 308.0000, -27.0000, -84.0000, 321.0000, -27.0000, 178, 102, 255
L -98.0000, 308.0000, -27.0000, -84.0000, 308.0000, -27.0000, 178, 102, 255
L -111.0000, 267.0000, -41.0000, -98.0000, 266.0000, -41.0000, 178, 102, 255
L -112.0000, 251.0000, -41.0000, -111.0000, 267.0000, -41.0000, 178, 102, 255
L -98.0000, 251.0000, -41.0000, -112.0000, 251.0000, -41.0000, 178, 102, 255
L -83.0000, 265.0000, -41.0000, -98.0000, 251.0000, -41.0000, 178, 102, 255
L -83.0000, 293.0000, -41.0000, -83.0000, 265.0000, -41.0000, 178, 102, 255
L -56.0000, 293.0000, -41.0000, -83.0000, 293.0000, -41.0000, 178, 102, 255
L -56.0000, 308.0000, -41.0000, -56.0000, 293.0000, -41.0000, 178, 102, 255
L -69.0000, 308.0000, -41.0000, -56.0000, 308.0000, -41.0000, 178, 102, 255
L -70.0000, 350.0000, -41.0000, -69.0000, 308.0000, -41.0000, 178, 102, 255
L -97.0000, 350.0000, -41.0000, -70.0000, 350.0000, -41.0000, 178, 102, 255
L -97.0000, 391.0000, -41.0000, -97.0000, 350.0000, -41.0000, 178, 102, 255
L -70.0000, 391.0000, -41.0000, -97.0000, 391.0000, -41.0000, 178, 102, 255
L -70.0000, 378.0000, -41.0000, -70.0000, 391.0000, -41.0000, 178, 102, 255
L -84.0000, 378.0000, -41.0000, -70.0000, 378.0000, -41.0000, 178, 102, 255
L -84.0000, 363.0000, -41.0000, -84.0000, 378.0000, -41.0000, 178, 102, 255
L -55.0000, 363.0000, -41.0000, -84.0000, 363.0000, -41.0000, 178, 102, 255
L -55.0000, 420.0000, -41.0000, -55.0000, 363.0000, -41.0000, 178, 102, 255
L -84.0000, 419.0000, -41.0000, -55.0000, 420.0000, -41.0000, 178, 102, 255
L -84.0000, 406.0000, -41.0000, -84.0000, 419.0000, -41.0000, 178, 102, 255
L -97.0000, 406.0000, -41.0000, -84.0000, 406.0000, -41.0000, 178, 102, 255
L -97.0000, 433.0000, -41.0000, -97.0000, 406.0000, -41.0000, 178, 102, 255
L -42.0000, 433.0000, -41.0000, -97.0000, 433.0000, -41.0000, 178, 102, 255
L -42.0000, 363.0000, -41.0000, -42.0000, 433.0000, -41.0000, 178, 102, 255
L 5.0000, 321.0000, -55.0000, -14.0000, 321.0000, -55.0000, 178, 102, 255
L 12.0000, 321.0000, -55.0000, 8.0000, 321.0000, -55.0000, 178, 102, 255
L 27.0000, 335.0000, -55.0000, 12.0000, 321.0000, -55.0000, 178, 102, 255
L 41.0000, 335.0000, -55.0000, 27.0000, 335.0000, -55.0000, 178, 102, 255
L 55.0000, 322.0000, -55.0000, 41.0000, 335.0000, -55.0000, 178, 102, 255
L 55.0000, 308.0000, -55.0000, 55.0000, 322.0000, -55.0000, 178, 102, 255
L 42.0000, 295.0000, -55.0000, 55.0000, 308.0000, -55.0000, 178, 102, 255
L 41.0000, 279.0000, -55.0000, 42.0000, 295.0000, -55.0000, 178, 102, 255
L 83.0000, 279.0000, -55.0000, 41.0000, 279.0000, -55.0000, 178, 102, 255
L 83.0000, 294.0000, -55.0000, 83.0000, 279.0000, -55.0000, 178, 102, 255
L 70.0000, 294.0000, -55.0000, 83.0000, 294.0000, -55.0000, 178, 102, 255
L 70.0000, 307.0000, -55.0000, 70.0000, 294.0000, -55.0000, 178, 102, 255
L 83.0000, 306.0000, -55.0000, 70.0000, 307.0000, -55.0000, 178, 102, 255
L 83.0000, 322.0000, -55.0000, 83.0000, 306.0000, -55.0000, 178, 102, 255
L 70.0000, 322.0000, -55.0000, 83.0000, 322.0000, -55.0000, 178, 102, 255
L 70.0000, 363.0000, -55.0000, 70.0000, 322.0000, -55.0000, 178, 102, 255
L 97.0000, 363.0000, -55.0000, 70.0000, 363.0000, -55.0000, 178, 102, 255
L 97.0000, 350.0000, -55.0000, 97.0000, 363.0000, -55.0000, 178, 102, 255
L 83.0000, 350.0000, -55.0000, 97.0000, 350.0000, -55.0000, 178, 102, 255
L 83.0000, 335.0000, -55.0000, 83.0000, 350.0000, -55.0000, 178, 102, 255
L 97.0000, 335.0000, -55.0000, 83.0000, 335.0000, -55.0000, 178, 102, 255
L 97.0000, 307.0000, -55.0000, 97.0000, 335.0000, -55.0000, 178, 102, 255
L 126.0000, 308.0000, -55.0000, 97.0000, 307.0000, -55.0000, 178, 102, 255
L 126.0000, 321.0000, -55.0000, 126.0000, 308.0000, -55.0000, 178, 102, 255
L 154.0000, 321.0000, -55.0000, 126.0000, 321.0000, -55.0000, 178, 102, 255
L 154.0000, 336.0000, -55.0000, 154.0000, 321.0000, -55.0000, 178, 102, 255
L 140.0000, 336.0000, -55.0000, 154.0000, 336.0000, -55.0000, 178, 102, 255
L 139.0000, 350.0000, -55.0000, 140.0000, 336.0000, -55.0000, 178, 102, 255
L 125.0000, 350.0000, -55.0000, 139.0000, 350.0000, -55.0000, 178, 102, 255
L 125.0000, 336.0000, -55.0000, 125.0000, 350.0000, -55.0000, 178, 102, 255
L -347.0000, 441.0000, 0.0000, -405.0000, 441.0000, 0.0000, 150, 150, 150
L -327.0000, 453.0000, 1.0000, -347.0000, 441.0000, 0.0000, 150, 150, 150
L -311.0000, 480.0000, 0.0000, -327.0000, 453.0000, 1.0000, 150, 150, 150
L -316.0000, 509.0000, 1.0000, -311.0000, 480.0000, 0.0000, 150, 150, 150
L -308.0000, 517.0000, 0.0000, -316.0000, 509.0000, 1.0000, 150, 150, 150
L -313.0000, 527.0000, 0.0000, -308.0000, 517.0000, 0.0000, 150, 150, 150
L -305.0000, 539.0000, 1.0000, -313.0000, 527.0000, 0.0000, 150, 150, 150
L -299.0000, 558.0000, 0.0000, -305.0000, 539.0000, 1.0000, 150, 150, 150
L -307.0000, 585.0000, 1.0000, -299.0000, 558.0000, 0.0000, 150, 150, 150
L -299.0000, 595.0000, 0.0000, -307.0000, 585.0000, 1.0000, 150, 150, 150
L -298.0000, 611.0000, 1.0000, -299.0000, 595.0000, 0.0000, 150, 150, 150
L -303.0000, 630.0000, 0.0000, -298.0000, 611.0000, 1.0000, 150, 150, 150
L -331.0000, 664.0000, 0.0000, -303.0000, 630.0000, 0.0000, 150, 150, 150
L -407.0000, 661.0000, 0.0000, -331.0000, 664.0000, 0.0000, 150, 150, 150
L -429.0000, 652.0000, 0.0000, -407.0000, 661.0000, 0.0000, 150, 150, 150
L -438.0000, 608.0000, 0.0000, -429.0000, 652.0000, 0.0000, 150, 150, 150
L -426.0000, 591.0000, 0.0000, -438.0000, 608.0000, 0.0000, 150, 150, 150
L -435.0000, 585.0000, 0.0000, -426.0000, 591.0000, 0.0000, 150, 150, 150
L -440.0000, 565.0000, 0.0000, -435.0000, 585.0000, 0.0000, 150, 150, 150
L -428.0000, 541.0000, 0.0000, -440.0000, 565.0000, 0.0000, 150, 150, 150
L -420.0000, 532.0000, 0.0000, -428.0000, 541.0000, 0.0000, 150, 150, 150
L -410.0000, 526.0000, 0.0000, -420.0000, 532.0000, 0.0000, 150, 150, 150
L -412.0000, 522.0000, 1.0000, -410.0000, 526.0000, 0.0000, 150, 150, 150
L -416.0000, 516.0000, 0.0000, -412.0000, 522.0000, 1.0000, 150, 150, 150
L -437.0000, 509.0000, 0.0000, -416.0000, 516.0000, 0.0000, 150, 150, 150
L -446.0000, 492.0000, 0.0000, -437.0000, 509.0000, 0.0000, 150, 150, 150
L -448.0000, 467.0000, 0.0000, -446.0000, 492.0000, 0.0000, 150, 150, 150
L -437.0000, 450.0000, 1.0000, -448.0000, 467.0000, 0.0000, 150, 150, 150
L -405.0000, 441.0000, 0.0000, -437.0000, 450.0000, 1.0000, 150, 150, 150
L -392.0000, 504.0000, 4.0000, -377.0000, 504.0000, 4.0000, 0, 0, 0
L -392.0000, 489.0000, 4.0000, -392.0000, 504.0000, 4.0000, 0, 0, 0
L -377.0000, 489.0000, 4.0000, -392.0000, 489.0000, 4.0000, 0, 0, 0
L -377.0000, 504.0000, 4.0000, -377.0000, 489.0000, 4.0000, 0, 0, 0
L -392.0000, 532.0000, 4.0000, -377.0000, 532.0000, 4.0000, 0, 0, 0
L -392.0000, 517.0000, 4.0000, -392.0000, 532.0000, 4.0000, 0, 0, 0
L -377.0000, 517.0000, 4.0000, -392.0000, 517.0000, 4.0000, 0, 0, 0
L -377.0000, 532.0000, 4.0000, -377.0000, 517.0000, 4.0000, 0, 0, 0
L -392.0000, 560.0000, 4.0000, -377.0000, 560.0000, 4.0000, 0, 0, 0
L -392.0000, 545.0000, 4.0000, -392.0000, 560.0000, 4.0000, 0, 0, 0
L -377.0000, 545.0000, 4.0000, -392.0000, 545.0000, 4.0000, 0, 0, 0
L -377.0000, 560.0000, 4.0000, -377.0000, 545.0000, 4.0000, 0, 0, 0
L -392.0000, 588.0000, 4.0000, -377.0000, 588.0000, 4.0000, 0, 0, 0
L -392.0000, 573.0000, 4.0000, -392.0000, 588.0000, 4.0000, 0, 0, 0
L -377.0000, 573.0000, 4.0000, -392.0000, 573.0000, 4.0000, 0, 0, 0
L -377.0000, 588.0000, 4.0000, -377.0000, 573.0000, 4.0000, 0, 0, 0
L -377.0000, 601.0000, 4.0000, -377.0000, 616.0000, 4.0000, 0, 0, 0
L -392.0000, 601.0000, 4.0000, -377.0000, 601.0000, 4.0000, 0, 0, 0
L -392.0000, 616.0000, 4.0000, -392.0000, 601.0000, 4.0000, 0, 0, 0
L -377.0000, 616.0000, 4.0000, -392.0000, 616.0000, 4.0000, 0, 0, 0
L -363.0000, 627.0000, 5.0000, -373.0000, 627.0000, 5.0000, 0, 0, 0
L -361.0000, 646.0000, 5.0000, -361.0000, 627.0000, 5.0000, 0, 0, 0
L -380.0000, 646.0000, 5.0000, -361.0000, 646.0000, 5.0000, 0, 0, 0
L -380.0000, 627.0000, 5.0000, -380.0000, 646.0000, 5.0000, 0, 0, 0
L -361.0000, 627.0000, 5.0000, -380.0000, 627.0000, 5.0000, 0, 0, 0
L -349.0000, 601.0000, 4.0000, -364.0000, 601.0000, 4.0000, 0, 0, 0
L -349.0000, 616.0000, 4.0000, -349.0000, 601.0000, 4.0000, 0, 0, 0
L -364.0000, 616.0000, 4.0000, -349.0000, 616.0000, 4.0000, 0, 0, 0
L -364.0000, 601.0000, 4.0000, -364.0000, 616.0000, 4.0000, 0, 0, 0
L -349.0000, 573.0000, 4.0000, -364.0000, 573.0000, 4.0000, 0, 0, 0
L -349.0000, 588.0000, 4.0000, -349.0000, 573.0000, 4.0000, 0, 0, 0
L -364.0000, 588.0000, 4.0000, -349.0000, 588.0000, 4.0000, 0, 0, 0
L -364.0000, 573.0000, 4.0000, -364.0000, 588.0000, 4.0000, 0, 0, 0
L -349.0000, 545.0000, 4.0000, -364.0000, 545.0000, 4.0000, 0, 0, 0
L -349.0000, 560.0000, 4.0000, -349.0000, 545.0000, 4.0000, 0, 0, 0
L -364.0000, 560.0000, 4.0000, -349.0000, 560.0000, 4.0000, 0, 0, 0
L -364.0000, 545.0000, 4.0000, -364.0000, 560.0000, 4.0000, 0, 0, 0
L -349.0000, 517.0000, 4.0000, -364.0000, 517.0000, 4.0000, 0, 0, 0
L -349.0000, 532.0000, 4.0000, -349.0000, 517.0000, 4.0000, 0, 0, 0
L -364.0000, 532.0000, 4.0000, -349.0000, 532.0000, 4.0000, 0, 0, 0
L -364.0000, 517.0000, 4.0000, -364.0000, 532.0000, 4.0000, 0, 0, 0
L -349.0000, 489.0000, 4.0000, -364.0000, 489.0000, 4.0000, 0, 0, 0
L -349.0000, 504.0000, 4.0000, -349.0000, 489.0000, 4.0000, 0, 0, 0
L -364.0000, 504.0000, 4.0000, -349.0000, 504.0000, 4.0000, 0, 0, 0
L -364.0000, 489.0000, 4.0000, -364.0000, 504.0000, 4.0000, 0, 0, 0
L -349.0000, 476.0000, 4.0000, -364.0000, 476.0000, 4.0000, 0, 0, 0
L -349.0000, 461.0000, 4.0000, -349.0000, 476.0000, 4.0000, 0, 0, 0
L -364.0000, 461.0000, 4.0000, -349.0000, 461.0000, 4.0000, 0, 0, 0
L -364.0000, 476.0000, 4.0000, -364.0000, 461.0000, 4.0000, 0, 0, 0
L -377.0000, 476.0000, 4.0000, -377.0000, 461.0000, 4.0000, 0, 0, 0
L -392.0000, 476.0000, 4.0000, -377.0000, 476.0000, 4.0000, 0, 0, 0
L -392.0000, 461.0000, 4.0000, -392.0000, 476.0000, 4.0000, 0, 0, 0
L -377.0000, 461.0000, 4.0000, -392.0000, 461.0000, 4.0000, 0, 0, 0
L -244.0000, 420.0000, 0.0000, -244.0000, 404.0000, 0.0000, 0, 0, 255
L -265.0000, 446.0000, 0.0000, -254.5000, 433.0000, 0.0000, 0, 0, 255
L -588.0000, -376.0000, 0.0000, -574.0000, -363.0000, 0.0000, 0, 0, 255
L -573.0000, -406.0000, 1.0000, -588.0000, -376.0000, 0.0000, 0, 0, 255
L -558.0000, -405.0000, 0.0000, -573.0000, -406.0000, 1.0000, 0, 0, 255
L -544.0000, -378.0000, 0.0000, -558.0000, -405.0000, 0.0000, 0, 0, 255
L -574.0000, -363.0000, 0.0000, -544.0000, -378.0000, 0.0000, 0, 0, 255
L -616.0000, -364.0000, 0.0000, -639.0000, -364.0000, 0.0000, 0, 0, 255
L -587.0000, -336.0000, 0.0000, -616.0000, -364.0000, 0.0000, 0, 0, 255
L -559.0000, -335.0000, 0.0000, -587.0000, -336.0000, 0.0000, 0, 0, 255
L -545.0000, -321.0000, -12.0000, -559.0000, -335.0000, 0.0000, 0, 0, 255
L -490.0000, -335.0000, 0.0000, -503.0000, -321.0000, -12.0000, 0, 0, 0
L -476.0000, -363.0000, 0.0000, -490.0000, -335.0000, 0.0000, 0, 0, 0
L -490.0000, -433.0000, 0.0000, -476.0000, -363.0000, 0.0000, 0, 0, 0
L -503.0000, -447.0000, 0.0000, -490.0000, -433.0000, 0.0000, 0, 0, 0
L -519.0000, -447.0000, 0.0000, -503.0000, -447.0000, 0.0000, 0, 0, 0
L -522.0000, -444.0000, 0.0000, -519.0000, -447.0000, 0.0000, 0, 0, 0
L -531.0000, -440.0000, 0.0000, -522.0000, -444.0000, 0.0000, 0, 0, 0
L -538.0000, -446.0000, 0.0000, -531.0000, -440.0000, 0.0000, 0, 0, 0
L -539.0000, -449.0000, 0.0000, -538.0000, -446.0000, 0.0000, 0, 0, 0
L -538.0000, -459.0000, 0.0000, -539.0000, -449.0000, 0.0000, 0, 0, 0
L -540.0000, -463.0000, 0.0000, -538.0000, -459.0000, 0.0000, 0, 0, 0
L -545.0000, -464.0000, 0.0000, -540.0000, -463.0000, 0.0000, 0, 0, 0
L -544.0000, -470.0000, 0.0000, -545.0000, -464.0000, 0.0000, 0, 0, 0
L -547.0000, -470.0000, 0.0000, -544.0000, -470.0000, 0.0000, 0, 0, 0
L -548.0000, -476.0000, 0.0000, -547.0000, -470.0000, 0.0000, 0, 0, 0
L -585.0000, -488.0000, 0.0000, -548.0000, -476.0000, 0.0000, 0, 0, 0
L -616.0000, -487.0000, 0.0000, -585.0000, -488.0000, 0.0000, 0, 0, 0
L -630.0000, -466.0000, 0.0000, -616.0000, -487.0000, 0.0000, 0, 0, 0
L -627.0000, -463.0000, 0.0000, -630.0000, -466.0000, 0.0000, 0, 0, 0
L -620.0000, -457.0000, 0.0000, -627.0000, -463.0000, 0.0000, 0, 0, 0
L -626.0000, -446.0000, 0.0000, -620.0000, -457.0000, 0.0000, 0, 0, 0
L -639.0000, -448.0000, 0.0000, -626.0000, -446.0000, 0.0000, 0, 0, 0
L -639.0000, -364.0000, 0.0000, -639.0000, -448.0000, 0.0000, 150, 150, 150
L -1077.0000, -699.0000, 0.0000, -1103.0000, -705.0000, -1.0000, 0, 0, 0
L -1064.0000, -699.0000, 0.0000, -1077.0000, -699.0000, 0.0000, 0, 0, 0
L -1049.0000, -671.0000, 0.0000, -1064.0000, -699.0000, 0.0000, 0, 0, 0
L -1064.0000, -601.0000, 0.0000, -1049.0000, -671.0000, 0.0000, 0, 0, 0
L -1049.0000, -600.0000, 0.0000, -1064.0000, -601.0000, 0.0000, 0, 0, 0
L -1036.0000, -627.0000, 0.0000, -1049.0000, -600.0000, 0.0000, 0, 0, 0
L -1021.0000, -671.0000, 0.0000, -1036.0000, -627.0000, 0.0000, 0, 0, 0
L -1007.0000, -671.0000, 0.0000, -1021.0000, -671.0000, 0.0000, 0, 0, 0
L -993.0000, -713.0000, 0.0000, -1007.0000, -671.0000, 0.0000, 0, 0, 0
L -952.0000, -713.0000, 0.0000, -993.0000, -713.0000, 0.0000, 0, 0, 0
L -910.0000, -727.0000, 0.0000, -952.0000, -713.0000, 0.0000, 0, 0, 0
L -882.0000, -727.0000, 0.0000, -910.0000, -727.0000, 0.0000, 0, 0, 0
L -854.0000, -699.0000, 0.0000, -882.0000, -727.0000, 0.0000, 0, 0, 0
L -867.0000, -672.0000, 0.0000, -854.0000, -699.0000, 0.0000, 0, 0, 0
L -895.0000, -658.0000, 0.0000, -867.0000, -672.0000, 0.0000, 0, 0, 0
L -908.0000, -671.0000, 0.0000, -895.0000, -658.0000, 0.0000, 0, 0, 0
L -937.0000, -686.0000, 0.0000, -908.0000, -671.0000, 0.0000, 0, 0, 0
L -979.0000, -630.0000, 0.0000, -937.0000, -686.0000, 0.0000, 0, 0, 0
L -1007.0000, -644.0000, 0.0000, -979.0000, -630.0000, 0.0000, 0, 0, 0
L -1021.0000, -629.0000, 0.0000, -1007.0000, -644.0000, 0.0000, 0, 0, 0
L -1021.0000, -615.0000, 0.0000, -1021.0000, -629.0000, 0.0000, 0, 0, 0
L -1008.0000, -615.0000, 0.0000, -1021.0000, -615.0000, 0.0000, 0, 0, 0
L -979.0000, -601.0000, 0.0000, -1008.0000, -615.0000, 0.0000, 0, 0, 0
L -978.0000, -573.0000, -1.0000, -979.0000, -601.0000, 0.0000, 0, 0, 0
L -1166.0000, -648.0000, 0.0000, -1342.0000, -648.0000, 0.0000, 0, 0, 0
L -1158.0000, -642.0000, -1.0000, -1166.0000, -648.0000, 0.0000, 0, 0, 0
L -1147.0000, -630.0000, -1.0000, -1158.0000, -642.0000, -1.0000, 0, 0, 0
L -1118.0000, -629.0000, 0.0000, -1147.0000, -630.0000, -1.0000, 0, 0, 0
L -1077.0000, -602.0000, 0.0000, -1118.0000, -629.0000, 0.0000, 0, 0, 0
L -1090.0000, -574.0000, 0.0000, -1077.0000, -602.0000, 0.0000, 0, 0, 0
L -1077.0000, -546.0000, 0.0000, -1090.0000, -574.0000, 0.0000, 0, 0, 0
L -1050.0000, -560.0000, 0.0000, -1077.0000, -546.0000, 0.0000, 0, 0, 0
L -1035.0000, -546.0000, 0.0000, -1050.0000, -560.0000, 0.0000, 0, 0, 0
L -1022.0000, -586.0000, 0.0000, -1035.0000, -546.0000, 0.0000, 0, 0, 0
L -993.0000, -573.0000, -1.0000, -1022.0000, -586.0000, 0.0000, 0, 0, 0
L -583.0000, 969.0000, 0.0000, -544.0000, 1001.0000, 0.0000, 199, 21, 133
L -642.0000, 762.0000, 0.0000, -783.0000, 762.0000, 0.0000, 0, 0, 0
L -609.0000, 762.0000, 0.0000, -642.0000, 762.0000, 0.0000, 0, 0, 0
L -609.0000, 765.0000, 0.0000, -609.0000, 762.0000, 0.0000, 0, 0, 0
L -603.0000, 765.0000, -1.0000, -609.0000, 765.0000, 0.0000, 0, 0, 0
L -598.0000, 762.0000, -1.0000, -603.0000, 765.0000, -1.0000, 0, 0, 0
L -584.0000, 762.0000, -1.0000, -598.0000, 762.0000, -1.0000, 0, 0, 0
L -558.0000, 769.0000, -1.0000, -584.0000, 762.0000, -1.0000, 0, 0, 0
L -545.0000, 755.0000, -1.0000, -558.0000, 769.0000, -1.0000, 0, 0, 0
L -503.0000, 755.0000, 0.0000, -517.0000, 741.0000, 0.0000, 0, 0, 0
L -490.0000, 741.0000, 0.0000, -503.0000, 755.0000, 0.0000, 0, 0, 0
L -490.0000, 727.0000, 0.0000, -490.0000, 741.0000, 0.0000, 0, 0, 0
L -503.0000, 714.0000, 0.0000, -490.0000, 727.0000, 0.0000, 0, 0, 0
L -517.0000, 714.0000, 0.0000, -503.0000, 714.0000, 0.0000, 0, 0, 0
L -517.0000, 728.0000, 0.0000, -517.0000, 714.0000, 0.0000, 0, 0, 0
L -545.0000, 728.0000, 0.0000, -545.0000, 755.0000, 0.0000, 0, 0, 0
L -517.0000, 728.0000, 0.0000, -545.0000, 728.0000, 0.0000, 0, 0, 0
L -532.0000, 741.0000, 0.0000, -517.0000, 741.0000, 0.0000, 0, 0, 0
L -532.0000, 756.0000, -1.0000, -532.0000, 741.0000, 0.0000, 0, 0, 0
L -531.0000, 770.0000, 0.0000, -532.0000, 756.0000, -1.0000, 0, 0, 0
L -475.0000, 770.0000, 0.0000, -531.0000, 770.0000, 0.0000, 0, 0, 0
L -475.0000, 742.0000, 0.0000, -475.0000, 770.0000, 0.0000, 0, 0, 0
L -461.0000, 741.0000, 0.0000, -475.0000, 742.0000, 0.0000, 0, 0, 0
L -461.0000, 714.0000, 0.0000, -461.0000, 741.0000, 0.0000, 0, 0, 0
L -447.0000, 713.0000, 0.0000, -461.0000, 714.0000, 0.0000, 0, 0, 0
L -447.0000, 685.0000, 0.0000, -447.0000, 713.0000, 0.0000, 0, 0, 0
L -461.0000, 671.0000, 0.0000, -447.0000, 685.0000, 0.0000, 0, 0, 0
L -910.0000, -279.0000, -12.0000, -909.0000, -335.0000, 0.0000, 150, 150, 150
L -907.0000, -279.0000, -12.0000, -910.0000, -279.0000, -12.0000, 150, 150, 150
L -898.0000, -279.0000, -12.0000, -907.0000, -279.0000, -12.0000, 150, 150, 150
L -898.0000, -252.0000, -12.0000, -898.0000, -279.0000, -12.0000, 0, 0, 0
L -923.0000, -252.0000, -12.0000, -898.0000, -252.0000, -12.0000, 0, 0, 255
L -898.0000, -251.0000, 0.0000, -907.0000, -250.0000, 0.0000, 100, 50, 0
L -898.0000, -261.0000, 2.0000, -898.0000, -251.0000, 0.0000, 100, 50, 0
L -898.0000, -269.0000, 2.0000, -898.0000, -261.0000, 2.0000, 100, 50, 0
L -898.0000, -280.0000, 0.0000, -898.0000, -269.0000, 2.0000, 100, 50, 0
L -907.0000, -280.0000, 0.0000, -898.0000, -280.0000, 0.0000, 100, 50, 0
L -907.0000, -270.0000, 2.0000, -907.0000, -280.0000, 0.0000, 100, 50, 0
L -907.0000, -262.0000, 2.0000, -907.0000, -270.0000, 2.0000, 100, 50, 0
L -907.0000, -250.0000, 0.0000, -907.0000, -262.0000, 2.0000, 100, 50, 0
L -867.0000, -14.0000, 0.0000, -881.0000, -41.0000, 0.0000, 0, 0, 0
L -839.0000, -14.0000, 0.0000, -867.0000, -14.0000, 0.0000, 0, 0, 0
L -826.0000, -42.0000, 0.0000, -839.0000, -14.0000, 0.0000, 0, 0, 0
L -755.0000, -242.0000, 10.0000, -755.0000, -251.0000, 13.0000, 0, 0, 0
L -760.0000, -243.0000, 10.0000, -755.0000, -242.0000, 10.0000, 0, 0, 0
L -760.0000, -195.0000, 0.0000, -760.0000, -243.0000, 10.0000, 127, 64, 0
L -811.0000, -242.0000, 9.0000, -811.0000, -251.0000, 14.0000, 0, 0, 0
L -807.0000, -242.0000, 9.0000, -811.0000, -242.0000, 9.0000, 0, 0, 0
L -807.0000, -229.0000, 3.0000, -807.0000, -242.0000, 9.0000, 127, 64, 0
L -807.0000, -196.0000, 0.0000, -807.0000, -229.0000, 3.0000, 127, 64, 0
L -504.0000, -166.0000, -12.0000, -518.0000, -140.0000, -12.0000, 0, 0, 0
L -943.0000, -527.0000, -1.0000, -923.0000, -517.0000, -1.0000, 0, 0, 0
L -953.0000, -529.0000, -1.0000, -943.0000, -527.0000, -1.0000, 0, 0, 0
L -947.0000, -541.0000, 0.0000, -953.0000, -529.0000, -1.0000, 0, 0, 0
L -938.0000, -559.0000, -1.0000, -947.0000, -541.0000, 0.0000, 0, 0, 0
L -978.0000, -573.0000, -1.0000, -938.0000, -559.0000, -1.0000, 0, 0, 0
L -999.0000, -560.0000, -1.0000, -993.0000, -573.0000, -1.0000, 0, 0, 0
L -995.0000, -559.0000, -1.0000, -999.0000, -560.0000, -1.0000, 0, 0, 0
L -990.0000, -552.0000, -1.0000, -995.0000, -559.0000, -1.0000, 0, 0, 0
L -997.0000, -541.0000, -1.0000, -990.0000, -552.0000, -1.0000, 0, 0, 0
L -988.0000, -536.0000, -1.0000, -997.0000, -541.0000, -1.0000, 0, 0, 0
L -985.0000, -538.0000, 0.0000, -988.0000, -536.0000, -1.0000, 0, 0, 0
L -981.0000, -536.0000, 0.0000, -985.0000, -538.0000, 0.0000, 0, 0, 0
L -977.0000, -531.0000, -1.0000, -981.0000, -536.0000, 0.0000, 0, 0, 0
L -980.0000, -525.0000, -1.0000, -977.0000, -531.0000, -1.0000, 0, 0, 0
L -983.0000, -522.0000, 0.0000, -980.0000, -525.0000, -1.0000, 0, 0, 0
L -992.0000, -504.0000, -1.0000, -983.0000, -522.0000, 0.0000, 0, 0, 0
L -993.0000, -462.0000, -1.0000, -992.0000, -504.0000, -1.0000, 0, 0, 0
L -965.0000, -448.0000, -1.0000, -993.0000, -462.0000, -1.0000, 0, 0, 0
L -965.0000, -408.0000, -1.0000, -965.0000, -448.0000, -1.0000, 0, 0, 0
L -951.0000, -378.0000, -1.0000, -965.0000, -408.0000, -1.0000, 0, 0, 0
L -923.0000, -364.0000, 0.0000, -951.0000, -378.0000, -1.0000, 0, 0, 0
L -923.0000, -338.0000, 0.0000, -923.0000, -364.0000, 0.0000, 0, 0, 0
L -923.0000, -279.0000, -11.0000, -923.0000, -338.0000, 0.0000, 0, 0, 0
L -923.0000, -252.0000, -12.0000, -923.0000, -279.0000, -11.0000, 0, 0, 0
L -923.0000, -252.0000, 0.0000, -923.0000, -252.0000, -12.0000, 0, 0, 0
L -923.0000, -226.0000, 0.0000, -923.0000, -252.0000, 0.0000, 0, 0, 0
L -923.0000, -223.0000, 0.0000, -923.0000, -226.0000, 0.0000, 0, 0, 0
L -935.0000, -211.0000, 0.0000, -923.0000, -223.0000, 0.0000, 0, 0, 0
L -949.0000, -184.0000, 2.0000, -935.0000, -211.0000, 0.0000, 0, 0, 0
L -951.0000, -164.0000, 1.0000, -949.0000, -184.0000, 2.0000, 0, 0, 0
L -948.0000, -161.0000, 1.0000, -951.0000, -164.0000, 1.0000, 0, 0, 0
L -937.0000, -152.0000, 0.0000, -948.0000, -161.0000, 1.0000, 0, 0, 0
L -937.0000, -147.0000, 0.0000, -937.0000, -152.0000, 0.0000, 0, 0, 0
L -927.0000, -142.0000, 0.0000, -937.0000, -147.0000, 0.0000, 0, 0, 0
L -927.0000, -180.0000, 0.0000, -927.0000, -142.0000, 0.0000, 0, 0, 0
L -923.0000, -177.0000, 0.0000, -927.0000, -180.0000, 0.0000, 0, 0, 0
L -616.0000, 14.0000, 0.0000, -600.0000, 14.0000, 0.0000, 0, 0, 0
L -616.0000, 0.0000, 0.0000, -616.0000, 14.0000, 0.0000, 0, 0, 0
L -600.0000, 14.0000, 0.0000, -616.0000, 0.0000, 0.0000, 0, 0, 0
L -560.0000, 83.0000, -12.0000, -559.0000, 0.0000, 0.0000, 0, 0, 255
L -560.0000, 111.0000, -12.0000, -560.0000, 83.0000, -12.0000, 0, 0, 255
L -475.0000, 111.0000, -12.0000, -560.0000, 111.0000, -12.0000, 0, 0, 255
L -475.0000, 70.0000, 0.0000, -475.0000, 111.0000, -12.0000, 0, 0, 255
L -475.0000, 0.0000, 0.0000, -475.0000, 70.0000, 0.0000, 0, 0, 255
L -559.0000, 0.0000, 0.0000, -475.0000, 0.0000, 0.0000, 0, 0, 255
L -587.0000, -167.0000, 0.0000, -615.0000, -167.0000, -2.0000, 150, 150, 150
L -560.0000, -139.0000, -1.0000, -587.0000, -167.0000, 0.0000, 150, 150, 150
L -560.0000, -267.0000, -13.0000, -545.0000, -321.0000, -12.0000, 0, 0, 255
L -544.0000, -239.0000, -12.0000, -560.0000, -267.0000, -13.0000, 0, 0, 255
L -558.0000, -223.0000, -12.0000, -544.0000, -239.0000, -12.0000, 0, 0, 255
L -588.0000, -237.0000, -12.0000, -558.0000, -223.0000, -12.0000, 0, 0, 255
L -588.0000, -264.0000, -12.0000, -588.0000, -237.0000, -12.0000, 0, 0, 255
L -615.0000, -238.0000, -12.0000, -588.0000, -264.0000, -12.0000, 0, 0, 255
L -641.0000, -224.0000, -12.0000, -615.0000, -238.0000, -12.0000, 0, 0, 255
L -644.0000, -365.0000, 0.0000, -643.0000, -223.0000, 0.0000, 0, 0, 255
L -644.0000, -447.0000, 0.0000, -643.0000, -364.7999, 0.0000, 150, 150, 150
L -751.0000, -447.0000, 0.0000, -644.0000, -447.0000, 0.0000, 0, 0, 0
L -767.0000, -434.0000, 0.0000, -751.0000, -447.0000, 0.0000, 0, 0, 0
L -771.0000, -441.0000, 0.0000, -767.0000, -434.0000, 0.0000, 0, 0, 0
L -778.0000, -444.0000, 0.0000, -771.0000, -441.0000, 0.0000, 0, 0, 0
L -777.0000, -448.0000, 0.0000, -778.0000, -444.0000, 0.0000, 0, 0, 0
L -773.0000, -454.0000, 0.0000, -777.0000, -448.0000, 0.0000, 0, 0, 0
L -768.0000, -451.0000, 0.0000, -773.0000, -454.0000, 0.0000, 0, 0, 0
L -765.0000, -453.0000, 0.0000, -768.0000, -451.0000, 0.0000, 0, 0, 0
L -765.0000, -463.0000, 0.0000, -765.0000, -453.0000, 0.0000, 0, 0, 0
L -761.0000, -466.0000, 0.0000, -765.0000, -463.0000, 0.0000, 0, 0, 0
L -796.0000, -475.0000, 0.0000, -761.0000, -466.0000, 0.0000, 0, 0, 0
L -840.0000, -475.0000, -1.0000, -796.0000, -475.0000, 0.0000, 0, 0, 0
L -860.0000, -505.0000, -1.0000, -840.0000, -475.0000, -1.0000, 0, 0, 0
L -868.0000, -500.0000, -1.0000, -860.0000, -505.0000, -1.0000, 0, 0, 0
L -871.0000, -504.0000, -1.0000, -868.0000, -500.0000, -1.0000, 0, 0, 0
L -877.0000, -512.0000, 0.0000, -871.0000, -504.0000, -1.0000, 0, 0, 0
L -875.0000, -517.0000, -1.0000, -877.0000, -512.0000, 0.0000, 0, 0, 0
L -923.0000, -517.0000, -1.0000, -875.0000, -517.0000, -1.0000, 0, 0, 0
L -923.0000, -140.0000, 0.0000, -923.0000, -177.0000, 0.0000, 0, 0, 0
L -895.0000, -140.0000, 0.0000, -923.0000, -140.0000, 0.0000, 0, 0, 0
L -881.0000, -126.0000, 0.0000, -895.0000, -140.0000, 0.0000, 0, 0, 0
L -881.0000, -41.0000, 0.0000, -881.0000, -126.0000, 0.0000, 0, 0, 0
L -826.0000, -124.0000, 0.0000, -826.0000, -42.0000, 0.0000, 0, 0, 0
L -812.0000, -139.0000, 0.0000, -826.0000, -124.0000, 0.0000, 0, 0, 0
L -756.0000, -140.0000, 0.0000, -812.0000, -139.0000, 0.0000, 0, 0, 0
L -741.0000, -125.0000, 0.0000, -756.0000, -140.0000, 0.0000, 0, 0, 0
L -686.0000, 14.0000, 0.0000, -686.0000, 0.0000, 0.0000, 0, 0, 0
L -629.0000, 14.0000, 0.0000, -686.0000, 14.0000, 0.0000, 0, 0, 0
L -629.0000, 0.0000, 0.0000, -629.0000, 14.0000, 0.0000, 0, 0, 0
L -686.0000, 0.0000, 0.0000, -629.0000, 0.0000, 0.0000, 0, 0, 0
L -461.0000, 350.0000, 0.0000, -461.0000, 671.0000, 0.0000, 0, 0, 0
L -419.0000, 350.0000, 0.0000, -461.0000, 350.0000, 0.0000, 0, 0, 0
L -405.0000, 336.0000, 0.0000, -419.0000, 350.0000, 0.0000, 0, 0, 0
L -405.0000, 167.0000, 0.0000, -405.0000, 336.0000, 0.0000, 0, 0, 0
L -419.0000, 153.0000, 0.0000, -405.0000, 167.0000, 0.0000, 0, 0, 0
L -586.0000, 153.0000, 0.0000, -419.0000, 153.0000, 0.0000, 0, 0, 0
L -601.0000, 139.0000, 0.0000, -586.0000, 153.0000, 0.0000, 0, 0, 0
L -601.0000, 27.0000, 0.0000, -601.0000, 139.0000, 0.0000, 0, 0, 0
L -601.0000, 27.0000, 0.0000, -630.0000, 27.0000, 0.0000, 0, 0, 0
L -630.0000, 75.0000, 0.0000, -630.0000, 27.0000, 0.0000, 0, 0, 0
L -630.0000, 78.0000, 0.0000, -630.0000, 75.0000, 0.0000, 0, 0, 0
L -630.0000, 78.0000, 0.0000, -630.0000, 84.0000, 0.0000, 0, 0, 0
L -616.0000, 84.0000, 0.0000, -630.0000, 84.0000, 0.0000, 0, 0, 0
L -616.0000, 125.0000, 0.0000, -616.0000, 84.0000, 0.0000, 0, 0, 0
L -616.0000, 125.0000, 0.0000, -630.0000, 125.0000, 0.0000, 0, 0, 0
L -630.0000, 139.0000, 0.0000, -630.0000, 125.0000, 0.0000, 0, 0, 0
L -643.0000, 139.0000, 0.0000, -630.0000, 139.0000, 0.0000, 0, 0, 0
L -643.0000, 139.0000, 0.0000, -643.0000, 125.0000, 0.0000, 0, 0, 0
L -657.0000, 125.0000, 0.0000, -643.0000, 125.0000, 0.0000, 0, 0, 0
L -657.0000, 84.0000, 0.0000, -657.0000, 125.0000, 0.0000, 0, 0, 0
L -657.0000, 84.0000, 0.0000, -643.0000, 84.0000, 0.0000, 0, 0, 0
L -643.0000, 75.0000, 0.0000, -643.0000, 78.0000, 0.0000, 0, 0, 0
L -643.0000, 78.0000, 0.0000, -643.0000, 84.0000, 0.0000, 0, 0, 0
L -643.0000, 27.0000, 0.0000, -643.0000, 75.0000, 0.0000, 0, 0, 0
L -658.0000, 27.0000, 0.0000, -643.0000, 27.0000, 0.0000, 0, 0, 0
L -658.0000, 55.0000, 0.0000, -658.0000, 27.0000, 0.0000, 0, 0, 0
L -686.0000, 55.0000, 0.0000, -658.0000, 55.0000, 0.0000, 0, 0, 0
L -686.0000, 61.0000, 0.0000, -686.0000, 55.0000, 0.0000, 0, 0, 0
L -686.0000, 64.0000, 0.0000, -686.0000, 61.0000, 0.0000, 0, 0, 0
L -686.0000, 70.0000, 0.0000, -686.0000, 64.0000, 0.0000, 0, 0, 0
L -672.0000, 70.0000, 0.0000, -686.0000, 70.0000, 0.0000, 0, 0, 0
L -672.0000, 111.0000, 0.0000, -672.0000, 70.0000, 0.0000, 0, 0, 0
L -713.0000, 111.0000, 0.0000, -672.0000, 111.0000, 0.0000, 0, 0, 0
L -713.0000, 97.0000, 0.0000, -713.0000, 111.0000, 0.0000, 0, 0, 0
L -727.0000, 97.0000, 0.0000, -713.0000, 97.0000, 0.0000, 0, 0, 0
L -727.0000, 84.0000, 0.0000, -727.0000, 97.0000, 0.0000, 0, 0, 0
L -713.0000, 84.0000, 0.0000, -727.0000, 84.0000, 0.0000, 0, 0, 0
L -713.0000, 70.0000, 0.0000, -713.0000, 84.0000, 0.0000, 0, 0, 0
L -699.0000, 70.0000, 0.0000, -713.0000, 70.0000, 0.0000, 0, 0, 0
L -699.0000, 64.0000, 0.0000, -699.0000, 70.0000, 0.0000, 0, 0, 0
L -699.0000, 61.0000, 0.0000, -699.0000, 64.0000, 0.0000, 0, 0, 0
L -699.0000, 42.0000, 0.0000, -699.0000, 61.0000, 0.0000, 0, 0, 0
L -671.0000, 42.0000, 0.0000, -699.0000, 42.0000, 0.0000, 0, 0, 0
L -671.0000, 27.0000, 0.0000, -671.0000, 42.0000, 0.0000, 0, 0, 0
L -699.0000, 27.0000, 0.0000, -671.0000, 27.0000, 0.0000, 0, 0, 0
L -699.0000, 0.0000, 0.0000, -699.0000, 27.0000, 0.0000, 0, 0, 0
L -727.0000, 0.0000, 0.0000, -699.0000, 0.0000, 0.0000, 0, 0, 0
L -741.0000, -14.0000, 0.0000, -727.0000, 0.0000, 0.0000, 0, 0, 0
L -741.0000, -108.0000, 0.0000, -741.0000, -125.0000, 0.0000, 0, 0, 0
L -741.0000, -108.0000, 0.0000, -741.0000, -14.0000, 0.0000, 0, 0, 0
L -313.0000, 84.0000, 0.0000, -334.0000, 84.0000, 0.0000, 0, 0, 255
L -349.0000, 70.0000, 0.0000, -334.0000, 84.0000, 0.0000, 0, 0, 255
L -350.0000, 14.0000, 0.0000, -349.0000, 70.0000, 0.0000, 0, 0, 255
L -364.0000, 0.0000, 0.0000, -350.0000, 14.0000, 0.0000, 0, 0, 255
L -433.0000, 0.0000, 0.0000, -364.0000, 0.0000, 0.0000, 0, 0, 255
L -447.0000, 13.0000, 0.0000, -433.0000, 0.0000, 0.0000, 0, 0, 255
L -448.0000, 97.0000, 0.0000, -447.0000, 13.0000, 0.0000, 0, 0, 255
L -435.0000, 111.0000, 0.0000, -448.0000, 97.0000, 0.0000, 0, 0, 255
L -379.0000, 111.0000, 0.0000, -435.0000, 111.0000, 0.0000, 0, 0, 255
L -365.0000, 126.0000, 0.0000, -379.0000, 111.0000, 0.0000, 0, 0, 255
L -363.0000, 349.0000, 0.0000, -365.0000, 126.0000, 0.0000, 0, 0, 255
L -351.0000, 363.0000, 0.0000, -363.0000, 349.0000, 0.0000, 0, 0, 255
L -336.0000, 363.0000, 0.0000, -351.0000, 363.0000, 0.0000, 0, 0, 255
L -322.0000, 376.0000, 0.0000, -336.0000, 363.0000, 0.0000, 0, 0, 255
L -322.0000, 386.0000, 0.0000, -322.0000, 376.0000, 0.0000, 0, 0, 255
L -313.0000, 391.0000, 0.0000, -322.0000, 386.0000, 0.0000, 0, 0, 255
L -304.0000, 392.0000, 1.0000, -313.0000, 391.0000, 0.0000, 0, 0, 255
L -294.0000, 395.0000, 1.0000, -304.0000, 392.0000, 1.0000, 0, 0, 255
L -282.0000, 391.0000, 0.0000, -294.0000, 395.0000, 1.0000, 0, 0, 255
L -269.0000, 391.0000, 0.0000, -282.0000, 391.0000, 0.0000, 0, 0, 255
L -244.0000, 404.0000, 0.0000, -269.0000, 391.0000, 0.0000, 0, 0, 255
L -288.0000, 432.0000, 0.0000, -265.0000, 446.0000, 0.0000, 0, 0, 255
L -288.0000, 423.0000, 0.0000, -288.0000, 432.0000, 0.0000, 0, 0, 255
L -292.0000, 420.0000, 0.0000, -288.0000, 423.0000, 0.0000, 0, 0, 255
L -305.0000, 413.0000, 0.0000, -292.0000, 420.0000, 0.0000, 0, 0, 255
L -315.0000, 414.0000, 0.0000, -305.0000, 413.0000, 0.0000, 0, 0, 255
L -322.0000, 414.0000, 0.0000, -315.0000, 414.0000, 0.0000, 0, 0, 255
L -321.0000, 419.0000, 0.0000, -322.0000, 414.0000, 0.0000, 0, 0, 255
L -406.0000, 420.0000, 0.0000, -369.0000, 420.0000, 0.0000, 150, 150, 150
L -433.0000, 419.0000, 0.0000, -419.0000, 433.0000, 0.0000, 0, 0, 255
L -434.0000, 378.0000, 0.0000, -433.0000, 419.0000, 0.0000, 0, 0, 255
L -420.0000, 363.0000, 0.0000, -434.0000, 378.0000, 0.0000, 0, 0, 255
L -405.0000, 364.0000, 0.0000, -420.0000, 363.0000, 0.0000, 0, 0, 255
L -392.0000, 349.0000, 0.0000, -405.0000, 364.0000, 0.0000, 0, 0, 255
L -391.0000, 154.0000, 0.0000, -392.0000, 349.0000, 0.0000, 0, 0, 255
L -405.0000, 140.0000, 0.0000, -391.0000, 154.0000, 0.0000, 0, 0, 255
L -573.0000, 140.0000, 0.0000, -405.0000, 140.0000, 0.0000, 0, 0, 255
L -587.0000, 126.0000, 0.0000, -573.0000, 140.0000, 0.0000, 0, 0, 255
L -587.0000, 0.0000, 0.0000, -587.0000, 126.0000, 0.0000, 0, 0, 255
L -601.0000, -13.0000, 0.0000, -587.0000, 0.0000, 0.0000, 0, 0, 255
L -713.0000, -13.0000, 0.0000, -601.0000, -13.0000, 0.0000, 0, 0, 255
L -727.0000, -26.0000, 0.0000, -713.0000, -13.0000, 0.0000, 0, 0, 255
L -728.0000, -195.0000, 1.0000, -727.0000, -26.0000, 0.0000, 0, 0, 255
L -760.0000, -195.0000, 0.0000, -728.0000, -195.0000, 1.0000, 0, 0, 255
L -838.0000, -196.0000, 0.0000, -807.0000, -196.0000, 0.0000, 0, 0, 255
L -839.0000, -16.0000, 0.0000, -838.0000, -196.0000, 0.0000, 0, 0, 255
L -867.0000, -223.0000, 0.0000, -867.0000, -14.0000, 0.0000, 0, 0, 255
L -896.0000, -223.0000, 0.0000, -867.0000, -223.0000, 0.0000, 0, 0, 255
L -895.0000, -392.0000, 1.0000, -896.0000, -223.0000, 0.0000, 0, 0, 255
L -868.0000, -393.0000, 0.0000, -895.0000, -392.0000, 1.0000, 0, 0, 255
L -868.0000, -420.0000, 0.0000, -868.0000, -393.0000, 0.0000, 0, 0, 255
L -699.0000, -419.0000, 0.0000, -868.0000, -420.0000, 0.0000, 0, 0, 255
L -699.0000, -392.0000, 0.0000, -699.0000, -419.0000, 0.0000, 0, 0, 255
L -671.0000, -391.0000, 0.0000, -699.0000, -392.0000, 0.0000, 0, 0, 255
L -671.0000, -224.0000, 0.0000, -671.0000, -391.0000, 0.0000, 0, 0, 255
L -698.0000, -224.0000, 0.0000, -671.0000, -224.0000, 0.0000, 0, 0, 255
L -699.0000, -56.0000, 0.0000, -698.0000, -224.0000, 0.0000, 0, 0, 255
L -686.0000, -43.0000, 0.0000, -699.0000, -56.0000, 0.0000, 0, 0, 255
L -573.0000, -41.0000, 0.0000, -686.0000, -43.0000, 0.0000, 0, 0, 255
L -558.0000, -28.0000, 0.0000, -573.0000, -41.0000, 0.0000, 0, 0, 255
L -336.0000, -28.0000, 0.0000, -558.0000, -28.0000, 0.0000, 0, 0, 255
L -321.0000, -14.0000, 0.0000, -336.0000, -28.0000, 0.0000, 0, 0, 255
L -321.0000, 41.0000, 0.0000, -321.0000, -14.0000, 0.0000, 0, 0, 255
L -307.0000, 55.0000, 0.0000, -321.0000, 41.0000, 0.0000, 0, 0, 255
L -301.0000, 55.0000, 0.0000, -307.0000, 55.0000, 0.0000, 0, 0, 255
L -764.0000, -347.0000, 15.0000, -764.0000, -326.0000, 15.0000, 150, 150, 150
L -766.0000, -326.0000, 17.0000, -766.0000, -347.0000, 17.0000, 150, 150, 150
L -768.0000, -347.0000, 19.0000, -768.0000, -326.0000, 19.0000, 150, 150, 150
L -770.0000, -326.0000, 21.0000, -770.0000, -347.0000, 21.0000, 150, 150, 150
L -772.0000, -347.0000, 23.0000, -772.0000, -326.0000, 23.0000, 150, 150, 150
L -794.0000, -347.0000, 23.0000, -794.0000, -326.0000, 23.0000, 150, 150, 150
L -796.0000, -326.0000, 21.0000, -796.0000, -347.0000, 21.0000, 150, 150, 150
L -798.0000, -347.0000, 19.0000, -798.0000, -326.0000, 19.0000, 150, 150, 150
L -800.0000, -347.0000, 17.0000, -800.0000, -326.0000, 17.0000, 150, 150, 150
L -802.0000, -347.0000, 15.0000, -802.0000, -326.0000, 15.0000, 150, 150, 150
L -795.0000, -265.0000, 14.0000, -795.0000, -268.0000, 14.0000, 0, 0, 0
L -772.0000, -268.0000, 14.0000, -772.0000, -265.0000, 14.0000, 0, 0, 0
L -744.0000, -296.0000, 14.0000, -744.0000, -347.0000, 14.0000, 0, 0, 0
L -744.0000, -293.0000, 14.0000, -744.0000, -296.0000, 14.0000, 0, 0, 0
L -744.0000, -268.0000, 14.0000, -744.0000, -293.0000, 14.0000, 0, 0, 0
L -823.0000, -296.0000, 14.0000, -823.0000, -293.0000, 14.0000, 0, 0, 0
L -765.0000, -326.0000, 14.0000, -802.0000, -326.0000, 14.0000, 0, 0, 0
L -765.0000, -296.0000, 14.0000, -764.0000, -326.0000, 14.0000, 0, 0, 0
L -755.0000, -296.0000, 14.0000, -765.0000, -296.0000, 14.0000, 0, 0, 0
L -755.0000, -293.0000, 14.0000, -755.0000, -296.0000, 14.0000, 0, 0, 0
L -755.0000, -293.0000, 14.0000, -768.0000, -293.0000, 14.0000, 0, 0, 0
L -768.0000, -323.0000, 14.0000, -768.0000, -293.0000, 14.0000, 0, 0, 0
L -799.0000, -323.0000, 14.0000, -768.0000, -323.0000, 14.0000, 0, 0, 0
L -802.0000, -296.0000, 14.0000, -802.0000, -326.0000, 14.0000, 0, 0, 0
L -802.0000, -296.0000, 14.0000, -812.0000, -296.0000, 14.0000, 0, 0, 0
L -812.0000, -293.0000, 14.0000, -812.0000, -296.0000, 14.0000, 0, 0, 0
L -799.0000, -293.0000, 14.0000, -812.0000, -293.0000, 14.0000, 0, 0, 0
L -799.0000, -323.0000, 14.0000, -799.0000, -293.0000, 14.0000, 0, 0, 0
L -797.0000, -293.0000, 14.0000, -769.0000, -293.0000, 14.0000, 255, 0, 0
L -797.0000, -322.0000, 14.0000, -797.0000, -293.0000, 14.0000, 255, 0, 0
L -769.0000, -322.0000, 14.0000, -797.0000, -322.0000, 14.0000, 255, 0, 0
L -769.0000, -293.0000, 14.0000, -769.0000, -322.0000, 14.0000, 255, 0, 0
L -744.0000, -268.0000, 14.0000, -772.0000, -268.0000, 14.0000, 0, 0, 0
L -764.0000, -347.0000, 14.0000, -744.0000, -347.0000, 14.0000, 0, 0, 0
L -765.0000, -347.0000, 14.0000, -773.0000, -347.0000, 22.0000, 0, 204, 0
L -773.0000, -347.0000, 22.0000, -774.0000, -350.0000, 24.0000, 0, 204, 0
L -741.0000, -350.0000, 32.0000, -743.0000, -350.0000, 31.0000, 0, 204, 0
L -799.0000, -347.0000, 42.0000, -744.0000, -347.0000, 42.0000, 0, 204, 0
L -799.0000, -278.0000, 42.0000, -799.0000, -347.0000, 42.0000, 0, 204, 0
L -800.0000, -336.0000, 63.0000, -800.0000, -277.0000, 63.0000, 102, 255, 102
L -741.0000, -361.0000, 32.0000, -730.0000, -350.0000, 32.0000, 0, 204, 0
L -793.0000, -347.0000, 22.0000, -793.0000, -361.0000, 24.0000, 0, 204, 0
L -802.0000, -347.0000, 14.0000, -793.0000, -347.0000, 22.0000, 0, 204, 0
L -823.0000, -347.0000, 14.0000, -802.0000, -347.0000, 14.0000, 0, 0, 0
L -823.0000, -296.0000, 14.0000, -823.0000, -347.0000, 14.0000, 0, 0, 0
L -823.0000, -268.0000, 14.0000, -823.0000, -293.0000, 14.0000, 0, 0, 0
L -795.0000, -268.0000, 14.0000, -823.0000, -268.0000, 14.0000, 0, 0, 0
L -826.0000, -265.0000, 14.0000, -795.0000, -265.0000, 14.0000, 0, 0, 0
L -826.0000, -350.0000, 14.0000, -826.0000, -265.0000, 14.0000, 0, 0, 0
L -741.0000, -350.0000, 14.0000, -826.0000, -350.0000, 14.0000, 0, 0, 0
L -741.0000, -265.0000, 14.0000, -741.0000, -350.0000, 14.0000, 0, 0, 0
L -772.0000, -265.0000, 14.0000, -741.0000, -265.0000, 14.0000, 0, 0, 0
L -811.0000, -251.0000, 0.0000, -840.0000, -251.0000, 0.0000, 0, 0, 0
L -840.0000, -279.0000, 0.0000, -840.0000, -251.0000, 0.0000, 0, 0, 0
L -840.0000, -364.0000, 0.0000, -840.0000, -336.0000, 0.0000, 0, 0, 0
L -812.0000, -364.0000, 0.0000, -840.0000, -364.0000, 0.0000, 0, 0, 0
L -727.0000, -364.0000, 0.0000, -755.0000, -364.0000, 0.0000, 0, 0, 0
L -727.0000, -336.0000, 0.0000, -727.0000, -364.0000, 0.0000, 0, 0, 0
L -755.0000, -251.0000, 0.0000, -727.0000, -251.0000, 0.0000, 0, 0, 0
L -727.0000, -279.0000, 0.0000, -727.0000, -251.0000, 0.0000, 0, 0, 0
L -674.0000, -207.0000, 9.0000, -674.0000, -196.0000, 9.0000, 150, 150, 150
L -646.0000, -196.0000, 12.0000, -646.0000, -156.0000, 13.0000, 0, 204, 0
L -646.0000, -207.0000, 12.0000, -646.0000, -196.0000, 12.0000, 0, 204, 0
L -683.0000, -207.0000, 9.0000, -674.0000, -207.0000, 9.0000, 0, 204, 0
L -615.0000, -214.0000, -12.0000, -615.0000, -167.0000, -2.0000, 150, 150, 150
L -618.0000, -221.0000, -12.0000, -615.0000, -214.0000, -12.0000, 150, 150, 150
L -623.0000, -224.0000, -12.0000, -618.0000, -221.0000, -12.0000, 150, 150, 150
L -643.0000, -224.0000, -12.0000, -623.0000, -224.0000, -12.0000, 150, 150, 150
L -503.0000, -321.0000, -12.0000, -504.0000, -321.0000, -12.0000, 0, 0, 0
L -504.0000, -321.0000, -12.0000, -545.0000, -321.0000, -12.0000, 150, 150, 150
L -490.0000, -307.0000, -12.0000, -504.0000, -321.0000, -12.0000, 0, 0, 0
L -502.0000, -251.0000, -2.0000, -490.0000, -307.0000, -12.0000, 0, 0, 0
L -490.0000, -251.0000, 1.0000, -502.0000, -251.0000, -2.0000, 0, 0, 0
L -490.0000, -233.0000, -12.0000, -490.0000, -251.0000, 1.0000, 0, 0, 0
L -490.0000, -209.0000, -12.0000, -490.0000, -233.0000, -12.0000, 0, 0, 0
L -504.0000, -166.0000, -12.0000, -490.0000, -209.0000, -12.0000, 0, 0, 0
L -552.0000, -140.0000, -12.0000, -518.0000, -140.0000, -12.0000, 0, 0, 0
L -560.0000, -139.0000, -1.0000, -552.0000, -140.0000, -12.0000, 0, 0, 0
L -574.0000, -126.0000, 8.0000, -560.0000, -139.0000, -1.0000, 0, 0, 0
L -600.0000, -126.0000, 6.0000, -574.0000, -126.0000, 8.0000, 0, 0, 0
L -615.0000, -140.0000, 0.0000, -600.0000, -126.0000, 6.0000, 0, 0, 0
L -615.0000, -150.0000, 0.0000, -615.0000, -140.0000, 0.0000, 0, 0, 0
L -620.0000, -145.0000, 0.0000, -615.0000, -150.0000, 0.0000, 0, 0, 0
L -620.0000, -140.0000, 0.0000, -620.0000, -145.0000, 0.0000, 0, 0, 0
L -671.0000, -140.0000, 0.0000, -620.0000, -140.0000, 0.0000, 0, 0, 0
L -686.0000, -125.0000, 0.0000, -671.0000, -140.0000, 0.0000, 0, 0, 0
L -685.0000, -69.0000, 0.0000, -686.0000, -125.0000, 0.0000, 0, 0, 0
L -672.0000, -69.0000, 0.0000, -685.0000, -69.0000, 0.0000, 0, 0, 0
L -671.0000, -55.0000, 0.0000, -672.0000, -69.0000, 0.0000, 0, 0, 0
L -559.0000, -55.0000, 0.0000, -671.0000, -55.0000, 0.0000, 0, 0, 0
L -545.0000, -41.0000, 0.0000, -559.0000, -55.0000, 0.0000, 0, 0, 0
L -322.0000, -41.0000, 0.0000, -545.0000, -41.0000, 0.0000, 0, 0, 0
L -308.0000, -27.0000, 0.0000, -322.0000, -41.0000, 0.0000, 0, 0, 0
L -308.0000, 28.0000, 0.0000, -308.0000, -27.0000, 0.0000, 0, 0, 0
L -301.0000, 34.0000, 0.0000, -308.0000, 28.0000, 0.0000, 0, 0, 0
L -753.0000, 801.0000, 0.0000, -783.0000, 800.0000, 0.0000, 199, 21, 133
L -753.0000, 801.0000, 0.0000, -609.0000, 801.0000, 0.0000, 0, 0, 0
L -609.0000, 801.0000, 0.0000, -601.0000, 798.0000, -1.0000, 0, 0, 0
L -601.0000, 798.0000, -1.0000, -595.0000, 800.0000, -1.0000, 0, 0, 0
L -595.0000, 800.0000, -1.0000, -595.0000, 808.0000, -1.0000, 0, 0, 0
L -595.0000, 808.0000, -1.0000, -585.0000, 819.0000, -1.0000, 0, 0, 0
L -585.0000, 819.0000, -1.0000, -578.0000, 821.0000, -1.0000, 0, 0, 0
L -578.0000, 821.0000, -1.0000, -583.0000, 828.0000, 0.0000, 0, 0, 0
L -583.0000, 828.0000, 0.0000, -583.0000, 969.0000, 0.0000, 0, 0, 0
L -544.0000, 1001.0000, 0.0000, -544.0000, 830.0000, 0.0000, 0, 0, 0
L -544.0000, 830.0000, 0.0000, -548.0000, 829.0000, 0.0000, 0, 0, 0
L -548.0000, 829.0000, 0.0000, -552.0000, 825.0000, 0.0000, 0, 0, 0
L -552.0000, 825.0000, 0.0000, -549.0000, 817.0000, -1.0000, 0, 0, 0
L -549.0000, 817.0000, -1.0000, -544.0000, 815.0000, -1.0000, 0, 0, 0
L -544.0000, 815.0000, -1.0000, -544.0000, 801.0000, -1.0000, 0, 0, 0
L -544.0000, 801.0000, -1.0000, -546.0000, 783.0000, -1.0000, 0, 0, 0
L -546.0000, 783.0000, -1.0000, -532.0000, 783.0000, -1.0000, 0, 0, 0
L -532.0000, 783.0000, -1.0000, -517.0000, 797.0000, 0.0000, 0, 0, 0
L -517.0000, 797.0000, 0.0000, -504.0000, 797.0000, 0.0000, 0, 0, 0
L -504.0000, 797.0000, 0.0000, -489.0000, 783.0000, 0.0000, 0, 0, 0
L -489.0000, 783.0000, 0.0000, -462.0000, 783.0000, 0.0000, 0, 0, 0
L -462.0000, 783.0000, 0.0000, -462.0000, 769.0000, 0.0000, 0, 0, 0
L -462.0000, 769.0000, 0.0000, -447.0000, 769.0000, 0.0000, 0, 0, 0
L -447.0000, 769.0000, 0.0000, -434.0000, 755.0000, 0.0000, 0, 0, 0
L -434.0000, 755.0000, 0.0000, -420.0000, 727.0000, 0.0000, 0, 0, 0
L -420.0000, 727.0000, 0.0000, -433.0000, 714.0000, 0.0000, 0, 0, 0
L -433.0000, 714.0000, 0.0000, -434.0000, 686.0000, 0.0000, 0, 0, 0
L -434.0000, 686.0000, 0.0000, -422.0000, 673.0000, 0.0000, 0, 0, 0
L -422.0000, 673.0000, 0.0000, -404.0000, 671.0000, 0.0000, 0, 0, 0
L -404.0000, 671.0000, 0.0000, -294.0000, 671.0000, 0.0000, 0, 0, 0
L -294.0000, 671.0000, 0.0000, -294.0000, 438.0000, 0.0000, 0, 0, 0
L -294.0000, 438.0000, 0.0000, -290.0000, 441.0000, 0.0000, 0, 0, 0
L -290.0000, 441.0000, 0.0000, -291.0000, 461.0000, 0.0000, 0, 0, 0
L -291.0000, 461.0000, 0.0000, -266.0000, 457.0000, 0.0000, 0, 0, 0
L -266.0000, 457.0000, 0.0000, -241.0000, 459.0000, 0.0000, 0, 0, 0
L -241.0000, 459.0000, 0.0000, -226.0000, 443.0000, 0.0000, 0, 0, 0
L -226.0000, 443.0000, 0.0000, -224.0000, 420.0000, 0.0000, 0, 0, 0
L -224.0000, 420.0000, 0.0000, -225.0000, 393.0000, 0.0000, 0, 0, 0
L -225.0000, 393.0000, 0.0000, -228.0000, 391.0000, 0.0000, 0, 0, 0
L -228.0000, 391.0000, 0.0000, -231.0000, 384.0000, 3.0000, 0, 0, 0
L -231.0000, 384.0000, 3.0000, -249.0000, 374.0000, 0.0000, 0, 0, 0
L -249.0000, 374.0000, 0.0000, -262.0000, 374.0000, 0.0000, 0, 0, 0
L -262.0000, 374.0000, 0.0000, -281.0000, 378.0000, 0.0000, 0, 0, 0
L -281.0000, 378.0000, 0.0000, -291.0000, 378.0000, 1.0000, 0, 0, 0
L -291.0000, 378.0000, 1.0000, -291.0000, 392.0000, 1.0000, 0, 0, 0
L -291.0000, 392.0000, 1.0000, -294.0000, 389.0000, 1.0000, 0, 0, 0
L -294.0000, 389.0000, 1.0000, -294.0000, 350.0000, 0.0000, 0, 0, 0
L -294.0000, 350.0000, 0.0000, -335.0000, 350.0000, 0.0000, 0, 0, 0
L -335.0000, 350.0000, 0.0000, -350.0000, 336.0000, 0.0000, 0, 0, 0
L -350.0000, 336.0000, 0.0000, -350.0000, 112.0000, 0.0000, 0, 0, 0
L -350.0000, 112.0000, 0.0000, -363.0000, 98.0000, 0.0000, 0, 0, 0
L -363.0000, 98.0000, 0.0000, -419.0000, 98.0000, 0.0000, 0, 0, 0
L -419.0000, 98.0000, 0.0000, -434.0000, 84.0000, 0.0000, 0, 0, 0
L -434.0000, 84.0000, 0.0000, -434.0000, 27.0000, 0.0000, 0, 0, 0
L -434.0000, 27.0000, 0.0000, -420.0000, 13.0000, 0.0000, 0, 0, 0
L -420.0000, 13.0000, 0.0000, -377.0000, 13.0000, 0.0000, 0, 0, 0
L -377.0000, 13.0000, 0.0000, -363.0000, 27.0000, 0.0000, 0, 0, 0
L -363.0000, 27.0000, 0.0000, -363.0000, 83.0000, 0.0000, 0, 0, 0
L -363.0000, 83.0000, 0.0000, -349.0000, 97.0000, 0.0000, 0, 0, 0
L -823.0000, -268.0000, 63.0000, -823.0000, -347.0000, 63.0000, 102, 255, 102
L -823.0000, -347.0000, 63.0000, -788.0000, -347.0000, 63.0000, 102, 255, 102
L -760.0000, -347.0000, 73.0000, -760.0000, -295.0000, 73.0000, 102, 255, 102
L -760.0000, -295.0000, 73.0000, -797.0000, -295.0000, 73.0000, 102, 255, 102
L -797.0000, -295.0000, 73.0000, -797.0000, -333.0000, 73.0000, 102, 255, 102
L -797.0000, -333.0000, 73.0000, -770.0000, -333.0000, 73.0000, 102, 255, 102
L -769.0000, -277.0000, 42.0000, -772.0000, -277.0000, 44.0000, 102, 255, 102
L -783.0000, 762.0000, 0.0000, -783.0000, 800.0000, 0.0000, 0, 0, 0
L -1342.0000, -648.0000, 0.0000, -1343.0000, -648.0000, 0.0000, 0, 0, 0
L -1312.0000, -687.0000, 0.0000, -1342.0000, -648.0000, 0.0000, 199, 21, 133
L -1312.0000, -687.0000, 0.0000, -1169.0000, -687.0000, 0.0000, 0, 0, 0
L -1169.0000, -687.0000, 0.0000, -1165.0000, -680.0000, 0.0000, 0, 0, 0
L -1165.0000, -680.0000, 0.0000, -1160.0000, -681.0000, -1.0000, 0, 0, 0
L -1160.0000, -681.0000, -1.0000, -1155.0000, -688.0000, -1.0000, 0, 0, 0
L -1155.0000, -688.0000, -1.0000, -1157.0000, -693.0000, -1.0000, 0, 0, 0
L -1157.0000, -693.0000, -1.0000, -1148.0000, -701.0000, -1.0000, 0, 0, 0
L -1148.0000, -701.0000, -1.0000, -1144.0000, -700.0000, -1.0000, 0, 0, 0
L -1144.0000, -700.0000, -1.0000, -1141.0000, -704.0000, -1.0000, 0, 0, 0
L -1141.0000, -704.0000, -1.0000, -1140.0000, -707.0000, -1.0000, 0, 0, 0
L -1140.0000, -707.0000, -1.0000, -1143.0000, -712.0000, 0.0000, 0, 0, 0
L -1143.0000, -712.0000, 0.0000, -1143.0000, -856.0000, 0.0000, 0, 0, 0
L -1143.0000, -856.0000, 2.0000, -1103.0000, -869.0000, 2.0000, 199, 21, 133
L -1103.0000, -869.0000, 0.0000, -1103.0000, -813.0000, 0.0000, 0, 0, 0
L -1103.0000, -813.0000, 0.0000, -1103.0000, -705.0000, 0.0000, 0, 0, 0
L -683.0000, -166.0000, 0.0000, -683.0000, -180.0000, 0.0000, 0, 0, 0
L -643.0000, -210.0000, 0.0000, -686.0000, -210.0000, 0.0000, 0, 0, 0
L -686.0000, -153.0000, 0.0000, -686.0000, -156.0000, 0.0000, 0, 0, 0
L -646.0000, -156.0000, 0.0000, -684.5000, -156.0000, 0.0000, 0, 0, 0
L -686.0000, -210.0000, 0.0000, -686.0000, -166.0000, 0.0000, 0, 0, 0
L -643.0000, -153.0000, 0.0000, -643.0000, -210.0000, 0.0000, 0, 0, 0
L -686.0000, -153.0000, 0.0000, -643.0000, -153.0000, 0.0000, 0, 0, 0
L -646.0000, -195.0000, 0.0000, -670.0000, -195.0000, 0.0000, 0, 0, 0
L -683.0000, -166.0000, 0.0000, -684.5000, -166.0000, 0.0000, 0, 0, 0
L -670.0000, -195.0000, 0.0000, -672.0000, -195.0000, 0.0000, 0, 0, 0
L -672.0000, -195.0000, 0.0000, -673.0000, -179.0000, 0.0000, 0, 0, 0
L -646.0000, -156.0000, 12.0000, -671.0000, -156.0000, 12.0000, 0, 204, 0
L -671.0000, -207.0000, 12.0000, -646.0000, -207.0000, 12.0000, 0, 204, 0
L -671.0000, -196.0000, 12.0000, -671.0000, -207.0000, 12.0000, 150, 150, 150
L -674.0000, -196.0000, 9.0000, -673.0000, -196.0000, 9.0000, 0, 204, 0
L -674.0000, -207.0000, 9.0000, -673.0000, -207.0000, 9.0000, 0, 204, 0
L -671.0000, -196.0000, 12.0000, -671.0000, -156.0000, 12.0000, 0, 204, 0
L -672.0000, -207.0000, 10.0000, -671.0000, -207.0000, 11.0000, 0, 204, 0
L -672.0000, -196.0000, 10.0000, -671.0000, -196.0000, 11.0000, 0, 204, 0
L -672.0000, -207.0000, 10.0000, -672.0000, -196.0000, 10.0000, 150, 150, 150
L -671.0000, -207.0000, 11.0000, -671.0000, -207.0000, 12.0000, 0, 204, 0
L -671.0000, -196.0000, 11.0000, -671.0000, -196.0000, 12.0000, 0, 204, 0
L -671.0000, -207.0000, 11.0000, -671.0000, -196.0000, 11.0000, 150, 150, 150
L -673.0000, -207.0000, 9.0000, -672.0000, -207.0000, 10.0000, 0, 204, 0
L -673.0000, -196.0000, 9.0000, -672.0000, -196.0000, 10.0000, 0, 204, 0
L -673.0000, -207.0000, 9.0000, -673.0000, -196.0000, 9.0000, 150, 150, 150
L -674.0000, -196.0000, 9.0000, -683.0000, -196.0000, 9.0000, 150, 150, 150
L -683.0000, -207.0000, 9.0000, -683.0000, -196.0000, 9.0000, 0, 204, 0
L -674.0000, -179.0000, 0.0000, -673.0000, -179.0000, 0.0000, 0, 0, 0
L -674.0000, -179.0000, 0.0000, -674.0000, -180.0000, 0.0000, 0, 0, 0
L -683.0000, -180.0000, 0.0000, -683.0000, -182.0000, 1.0000, 0, 204, 0
L -674.0000, -196.0000, 9.0000, -674.0000, -194.0000, 7.0000, 0, 204, 0
L -674.0000, -180.0000, 0.0000, -683.0000, -180.0000, 0.0000, 150, 150, 150
L -683.0000, -188.0000, 4.0000, -683.0000, -190.0000, 5.0000, 0, 204, 0
L -674.0000, -188.0000, 4.0000, -674.0000, -186.0000, 3.0000, 0, 204, 0
L -683.0000, -188.0000, 4.0000, -674.0000, -188.0000, 4.0000, 150, 150, 150
L -683.0000, -192.0000, 6.0000, -683.0000, -194.0000, 7.0000, 0, 204, 0
L -674.0000, -192.0000, 6.0000, -674.0000, -190.0000, 5.0000, 0, 204, 0
L -683.0000, -192.0000, 6.0000, -674.0000, -192.0000, 6.0000, 150, 150, 150
L -683.0000, -184.0000, 2.0000, -683.0000, -186.0000, 3.0000, 0, 204, 0
L -674.0000, -184.0000, 2.0000, -674.0000, -182.0000, 1.0000, 0, 204, 0
L -683.0000, -184.0000, 2.0000, -674.0000, -184.0000, 2.0000, 150, 150, 150
L -683.0000, -182.0000, 1.0000, -683.0000, -184.0000, 2.0000, 0, 204, 0
L -674.0000, -182.0000, 1.0000, -674.0000, -180.0000, 0.0000, 0, 204, 0
L -683.0000, -182.0000, 1.0000, -674.0000, -182.0000, 1.0000, 150, 150, 150
L -683.0000, -186.0000, 3.0000, -683.0000, -188.0000, 4.0000, 0, 204, 0
L -674.0000, -186.0000, 3.0000, -674.0000, -184.0000, 2.0000, 0, 204, 0
L -683.0000, -186.0000, 3.0000, -674.0000, -186.0000, 3.0000, 150, 150, 150
L -683.0000, -190.0000, 5.0000, -683.0000, -192.0000, 6.0000, 0, 204, 0
L -674.0000, -190.0000, 5.0000, -674.0000, -188.0000, 4.0000, 0, 204, 0
L -683.0000, -190.0000, 5.0000, -674.0000, -190.0000, 5.0000, 150, 150, 150
L -683.0000, -194.0000, 7.0000, -683.0000, -196.0000, 9.0000, 0, 204, 0
L -674.0000, -194.0000, 7.0000, -674.0000, -192.0000, 6.0000, 0, 204, 0
L -683.0000, -194.0000, 7.0000, -674.0000, -194.0000, 7.0000, 150, 150, 150
L -744.0000, -347.0000, 42.0000, -742.0000, -321.0000, 42.0000, 0, 204, 0
L -730.0000, -308.0000, 42.0000, -744.0000, -308.0000, 42.0000, 0, 204, 0
L -744.0000, -308.0000, 42.0000, -744.0000, -268.0000, 42.0000, 0, 204, 0
L -742.0000, -321.0000, 42.0000, -741.0000, -321.0000, 42.0000, 0, 204, 0
L -730.0000, -321.0000, 42.0000, -730.0000, -308.0000, 42.0000, 0, 204, 0
L -741.0000, -321.0000, 42.0000, -730.0000, -321.0000, 42.0000, 150, 150, 150
L -774.0000, -350.0000, 24.0000, -774.0000, -361.0000, 24.0000, 150, 150, 150
L -793.0000, -361.0000, 24.0000, -774.0000, -361.0000, 24.0000, 0, 204, 0
L -741.0000, -361.0000, 32.0000, -743.0000, -361.0000, 31.0000, 0, 204, 0
L -741.0000, -361.0000, 32.0000, -741.0000, -350.0000, 32.0000, 150, 150, 150
L -741.0000, -350.0000, 32.0000, -730.0000, -350.0000, 32.0000, 150, 150, 150
L -741.0000, -321.0000, 42.0000, -741.0000, -324.0000, 40.0000, 0, 204, 0
L -730.0000, -321.0000, 42.0000, -730.0000, -324.0000, 40.0000, 0, 204, 0
L -757.0000, -350.0000, 28.0000, -759.0000, -350.0000, 27.0000, 0, 204, 0
L -757.0000, -361.0000, 28.0000, -759.0000, -361.0000, 27.0000, 0, 204, 0
L -757.0000, -350.0000, 28.0000, -757.0000, -361.0000, 28.0000, 150, 150, 150
L -765.0000, -350.0000, 26.0000, -767.0000, -350.0000, 25.0000, 0, 204, 0
L -765.0000, -361.0000, 26.0000, -767.0000, -361.0000, 25.0000, 0, 204, 0
L -765.0000, -350.0000, 26.0000, -765.0000, -361.0000, 26.0000, 150, 150, 150
L -749.0000, -350.0000, 30.0000, -751.0000, -350.0000, 29.0000, 0, 204, 0
L -749.0000, -361.0000, 30.0000, -751.0000, -361.0000, 29.0000, 0, 204, 0
L -749.0000, -350.0000, 30.0000, -749.0000, -361.0000, 30.0000, 150, 150, 150
L -753.0000, -350.0000, 29.0000, -755.0000, -350.0000, 28.0000, 0, 204, 0
L -753.0000, -361.0000, 29.0000, -755.0000, -361.0000, 28.0000, 0, 204, 0
L -753.0000, -350.0000, 29.0000, -753.0000, -361.0000, 29.0000, 150, 150, 150
L -745.0000, -350.0000, 31.0000, -747.0000, -350.0000, 30.0000, 0, 204, 0
L -745.0000, -361.0000, 31.0000, -747.0000, -361.0000, 30.0000, 0, 204, 0
L -745.0000, -350.0000, 31.0000, -745.0000, -361.0000, 31.0000, 150, 150, 150
L -761.0000, -350.0000, 27.0000, -763.0000, -350.0000, 26.0000, 0, 204, 0
L -761.0000, -361.0000, 27.0000, -763.0000, -361.0000, 26.0000, 0, 204, 0
L -761.0000, -350.0000, 27.0000, -761.0000, -361.0000, 27.0000, 150, 150, 150
L -769.0000, -350.0000, 25.0000, -771.0000, -350.0000, 24.0000, 0, 204, 0
L -769.0000, -361.0000, 25.0000, -771.0000, -361.0000, 24.0000, 0, 204, 0
L -769.0000, -350.0000, 25.0000, -769.0000, -361.0000, 25.0000, 150, 150, 150
L -771.0000, -350.0000, 24.0000, -774.0000, -350.0000, 24.0000, 0, 204, 0
L -771.0000, -361.0000, 24.0000, -774.0000, -361.0000, 24.0000, 0, 204, 0
L -771.0000, -350.0000, 24.0000, -771.0000, -361.0000, 24.0000, 150, 150, 150
L -767.0000, -350.0000, 25.0000, -769.0000, -350.0000, 25.0000, 0, 204, 0
L -767.0000, -361.0000, 25.0000, -769.0000, -361.0000, 25.0000, 0, 204, 0
L -767.0000, -350.0000, 25.0000, -767.0000, -361.0000, 25.0000, 150, 150, 150
L -763.0000, -350.0000, 26.0000, -765.0000, -350.0000, 26.0000, 0, 204, 0
L -763.0000, -361.0000, 26.0000, -765.0000, -361.0000, 26.0000, 0, 204, 0
L -763.0000, -350.0000, 26.0000, -763.0000, -361.0000, 26.0000, 150, 150, 150
L -759.0000, -350.0000, 27.0000, -761.0000, -350.0000, 27.0000, 0, 204, 0
L -759.0000, -361.0000, 27.0000, -761.0000, -361.0000, 27.0000, 0, 204, 0
L -759.0000, -350.0000, 27.0000, -759.0000, -361.0000, 27.0000, 150, 150, 150
L -755.0000, -350.0000, 28.0000, -757.0000, -350.0000, 28.0000, 0, 204, 0
L -755.0000, -361.0000, 28.0000, -757.0000, -361.0000, 28.0000, 0, 204, 0
L -755.0000, -350.0000, 28.0000, -755.0000, -361.0000, 28.0000, 150, 150, 150
L -751.0000, -350.0000, 29.0000, -753.0000, -350.0000, 29.0000, 0, 204, 0
L -751.0000, -361.0000, 29.0000, -753.0000, -361.0000, 29.0000, 0, 204, 0
L -751.0000, -350.0000, 29.0000, -751.0000, -361.0000, 29.0000, 150, 150, 150
L -747.0000, -350.0000, 30.0000, -749.0000, -350.0000, 30.0000, 0, 204, 0
L -747.0000, -361.0000, 30.0000, -749.0000, -361.0000, 30.0000, 0, 204, 0
L -747.0000, -350.0000, 30.0000, -747.0000, -361.0000, 30.0000, 150, 150, 150
L -743.0000, -350.0000, 31.0000, -745.0000, -350.0000, 31.0000, 0, 204, 0
L -743.0000, -361.0000, 31.0000, -745.0000, -361.0000, 31.0000, 0, 204, 0
L -743.0000, -350.0000, 31.0000, -743.0000, -361.0000, 31.0000, 150, 150, 150
L -730.0000, -335.0000, 37.0000, -730.0000, -339.0000, 35.0000, 0, 204, 0
L -741.0000, -335.0000, 37.0000, -741.0000, -339.0000, 35.0000, 0, 204, 0
L -730.0000, -335.0000, 37.0000, -741.0000, -335.0000, 37.0000, 150, 150, 150
L -730.0000, -342.0000, 34.0000, -730.0000, -346.0000, 33.0000, 0, 204, 0
L -741.0000, -342.0000, 34.0000, -741.0000, -346.0000, 33.0000, 0, 204, 0
L -730.0000, -342.0000, 34.0000, -741.0000, -342.0000, 34.0000, 150, 150, 150
L -730.0000, -328.0000, 39.0000, -730.0000, -331.0000, 38.0000, 0, 204, 0
L -741.0000, -328.0000, 39.0000, -741.0000, -331.0000, 38.0000, 0, 204, 0
L -730.0000, -328.0000, 39.0000, -741.0000, -328.0000, 39.0000, 150, 150, 150
L -730.0000, -331.0000, 38.0000, -730.0000, -335.0000, 37.0000, 0, 204, 0
L -741.0000, -331.0000, 38.0000, -741.0000, -335.0000, 37.0000, 0, 204, 0
L -730.0000, -331.0000, 38.0000, -741.0000, -331.0000, 38.0000, 150, 150, 150
L -730.0000, -324.0000, 40.0000, -730.0000, -328.0000, 39.0000, 0, 204, 0
L -741.0000, -324.0000, 40.0000, -741.0000, -328.0000, 39.0000, 0, 204, 0
L -730.0000, -324.0000, 40.0000, -741.0000, -324.0000, 40.0000, 150, 150, 150
L -730.0000, -339.0000, 35.0000, -730.0000, -342.0000, 34.0000, 0, 204, 0
L -741.0000, -339.0000, 35.0000, -741.0000, -342.0000, 34.0000, 0, 204, 0
L -730.0000, -339.0000, 35.0000, -741.0000, -339.0000, 35.0000, 150, 150, 150
L -730.0000, -346.0000, 33.0000, -730.0000, -350.0000, 32.0000, 0, 204, 0
L -741.0000, -346.0000, 33.0000, -741.0000, -350.0000, 32.0000, 0, 204, 0
L -730.0000, -346.0000, 33.0000, -741.0000, -346.0000, 33.0000, 150, 150, 150
L -772.0000, -326.0000, 23.0000, -794.0000, -326.0000, 23.0000, 0, 204, 0
L -406.0000, 420.0000, 0.0000, -406.0000, 420.0000, -12.0000, 100, 50, 0
L -349.0000, 420.0000, 0.0000, -349.0000, 420.0000, -12.0000, 100, 50, 0
L -406.0000, 420.0000, 0.0000, -406.0000, 433.0000, 0.0000, 0, 0, 255
L -349.0000, 420.0000, 0.0000, -349.0000, 433.0000, 0.0000, 0, 0, 255
L -419.0000, 433.0000, 0.0000, -406.0000, 433.0000, 0.0000, 0, 0, 255
L -335.0000, 433.0000, 0.0000, -321.0000, 419.0000, 0.0000, 0, 0, 255
L -349.0000, 433.0000, 0.0000, -335.0000, 433.0000, 0.0000, 0, 0, 255
L -406.0000, 420.0000, -12.0000, -406.0000, 405.0000, -12.0000, 100, 50, 0
L -349.0000, 420.0000, -12.0000, -349.0000, 405.0000, -12.0000, 100, 50, 0
L -406.0000, 405.0000, -12.0000, -349.0000, 405.0000, -12.0000, 100, 50, 0
L -362.0000, 414.0000, 0.0000, -362.0000, 420.0000, 0.0000, 150, 150, 150
L -362.0000, 420.0000, 0.0000, -349.0000, 420.0000, 0.0000, 150, 150, 150
L -369.0000, 414.0000, 0.0000, -362.0000, 414.0000, 0.0000, 150, 150, 150
L -369.0000, 420.0000, 0.0000, -362.0000, 420.0000, 0.0000, 150, 150, 150
L -369.0000, 414.0000, 0.0000, -369.0000, 420.0000, 0.0000, 150, 150, 150
L -382.0000, 414.0000, -12.0000, -380.0000, 414.0000, -10.0000, 150, 150, 150
L -382.0000, 420.0000, -12.0000, -380.0000, 420.0000, -10.0000, 150, 150, 150
L -382.0000, 420.0000, -12.0000, -382.0000, 414.0000, -12.0000, 150, 150, 150
L -375.0000, 414.0000, -6.0000, -373.0000, 414.0000, -4.0000, 150, 150, 150
L -375.0000, 420.0000, -6.0000, -373.0000, 420.0000, -4.0000, 150, 150, 150
L -375.0000, 414.0000, -6.0000, -375.0000, 420.0000, -6.0000, 150, 150, 150
L -378.0000, 414.0000, -9.0000, -377.0000, 414.0000, -7.0000, 150, 150, 150
L -378.0000, 420.0000, -9.0000, -377.0000, 420.0000, -7.0000, 150, 150, 150
L -378.0000, 414.0000, -9.0000, -378.0000, 420.0000, -9.0000, 150, 150, 150
L -372.0000, 414.0000, -3.0000, -370.0000, 414.0000, -1.0000, 150, 150, 150
L -372.0000, 420.0000, -3.0000, -370.0000, 420.0000, -1.0000, 150, 150, 150
L -372.0000, 414.0000, -3.0000, -372.0000, 420.0000, -3.0000, 150, 150, 150
L -370.0000, 414.0000, -1.0000, -369.0000, 414.0000, 0.0000, 150, 150, 150
L -370.0000, 420.0000, -1.0000, -369.0000, 420.0000, 0.0000, 150, 150, 150
L -370.0000, 414.0000, -1.0000, -370.0000, 420.0000, -1.0000, 150, 150, 150
L -373.0000, 414.0000, -4.0000, -372.0000, 414.0000, -3.0000, 150, 150, 150
L -373.0000, 420.0000, -4.0000, -372.0000, 420.0000, -3.0000, 150, 150, 150
L -373.0000, 414.0000, -4.0000, -373.0000, 420.0000, -4.0000, 150, 150, 150
L -377.0000, 414.0000, -7.0000, -375.0000, 414.0000, -6.0000, 150, 150, 150
L -377.0000, 420.0000, -7.0000, -375.0000, 420.0000, -6.0000, 150, 150, 150
L -377.0000, 414.0000, -7.0000, -377.0000, 420.0000, -7.0000, 150, 150, 150
L -380.0000, 414.0000, -10.0000, -378.0000, 414.0000, -9.0000, 150, 150, 150
L -380.0000, 420.0000, -10.0000, -378.0000, 420.0000, -9.0000, 150, 150, 150
L -380.0000, 414.0000, -10.0000, -380.0000, 420.0000, -10.0000, 150, 150, 150
L -823.0000, -268.0000, 63.0000, -800.0000, -268.0000, 63.0000, 102, 255, 102
L -800.0000, -277.0000, 63.0000, -800.0000, -268.0000, 63.0000, 150, 150, 150
L -769.0000, -268.0000, 42.0000, -772.0000, -268.0000, 44.0000, 102, 255, 102
L -769.0000, -268.0000, 42.0000, -744.0000, -268.0000, 42.0000, 0, 204, 0
L -769.0000, -277.0000, 42.0000, -769.0000, -268.0000, 42.0000, 150, 150, 150
L -784.0000, -277.0000, 52.0000, -788.0000, -277.0000, 55.0000, 102, 255, 102
L -784.0000, -268.0000, 52.0000, -788.0000, -268.0000, 55.0000, 102, 255, 102
L -784.0000, -277.0000, 52.0000, -784.0000, -268.0000, 52.0000, 150, 150, 150
L -776.0000, -277.0000, 47.0000, -780.0000, -277.0000, 49.0000, 102, 255, 102
L -776.0000, -268.0000, 47.0000, -780.0000, -268.0000, 49.0000, 102, 255, 102
L -776.0000, -277.0000, 47.0000, -776.0000, -268.0000, 47.0000, 150, 150, 150
L -792.0000, -277.0000, 57.0000, -796.0000, -277.0000, 60.0000, 102, 255, 102
L -792.0000, -268.0000, 57.0000, -796.0000, -268.0000, 60.0000, 102, 255, 102
L -792.0000, -277.0000, 57.0000, -792.0000, -268.0000, 57.0000, 150, 150, 150
L -788.0000, -277.0000, 55.0000, -792.0000, -277.0000, 57.0000, 102, 255, 102
L -788.0000, -268.0000, 55.0000, -792.0000, -268.0000, 57.0000, 102, 255, 102
L -788.0000, -277.0000, 55.0000, -788.0000, -268.0000, 55.0000, 150, 150, 150
L -780.0000, -277.0000, 49.0000, -784.0000, -277.0000, 52.0000, 102, 255, 102
L -780.0000, -268.0000, 49.0000, -784.0000, -268.0000, 52.0000, 102, 255, 102
L -780.0000, -277.0000, 49.0000, -780.0000, -268.0000, 49.0000, 150, 150, 150
L -772.0000, -277.0000, 44.0000, -776.0000, -277.0000, 47.0000, 102, 255, 102
L -772.0000, -268.0000, 44.0000, -776.0000, -268.0000, 47.0000, 102, 255, 102
L -772.0000, -277.0000, 44.0000, -772.0000, -268.0000, 44.0000, 150, 150, 150
L -796.0000, -277.0000, 60.0000, -800.0000, -277.0000, 63.0000, 102, 255, 102
L -796.0000, -268.0000, 60.0000, -800.0000, -268.0000, 63.0000, 102, 255, 102
L -796.0000, -277.0000, 60.0000, -796.0000, -268.0000, 60.0000, 150, 150, 150
L -788.0000, -347.0000, 63.0000, -788.0000, -336.0000, 63.0000, 150, 150, 150
L -800.0000, -336.0000, 63.0000, -788.0000, -336.0000, 63.0000, 102, 255, 102
L -646.0000, -195.0000, 0.0000, -646.0000, -156.0000, 0.0000, 0, 0, 0
L -770.0000, -333.0000, 73.0000, -770.0000, -336.0000, 73.0000, 102, 255, 102
L -770.0000, -347.0000, 73.0000, -760.0000, -347.0000, 73.0000, 102, 255, 102
L -770.0000, -336.0000, 73.0000, -770.0000, -347.0000, 73.0000, 150, 150, 150
L -770.0000, -347.0000, 73.0000, -772.0000, -347.0000, 71.0000, 102, 255, 102
L -770.0000, -336.0000, 73.0000, -772.0000, -336.0000, 71.0000, 102, 255, 102
L -779.0000, -347.0000, 68.0000, -781.0000, -347.0000, 66.0000, 102, 255, 102
L -779.0000, -336.0000, 68.0000, -781.0000, -336.0000, 66.0000, 102, 255, 102
L -779.0000, -347.0000, 68.0000, -779.0000, -336.0000, 68.0000, 150, 150, 150
L -783.0000, -347.0000, 65.0000, -785.0000, -347.0000, 64.0000, 102, 255, 102
L -783.0000, -336.0000, 65.0000, -785.0000, -336.0000, 64.0000, 102, 255, 102
L -783.0000, -347.0000, 65.0000, -783.0000, -336.0000, 65.0000, 150, 150, 150
L -774.0000, -347.0000, 70.0000, -776.0000, -347.0000, 69.0000, 102, 255, 102
L -774.0000, -336.0000, 70.0000, -776.0000, -336.0000, 69.0000, 102, 255, 102
L -774.0000, -347.0000, 70.0000, -774.0000, -336.0000, 70.0000, 150, 150, 150
L -776.0000, -347.0000, 69.0000, -779.0000, -347.0000, 68.0000, 102, 255, 102
L -776.0000, -336.0000, 69.0000, -779.0000, -336.0000, 68.0000, 102, 255, 102
L -776.0000, -347.0000, 69.0000, -776.0000, -336.0000, 69.0000, 150, 150, 150
L -772.0000, -347.0000, 71.0000, -774.0000, -347.0000, 70.0000, 102, 255, 102
L -772.0000, -336.0000, 71.0000, -774.0000, -336.0000, 70.0000, 102, 255, 102
L -772.0000, -347.0000, 71.0000, -772.0000, -336.0000, 71.0000, 150, 150, 150
L -781.0000, -347.0000, 66.0000, -783.0000, -347.0000, 65.0000, 102, 255, 102
L -781.0000, -336.0000, 66.0000, -783.0000, -336.0000, 65.0000, 102, 255, 102
L -781.0000, -347.0000, 66.0000, -781.0000, -336.0000, 66.0000, 150, 150, 150
L -785.0000, -347.0000, 64.0000, -788.0000, -347.0000, 63.0000, 102, 255, 102
L -785.0000, -336.0000, 64.0000, -788.0000, -336.0000, 63.0000, 102, 255, 102
L -785.0000, -347.0000, 64.0000, -785.0000, -336.0000, 64.0000, 150, 150, 150
L -301.0000, 34.0000, 0.0000, -301.0000, 55.0000, 0.0000, 199, 21, 133
L -301.0000, 55.0000, 0.0000, -301.0000, 84.0000, 0.0000, 199, 21, 133
L -349.0000, 97.0000, 0.0000, -312.0000, 97.0000, 0.0000, 0, 0, 0
L -312.0000, 97.0000, 0.0000, -280.8999, 97.0000, 0.0000, 0, 0, 0
L -301.0000, 34.0000, 0.0000, -276.6999, 34.0000, 0.0000, 0, 0, 0
L -301.0000, 84.0000, 0.0000, -301.0000, 96.7999, 0.0000, 199, 21, 133
L -313.0000, 84.0000, 0.0000, -301.0000, 84.0000, 0.0000, 0, 0, 255
L -753.0000, 801.0000, 0.0000, -753.0000, 838.5000, 0.0000, 0, 0, 0
L -783.0000, 800.0000, 0.0000, -783.0000, 838.5000, 0.0000, 0, 0, 0
L -583.0000, 969.0000, 0.0000, -615.5000, 969.0000, 0.0000, 0, 0, 0
L -583.0000, 969.0000, 0.0000, -583.0000, 970.0000, 0.0000, 0, 0, 0
L -544.0000, 1001.0000, 0.0000, -615.5000, 1001.0000, 0.0000, 0, 0, 0
L -1343.0000, -648.0000, 0.0000, -1343.0000, -728.5999, 0.0000, 0, 0, 0
L -1312.0000, -687.0000, 0.0000, -1312.0000, -728.5999, 0.0000, 0, 0, 0
L -1143.0000, -856.0000, 0.0000, -1206.0999, -856.0000, 0.0000, 0, 0, 0
L -1103.0000, -869.0000, 2.0000, -1176.0999, -869.0000, 2.0000, 0, 0, 0
L -684.5000, -156.0000, 0.0000, -686.0000, -156.0000, 0.0000, 0, 0, 0
L -684.5000, -166.0000, 0.0000, -686.0000, -166.0000, 0.0000, 0, 0, 0
L -369.1999, 136.3999, -18.1999, -365.0999, 136.5000, -1.0000, 255, 165, 0
L -365.0999, 136.5000, -1.0000, -364.7999, 131.6999, -1.0000, 255, 165, 0
L -364.7999, 131.6999, -1.0000, -368.5000, 131.6999, -18.1999, 255, 165, 0
L -361.6999, 174.0000, 1.0000, -361.6999, 168.0999, 1.0000, 127, 64, 0
L -393.2999, 168.0999, 1.0000, -393.2999, 174.0000, 1.0000, 127, 64, 0
L -393.2999, 168.0999, 1.0000, -361.6999, 168.0999, 1.0000, 127, 64, 0
L -361.6999, 174.0000, 1.0000, -393.2999, 174.0000, 1.0000, 127, 64, 0
L -369.1999, 136.3999, -18.1999, -368.5000, 131.6999, -18.1999, 255, 165, 0
L -154.0000, 391.0000, -14.0000, -157.0000, 387.5000, -13.5000, 255, 255, 0
L -564.0999, 8.8999, -21.5999, -560.2999, 9.1999, -1.2999, 255, 165, 0
L -560.2999, 9.1999, -1.2999, -560.1999, 4.5999, -1.2999, 255, 165, 0
L -560.1999, 4.5999, -1.2999, -564.0999, 5.0999, -21.5999, 255, 165, 0
L -552.5000, 5.8999, 0.0000, -526.1999, -27.7999, 1.0000, 127, 64, 0
L -526.1999, -27.7999, 1.0000, -530.0999, -31.1999, 1.0000, 127, 64, 0
L -530.0999, -31.1999, 1.0000, -556.5000, 2.5000, 0.0000, 127, 64, 0
L -556.5000, 2.5000, 0.0000, -552.1999, 6.0999, 0.0000, 127, 64, 0
L -698.5000, -100.6999, 0.0000, -730.6999, -71.7999, 1.0000, 139, 69, 19
L -730.6999, -71.7999, 1.0000, -727.5000, -68.5000, 1.0000, 139, 69, 19
L -727.5000, -68.5000, 1.0000, -695.1999, -96.2999, 0.0000, 139, 69, 19
L -695.1999, -96.2999, 0.0000, -698.7999, -100.0999, 0.0000, 139, 69, 19
L -694.5999, -177.7999, 0.0000, -729.6999, -177.5999, 1.0000, 127, 64, 0
L -729.6999, -177.5999, 1.0000, -729.6999, -173.6999, 0.8999, 127, 64, 0
L -729.6999, -173.6999, 0.8999, -694.5999, -173.8999, 0.0000, 127, 64, 0
L -694.5999, -173.8999, 0.0000, -694.5999, -177.7999, 0.0000, 127, 64, 0
L -681.0000, -221.0000, 0.0000, -701.2999, -257.7999, 0.8999, 127, 64, 0
L -701.2999, -257.7999, 0.8999, -705.8999, -255.6999, 0.8999, 127, 64, 0
L -705.8999, -255.6999, 0.8999, -685.3999, -218.7999, 0.0000, 127, 64, 0
L -685.3999, -218.7999, 0.0000, -680.6999, -221.1999, 0.0000, 127, 64, 0
L -700.6999, -258.3999, 0.0000, -705.8999, -253.0000, 0.0000, 0, 0, 255
L -705.8999, -253.0000, 0.0000, -725.7999, -253.1999, 0.0000, 0, 0, 255
L -700.0000, -257.7999, 0.0000, -699.8999, -362.3999, 0.0000, 0, 0, 255
L -699.8999, -362.3999, 0.0000, -725.7999, -362.6999, 0.0000, 0, 0, 255
L -711.3999, -245.8999, -18.1999, -715.7999, -246.3999, -18.8999, 255, 165, 0
L -715.7999, -246.3999, -18.8999, -715.7999, -250.0999, -1.5000, 255, 165, 0
L -715.7999, -250.0999, -1.5000, -711.3999, -250.0999, -1.5000, 255, 165, 0
L -711.3999, -250.0999, -1.5000, -711.3999, -245.8999, -18.1999, 255, 165, 0
L -749.3999, -422.5999, 0.0000, -749.8999, -388.6999, 0.8999, 127, 64, 0
L -749.8999, -388.6999, 0.8999, -745.8999, -388.6999, 1.0000, 127, 64, 0
L -745.8999, -388.6999, 1.0000, -745.6999, -422.1999, 0.6999, 127, 64, 0
L -745.6999, -422.1999, 0.6999, -749.6999, -422.2999, 0.0000, 127, 64, 0
L -876.0000, -394.5000, 0.0000, -859.2999, -359.8999, 1.0000, 127, 64, 0
L -859.2999, -359.8999, 1.0000, -855.8999, -361.7999, 1.0000, 127, 64, 0
L -855.8999, -361.7999, 1.0000, -872.3999, -396.0999, 0.0000, 127, 64, 0
L -872.3999, -396.0999, 0.0000, -876.0999, -394.0999, 0.0000, 127, 64, 0
L -841.5999, -363.0999, 0.0000, -866.5000, -362.8999, 0.0000, 0, 0, 255
L -866.5000, -362.8999, 0.0000, -867.1999, -253.0999, 0.0000, 0, 0, 255
L -867.1999, -253.0999, 0.0000, -841.5999, -252.5999, 0.0000, 0, 0, 255
L -881.6999, -389.6999, -1.2999, -885.7999, -389.7999, -1.2999, 255, 165, 0
L -885.7999, -389.7999, -1.2999, -885.7999, -387.6999, -18.0999, 255, 165, 0
L -885.7999, -387.6999, -18.0999, -881.0000, -387.6999, -18.0999, 255, 165, 0
L -881.6999, -389.6999, -1.2999, -881.0000, -387.6999, -18.0999, 255, 165, 0
L -639.0000, -448.0000, 0.0000, -644.0000, -447.0000, 0.0000, 0, 0, 0
L -639.0000, -364.0000, 0.0000, -643.0000, -364.7999, 0.0000, 0, 0, 255
L -643.0000, -364.7999, 0.0000, -643.0000, -364.0000, 0.0000, 150, 150, 150
L -643.0000, -364.7999, 0.0000, -644.0000, -365.0000, 0.0000, 0, 0, 0
L -564.0999, 5.0999, -21.5999, -564.0999, 8.8999, -21.5999, 255, 165, 0
L -157.0000, 387.5000, -13.5000, -160.0000, 384.0000, -13.5000, 255, 255, 0
L -155.5000, 383.1999, -13.5000, -157.0000, 387.5000, -13.5000, 255, 255, 0
L -157.0000, 387.5000, -13.5000, -152.2999, 386.8999, -13.1999, 255, 255, 0
L -155.5000, 383.1999, -13.5000, -152.2999, 386.8999, -13.1999, 255, 255, 0
L -111.0000, 279.0000, -41.0000, -98.0000, 279.0000, -41.0000, 155, 155, 155
L -98.0000, 266.0000, -41.0000, -98.0000, 279.0000, -41.0000, 178, 102, 255
L -98.0000, 279.0000, -41.0000, -98.0000, 282.5999, -39.1999, 178, 102, 255
L -98.0000, 308.0000, -27.0000, -111.0000, 308.0000, -27.0000, 155, 155, 155
L -111.0000, 293.5000, -34.0000, -111.0000, 297.0999, -32.1999, 178, 102, 255
L -98.0000, 293.5000, -34.0000, -98.0000, 297.0999, -32.1999, 178, 102, 255
L -111.0000, 293.5000, -34.0000, -98.0000, 293.5000, -34.0000, 155, 155, 155
L -111.0000, 286.1999, -37.5000, -111.0000, 289.8999, -35.7999, 178, 102, 255
L -98.0000, 286.1999, -37.5000, -98.0000, 289.8999, -35.7999, 178, 102, 255
L -111.0000, 286.1999, -37.5000, -98.0000, 286.1999, -37.5000, 155, 155, 155
L -111.0000, 300.7999, -30.5000, -111.0000, 304.3999, -28.7999, 178, 102, 255
L -98.0000, 300.7999, -30.5000, -98.0000, 304.3999, -28.7999, 178, 102, 255
L -111.0000, 300.7999, -30.5000, -98.0000, 300.7999, -30.5000, 155, 155, 155
L -111.0000, 297.0999, -32.1999, -111.0000, 300.7999, -30.5000, 178, 102, 255
L -98.0000, 297.0999, -32.1999, -98.0000, 300.7999, -30.5000, 178, 102, 255
L -111.0000, 297.0999, -32.1999, -98.0000, 297.0999, -32.1999, 155, 155, 155
L -111.0000, 289.8999, -35.7999, -111.0000, 293.5000, -34.0000, 178, 102, 255
L -98.0000, 289.8999, -35.7999, -98.0000, 293.5000, -34.0000, 178, 102, 255
L -111.0000, 289.8999, -35.7999, -98.0000, 289.8999, -35.7999, 155, 155, 155
L -111.0000, 282.5999, -39.1999, -111.0000, 286.1999, -37.5000, 178, 102, 255
L -98.0000, 282.5999, -39.1999, -98.0000, 286.1999, -37.5000, 178, 102, 255
L -111.0000, 282.5999, -39.1999, -98.0000, 282.5999, -39.1999, 155, 155, 155
L -111.0000, 304.3999, -28.7999, -111.0000, 308.0000, -27.0000, 178, 102, 255
L -98.0000, 304.3999, -28.7999, -98.0000, 308.0000, -27.0000, 178, 102, 255
L -111.0000, 304.3999, -28.7999, -98.0000, 304.3999, -28.7999, 155, 155, 155
L -125.0000, 349.0000, -27.0000, -112.0000, 349.0000, -27.0000, 155, 155, 155
L -112.0000, 336.0000, -27.0000, -112.0000, 349.0000, -27.0000, 178, 102, 255
L -112.0000, 349.0000, -27.0000, -112.0000, 353.1999, -25.1999, 178, 102, 255
L -125.0000, 383.0000, -13.0000, -112.0000, 383.0000, -13.0000, 155, 155, 155
L -125.0000, 366.0000, -20.0000, -125.0000, 370.1999, -18.1999, 178, 102, 255
L -112.0000, 366.0000, -20.0000, -112.0000, 370.1999, -18.1999, 178, 102, 255
L -125.0000, 366.0000, -20.0000, -112.0000, 366.0000, -20.0000, 155, 155, 155
L -125.0000, 357.5000, -23.5000, -125.0000, 361.7999, -21.7999, 178, 102, 255
L -112.0000, 357.5000, -23.5000, -112.0000, 361.7999, -21.7999, 178, 102, 255
L -125.0000, 357.5000, -23.5000, -112.0000, 357.5000, -23.5000, 155, 155, 155
L -125.0000, 374.5000, -16.5000, -125.0000, 378.7999, -14.7999, 178, 102, 255
L -112.0000, 374.5000, -16.5000, -112.0000, 378.7999, -14.7999, 178, 102, 255
L -125.0000, 374.5000, -16.5000, -112.0000, 374.5000, -16.5000, 155, 155, 155
L -125.0000, 370.1999, -18.1999, -125.0000, 374.5000, -16.5000, 178, 102, 255
L -112.0000, 370.1999, -18.1999, -112.0000, 374.5000, -16.5000, 178, 102, 255
L -125.0000, 370.1999, -18.1999, -112.0000, 370.1999, -18.1999, 155, 155, 155
L -125.0000, 361.7999, -21.7999, -125.0000, 366.0000, -20.0000, 178, 102, 255
L -112.0000, 361.7999, -21.7999, -112.0000, 366.0000, -20.0000, 178, 102, 255
L -125.0000, 361.7999, -21.7999, -112.0000, 361.7999, -21.7999, 155, 155, 155
L -125.0000, 353.1999, -25.1999, -125.0000, 357.5000, -23.5000, 178, 102, 255
L -112.0000, 353.1999, -25.1999, -112.0000, 357.5000, -23.5000, 178, 102, 255
L -125.0000, 353.1999, -25.1999, -112.0000, 353.1999, -25.1999, 155, 155, 155
L -125.0000, 378.7999, -14.7999, -125.0000, 383.0000, -13.0000, 178, 102, 255
L -112.0000, 378.7999, -14.7999, -112.0000, 383.0000, -13.0000, 178, 102, 255
L -125.0000, 378.7999, -14.7999, -112.0000, 378.7999, -14.7999, 155, 155, 155
L -27.0000, 349.0000, -41.0000, -56.0000, 349.0000, -41.0000, 178, 102, 255
L -27.0000, 349.0000, -41.0000, -14.0000, 349.0000, -41.0000, 155, 155, 155
L -14.0000, 363.0000, -41.0000, -42.0000, 363.0000, -41.0000, 178, 102, 255
L -14.0000, 349.0000, -41.0000, -14.0000, 363.0000, -41.0000, 178, 102, 255
L -27.0000, 321.0000, -55.0000, -27.0000, 324.5000, -53.1999, 178, 102, 255
L -14.0000, 321.0000, -55.0000, -14.0000, 324.5000, -53.1999, 178, 102, 255
L -14.0000, 321.0000, -55.0000, -27.0000, 321.0000, -55.0000, 155, 155, 155
L -27.0000, 335.0000, -48.0000, -27.0000, 338.5000, -46.1999, 178, 102, 255
L -14.0000, 335.0000, -48.0000, -14.0000, 338.5000, -46.1999, 178, 102, 255
L -27.0000, 335.0000, -48.0000, -14.0000, 335.0000, -48.0000, 155, 155, 155
L -27.0000, 328.0000, -51.5000, -27.0000, 331.5000, -49.7999, 178, 102, 255
L -14.0000, 328.0000, -51.5000, -14.0000, 331.5000, -49.7999, 178, 102, 255
L -27.0000, 328.0000, -51.5000, -14.0000, 328.0000, -51.5000, 155, 155, 155
L -27.0000, 324.5000, -53.1999, -27.0000, 328.0000, -51.5000, 178, 102, 255
L -14.0000, 324.5000, -53.1999, -14.0000, 328.0000, -51.5000, 178, 102, 255
L -27.0000, 324.5000, -53.1999, -14.0000, 324.5000, -53.1999, 155, 155, 155
L -27.0000, 331.5000, -49.7999, -27.0000, 335.0000, -48.0000, 178, 102, 255
L -14.0000, 331.5000, -49.7999, -14.0000, 335.0000, -48.0000, 178, 102, 255
L -27.0000, 331.5000, -49.7999, -14.0000, 331.5000, -49.7999, 155, 155, 155
L -27.0000, 342.0000, -44.5000, -27.0000, 345.5000, -42.7999, 178, 102, 255
L -14.0000, 342.0000, -44.5000, -14.0000, 345.5000, -42.7999, 178, 102, 255
L -27.0000, 342.0000, -44.5000, -14.0000, 342.0000, -44.5000, 155, 155, 155
L -27.0000, 338.5000, -46.1999, -27.0000, 342.0000, -44.5000, 178, 102, 255
L -14.0000, 338.5000, -46.1999, -14.0000, 342.0000, -44.5000, 178, 102, 255
L -27.0000, 338.5000, -46.1999, -14.0000, 338.5000, -46.1999, 155, 155, 155
L -27.0000, 345.5000, -42.7999, -27.0000, 349.0000, -41.0000, 178, 102, 255
L -14.0000, 345.5000, -42.7999, -14.0000, 349.0000, -41.0000, 178, 102, 255
L -27.0000, 345.5000, -42.7999, -14.0000, 345.5000, -42.7999, 155, 155, 155
L 153.0000, 447.0000, -55.0000, 140.0000, 447.0000, -55.0000, 155, 155, 155
L 167.0000, 518.0000, -83.0000, 153.0000, 504.0000, -83.0000, 102, 0, 204
L 153.0000, 545.0000, -83.0000, 167.0000, 531.0000, -83.0000, 102, 0, 204
L 167.0000, 531.0000, -83.0000, 167.0000, 518.0000, -83.0000, 102, 0, 204
L 139.0000, 544.0000, -83.0000, 153.0000, 545.0000, -83.0000, 102, 0, 204
L 125.0000, 531.0000, -83.0000, 139.0000, 544.0000, -83.0000, 102, 0, 204
L 112.0000, 531.0000, -83.0000, 125.0000, 531.0000, -83.0000, 102, 0, 204
L 126.0000, 518.0000, -83.0000, 111.0000, 518.0000, -83.0000, 102, 0, 204
L 153.0000, 504.0000, -83.0000, 140.0000, 504.0000, -83.0000, 155, 155, 155
L 140.0000, 504.0000, -83.0000, 126.0000, 518.0000, -83.0000, 102, 0, 204
L 153.0000, 406.0000, -55.0000, 153.0000, 434.0000, -55.0000, 178, 102, 255
L 170.0000, 411.0000, -55.0000, 170.0000, 434.0000, -55.0000, 178, 102, 255
L 153.0000, 434.0000, -55.0000, 170.0000, 434.0000, -55.0000, 178, 102, 255
L 196.0000, 475.0000, -55.0000, 182.0000, 475.0000, -55.0000, 178, 102, 255
L 182.0000, 489.0000, -55.0000, 182.0000, 475.0000, -55.0000, 178, 102, 255
L 153.0000, 447.0000, -55.0000, 153.0000, 450.5999, -56.7999, 178, 102, 255
L 140.0000, 504.0000, -83.0000, 140.0000, 500.3999, -81.1999, 102, 0, 204
L 140.0000, 475.5000, -69.0000, 140.0000, 471.8999, -67.1999, 102, 0, 204
L 153.0000, 475.5000, -69.0000, 153.0000, 479.0999, -70.7999, 102, 0, 204
L 140.0000, 475.5000, -69.0000, 153.0000, 475.5000, -69.0000, 155, 155, 155
L 140.0000, 461.1999, -62.0000, 140.0000, 457.6999, -60.1999, 102, 0, 204
L 153.0000, 461.1999, -62.0000, 153.0000, 464.7999, -63.7999, 102, 0, 204
L 140.0000, 461.1999, -62.0000, 153.0000, 461.1999, -62.0000, 155, 155, 155
L 140.0000, 468.3999, -65.5000, 140.0000, 464.7999, -63.7999, 102, 0, 204
L 153.0000, 468.3999, -65.5000, 153.0000, 471.8999, -67.1999, 102, 0, 204
L 140.0000, 468.3999, -65.5000, 153.0000, 468.3999, -65.5000, 155, 155, 155
L 140.0000, 454.0999, -58.5000, 140.0000, 450.5999, -56.7999, 102, 0, 204
L 153.0000, 454.0999, -58.5000, 153.0000, 457.6999, -60.1999, 102, 0, 204
L 140.0000, 454.0999, -58.5000, 153.0000, 454.0999, -58.5000, 155, 155, 155
L 140.0000, 489.7999, -76.0000, 140.0000, 486.1999, -74.1999, 102, 0, 204
L 153.0000, 489.7999, -76.0000, 153.0000, 493.2999, -77.7999, 102, 0, 204
L 140.0000, 489.7999, -76.0000, 153.0000, 489.7999, -76.0000, 155, 155, 155
L 140.0000, 482.5999, -72.5000, 140.0000, 479.0999, -70.7999, 102, 0, 204
L 153.0000, 482.5999, -72.5000, 153.0000, 486.1999, -74.1999, 102, 0, 204
L 140.0000, 482.5999, -72.5000, 153.0000, 482.5999, -72.5000, 155, 155, 155
L 140.0000, 496.8999, -79.5000, 140.0000, 493.2999, -77.7999, 102, 0, 204
L 153.0000, 496.8999, -79.5000, 153.0000, 500.3999, -81.1999, 102, 0, 204
L 140.0000, 496.8999, -79.5000, 153.0000, 496.8999, -79.5000, 155, 155, 155
L 140.0000, 493.2999, -77.7999, 140.0000, 489.7999, -76.0000, 102, 0, 204
L 153.0000, 493.2999, -77.7999, 153.0000, 496.8999, -79.5000, 102, 0, 204
L 140.0000, 493.2999, -77.7999, 153.0000, 493.2999, -77.7999, 155, 155, 155
L 140.0000, 500.3999, -81.1999, 140.0000, 496.8999, -79.5000, 102, 0, 204
L 153.0000, 500.3999, -81.1999, 153.0000, 504.0000, -83.0000, 102, 0, 204
L 140.0000, 500.3999, -81.1999, 153.0000, 500.3999, -81.1999, 155, 155, 155
L 140.0000, 486.1999, -74.1999, 140.0000, 482.5999, -72.5000, 102, 0, 204
L 153.0000, 486.1999, -74.1999, 153.0000, 489.7999, -76.0000, 102, 0, 204
L 140.0000, 486.1999, -74.1999, 153.0000, 486.1999, -74.1999, 155, 155, 155
L 140.0000, 479.0999, -70.7999, 140.0000, 475.5000, -69.0000, 102, 0, 204
L 153.0000, 479.0999, -70.7999, 153.0000, 482.5999, -72.5000, 102, 0, 204
L 140.0000, 479.0999, -70.7999, 153.0000, 479.0999, -70.7999, 155, 155, 155
L 140.0000, 471.8999, -67.1999, 140.0000, 468.3999, -65.5000, 102, 0, 204
L 153.0000, 471.8999, -67.1999, 153.0000, 475.5000, -69.0000, 102, 0, 204
L 140.0000, 471.8999, -67.1999, 153.0000, 471.8999, -67.1999, 155, 155, 155
L 140.0000, 464.7999, -63.7999, 140.0000, 461.1999, -62.0000, 102, 0, 204
L 153.0000, 464.7999, -63.7999, 153.0000, 468.3999, -65.5000, 102, 0, 204
L 140.0000, 464.7999, -63.7999, 153.0000, 464.7999, -63.7999, 155, 155, 155
L 140.0000, 457.6999, -60.1999, 140.0000, 454.0999, -58.5000, 102, 0, 204
L 153.0000, 457.6999, -60.1999, 153.0000, 461.1999, -62.0000, 102, 0, 204
L 140.0000, 457.6999, -60.1999, 153.0000, 457.6999, -60.1999, 155, 155, 155
L 140.0000, 450.5999, -56.7999, 140.0000, 447.0000, -55.0000, 102, 0, 204
L 153.0000, 450.5999, -56.7999, 153.0000, 454.0999, -58.5000, 102, 0, 204
L 140.0000, 450.5999, -56.7999, 153.0000, 450.5999, -56.7999, 155, 155, 155
L -254.5000, 433.0000, 0.0000, -244.0000, 420.0000, 0.0000, 0, 0, 255
L -118.7999, 470.0999, -18.5000, -118.2999, 464.8999, -18.5999, 0, 0, 255
L -30.0999, 490.5999, -100.0000, -25.1999, 485.6999, -100.0000, 0, 0, 255
L -16.0999, 485.6999, -100.0000, -12.1999, 462.7999, -100.0000, 0, 0, 255
L -0.3999, 464.0999, -100.0000, 12.0999, 476.5999, -100.0000, 0, 0, 255
L 12.0999, 476.5999, -100.0000, 12.0999, 488.3999, -100.0000, 0, 0, 255
L 12.0999, 488.3999, -100.0000, -11.5000, 495.5999, -100.0000, 0, 0, 255
L -23.5000, 503.6999, -100.0000, -30.0999, 498.7999, -100.0000, 0, 0, 255
L -12.0999, 432.7999, -85.0000, -1.8999, 433.2999, -85.0000, 0, 0, 255
L -118.2999, 464.8999, -18.5999, -117.6999, 459.6999, -18.6999, 0, 0, 255
L -123.1999, 467.5000, -18.5000, -123.1999, 462.2999, -18.6999, 255, 255, 0
L -123.1999, 462.2999, -18.6999, -118.2999, 464.8999, -18.5999, 255, 255, 0
L -118.2999, 464.8999, -18.5999, -123.1999, 467.5000, -18.5000, 255, 255, 0
L -48.0000, 501.0999, -32.0999, -66.0000, 499.0000, -32.0999, 178, 102, 255
L -46.7999, 481.5000, -32.0999, -45.0000, 471.0000, -37.0000, 178, 102, 255
L -73.0000, 495.0000, -32.0999, -83.0000, 491.0000, -32.0999, 178, 102, 255
L -66.0000, 499.0000, -32.0999, -73.0000, 495.0000, -32.0999, 178, 102, 255
L -48.0000, 501.0999, -32.0999, -47.3999, 491.2999, -32.0999, 0, 0, 255
L -47.3999, 491.2999, -32.0999, -46.7999, 481.5000, -32.0999, 0, 0, 255
L -47.3999, 491.2999, -32.0999, -50.3999, 493.7999, -32.0999, 255, 255, 0
L -0.3999, 464.0999, -100.0000, 0.0000, 461.0000, -85.0000, 0, 0, 255
L -12.1999, 462.7999, -100.0000, -13.0000, 461.0000, -85.0000, 0, 0, 255
L -25.1999, 485.6999, -59.0999, -16.0999, 485.6999, -59.0999, 0, 0, 255
L -15.5000, 502.0999, -59.0999, -23.5000, 503.6999, -59.0999, 0, 0, 255
L -30.0999, 498.7999, -59.0999, -30.0999, 490.5999, -59.0999, 0, 0, 255
L -16.0999, 485.6999, -100.0000, -25.1999, 485.6999, -100.0000, 0, 0, 255
L -30.0999, 490.5999, -100.0000, -30.0999, 498.7999, -100.0000, 0, 0, 255
L -23.5000, 503.6999, -100.0000, -15.5000, 502.0999, -100.0000, 0, 0, 255
L -23.5000, 503.6999, -59.0999, -30.0999, 498.7999, -59.0999, 0, 0, 255
L -30.0999, 490.5999, -59.0999, -25.1999, 485.6999, -59.0999, 0, 0, 255
L -11.5000, 495.5999, -59.0999, -15.5000, 502.0999, -59.0999, 0, 0, 255
L -11.5000, 495.5999, -100.0000, -15.5000, 502.0999, -100.0000, 0, 0, 255
L -16.0999, 485.6999, -59.0999, -11.5000, 495.5999, -59.0999, 0, 0, 255
L -11.5000, 495.5999, -59.0999, -11.5000, 495.5999, -100.0000, 0, 0, 255
L -15.5000, 502.0999, -59.0999, -15.5000, 502.0999, -100.0000, 0, 0, 255
L -23.5000, 503.6999, -59.0999, -23.5000, 503.6999, -100.0000, 0, 0, 255
L -30.0999, 498.7999, -59.0999, -30.0999, 498.7999, -100.0000, 0, 0, 255
L -30.0999, 490.5999, -100.0000, -30.0999, 490.5999, -59.0999, 0, 0, 255
L -25.1999, 485.6999, -59.0999, -25.1999, 485.6999, -100.0000, 0, 0, 255
L -16.0999, 485.6999, -59.0999, -16.0999, 485.6999, -100.0000, 0, 0, 255
L -50.3999, 488.8999, -32.0999, -47.3999, 491.2999, -32.0999, 255, 255, 0
L -50.3999, 488.8999, -32.0999, -50.3999, 493.7999, -32.0999, 255, 255, 0
