L 2121.0, 762.0, 151.0, 2131.0, 751.0, 151.0, 0, 0, 0
L 2123.0, 776.0, 152.0, 2121.0, 762.0, 151.0, 0, 0, 0
L 2134.0, 783.0, 153.0, 2123.0, 776.0, 152.0, 0, 0, 0
L 2147.0, 781.0, 153.0, 2134.0, 783.0, 153.0, 0, 0, 0
L 2154.0, 771.0, 153.0, 2147.0, 781.0, 153.0, 0, 0, 0
L 2153.0, 758.0, 153.0, 2154.0, 771.0, 153.0, 0, 0, 0
L 2141.0, 750.0, 152.0, 2153.0, 758.0, 153.0, 0, 0, 0
L 948.0, 393.0, 97.0, 951.0, 399.0, 96.0, 0, 0, 0
L 963.0, 385.0, 98.0, 948.0, 393.0, 97.0, 0, 0, 0
L 966.0, 392.0, 97.0, 963.0, 385.0, 98.0, 0, 0, 0
L 951.0, 399.0, 97.0, 966.0, 392.0, 97.0, 0, 0, 0
L 1020.0, 1082.0, -334.0, 1011.0, 1040.0, -335.0, 178, 102, 255
L 1024.0, 1099.0, -334.0, 1020.0, 1082.0, -334.0, 178, 102, 255
L 1031.0, 1130.0, -333.0, 1024.0, 1099.0, -334.0, 178, 102, 255
L 1031.0, 1161.0, -333.0, 1031.0, 1130.0, -333.0, 178, 102, 255
L 1001.0, 1161.0, -333.0, 1031.0, 1161.0, -333.0, 178, 102, 255
L 1020.0, 1183.0, -333.0, 1001.0, 1183.0, -333.0, 199, 21, 133
L 1001.0, 1210.0, -333.0, 1001.0, 1161.0, -333.0, 178, 102, 255
L 1020.0, 1180.0, -333.0, 1020.0, 1191.0, -333.0, 178, 102, 255
L 1050.0, 1180.0, -333.0, 1020.0, 1180.0, -333.0, 178, 102, 255
L 1050.0, 1129.0, -333.0, 1050.0, 1180.0, -333.0, 178, 102, 255
L 1053.0, 1106.0, -333.0, 1050.0, 1129.0, -333.0, 178, 102, 255
L 1056.0, 1081.0, -333.0, 1053.0, 1106.0, -333.0, 178, 102, 255
L 1060.0, 1040.0, -332.0, 1056.0, 1081.0, -333.0, 178, 102, 255
L 636.0, 2033.0, 90.0, 616.0, 2033.0, 90.0, 199, 21, 133
L 662.0, 1766.0, 90.0, 661.0, 1690.0, 73.0, 0, 204, 0
L 661.0, 1791.0, 90.0, 662.0, 1766.0, 90.0, 0, 204, 0
L 675.0, 1820.0, 90.0, 661.0, 1791.0, 90.0, 0, 204, 0
L 673.0, 1831.0, 90.0, 675.0, 1820.0, 90.0, 0, 204, 0
L 679.0, 1856.0, 90.0, 673.0, 1831.0, 90.0, 0, 204, 0
L 689.0, 1900.0, 90.0, 679.0, 1856.0, 90.0, 0, 204, 0
L 686.0, 1934.0, 90.0, 689.0, 1900.0, 90.0, 0, 204, 0
L 686.0, 1994.0, 90.0, 686.0, 1934.0, 90.0, 0, 204, 0
L 616.0, 1994.0, 90.0, 686.0, 1994.0, 90.0, 0, 204, 0
L 616.0, 2074.0, 90.0, 616.0, 1994.0, 90.0, 0, 204, 0
L 636.0, 2014.0, 90.0, 636.0, 2054.0, 90.0, 0, 204, 0
L 706.0, 2014.0, 90.0, 636.0, 2014.0, 90.0, 0, 204, 0
L 706.0, 1934.0, 90.0, 706.0, 2014.0, 90.0, 0, 204, 0
L 717.0, 1901.0, 90.0, 706.0, 1934.0, 90.0, 0, 204, 0
L 708.0, 1852.0, 90.0, 717.0, 1901.0, 90.0, 0, 204, 0
L 703.0, 1836.0, 90.0, 708.0, 1852.0, 90.0, 0, 204, 0
L 709.0, 1820.0, 90.0, 703.0, 1836.0, 90.0, 0, 204, 0
L 710.0, 1774.0, 90.0, 709.0, 1820.0, 90.0, 0, 204, 0
L 711.0, 1690.0, 72.0, 710.0, 1774.0, 90.0, 0, 204, 0
L -201.0, 1293.0, 116.0, -204.0, 1308.0, 116.0, 0, 0, 0
L -211.0, 1282.0, 116.0, -201.0, 1293.0, 116.0, 0, 0, 0
L -223.0, 1281.0, 117.0, -211.0, 1282.0, 116.0, 0, 0, 0
L -232.0, 1290.0, 119.0, -223.0, 1281.0, 117.0, 0, 0, 0
L -233.0, 1303.0, 118.0, -232.0, 1290.0, 119.0, 0, 0, 0
L -226.0, 1313.0, 117.0, -233.0, 1303.0, 118.0, 0, 0, 0
L -212.0, 1314.0, 117.0, -226.0, 1313.0, 117.0, 0, 0, 0
L -103.0, -401.0, 73.0, -99.0, -402.0, 73.0, 0, 0, 0
L -99.0, -383.0, 71.0, -103.0, -401.0, 73.0, 0, 0, 0
L -82.0, -388.0, 72.0, -99.0, -383.0, 71.0, 0, 0, 0
L -86.0, -405.0, 73.0, -82.0, -388.0, 72.0, 0, 0, 0
L -89.0, -404.0, 72.0, -86.0, -405.0, 73.0, 0, 0, 0
L -577.0, -1166.0, 352.0, -602.0, -1201.0, 392.0, 0, 0, 0
L -573.0, -1127.0, 282.0, -577.0, -1166.0, 352.0, 0, 0, 0
L -573.0, -1109.0, 251.0, -573.0, -1127.0, 282.0, 0, 0, 0
L -572.0, -1088.0, 236.0, -573.0, -1109.0, 251.0, 0, 0, 0
L -582.0, -1057.0, 202.0, -572.0, -1088.0, 236.0, 0, 0, 0
L -584.0, -1039.0, 184.0, -582.0, -1057.0, 202.0, 0, 0, 0
L -589.0, -1015.0, 156.0, -584.0, -1039.0, 184.0, 0, 0, 0
L -597.0, -1012.0, 150.0, -589.0, -1015.0, 156.0, 0, 0, 0
L -635.0, -1009.0, 120.0, -597.0, -1012.0, 150.0, 0, 0, 0
L -664.0, -990.0, 119.0, -635.0, -1009.0, 120.0, 0, 0, 0
L -670.0, -956.0, 107.0, -664.0, -990.0, 119.0, 0, 0, 0
L -673.0, -919.0, 166.0, -670.0, -956.0, 107.0, 0, 0, 0
L -673.0, -901.0, 186.0, -673.0, -919.0, 166.0, 0, 0, 0
L -654.0, -861.0, 180.0, -673.0, -901.0, 186.0, 0, 0, 0
L -644.0, -816.0, 120.0, -654.0, -861.0, 180.0, 0, 0, 0
L -621.0, -789.0, 146.0, -644.0, -816.0, 120.0, 0, 0, 0
L -587.0, -760.0, 186.0, -621.0, -789.0, 146.0, 0, 0, 0
L -587.0, -731.0, 193.0, -587.0, -760.0, 186.0, 0, 0, 0
L -584.0, -707.0, 197.0, -587.0, -731.0, 193.0, 0, 0, 0
L -568.0, -661.0, 186.0, -584.0, -707.0, 197.0, 0, 0, 0
L -506.0, -560.0, 227.0, -568.0, -661.0, 186.0, 0, 0, 0
L -511.0, -513.0, 238.0, -506.0, -560.0, 227.0, 0, 0, 0
L -524.0, -499.0, 234.0, -511.0, -513.0, 238.0, 0, 0, 0
L -539.0, -490.0, 215.0, -524.0, -499.0, 234.0, 0, 0, 0
L -553.0, -478.0, 202.0, -539.0, -490.0, 215.0, 0, 0, 0
L -580.0, -454.0, 175.0, -553.0, -478.0, 202.0, 0, 0, 0
L -602.0, -422.0, 149.0, -580.0, -454.0, 175.0, 0, 0, 0
L -622.0, -395.0, 124.0, -602.0, -422.0, 149.0, 0, 0, 0
L -638.0, -384.0, 100.0, -622.0, -395.0, 124.0, 0, 0, 0
L -672.0, -351.0, 89.0, -638.0, -384.0, 100.0, 0, 0, 0
L -672.0, -313.0, 168.0, -672.0, -351.0, 89.0, 0, 0, 0
L -651.0, -266.0, 185.0, -672.0, -313.0, 168.0, 0, 0, 0
L -661.0, -208.0, 169.0, -651.0, -266.0, 185.0, 0, 0, 0
L -646.0, -186.0, 193.0, -661.0, -208.0, 169.0, 0, 0, 0
L -586.0, -116.0, 303.0, -661.0, -208.0, 169.0, 0, 0, 0
L -584.0, -107.0, 312.0, -586.0, -116.0, 303.0, 0, 0, 0
L -593.0, -74.0, 255.0, -584.0, -107.0, 312.0, 0, 0, 0
L -613.0, -38.0, 219.0, -593.0, -74.0, 255.0, 0, 0, 0
L -635.0, -7.0, 112.0, -613.0, -38.0, 219.0, 0, 0, 0
L -635.0, 30.0, 151.0, -635.0, -7.0, 112.0, 0, 0, 0
L -634.0, 47.0, 165.0, -635.0, 30.0, 151.0, 0, 0, 0
L -638.0, 90.0, 194.0, -634.0, 47.0, 165.0, 0, 0, 0
L -641.0, 129.0, 140.0, -638.0, 90.0, 194.0, 0, 0, 0
L -671.0, 140.0, 108.0, -641.0, 129.0, 140.0, 0, 0, 0
L -671.0, 144.0, 109.0, -671.0, 140.0, 108.0, 0, 0, 0
L -671.0, 192.0, 170.0, -671.0, 144.0, 109.0, 0, 0, 0
L -657.0, 238.0, 223.0, -671.0, 192.0, 170.0, 0, 0, 0
L -642.0, 333.0, 183.0, -657.0, 238.0, 223.0, 0, 0, 0
L -637.0, 389.0, 192.0, -642.0, 333.0, 183.0, 0, 0, 0
L -642.0, 435.0, 188.0, -637.0, 389.0, 192.0, 0, 0, 0
L -639.0, 491.0, 166.0, -642.0, 435.0, 188.0, 0, 0, 0
L -632.0, 533.0, 177.0, -639.0, 491.0, 166.0, 0, 0, 0
L -634.0, 542.0, 176.0, -632.0, 533.0, 177.0, 0, 0, 0
L -671.0, 587.0, 92.0, -634.0, 542.0, 176.0, 0, 0, 0
L -671.0, 655.0, 207.0, -671.0, 587.0, 92.0, 0, 0, 0
L -670.0, 686.0, 255.0, -671.0, 655.0, 207.0, 0, 0, 0
L -657.0, 738.0, 214.0, -670.0, 686.0, 255.0, 0, 0, 0
L -645.0, 768.0, 233.0, -657.0, 738.0, 214.0, 0, 0, 0
L -621.0, 831.0, 257.0, -645.0, 768.0, 233.0, 0, 0, 0
L -619.0, 858.0, 235.0, -621.0, 831.0, 257.0, 0, 0, 0
L -621.0, 881.0, 219.0, -619.0, 858.0, 235.0, 0, 0, 0
L -638.0, 930.0, 172.0, -621.0, 881.0, 219.0, 0, 0, 0
L -668.0, 997.0, 173.0, -638.0, 930.0, 172.0, 0, 0, 0
L -660.0, 1041.0, 210.0, -668.0, 997.0, 173.0, 0, 0, 0
L -652.0, 1070.0, 219.0, -660.0, 1041.0, 210.0, 0, 0, 0
L -652.0, 1087.0, 226.0, -652.0, 1070.0, 219.0, 0, 0, 0
L -660.0, 1119.0, 215.0, -652.0, 1087.0, 226.0, 0, 0, 0
L -670.0, 1141.0, 135.0, -660.0, 1119.0, 215.0, 0, 0, 0
L -670.0, 1190.0, 135.0, -670.0, 1141.0, 135.0, 0, 0, 0
L -657.0, 1238.0, 237.0, -670.0, 1190.0, 135.0, 0, 0, 0
L -638.0, 1289.0, 232.0, -657.0, 1238.0, 237.0, 0, 0, 0
L -638.0, 1298.0, 213.0, -638.0, 1289.0, 232.0, 0, 0, 0
L -670.0, 1340.0, 159.0, -638.0, 1298.0, 213.0, 0, 0, 0
L -670.0, 1356.0, 168.0, -670.0, 1340.0, 159.0, 0, 0, 0
L -669.0, 1404.0, 176.0, -670.0, 1356.0, 168.0, 0, 0, 0
L -669.0, 1446.0, 170.0, -669.0, 1404.0, 176.0, 0, 0, 0
L -669.0, 1489.0, 251.0, -669.0, 1446.0, 170.0, 0, 0, 0
L -669.0, 1504.0, 242.0, -669.0, 1489.0, 251.0, 0, 0, 0
L -669.0, 1538.0, 263.0, -669.0, 1504.0, 242.0, 0, 0, 0
L -669.0, 1557.0, 234.0, -669.0, 1538.0, 263.0, 0, 0, 0
L -669.0, 1607.0, 220.0, -669.0, 1557.0, 234.0, 0, 0, 0
L -669.0, 1640.0, 163.0, -669.0, 1607.0, 220.0, 0, 0, 0
L -669.0, 1740.0, 302.0, -669.0, 1640.0, 163.0, 0, 0, 0
L -669.0, 1780.0, 345.0, -669.0, 1740.0, 302.0, 0, 0, 0
L -645.0, 1780.0, 346.0, -669.0, 1780.0, 345.0, 0, 0, 0
L -590.0, 1780.0, 326.0, -645.0, 1780.0, 346.0, 0, 0, 0
L -540.0, 1765.0, 312.0, -590.0, 1780.0, 326.0, 0, 0, 0
L -491.0, 1741.0, 299.0, -540.0, 1765.0, 312.0, 0, 0, 0
L -483.0, 1740.0, 290.0, -491.0, 1741.0, 299.0, 0, 0, 0
L -446.0, 1750.0, 245.0, -483.0, 1740.0, 290.0, 0, 0, 0
L -403.0, 1754.0, 208.0, -446.0, 1750.0, 245.0, 0, 0, 0
L -374.0, 1753.0, 194.0, -403.0, 1754.0, 208.0, 0, 0, 0
L -366.0, 1745.0, 199.0, -374.0, 1753.0, 194.0, 0, 0, 0
L -340.0, 1717.0, 209.0, -366.0, 1745.0, 199.0, 0, 0, 0
L -326.0, 1706.0, 210.0, -340.0, 1717.0, 209.0, 0, 0, 0
L -290.0, 1684.0, 233.0, -326.0, 1706.0, 210.0, 0, 0, 0
L -274.0, 1678.0, 233.0, -290.0, 1684.0, 233.0, 0, 0, 0
L -237.0, 1673.0, 236.0, -274.0, 1678.0, 233.0, 0, 0, 0
L -191.0, 1697.0, 188.0, -237.0, 1673.0, 236.0, 0, 0, 0
L -168.0, 1736.0, 164.0, -191.0, 1697.0, 188.0, 0, 0, 0
L -145.0, 1770.0, 118.0, -168.0, 1736.0, 164.0, 0, 0, 0
L -112.0, 1780.0, 135.0, -145.0, 1770.0, 118.0, 0, 0, 0
L -57.0, 1780.0, 242.0, -112.0, 1780.0, 135.0, 0, 0, 0
L -42.0, 1779.0, 275.0, -57.0, 1780.0, 242.0, 0, 0, 0
L -20.0, 1768.0, 259.0, -42.0, 1779.0, 275.0, 0, 0, 0
L -9.0, 1761.0, 250.0, -20.0, 1768.0, 259.0, 0, 0, 0
L 10.0, 1741.0, 234.0, -9.0, 1761.0, 250.0, 0, 0, 0
L 52.0, 1780.0, 162.0, 10.0, 1741.0, 234.0, 0, 0, 0
L 100.0, 1780.0, 192.0, 52.0, 1780.0, 162.0, 0, 0, 0
L 200.0, 1780.0, 201.0, 100.0, 1780.0, 192.0, 0, 0, 0
L 208.0, 1780.0, 206.0, 200.0, 1780.0, 201.0, 0, 0, 0
L 259.0, 1780.0, 290.0, 208.0, 1780.0, 206.0, 0, 0, 0
L 307.0, 1772.0, 248.0, 259.0, 1780.0, 290.0, 0, 0, 0
L 340.0, 1780.0, 172.0, 307.0, 1772.0, 248.0, 0, 0, 0
L 362.0, 1780.0, 126.0, 340.0, 1780.0, 172.0, 0, 0, 0
L 425.0, 1780.0, 177.0, 362.0, 1780.0, 126.0, 0, 0, 0
L 459.0, 1780.0, 215.0, 425.0, 1780.0, 177.0, 0, 0, 0
L 512.0, 1780.0, 211.0, 459.0, 1780.0, 215.0, 0, 0, 0
L 550.0, 1780.0, 221.0, 512.0, 1780.0, 211.0, 0, 0, 0
L 565.0, 1780.0, 225.0, 550.0, 1780.0, 221.0, 0, 0, 0
L 661.0, 1780.0, 187.0, 565.0, 1780.0, 225.0, 0, 0, 0
L 896.0, 1780.0, 154.0, 857.0, 1780.0, 158.0, 0, 0, 0
L 909.0, 1780.0, 155.0, 896.0, 1780.0, 154.0, 0, 0, 0
L 951.0, 1780.0, 142.0, 909.0, 1780.0, 155.0, 0, 0, 0
L 1000.0, 1780.0, 149.0, 951.0, 1780.0, 142.0, 0, 0, 0
L 1010.0, 1780.0, 148.0, 1000.0, 1780.0, 149.0, 0, 0, 0
L 1061.0, 1780.0, 175.0, 1010.0, 1780.0, 148.0, 0, 0, 0
L 1092.0, 1780.0, 212.0, 1061.0, 1780.0, 175.0, 0, 0, 0
L 1159.0, 1780.0, 212.0, 1092.0, 1780.0, 212.0, 0, 0, 0
L 1209.0, 1780.0, 154.0, 1159.0, 1780.0, 212.0, 0, 0, 0
L 1302.0, 1780.0, 171.0, 1209.0, 1780.0, 154.0, 0, 0, 0
L 1308.0, 1780.0, 168.0, 1302.0, 1780.0, 171.0, 0, 0, 0
L 1350.0, 1780.0, 221.0, 1308.0, 1780.0, 168.0, 0, 0, 0
L 1361.0, 1780.0, 215.0, 1350.0, 1780.0, 221.0, 0, 0, 0
L 1401.0, 1780.0, 119.0, 1361.0, 1780.0, 215.0, 0, 0, 0
L 1452.0, 1780.0, 105.0, 1401.0, 1780.0, 119.0, 0, 0, 0
L 1549.0, 1780.0, 164.0, 1452.0, 1780.0, 105.0, 0, 0, 0
L 1559.0, 1780.0, 163.0, 1549.0, 1780.0, 164.0, 0, 0, 0
L 1596.0, 1780.0, 224.0, 1559.0, 1780.0, 163.0, 0, 0, 0
L 1649.0, 1780.0, 264.0, 1596.0, 1780.0, 224.0, 0, 0, 0
L 1660.0, 1780.0, 268.0, 1649.0, 1780.0, 264.0, 0, 0, 0
L 1698.0, 1780.0, 233.0, 1660.0, 1780.0, 268.0, 0, 0, 0
L 1706.0, 1780.0, 227.0, 1698.0, 1780.0, 233.0, 0, 0, 0
L 1753.0, 1780.0, 181.0, 1706.0, 1780.0, 227.0, 0, 0, 0
L 1845.0, 1780.0, 259.0, 1753.0, 1780.0, 181.0, 0, 0, 0
L 1860.0, 1780.0, 265.0, 1845.0, 1780.0, 259.0, 0, 0, 0
L 1911.0, 1780.0, 200.0, 1860.0, 1780.0, 265.0, 0, 0, 0
L 1950.0, 1780.0, 177.0, 1911.0, 1780.0, 200.0, 0, 0, 0
L 1964.0, 1780.0, 186.0, 1950.0, 1780.0, 177.0, 0, 0, 0
L 2009.0, 1780.0, 242.0, 1964.0, 1780.0, 186.0, 0, 0, 0
L 2058.0, 1780.0, 252.0, 2009.0, 1780.0, 242.0, 0, 0, 0
L 2098.0, 1780.0, 255.0, 2058.0, 1780.0, 252.0, 0, 0, 0
L 2163.0, 1780.0, 203.0, 2098.0, 1780.0, 255.0, 0, 0, 0
L 2210.0, 1780.0, 209.0, 2163.0, 1780.0, 203.0, 0, 0, 0
L 2231.0, 1780.0, 241.0, 2210.0, 1780.0, 209.0, 0, 0, 0
L 2257.0, 1780.0, 270.0, 2231.0, 1780.0, 241.0, 0, 0, 0
L 2266.0, 1780.0, 281.0, 2257.0, 1780.0, 270.0, 0, 0, 0
L 2266.0, 1744.0, 236.0, 2266.0, 1780.0, 281.0, 0, 0, 0
L 2266.0, 1699.0, 223.0, 2266.0, 1744.0, 236.0, 0, 0, 0
L 2266.0, 1689.0, 217.0, 2266.0, 1699.0, 223.0, 0, 0, 0
L 2266.0, 1649.0, 221.0, 2266.0, 1689.0, 217.0, 0, 0, 0
L 2266.0, 1640.0, 218.0, 2266.0, 1649.0, 221.0, 0, 0, 0
L 2266.0, 1596.0, 236.0, 2266.0, 1640.0, 218.0, 0, 0, 0
L 2267.0, 1491.0, 260.0, 2266.0, 1596.0, 236.0, 0, 0, 0
L 2267.0, 1452.0, 237.0, 2267.0, 1491.0, 260.0, 0, 0, 0
L 2267.0, 1442.0, 227.0, 2267.0, 1452.0, 237.0, 0, 0, 0
L 2267.0, 1397.0, 157.0, 2267.0, 1442.0, 227.0, 0, 0, 0
L 2267.0, 1390.0, 154.0, 2267.0, 1397.0, 157.0, 0, 0, 0
L 2267.0, 1352.0, 157.0, 2267.0, 1390.0, 154.0, 0, 0, 0
L 2267.0, 1306.0, 190.0, 2267.0, 1352.0, 157.0, 0, 0, 0
L 2267.0, 1291.0, 189.0, 2267.0, 1306.0, 190.0, 0, 0, 0
L 2267.0, 1274.0, 187.0, 2267.0, 1291.0, 189.0, 0, 0, 0
L 2267.0, 1179.0, 182.0, 2267.0, 1274.0, 187.0, 0, 0, 0
L 2268.0, 1151.0, 194.0, 2267.0, 1179.0, 182.0, 0, 0, 0
L 2268.0, 1141.0, 191.0, 2268.0, 1151.0, 194.0, 0, 0, 0
L 2268.0, 1101.0, 201.0, 2268.0, 1141.0, 191.0, 0, 0, 0
L 2268.0, 1040.0, 192.0, 2268.0, 1101.0, 201.0, 0, 0, 0
L 2268.0, 1000.0, 185.0, 2268.0, 1040.0, 192.0, 0, 0, 0
L 2268.0, 943.0, 216.0, 2268.0, 1000.0, 185.0, 0, 0, 0
L 2268.0, 891.0, 216.0, 2268.0, 943.0, 216.0, 0, 0, 0
L 2268.0, 848.0, 200.0, 2268.0, 891.0, 216.0, 0, 0, 0
L 2269.0, 748.0, 190.0, 2268.0, 848.0, 200.0, 0, 0, 0
L 2269.0, 693.0, 173.0, 2269.0, 748.0, 190.0, 0, 0, 0
L 2269.0, 646.0, 140.0, 2269.0, 693.0, 173.0, 0, 0, 0
L 2269.0, 609.0, 111.0, 2269.0, 646.0, 140.0, 0, 0, 0
L 2269.0, 552.0, 135.0, 2269.0, 609.0, 111.0, 0, 0, 0
L 2269.0, 505.0, 140.0, 2269.0, 552.0, 135.0, 0, 0, 0
L 2269.0, 473.0, 146.0, 2269.0, 505.0, 140.0, 0, 0, 0
L 2269.0, 442.0, 182.0, 2269.0, 473.0, 146.0, 0, 0, 0
L 2269.0, 411.0, 202.0, 2269.0, 442.0, 182.0, 0, 0, 0
L 2269.0, 393.0, 226.0, 2269.0, 411.0, 202.0, 0, 0, 0
L 2269.0, 358.0, 182.0, 2269.0, 393.0, 226.0, 0, 0, 0
L 2262.0, 343.0, 157.0, 2269.0, 358.0, 182.0, 0, 0, 0
L 2261.0, 303.0, 109.0, 2262.0, 343.0, 157.0, 0, 0, 0
L 2261.0, 246.0, 68.0, 2261.0, 303.0, 109.0, 0, 0, 0
L 2265.0, 195.0, 100.0, 2261.0, 246.0, 68.0, 0, 0, 0
L 2266.0, 144.0, 186.0, 2265.0, 195.0, 100.0, 0, 0, 0
L 2270.0, 92.0, 180.0, 2266.0, 144.0, 186.0, 0, 0, 0
L 2270.0, 55.0, 155.0, 2270.0, 92.0, 180.0, 0, 0, 0
L 2270.0, 41.0, 139.0, 2270.0, 55.0, 155.0, 0, 0, 0
L 2270.0, -5.0, 154.0, 2270.0, 41.0, 139.0, 0, 0, 0
L 2270.0, -55.0, 171.0, 2270.0, -5.0, 154.0, 0, 0, 0
L 2271.0, -98.0, 168.0, 2270.0, -55.0, 171.0, 0, 0, 0
L 2271.0, -208.0, 123.0, 2271.0, -98.0, 168.0, 0, 0, 0
L 2271.0, -247.0, 154.0, 2271.0, -208.0, 123.0, 0, 0, 0
L 2271.0, -293.0, 167.0, 2271.0, -247.0, 154.0, 0, 0, 0
L 2271.0, -309.0, 160.0, 2271.0, -293.0, 167.0, 0, 0, 0
L 2271.0, -401.0, 195.0, 2271.0, -309.0, 160.0, 0, 0, 0
L 2271.0, -456.0, 225.0, 2271.0, -401.0, 195.0, 0, 0, 0
L 2272.0, -503.0, 229.0, 2271.0, -456.0, 225.0, 0, 0, 0
L 2244.0, -533.0, 193.0, 2272.0, -503.0, 229.0, 0, 0, 0
L 2272.0, -558.0, 196.0, 2244.0, -533.0, 193.0, 0, 0, 0
L 2272.0, -597.0, 191.0, 2272.0, -558.0, 196.0, 0, 0, 0
L 2272.0, -659.0, 202.0, 2272.0, -597.0, 191.0, 0, 0, 0
L 2272.0, -710.0, 211.0, 2272.0, -659.0, 202.0, 0, 0, 0
L 2272.0, -787.0, 179.0, 2272.0, -710.0, 211.0, 0, 0, 0
L 2272.0, -807.0, 168.0, 2272.0, -787.0, 179.0, 0, 0, 0
L 2272.0, -845.0, 160.0, 2272.0, -807.0, 168.0, 0, 0, 0
L 2272.0, -891.0, 155.0, 2272.0, -845.0, 160.0, 0, 0, 0
L 2273.0, -1005.0, 177.0, 2272.0, -891.0, 155.0, 0, 0, 0
L 2273.0, -1053.0, 159.0, 2273.0, -1005.0, 177.0, 0, 0, 0
L 2273.0, -1084.0, 321.0, 2273.0, -1053.0, 159.0, 0, 0, 0
L 2273.0, -1162.0, 321.0, 2273.0, -1084.0, 321.0, 0, 0, 0
L 2224.0, -1175.0, 275.0, 2273.0, -1162.0, 321.0, 0, 0, 0
L 2163.0, -1175.0, 198.0, 2224.0, -1175.0, 275.0, 0, 0, 0
L 2014.0, -1175.0, 162.0, 2163.0, -1175.0, 198.0, 0, 0, 0
L 1956.0, -1169.0, 182.0, 2014.0, -1175.0, 162.0, 0, 0, 0
L 1863.0, -1175.0, 186.0, 1956.0, -1169.0, 182.0, 0, 0, 0
L 1853.0, -1175.0, 180.0, 1863.0, -1175.0, 186.0, 0, 0, 0
L 1811.0, -1175.0, 148.0, 1853.0, -1175.0, 180.0, 0, 0, 0
L 1746.0, -1175.0, 178.0, 1811.0, -1175.0, 148.0, 0, 0, 0
L 1716.0, -1175.0, 186.0, 1746.0, -1175.0, 178.0, 0, 0, 0
L 1694.0, -1175.0, 169.0, 1716.0, -1175.0, 186.0, 0, 0, 0
L 1594.0, -1175.0, 191.0, 1694.0, -1175.0, 169.0, 0, 0, 0
L 1547.0, -1175.0, 200.0, 1594.0, -1175.0, 191.0, 0, 0, 0
L 1450.0, -1175.0, 144.0, 1547.0, -1175.0, 200.0, 0, 0, 0
L 1410.0, -1175.0, 103.0, 1450.0, -1175.0, 144.0, 0, 0, 0
L 1383.0, -1175.0, 107.0, 1410.0, -1175.0, 103.0, 0, 0, 0
L 1318.0, -1175.0, 155.0, 1383.0, -1175.0, 107.0, 0, 0, 0
L 1215.0, -1175.0, 208.0, 1318.0, -1175.0, 155.0, 0, 0, 0
L 1194.0, -1160.0, 214.0, 1215.0, -1175.0, 208.0, 0, 0, 0
L 1148.0, -1129.0, 206.0, 1194.0, -1160.0, 214.0, 0, 0, 0
L 1092.0, -1131.0, 183.0, 1148.0, -1129.0, 206.0, 0, 0, 0
L 1063.0, -1135.0, 180.0, 1092.0, -1131.0, 183.0, 0, 0, 0
L 1011.0, -1172.0, 95.0, 1063.0, -1135.0, 180.0, 0, 0, 0
L 997.0, -1175.0, 96.0, 1011.0, -1172.0, 95.0, 0, 0, 0
L 962.0, -1175.0, 129.0, 997.0, -1175.0, 96.0, 0, 0, 0
L 940.0, -1175.0, 157.0, 962.0, -1175.0, 129.0, 0, 0, 0
L 912.0, -1175.0, 186.0, 940.0, -1175.0, 157.0, 0, 0, 0
L 816.0, -1175.0, 58.0, 912.0, -1175.0, 186.0, 0, 0, 0
L 796.0, -1172.0, 100.0, 816.0, -1175.0, 58.0, 0, 0, 0
L 768.0, -1175.0, 154.0, 796.0, -1172.0, 100.0, 0, 0, 0
L 744.0, -1174.0, 173.0, 768.0, -1175.0, 154.0, 0, 0, 0
L 531.0, -1175.0, 250.0, 744.0, -1174.0, 173.0, 0, 0, 0
L 411.0, -1175.0, 243.0, 531.0, -1175.0, 250.0, 0, 0, 0
L 349.0, -1174.0, 230.0, 411.0, -1175.0, 243.0, 0, 0, 0
L 298.0, -1177.0, 234.0, 349.0, -1174.0, 230.0, 0, 0, 0
L 275.0, -1186.0, 236.0, 298.0, -1177.0, 234.0, 0, 0, 0
L 262.0, -1159.0, 220.0, 275.0, -1186.0, 236.0, 0, 0, 0
L 239.0, -1128.0, 204.0, 262.0, -1159.0, 220.0, 0, 0, 0
L 209.0, -1110.0, 183.0, 239.0, -1128.0, 204.0, 0, 0, 0
L 166.0, -1154.0, 143.0, 209.0, -1110.0, 183.0, 0, 0, 0
L 161.0, -1163.0, 139.0, 166.0, -1154.0, 143.0, 0, 0, 0
L 160.0, -1201.0, 144.0, 161.0, -1163.0, 139.0, 0, 0, 0
L 161.0, -1210.0, 145.0, 160.0, -1201.0, 144.0, 0, 0, 0
L 161.0, -1249.0, 146.0, 161.0, -1210.0, 145.0, 0, 0, 0
L 162.0, -1280.0, 157.0, 161.0, -1249.0, 146.0, 0, 0, 0
L 162.0, -1301.0, 165.0, 162.0, -1280.0, 157.0, 0, 0, 0
L 167.0, -1313.0, 168.0, 162.0, -1301.0, 165.0, 0, 0, 0
L 210.0, -1357.0, 168.0, 167.0, -1313.0, 168.0, 0, 0, 0
L 194.0, -1475.0, 178.0, 210.0, -1357.0, 168.0, 0, 0, 0
L 189.0, -1477.0, 178.0, 194.0, -1475.0, 178.0, 0, 0, 0
L 176.0, -1484.0, 179.0, 189.0, -1477.0, 178.0, 0, 0, 0
L 180.0, -1498.0, 181.0, 176.0, -1484.0, 179.0, 0, 0, 0
L 180.0, -1501.0, 181.0, 180.0, -1498.0, 181.0, 0, 0, 0
L 104.0, -1597.0, 198.0, 180.0, -1501.0, 181.0, 0, 0, 0
L 1.0, -1602.0, 198.0, 104.0, -1597.0, 198.0, 0, 0, 0
L -78.0, -1553.0, 198.0, 1.0, -1602.0, 198.0, 0, 0, 0
L -178.0, -1539.0, 198.0, -78.0, -1553.0, 198.0, 0, 0, 0
L -255.0, -1573.0, 198.0, -178.0, -1539.0, 198.0, 0, 0, 0
L -259.0, -1642.0, 213.0, -255.0, -1573.0, 198.0, 0, 0, 0
L -254.0, -1668.0, 213.0, -259.0, -1642.0, 213.0, 0, 0, 0
L -261.0, -1676.0, 217.0, -254.0, -1668.0, 213.0, 0, 0, 0
L -269.0, -1683.0, 221.0, -261.0, -1676.0, 217.0, 0, 0, 0
L -257.0, -1696.0, 217.0, -269.0, -1683.0, 221.0, 0, 0, 0
L -243.0, -1709.0, 220.0, -257.0, -1696.0, 217.0, 0, 0, 0
L -228.0, -1721.0, 225.0, -243.0, -1709.0, 220.0, 0, 0, 0
L -211.0, -1705.0, 222.0, -228.0, -1721.0, 225.0, 0, 0, 0
L -165.0, -1724.0, 233.0, -211.0, -1705.0, 222.0, 0, 0, 0
L -162.0, -1822.0, 247.0, -165.0, -1724.0, 233.0, 0, 0, 0
L -177.0, -1828.0, 247.0, -162.0, -1822.0, 247.0, 0, 0, 0
L -177.0, -1858.0, 252.0, -177.0, -1828.0, 247.0, 0, 0, 0
L -178.0, -1873.0, 257.0, -177.0, -1858.0, 252.0, 0, 0, 0
L -168.0, -1875.0, 258.0, -178.0, -1873.0, 257.0, 0, 0, 0
L -205.0, -1956.0, 282.0, -168.0, -1875.0, 258.0, 0, 0, 0
L -335.0, -2028.0, 282.0, -205.0, -1956.0, 282.0, 0, 0, 0
L -425.0, -2096.0, 302.0, -335.0, -2028.0, 282.0, 0, 0, 0
L -457.0, -2208.0, 322.0, -425.0, -2096.0, 302.0, 0, 0, 0
L -436.0, -2233.0, 322.0, -457.0, -2208.0, 322.0, 0, 0, 0
L -439.0, -2247.0, 324.0, -436.0, -2233.0, 322.0, 0, 0, 0
L -439.0, -2262.0, 330.0, -439.0, -2247.0, 324.0, 0, 0, 0
L -420.0, -2265.0, 331.0, -439.0, -2262.0, 330.0, 0, 0, 0
L -391.0, -2271.0, 332.0, -420.0, -2265.0, 331.0, 0, 0, 0
L -387.0, -2247.0, 322.0, -391.0, -2271.0, 332.0, 0, 0, 0
L -372.0, -2250.0, 323.0, -387.0, -2247.0, 322.0, 0, 0, 0
L -300.0, -2236.0, 322.0, -372.0, -2250.0, 323.0, 0, 0, 0
L -233.0, -2213.0, 322.0, -300.0, -2236.0, 322.0, 0, 0, 0
L -231.0, -2217.0, 323.0, -233.0, -2213.0, 322.0, 0, 0, 0
L -230.0, -2226.0, 325.0, -231.0, -2217.0, 323.0, 0, 0, 0
L -207.0, -2217.0, 323.0, -230.0, -2226.0, 325.0, 0, 0, 0
L -209.0, -2211.0, 322.0, -207.0, -2217.0, 323.0, 0, 0, 0
L -152.0, -2218.0, 322.0, -209.0, -2211.0, 322.0, 0, 0, 0
L -102.0, -2281.0, 337.0, -152.0, -2218.0, 322.0, 0, 0, 0
L -16.0, -2290.0, 337.0, -102.0, -2281.0, 337.0, 0, 0, 0
L 102.0, -2337.0, 359.0, -16.0, -2290.0, 337.0, 0, 0, 0
L 113.0, -2358.0, 364.0, 102.0, -2337.0, 359.0, 0, 0, 0
L 126.0, -2382.0, 368.0, 113.0, -2358.0, 364.0, 0, 0, 0
L 129.0, -2392.0, 369.0, 126.0, -2382.0, 368.0, 0, 0, 0
L 145.0, -2384.0, 370.0, 129.0, -2392.0, 369.0, 0, 0, 0
L 176.0, -2464.0, 381.0, 145.0, -2384.0, 370.0, 0, 0, 0
L 164.0, -2461.0, 380.0, 176.0, -2464.0, 381.0, 0, 0, 0
L 163.0, -2465.0, 380.0, 164.0, -2461.0, 380.0, 0, 0, 0
L 162.0, -2480.0, 384.0, 163.0, -2465.0, 380.0, 0, 0, 0
L 160.0, -2495.0, 387.0, 162.0, -2480.0, 384.0, 0, 0, 0
L 157.0, -2499.0, 388.0, 160.0, -2495.0, 387.0, 0, 0, 0
L 168.0, -2503.0, 388.0, 157.0, -2499.0, 388.0, 0, 0, 0
L 131.0, -2540.0, 395.0, 168.0, -2503.0, 388.0, 0, 0, 0
L 30.0, -2560.0, 407.0, 131.0, -2540.0, 395.0, 0, 0, 0
L 22.0, -2556.0, 408.0, 30.0, -2560.0, 407.0, 0, 0, 0
L -3.0, -2537.0, 411.0, 22.0, -2556.0, 408.0, 0, 0, 0
L -24.0, -2568.0, 414.0, -3.0, -2537.0, 411.0, 0, 0, 0
L -97.0, -2576.0, 422.0, -24.0, -2568.0, 414.0, 0, 0, 0
L -157.0, -2605.0, 423.0, -97.0, -2576.0, 422.0, 0, 0, 0
L -218.0, -2660.0, 439.0, -157.0, -2605.0, 423.0, 0, 0, 0
L -254.0, -2729.0, 449.0, -218.0, -2660.0, 439.0, 0, 0, 0
L -289.0, -2781.0, 469.0, -254.0, -2729.0, 449.0, 0, 0, 0
L -300.0, -2819.0, 469.0, -289.0, -2781.0, 469.0, 0, 0, 0
L -248.0, -2844.0, 470.0, -300.0, -2819.0, 469.0, 0, 0, 0
L -278.0, -2852.0, 469.0, -278.0, -2861.0, 469.0, 0, 0, 0
L -350.0, -2825.0, 469.0, -278.0, -2852.0, 469.0, 0, 0, 0
L -338.0, -2782.0, 469.0, -350.0, -2825.0, 469.0, 0, 0, 0
L -309.0, -2705.0, 450.0, -338.0, -2782.0, 469.0, 0, 0, 0
L -255.0, -2641.0, 439.0, -309.0, -2705.0, 450.0, 0, 0, 0
L -168.0, -2550.0, 423.0, -255.0, -2641.0, 439.0, 0, 0, 0
L -96.0, -2528.0, 422.0, -168.0, -2550.0, 423.0, 0, 0, 0
L 0.0, -2520.0, 410.0, -96.0, -2528.0, 422.0, 0, 0, 0
L 68.0, -2487.0, 395.0, 0.0, -2520.0, 410.0, 0, 0, 0
L 91.0, -2460.0, 385.0, 68.0, -2487.0, 395.0, 0, 0, 0
L 81.0, -2392.0, 365.0, 91.0, -2460.0, 385.0, 0, 0, 0
L -21.0, -2365.0, 348.0, 81.0, -2392.0, 365.0, 0, 0, 0
L -121.0, -2358.0, 348.0, -21.0, -2365.0, 348.0, 0, 0, 0
L -115.0, -2346.0, 346.0, -121.0, -2358.0, 348.0, 0, 0, 0
L -135.0, -2339.0, 345.0, -115.0, -2346.0, 346.0, 0, 0, 0
L -160.0, -2332.0, 347.0, -135.0, -2339.0, 345.0, 0, 0, 0
L -162.0, -2329.0, 347.0, -160.0, -2332.0, 347.0, 0, 0, 0
L -165.0, -2332.0, 348.0, -162.0, -2329.0, 347.0, 0, 0, 0
L -176.0, -2313.0, 348.0, -165.0, -2332.0, 348.0, 0, 0, 0
L -158.0, -2291.0, 344.0, -176.0, -2313.0, 348.0, 0, 0, 0
L -176.0, -2276.0, 342.0, -158.0, -2291.0, 344.0, 0, 0, 0
L -191.0, -2261.0, 333.0, -176.0, -2276.0, 342.0, 0, 0, 0
L -200.0, -2259.0, 332.0, -191.0, -2261.0, 333.0, 0, 0, 0
L -219.0, -2286.0, 339.0, -200.0, -2259.0, 332.0, 0, 0, 0
L -228.0, -2285.0, 337.0, -219.0, -2286.0, 339.0, 0, 0, 0
L -297.0, -2306.0, 347.0, -228.0, -2285.0, 337.0, 0, 0, 0
L -398.0, -2320.0, 352.0, -297.0, -2306.0, 347.0, 0, 0, 0
L -487.0, -2289.0, 337.0, -398.0, -2320.0, 352.0, 0, 0, 0
L -514.0, -2231.0, 322.0, -487.0, -2289.0, 337.0, 0, 0, 0
L -479.0, -2062.0, 302.0, -514.0, -2231.0, 322.0, 0, 0, 0
L -380.0, -1984.0, 282.0, -479.0, -2062.0, 302.0, 0, 0, 0
L -370.0, -1980.0, 281.0, -380.0, -1984.0, 282.0, 0, 0, 0
L -364.0, -1996.0, 282.0, -370.0, -1980.0, 281.0, 0, 0, 0
L -344.0, -1987.0, 280.0, -364.0, -1996.0, 282.0, 0, 0, 0
L -347.0, -1977.0, 279.0, -344.0, -1987.0, 280.0, 0, 0, 0
L -348.0, -1969.0, 279.0, -347.0, -1977.0, 279.0, 0, 0, 0
L -254.0, -1926.0, 268.0, -348.0, -1969.0, 279.0, 0, 0, 0
L -223.0, -1859.0, 253.0, -254.0, -1926.0, 268.0, 0, 0, 0
L -227.0, -1751.0, 233.0, -223.0, -1859.0, 253.0, 0, 0, 0
L -290.0, -1723.0, 233.0, -227.0, -1751.0, 233.0, 0, 0, 0
L -312.0, -1638.0, 213.0, -290.0, -1723.0, 233.0, 0, 0, 0
L -302.0, -1562.0, 202.0, -312.0, -1638.0, 213.0, 0, 0, 0
L -286.0, -1569.0, 201.0, -302.0, -1562.0, 202.0, 0, 0, 0
L -280.0, -1556.0, 198.0, -286.0, -1569.0, 201.0, 0, 0, 0
L -273.0, -1538.0, 199.0, -280.0, -1556.0, 198.0, 0, 0, 0
L -265.0, -1523.0, 192.0, -273.0, -1538.0, 199.0, 0, 0, 0
L -187.0, -1495.0, 179.0, -265.0, -1523.0, 192.0, 0, 0, 0
L -71.0, -1495.0, 179.0, -187.0, -1495.0, 179.0, 0, 0, 0
L 10.0, -1540.0, 198.0, -71.0, -1495.0, 179.0, 0, 0, 0
L 91.0, -1526.0, 198.0, 10.0, -1540.0, 198.0, 0, 0, 0
L 131.0, -1459.0, 178.0, 91.0, -1526.0, 198.0, 0, 0, 0
L 125.0, -1374.0, 169.0, 131.0, -1459.0, 178.0, 0, 0, 0
L 118.0, -1337.0, 169.0, 125.0, -1374.0, 169.0, 0, 0, 0
L 113.0, -1316.0, 169.0, 118.0, -1337.0, 169.0, 0, 0, 0
L 112.0, -1278.0, 155.0, 113.0, -1316.0, 169.0, 0, 0, 0
L 108.0, -1259.0, 149.0, 112.0, -1278.0, 155.0, 0, 0, 0
L 68.0, -1259.0, 175.0, 108.0, -1259.0, 149.0, 0, 0, 0
L 63.0, -1246.0, 167.0, 68.0, -1259.0, 175.0, 0, 0, 0
L 52.0, -1219.0, 158.0, 63.0, -1246.0, 167.0, 0, 0, 0
L 9.0, -1203.0, 183.0, 52.0, -1219.0, 158.0, 0, 0, 0
L -41.0, -1203.0, 187.0, 9.0, -1203.0, 183.0, 0, 0, 0
L -39.0, -1201.0, 190.0, -41.0, -1203.0, 187.0, 0, 0, 0
L -32.0, -1196.0, 191.0, -39.0, -1201.0, 190.0, 0, 0, 0
L -15.0, -1184.0, 193.0, -32.0, -1196.0, 191.0, 0, 0, 0
L -9.0, -1179.0, 194.0, -15.0, -1184.0, 193.0, 0, 0, 0
L -10.0, -1176.0, 199.0, -9.0, -1179.0, 194.0, 0, 0, 0
L -21.0, -1168.0, 210.0, -10.0, -1176.0, 199.0, 0, 0, 0
L -27.0, -1165.0, 215.0, -21.0, -1168.0, 210.0, 0, 0, 0
L -37.0, -1158.0, 225.0, -27.0, -1165.0, 215.0, 0, 0, 0
L -39.0, -1149.0, 223.0, -37.0, -1158.0, 225.0, 0, 0, 0
L -57.0, -1159.0, 222.0, -39.0, -1149.0, 223.0, 0, 0, 0
L -61.0, -1160.0, 220.0, -57.0, -1159.0, 222.0, 0, 0, 0
L -73.0, -1164.0, 213.0, -61.0, -1160.0, 220.0, 0, 0, 0
L -61.0, -1182.0, 191.0, -73.0, -1164.0, 213.0, 0, 0, 0
L -58.0, -1203.0, 176.0, -61.0, -1182.0, 191.0, 0, 0, 0
L -91.0, -1203.0, 157.0, -58.0, -1203.0, 176.0, 0, 0, 0
L -201.0, -1202.0, 79.0, -91.0, -1203.0, 157.0, 0, 0, 0
L -267.0, -1202.0, 122.0, -201.0, -1202.0, 79.0, 0, 0, 0
L -322.0, -1202.0, 214.0, -267.0, -1202.0, 122.0, 0, 0, 0
L -359.0, -1202.0, 217.0, -322.0, -1202.0, 214.0, 0, 0, 0
L -415.0, -1202.0, 177.0, -359.0, -1202.0, 217.0, 0, 0, 0
L -441.0, -1202.0, 177.0, -415.0, -1202.0, 177.0, 0, 0, 0
L -477.0, -1202.0, 267.0, -441.0, -1202.0, 177.0, 0, 0, 0
L -519.0, -1201.0, 359.0, -477.0, -1202.0, 267.0, 0, 0, 0
L -533.0, -1201.0, 387.0, -519.0, -1201.0, 359.0, 0, 0, 0
L -602.0, -1201.0, 392.0, -533.0, -1201.0, 387.0, 0, 0, 0
L 629.0, 89.0, -6.0, 621.0, 88.0, -7.0, 0, 0, 255
L 632.0, 88.0, -6.0, 629.0, 89.0, -6.0, 0, 0, 255
L 606.0, 46.0, -6.0, 632.0, 88.0, -6.0, 0, 0, 255
L 606.0, 24.0, -6.0, 606.0, 46.0, -6.0, 0, 0, 255
L 615.0, 8.0, -6.0, 606.0, 24.0, -6.0, 0, 0, 255
L 592.0, -20.0, -6.0, 615.0, 8.0, -6.0, 0, 0, 255
L 589.0, -26.0, -7.0, 592.0, -20.0, -6.0, 0, 0, 255
L 582.0, -38.0, -6.0, 589.0, -26.0, -7.0, 0, 0, 255
L 593.0, -43.0, -6.0, 582.0, -38.0, -6.0, 0, 0, 255
L 631.0, -19.0, -6.0, 593.0, -43.0, -6.0, 0, 0, 255
L 636.0, -25.0, -7.0, 631.0, -19.0, -6.0, 0, 0, 255
L 638.0, -30.0, -6.0, 636.0, -25.0, -7.0, 0, 0, 255
L 650.0, -50.0, -6.0, 638.0, -30.0, -6.0, 0, 0, 255
L 670.0, -50.0, -6.0, 650.0, -50.0, -6.0, 0, 0, 255
L 695.0, -41.0, -6.0, 670.0, -50.0, -6.0, 0, 0, 255
L 708.0, -35.0, -6.0, 695.0, -41.0, -6.0, 0, 0, 255
L 728.0, -44.0, -6.0, 708.0, -35.0, -6.0, 0, 0, 255
L 747.0, -63.0, -6.0, 728.0, -44.0, -6.0, 0, 0, 255
L 765.0, -50.0, -6.0, 747.0, -63.0, -6.0, 0, 0, 255
L 785.0, -46.0, -6.0, 765.0, -50.0, -6.0, 0, 0, 255
L 797.0, -58.0, -6.0, 785.0, -46.0, -6.0, 0, 0, 255
L 824.0, -51.0, -6.0, 797.0, -58.0, -6.0, 0, 0, 255
L 863.0, -40.0, -7.0, 824.0, -51.0, -6.0, 0, 0, 255
L 877.0, -51.0, -6.0, 863.0, -40.0, -7.0, 0, 0, 255
L 896.0, -69.0, -7.0, 877.0, -51.0, -6.0, 0, 0, 255
L 901.0, -71.0, -6.0, 896.0, -69.0, -7.0, 0, 0, 255
L 907.0, -68.0, -6.0, 901.0, -71.0, -6.0, 0, 0, 255
L 940.0, -23.0, -6.0, 907.0, -68.0, -6.0, 0, 0, 255
L 946.0, -28.0, -6.0, 940.0, -23.0, -6.0, 0, 0, 255
L 963.0, -48.0, -6.0, 946.0, -28.0, -6.0, 0, 0, 255
L 978.0, -54.0, -7.0, 963.0, -48.0, -6.0, 0, 0, 255
L 1011.0, -28.0, -6.0, 978.0, -54.0, -7.0, 0, 0, 255
L 1018.0, -7.0, -6.0, 1011.0, -28.0, -6.0, 0, 0, 255
L 1051.0, 4.0, -7.0, 1018.0, -7.0, -6.0, 0, 0, 255
L 1058.0, 7.0, -6.0, 1051.0, 4.0, -7.0, 0, 0, 255
L 1084.0, -2.0, -7.0, 1058.0, 7.0, -6.0, 0, 0, 255
L 1096.0, -1.0, -6.0, 1084.0, -2.0, -7.0, 0, 0, 255
L 1106.0, 11.0, -6.0, 1096.0, -1.0, -6.0, 0, 0, 255
L 1111.0, 23.0, -6.0, 1106.0, 11.0, -6.0, 0, 0, 255
L 1102.0, 47.0, -6.0, 1111.0, 23.0, -6.0, 0, 0, 255
L 1121.0, 71.0, -6.0, 1102.0, 47.0, -6.0, 0, 0, 255
L 1130.0, 82.0, -6.0, 1121.0, 71.0, -6.0, 0, 0, 255
L 1134.0, 88.0, -6.0, 1130.0, 82.0, -6.0, 0, 0, 255
L 1166.0, 125.0, -6.0, 1134.0, 88.0, -6.0, 0, 0, 255
L 1173.0, 137.0, -6.0, 1166.0, 125.0, -6.0, 0, 0, 255
L 1189.0, 164.0, -6.0, 1173.0, 137.0, -6.0, 0, 0, 255
L 1193.0, 183.0, -6.0, 1189.0, 164.0, -6.0, 0, 0, 255
L 1195.0, 200.0, -7.0, 1193.0, 183.0, -6.0, 0, 0, 255
L 1199.0, 227.0, -6.0, 1195.0, 200.0, -7.0, 0, 0, 255
L 1203.0, 244.0, -6.0, 1199.0, 227.0, -6.0, 0, 0, 255
L 1195.0, 263.0, -6.0, 1203.0, 244.0, -6.0, 0, 0, 255
L 1192.0, 282.0, -6.0, 1195.0, 263.0, -6.0, 0, 0, 255
L 1176.0, 359.0, -7.0, 1192.0, 282.0, -6.0, 0, 0, 255
L 1179.0, 395.0, -6.0, 1176.0, 359.0, -7.0, 0, 0, 255
L 1184.0, 408.0, -6.0, 1179.0, 395.0, -6.0, 0, 0, 255
L 1174.0, 402.0, -6.0, 1184.0, 408.0, -6.0, 0, 0, 255
L 1163.0, 425.0, -6.0, 1174.0, 402.0, -6.0, 0, 0, 255
L 1135.0, 434.0, -6.0, 1163.0, 425.0, -6.0, 0, 0, 255
L 1127.0, 435.0, -6.0, 1135.0, 434.0, -6.0, 0, 0, 255
L 1108.0, 448.0, -6.0, 1127.0, 435.0, -6.0, 0, 0, 255
L 1118.0, 471.0, -6.0, 1108.0, 448.0, -6.0, 0, 0, 255
L 1133.0, 497.0, -7.0, 1118.0, 471.0, -6.0, 0, 0, 255
L 1142.0, 512.0, -7.0, 1133.0, 497.0, -7.0, 0, 0, 255
L 1144.0, 522.0, -6.0, 1142.0, 512.0, -7.0, 0, 0, 255
L 1152.0, 549.0, -6.0, 1144.0, 522.0, -6.0, 0, 0, 255
L 1162.0, 580.0, -6.0, 1152.0, 549.0, -6.0, 0, 0, 255
L 1163.0, 589.0, -6.0, 1162.0, 580.0, -6.0, 0, 0, 255
L 1174.0, 609.0, -6.0, 1163.0, 589.0, -6.0, 0, 0, 255
L 1187.0, 630.0, -6.0, 1174.0, 609.0, -6.0, 0, 0, 255
L 1183.0, 637.0, -6.0, 1187.0, 630.0, -6.0, 0, 0, 255
L 1174.0, 633.0, -6.0, 1183.0, 637.0, -6.0, 0, 0, 255
L 1137.0, 630.0, -6.0, 1174.0, 633.0, -6.0, 0, 0, 255
L 1134.0, 627.0, -6.0, 1137.0, 630.0, -6.0, 0, 0, 255
L 1108.0, 593.0, -6.0, 1134.0, 627.0, -6.0, 0, 0, 255
L 1096.0, 579.0, -6.0, 1108.0, 593.0, -6.0, 0, 0, 255
L 1080.0, 573.0, -6.0, 1096.0, 579.0, -6.0, 0, 0, 255
L 1055.0, 560.0, -7.0, 1080.0, 573.0, -6.0, 0, 0, 255
L 1035.0, 569.0, -7.0, 1055.0, 560.0, -7.0, 0, 0, 255
L 1016.0, 588.0, -7.0, 1035.0, 569.0, -7.0, 0, 0, 255
L 1009.0, 590.0, -6.0, 1016.0, 588.0, -7.0, 0, 0, 255
L 981.0, 606.0, -6.0, 1009.0, 590.0, -6.0, 0, 0, 255
L 969.0, 619.0, -6.0, 981.0, 606.0, -6.0, 0, 0, 255
L 940.0, 618.0, -6.0, 969.0, 619.0, -6.0, 0, 0, 255
L 901.0, 603.0, -6.0, 940.0, 618.0, -6.0, 0, 0, 255
L 879.0, 608.0, -6.0, 901.0, 603.0, -6.0, 0, 0, 255
L 862.0, 619.0, -6.0, 879.0, 608.0, -6.0, 0, 0, 255
L 824.0, 591.0, -6.0, 862.0, 619.0, -6.0, 0, 0, 255
L 802.0, 603.0, -5.0, 824.0, 591.0, -6.0, 0, 0, 255
L 787.0, 630.0, -6.0, 802.0, 603.0, -5.0, 0, 0, 255
L 778.0, 630.0, -7.0, 787.0, 630.0, -6.0, 0, 0, 255
L 780.0, 625.0, -6.0, 778.0, 630.0, -7.0, 0, 0, 255
L 763.0, 592.0, -6.0, 780.0, 625.0, -6.0, 0, 0, 255
L 748.0, 552.0, -6.0, 763.0, 592.0, -6.0, 0, 0, 255
L 726.0, 571.0, -6.0, 748.0, 552.0, -6.0, 0, 0, 255
L 710.0, 566.0, -6.0, 726.0, 571.0, -6.0, 0, 0, 255
L 668.0, 550.0, -6.0, 710.0, 566.0, -6.0, 0, 0, 255
L 664.0, 552.0, -6.0, 668.0, 550.0, -6.0, 0, 0, 255
L 639.0, 561.0, -6.0, 664.0, 552.0, -6.0, 0, 0, 255
L 631.0, 559.0, -6.0, 639.0, 561.0, -6.0, 0, 0, 255
L 618.0, 551.0, -6.0, 631.0, 559.0, -6.0, 0, 0, 255
L 591.0, 526.0, -6.0, 618.0, 551.0, -6.0, 0, 0, 255
L 573.0, 533.0, -6.0, 591.0, 526.0, -6.0, 0, 0, 255
L 553.0, 531.0, -6.0, 573.0, 533.0, -6.0, 0, 0, 255
L 544.0, 508.0, -8.0, 553.0, 531.0, -6.0, 0, 0, 255
L 553.0, 505.0, -6.0, 544.0, 508.0, -8.0, 0, 0, 255
L 587.0, 508.0, -6.0, 553.0, 505.0, -6.0, 0, 0, 255
L 582.0, 476.0, -7.0, 587.0, 508.0, -6.0, 0, 0, 255
L 579.0, 463.0, -7.0, 582.0, 476.0, -7.0, 0, 0, 255
L 591.0, 460.0, -6.0, 579.0, 463.0, -7.0, 0, 0, 255
L 603.0, 423.0, -6.0, 591.0, 460.0, -6.0, 0, 0, 255
L 590.0, 409.0, -7.0, 603.0, 423.0, -6.0, 0, 0, 255
L 565.0, 397.0, -6.0, 590.0, 409.0, -7.0, 0, 0, 255
L 552.0, 357.0, -6.0, 565.0, 397.0, -6.0, 0, 0, 255
L 557.0, 323.0, -6.0, 552.0, 357.0, -6.0, 0, 0, 255
L 558.0, 320.0, -6.0, 557.0, 323.0, -6.0, 0, 0, 255
L 558.0, 288.0, -6.0, 558.0, 320.0, -6.0, 0, 0, 255
L 557.0, 280.0, -6.0, 558.0, 288.0, -6.0, 0, 0, 255
L 552.0, 241.0, -6.0, 557.0, 280.0, -6.0, 0, 0, 255
L 552.0, 237.0, -6.0, 552.0, 241.0, -6.0, 0, 0, 255
L 564.0, 215.0, -6.0, 552.0, 237.0, -6.0, 0, 0, 255
L 560.0, 203.0, -7.0, 564.0, 215.0, -6.0, 0, 0, 255
L 556.0, 183.0, -7.0, 560.0, 203.0, -7.0, 0, 0, 255
L 552.0, 166.0, -6.0, 556.0, 183.0, -7.0, 0, 0, 255
L 540.0, 126.0, -7.0, 552.0, 166.0, -6.0, 0, 0, 255
L 541.0, 111.0, -6.0, 540.0, 126.0, -7.0, 0, 0, 255
L 550.0, 98.0, -7.0, 541.0, 111.0, -6.0, 0, 0, 255
L 557.0, 90.0, -6.0, 550.0, 98.0, -7.0, 0, 0, 255
L 593.0, 90.0, -7.0, 557.0, 90.0, -6.0, 0, 0, 255
L 621.0, 88.0, -7.0, 593.0, 90.0, -7.0, 0, 0, 255
L -111.0, -158.0, -6.0, -34.0, -191.0, -6.0, 0, 0, 255
L -129.0, -153.0, -6.0, -111.0, -158.0, -6.0, 0, 0, 255
L -136.0, -149.0, -5.0, -129.0, -153.0, -6.0, 0, 0, 255
L -169.0, -140.0, -6.0, -136.0, -149.0, -5.0, 0, 0, 255
L -189.0, -108.0, -6.0, -169.0, -140.0, -6.0, 0, 0, 255
L -201.0, -59.0, -6.0, -189.0, -108.0, -6.0, 0, 0, 255
L -210.0, -32.0, -6.0, -201.0, -59.0, -6.0, 0, 0, 255
L -215.0, -8.0, -6.0, -210.0, -32.0, -6.0, 0, 0, 255
L -224.0, 4.0, -6.0, -215.0, -8.0, -6.0, 0, 0, 255
L -236.0, 41.0, -6.0, -224.0, 4.0, -6.0, 0, 0, 255
L -248.0, 73.0, -6.0, -236.0, 41.0, -6.0, 0, 0, 255
L -251.0, 90.0, -7.0, -248.0, 73.0, -6.0, 0, 0, 255
L -249.0, 126.0, -7.0, -251.0, 90.0, -7.0, 0, 0, 255
L -257.0, 138.0, -6.0, -249.0, 126.0, -7.0, 0, 0, 255
L -260.0, 172.0, -6.0, -257.0, 138.0, -6.0, 0, 0, 255
L -267.0, 192.0, -7.0, -260.0, 172.0, -6.0, 0, 0, 255
L -264.0, 213.0, -7.0, -267.0, 192.0, -7.0, 0, 0, 255
L -257.0, 229.0, -7.0, -264.0, 213.0, -7.0, 0, 0, 255
L -253.0, 274.0, -6.0, -257.0, 229.0, -7.0, 0, 0, 255
L -251.0, 292.0, -4.0, -253.0, 274.0, -6.0, 0, 0, 255
L -249.0, 321.0, -7.0, -251.0, 292.0, -4.0, 0, 0, 255
L -251.0, 338.0, -6.0, -249.0, 321.0, -7.0, 0, 0, 255
L -254.0, 390.0, -6.0, -251.0, 338.0, -6.0, 0, 0, 255
L -257.0, 441.0, -6.0, -254.0, 390.0, -6.0, 0, 0, 255
L -248.0, 481.0, -6.0, -257.0, 441.0, -6.0, 0, 0, 255
L -246.0, 490.0, -7.0, -248.0, 481.0, -6.0, 0, 0, 255
L -239.0, 497.0, -6.0, -246.0, 490.0, -7.0, 0, 0, 255
L -209.0, 519.0, -6.0, -239.0, 497.0, -6.0, 0, 0, 255
L -180.0, 540.0, -5.0, -209.0, 519.0, -6.0, 0, 0, 255
L -172.0, 555.0, -6.0, -180.0, 540.0, -5.0, 0, 0, 255
L -148.0, 591.0, -6.0, -172.0, 555.0, -6.0, 0, 0, 255
L -158.0, 619.0, -6.0, -148.0, 591.0, -6.0, 0, 0, 255
L -160.0, 645.0, -6.0, -158.0, 619.0, -6.0, 0, 0, 255
L -162.0, 665.0, -6.0, -160.0, 645.0, -6.0, 0, 0, 255
L -164.0, 670.0, -6.0, -162.0, 665.0, -6.0, 0, 0, 255
L -174.0, 701.0, -7.0, -164.0, 670.0, -6.0, 0, 0, 255
L -187.0, 717.0, -7.0, -174.0, 701.0, -7.0, 0, 0, 255
L -199.0, 731.0, -7.0, -187.0, 717.0, -7.0, 0, 0, 255
L -202.0, 739.0, -6.0, -199.0, 731.0, -7.0, 0, 0, 255
L -211.0, 766.0, -7.0, -202.0, 739.0, -6.0, 0, 0, 255
L -222.0, 787.0, -6.0, -211.0, 766.0, -7.0, 0, 0, 255
L -225.0, 801.0, -7.0, -222.0, 787.0, -6.0, 0, 0, 255
L -237.0, 812.0, -6.0, -225.0, 801.0, -7.0, 0, 0, 255
L -247.0, 830.0, -6.0, -237.0, 812.0, -6.0, 0, 0, 255
L -258.0, 870.0, -6.0, -247.0, 830.0, -6.0, 0, 0, 255
L -266.0, 887.0, -6.0, -258.0, 870.0, -6.0, 0, 0, 255
L -269.0, 908.0, -6.0, -266.0, 887.0, -6.0, 0, 0, 255
L -284.0, 940.0, -7.0, -269.0, 908.0, -6.0, 0, 0, 255
L -288.0, 957.0, -6.0, -284.0, 940.0, -7.0, 0, 0, 255
L -292.0, 989.0, -6.0, -288.0, 957.0, -6.0, 0, 0, 255
L -288.0, 1009.0, -6.0, -292.0, 989.0, -6.0, 0, 0, 255
L -279.0, 1041.0, -6.0, -288.0, 1009.0, -6.0, 0, 0, 255
L -243.0, 1074.0, -6.0, -279.0, 1041.0, -6.0, 0, 0, 255
L -235.0, 1078.0, -6.0, -243.0, 1074.0, -6.0, 0, 0, 255
L -205.0, 1071.0, -6.0, -235.0, 1078.0, -6.0, 0, 0, 255
L -189.0, 1072.0, -6.0, -205.0, 1071.0, -6.0, 0, 0, 255
L -161.0, 1065.0, -6.0, -189.0, 1072.0, -6.0, 0, 0, 255
L -137.0, 1062.0, -6.0, -161.0, 1065.0, -6.0, 0, 0, 255
L -114.0, 1066.0, -7.0, -137.0, 1062.0, -6.0, 0, 0, 255
L -88.0, 1067.0, -6.0, -114.0, 1066.0, -7.0, 0, 0, 255
L -81.0, 1074.0, -5.0, -88.0, 1067.0, -6.0, 0, 0, 255
L -62.0, 1090.0, -7.0, -81.0, 1074.0, -5.0, 0, 0, 255
L -47.0, 1116.0, -7.0, -62.0, 1090.0, -7.0, 0, 0, 255
L -36.0, 1137.0, -7.0, -47.0, 1116.0, -7.0, 0, 0, 255
L -35.0, 1140.0, -6.0, -36.0, 1137.0, -7.0, 0, 0, 255
L -36.0, 1183.0, -7.0, -35.0, 1140.0, -6.0, 0, 0, 255
L -37.0, 1200.0, -6.0, -36.0, 1183.0, -7.0, 0, 0, 255
L -42.0, 1233.0, -4.0, -37.0, 1200.0, -6.0, 0, 0, 255
L -39.0, 1242.0, -6.0, -42.0, 1233.0, -4.0, 0, 0, 255
L -12.0, 1291.0, -6.0, -39.0, 1242.0, -6.0, 0, 0, 255
L 10.0, 1315.0, -6.0, -12.0, 1291.0, -6.0, 0, 0, 255
L 41.0, 1340.0, -6.0, 10.0, 1315.0, -6.0, 0, 0, 255
L 59.0, 1350.0, -5.0, 41.0, 1340.0, -6.0, 0, 0, 255
L 77.0, 1355.0, -7.0, 59.0, 1350.0, -5.0, 0, 0, 255
L 118.0, 1362.0, -5.0, 77.0, 1355.0, -7.0, 0, 0, 255
L 135.0, 1365.0, -6.0, 118.0, 1362.0, -5.0, 0, 0, 255
L 215.0, 1380.0, -6.0, 135.0, 1365.0, -6.0, 0, 0, 255
L 234.0, 1397.0, -7.0, 215.0, 1380.0, -6.0, 0, 0, 255
L 260.0, 1419.0, -6.0, 234.0, 1397.0, -7.0, 0, 0, 255
L 283.0, 1442.0, -4.0, 260.0, 1419.0, -6.0, 0, 0, 255
L 311.0, 1461.0, -7.0, 283.0, 1442.0, -4.0, 0, 0, 255
L 335.0, 1462.0, -5.0, 311.0, 1461.0, -7.0, 0, 0, 255
L 358.0, 1464.0, -6.0, 335.0, 1462.0, -5.0, 0, 0, 255
L 411.0, 1463.0, -6.0, 358.0, 1464.0, -6.0, 0, 0, 255
L 442.0, 1473.0, -6.0, 411.0, 1463.0, -6.0, 0, 0, 255
L 458.0, 1478.0, -6.0, 442.0, 1473.0, -6.0, 0, 0, 255
L 469.0, 1481.0, -6.0, 458.0, 1478.0, -6.0, 0, 0, 255
L 507.0, 1498.0, -6.0, 469.0, 1481.0, -6.0, 0, 0, 255
L 522.0, 1502.0, -7.0, 507.0, 1498.0, -6.0, 0, 0, 255
L 558.0, 1515.0, -6.0, 522.0, 1502.0, -7.0, 0, 0, 255
L 596.0, 1526.0, -6.0, 558.0, 1515.0, -6.0, 0, 0, 255
L 655.0, 1542.0, -6.0, 596.0, 1526.0, -6.0, 0, 0, 255
L 665.0, 1545.0, -6.0, 655.0, 1542.0, -6.0, 0, 0, 255
L 710.0, 1556.0, -6.0, 665.0, 1545.0, -6.0, 0, 0, 255
L 730.0, 1557.0, -6.0, 710.0, 1556.0, -6.0, 0, 0, 255
L 763.0, 1561.0, -6.0, 730.0, 1557.0, -6.0, 0, 0, 255
L 784.0, 1561.0, -5.0, 763.0, 1561.0, -6.0, 0, 0, 255
L 821.0, 1556.0, -9.0, 784.0, 1561.0, -5.0, 0, 0, 255
L 829.0, 1561.0, -6.0, 821.0, 1556.0, -9.0, 0, 0, 255
L 858.0, 1557.0, -7.0, 829.0, 1561.0, -6.0, 0, 0, 255
L 875.0, 1555.0, -7.0, 858.0, 1557.0, -7.0, 0, 0, 255
L 909.0, 1539.0, -6.0, 875.0, 1555.0, -7.0, 0, 0, 255
L 960.0, 1523.0, -7.0, 909.0, 1539.0, -6.0, 0, 0, 255
L 981.0, 1513.0, -6.0, 960.0, 1523.0, -7.0, 0, 0, 255
L 1014.0, 1497.0, -6.0, 981.0, 1513.0, -6.0, 0, 0, 255
L 1021.0, 1490.0, -7.0, 1014.0, 1497.0, -6.0, 0, 0, 255
L 1036.0, 1466.0, -7.0, 1021.0, 1490.0, -7.0, 0, 0, 255
L 1046.0, 1442.0, -6.0, 1036.0, 1466.0, -7.0, 0, 0, 255
L 1048.0, 1425.0, -6.0, 1046.0, 1442.0, -6.0, 0, 0, 255
L 1058.0, 1394.0, -6.0, 1048.0, 1425.0, -6.0, 0, 0, 255
L 1061.0, 1388.0, -6.0, 1058.0, 1394.0, -6.0, 0, 0, 255
L 1087.0, 1367.0, -4.0, 1061.0, 1388.0, -6.0, 0, 0, 255
L 1109.0, 1356.0, -7.0, 1087.0, 1367.0, -4.0, 0, 0, 255
L 1134.0, 1362.0, -7.0, 1109.0, 1356.0, -7.0, 0, 0, 255
L 1162.0, 1363.0, -6.0, 1134.0, 1362.0, -7.0, 0, 0, 255
L 1173.0, 1371.0, -6.0, 1162.0, 1363.0, -6.0, 0, 0, 255
L 1212.0, 1400.0, -7.0, 1173.0, 1371.0, -6.0, 0, 0, 255
L 1227.0, 1405.0, -7.0, 1212.0, 1400.0, -7.0, 0, 0, 255
L 1261.0, 1416.0, -7.0, 1227.0, 1405.0, -7.0, 0, 0, 255
L 1292.0, 1417.0, -6.0, 1261.0, 1416.0, -7.0, 0, 0, 255
L 1332.0, 1412.0, -7.0, 1292.0, 1417.0, -6.0, 0, 0, 255
L 1356.0, 1411.0, -6.0, 1332.0, 1412.0, -7.0, 0, 0, 255
L 1376.0, 1406.0, -7.0, 1356.0, 1411.0, -6.0, 0, 0, 255
L 1412.0, 1387.0, -6.0, 1376.0, 1406.0, -7.0, 0, 0, 255
L 1445.0, 1381.0, -6.0, 1412.0, 1387.0, -6.0, 0, 0, 255
L 1462.0, 1381.0, -6.0, 1445.0, 1381.0, -6.0, 0, 0, 255
L 1509.0, 1387.0, -6.0, 1462.0, 1381.0, -6.0, 0, 0, 255
L 1556.0, 1388.0, -6.0, 1509.0, 1387.0, -6.0, 0, 0, 255
L 1582.0, 1386.0, -8.0, 1556.0, 1388.0, -6.0, 0, 0, 255
L 1606.0, 1372.0, -2.0, 1582.0, 1386.0, -8.0, 0, 0, 255
L 1617.0, 1386.0, -6.0, 1606.0, 1372.0, -2.0, 0, 0, 255
L 1626.0, 1384.0, -6.0, 1617.0, 1386.0, -6.0, 0, 0, 255
L 1642.0, 1381.0, -6.0, 1626.0, 1384.0, -6.0, 0, 0, 255
L 1641.0, 1368.0, -7.0, 1642.0, 1381.0, -6.0, 0, 0, 255
L 1640.0, 1360.0, -7.0, 1641.0, 1368.0, -7.0, 0, 0, 255
L 1673.0, 1357.0, -7.0, 1640.0, 1360.0, -7.0, 0, 0, 255
L 1683.0, 1358.0, -5.0, 1673.0, 1357.0, -7.0, 0, 0, 255
L 1685.0, 1377.0, -7.0, 1683.0, 1358.0, -5.0, 0, 0, 255
L 1710.0, 1376.0, -6.0, 1685.0, 1377.0, -7.0, 0, 0, 255
L 1738.0, 1371.0, -5.0, 1710.0, 1376.0, -6.0, 0, 0, 255
L 1757.0, 1366.0, -5.0, 1738.0, 1371.0, -5.0, 0, 0, 255
L 1779.0, 1358.0, -6.0, 1757.0, 1366.0, -5.0, 0, 0, 255
L 1801.0, 1341.0, -6.0, 1779.0, 1358.0, -6.0, 0, 0, 255
L 1805.0, 1334.0, -6.0, 1801.0, 1341.0, -6.0, 0, 0, 255
L 1821.0, 1315.0, -6.0, 1805.0, 1334.0, -6.0, 0, 0, 255
L 1837.0, 1291.0, -6.0, 1821.0, 1315.0, -6.0, 0, 0, 255
L 1838.0, 1241.0, -6.0, 1837.0, 1291.0, -6.0, 0, 0, 255
L 1845.0, 1190.0, -6.0, 1838.0, 1241.0, -6.0, 0, 0, 255
L 1848.0, 1180.0, -6.0, 1845.0, 1190.0, -6.0, 0, 0, 255
L 1849.0, 1139.0, -6.0, 1848.0, 1180.0, -6.0, 0, 0, 255
L 1850.0, 1132.0, -6.0, 1849.0, 1139.0, -6.0, 0, 0, 255
L 1851.0, 1082.0, -6.0, 1850.0, 1132.0, -6.0, 0, 0, 255
L 1844.0, 992.0, -6.0, 1851.0, 1082.0, -6.0, 0, 0, 255
L 1842.0, 973.0, -6.0, 1844.0, 992.0, -6.0, 0, 0, 255
L 1840.0, 943.0, -6.0, 1842.0, 973.0, -6.0, 0, 0, 255
L 1833.0, 912.0, -6.0, 1840.0, 943.0, -6.0, 0, 0, 255
L 1833.0, 892.0, -6.0, 1833.0, 912.0, -6.0, 0, 0, 255
L 1823.0, 841.0, -6.0, 1833.0, 892.0, -6.0, 0, 0, 255
L 1831.0, 812.0, -6.0, 1823.0, 841.0, -6.0, 0, 0, 255
L 1835.0, 792.0, -6.0, 1831.0, 812.0, -6.0, 0, 0, 255
L 1842.0, 775.0, -6.0, 1835.0, 792.0, -6.0, 0, 0, 255
L 1848.0, 743.0, -6.0, 1842.0, 775.0, -6.0, 0, 0, 255
L 1850.0, 733.0, -6.0, 1848.0, 743.0, -6.0, 0, 0, 255
L 1854.0, 715.0, -6.0, 1850.0, 733.0, -6.0, 0, 0, 255
L 1862.0, 685.0, -5.0, 1854.0, 715.0, -6.0, 0, 0, 255
L 1871.0, 640.0, -5.0, 1862.0, 685.0, -5.0, 0, 0, 255
L 1883.0, 608.0, -6.0, 1871.0, 640.0, -5.0, 0, 0, 255
L 1891.0, 591.0, -6.0, 1883.0, 608.0, -6.0, 0, 0, 255
L 1895.0, 574.0, -6.0, 1891.0, 591.0, -6.0, 0, 0, 255
L 1909.0, 545.0, -6.0, 1895.0, 574.0, -6.0, 0, 0, 255
L 1912.0, 538.0, -6.0, 1909.0, 545.0, -6.0, 0, 0, 255
L 1925.0, 503.0, -5.0, 1912.0, 538.0, -6.0, 0, 0, 255
L 1929.0, 493.0, -6.0, 1925.0, 503.0, -5.0, 0, 0, 255
L 1939.0, 469.0, -5.0, 1929.0, 493.0, -6.0, 0, 0, 255
L 1955.0, 437.0, -7.0, 1939.0, 469.0, -5.0, 0, 0, 255
L 1983.0, 414.0, -6.0, 1955.0, 437.0, -7.0, 0, 0, 255
L 1988.0, 401.0, -6.0, 1983.0, 414.0, -6.0, 0, 0, 255
L 2001.0, 382.0, -6.0, 1988.0, 401.0, -6.0, 0, 0, 255
L 2006.0, 342.0, -6.0, 2001.0, 382.0, -6.0, 0, 0, 255
L 2004.0, 333.0, -6.0, 2006.0, 342.0, -6.0, 0, 0, 255
L 1989.0, 267.0, -6.0, 2004.0, 333.0, -6.0, 0, 0, 255
L 1987.0, 244.0, -8.0, 1989.0, 267.0, -6.0, 0, 0, 255
L 1997.0, 224.0, -5.0, 1987.0, 244.0, -8.0, 0, 0, 255
L 2012.0, 207.0, -7.0, 1997.0, 224.0, -5.0, 0, 0, 255
L 2018.0, 204.0, -5.0, 2012.0, 207.0, -7.0, 0, 0, 255
L 2028.0, 190.0, -6.0, 2018.0, 204.0, -5.0, 0, 0, 255
L 2046.0, 180.0, -7.0, 2028.0, 190.0, -6.0, 0, 0, 255
L 2062.0, 165.0, -6.0, 2046.0, 180.0, -7.0, 0, 0, 255
L 2078.0, 155.0, -6.0, 2062.0, 165.0, -6.0, 0, 0, 255
L 2087.0, 139.0, -5.0, 2078.0, 155.0, -6.0, 0, 0, 255
L 2098.0, 128.0, -7.0, 2087.0, 139.0, -5.0, 0, 0, 255
L 2111.0, 110.0, -4.0, 2098.0, 128.0, -7.0, 0, 0, 255
L 2119.0, 103.0, -7.0, 2111.0, 110.0, -4.0, 0, 0, 255
L 2118.0, 76.0, -8.0, 2119.0, 103.0, -7.0, 0, 0, 255
L 2104.0, 42.0, -6.0, 2118.0, 76.0, -8.0, 0, 0, 255
L 2026.0, -5.0, -8.0, 2104.0, 42.0, -6.0, 0, 0, 255
L 2026.0, -44.0, -5.0, 2026.0, -5.0, -8.0, 0, 0, 255
L 2026.0, -96.0, -6.0, 2026.0, -44.0, -5.0, 0, 0, 255
L 2035.0, -135.0, -6.0, 2026.0, -96.0, -6.0, 0, 0, 255
L 2043.0, -157.0, -5.0, 2035.0, -135.0, -6.0, 0, 0, 255
L 2047.0, -173.0, -6.0, 2043.0, -157.0, -5.0, 0, 0, 255
L 2048.0, -184.0, -5.0, 2047.0, -173.0, -6.0, 0, 0, 255
L 2049.0, -212.0, -5.0, 2048.0, -184.0, -5.0, 0, 0, 255
L 2045.0, -226.0, -5.0, 2049.0, -212.0, -5.0, 0, 0, 255
L 2039.0, -261.0, -6.0, 2045.0, -226.0, -5.0, 0, 0, 255
L 2026.0, -294.0, -6.0, 2039.0, -261.0, -6.0, 0, 0, 255
L 2021.0, -308.0, -6.0, 2026.0, -294.0, -6.0, 0, 0, 255
L 2012.0, -346.0, -6.0, 2021.0, -308.0, -6.0, 0, 0, 255
L 2003.0, -368.0, -6.0, 2012.0, -346.0, -6.0, 0, 0, 255
L 1986.0, -408.0, -6.0, 2003.0, -368.0, -6.0, 0, 0, 255
L 1962.0, -436.0, -6.0, 1986.0, -408.0, -6.0, 0, 0, 255
L 1911.0, -460.0, -6.0, 1962.0, -436.0, -6.0, 0, 0, 255
L 1862.0, -468.0, -6.0, 1911.0, -460.0, -6.0, 0, 0, 255
L 1824.0, -496.0, -6.0, 1862.0, -468.0, -6.0, 0, 0, 255
L 1808.0, -508.0, -6.0, 1824.0, -496.0, -6.0, 0, 0, 255
L 1762.0, -541.0, -6.0, 1808.0, -508.0, -6.0, 0, 0, 255
L 1741.0, -558.0, -6.0, 1762.0, -541.0, -6.0, 0, 0, 255
L 1709.0, -580.0, -6.0, 1741.0, -558.0, -6.0, 0, 0, 255
L 1669.0, -608.0, -6.0, 1709.0, -580.0, -6.0, 0, 0, 255
L 1662.0, -613.0, -7.0, 1669.0, -608.0, -6.0, 0, 0, 255
L 1618.0, -654.0, -7.0, 1662.0, -613.0, -7.0, 0, 0, 255
L 1611.0, -661.0, -6.0, 1618.0, -654.0, -7.0, 0, 0, 255
L 1571.0, -709.0, -6.0, 1611.0, -661.0, -6.0, 0, 0, 255
L 1561.0, -725.0, -6.0, 1571.0, -709.0, -6.0, 0, 0, 255
L 1538.0, -759.0, -6.0, 1561.0, -725.0, -6.0, 0, 0, 255
L 1517.0, -801.0, -6.0, 1538.0, -759.0, -6.0, 0, 0, 255
L 1485.0, -858.0, -6.0, 1517.0, -801.0, -6.0, 0, 0, 255
L 1461.0, -893.0, -6.0, 1485.0, -858.0, -6.0, 0, 0, 255
L 1428.0, -910.0, -5.0, 1461.0, -893.0, -6.0, 0, 0, 255
L 1410.0, -916.0, -6.0, 1428.0, -910.0, -5.0, 0, 0, 255
L 1366.0, -917.0, -5.0, 1410.0, -916.0, -6.0, 0, 0, 255
L 1358.0, -914.0, -7.0, 1366.0, -917.0, -5.0, 0, 0, 255
L 1331.0, -900.0, -8.0, 1358.0, -914.0, -7.0, 0, 0, 255
L 1314.0, -899.0, -6.0, 1331.0, -900.0, -8.0, 0, 0, 255
L 1280.0, -896.0, -5.0, 1314.0, -899.0, -6.0, 0, 0, 255
L 1260.0, -890.0, -6.0, 1280.0, -896.0, -5.0, 0, 0, 255
L 1235.0, -889.0, -6.0, 1260.0, -890.0, -6.0, 0, 0, 255
L 1172.0, -882.0, -6.0, 1235.0, -889.0, -6.0, 0, 0, 255
L 1133.0, -875.0, -7.0, 1172.0, -882.0, -6.0, 0, 0, 255
L 1104.0, -870.0, -6.0, 1133.0, -875.0, -7.0, 0, 0, 255
L 1060.0, -859.0, -7.0, 1104.0, -870.0, -6.0, 0, 0, 255
L 1028.0, -841.0, -6.0, 1060.0, -859.0, -7.0, 0, 0, 255
L 1012.0, -837.0, -6.0, 1028.0, -841.0, -6.0, 0, 0, 255
L 989.0, -824.0, -6.0, 1012.0, -837.0, -6.0, 0, 0, 255
L 974.0, -809.0, -6.0, 989.0, -824.0, -6.0, 0, 0, 255
L 968.0, -802.0, -6.0, 974.0, -809.0, -6.0, 0, 0, 255
L 961.0, -795.0, -6.0, 968.0, -802.0, -6.0, 0, 0, 255
L 946.0, -777.0, -6.0, 961.0, -795.0, -6.0, 0, 0, 255
L 931.0, -758.0, -5.0, 946.0, -777.0, -6.0, 0, 0, 255
L 923.0, -749.0, -6.0, 931.0, -758.0, -5.0, 0, 0, 255
L 919.0, -741.0, -6.0, 923.0, -749.0, -6.0, 0, 0, 255
L 911.0, -722.0, -6.0, 919.0, -741.0, -6.0, 0, 0, 255
L 905.0, -715.0, -6.0, 911.0, -722.0, -6.0, 0, 0, 255
L 900.0, -710.0, -7.0, 905.0, -715.0, -6.0, 0, 0, 255
L 881.0, -689.0, -7.0, 900.0, -710.0, -7.0, 0, 0, 255
L 862.0, -684.0, -6.0, 881.0, -689.0, -7.0, 0, 0, 255
L 844.0, -679.0, -6.0, 862.0, -684.0, -6.0, 0, 0, 255
L 807.0, -660.0, -6.0, 844.0, -679.0, -6.0, 0, 0, 255
L 762.0, -660.0, -7.0, 807.0, -660.0, -6.0, 0, 0, 255
L 751.0, -659.0, -7.0, 762.0, -660.0, -7.0, 0, 0, 255
L 711.0, -656.0, -7.0, 751.0, -659.0, -7.0, 0, 0, 255
L 660.0, -655.0, -6.0, 711.0, -656.0, -7.0, 0, 0, 255
L 646.0, -659.0, -6.0, 660.0, -655.0, -6.0, 0, 0, 255
L 610.0, -672.0, -6.0, 646.0, -659.0, -6.0, 0, 0, 255
L 591.0, -681.0, -6.0, 610.0, -672.0, -6.0, 0, 0, 255
L 562.0, -693.0, -6.0, 591.0, -681.0, -6.0, 0, 0, 255
L 533.0, -687.0, -6.0, 562.0, -693.0, -6.0, 0, 0, 255
L 513.0, -686.0, -6.0, 533.0, -687.0, -6.0, 0, 0, 255
L 488.0, -682.0, -6.0, 513.0, -686.0, -6.0, 0, 0, 255
L 465.0, -676.0, -6.0, 488.0, -682.0, -6.0, 0, 0, 255
L 411.0, -660.0, -7.0, 465.0, -676.0, -6.0, 0, 0, 255
L 383.0, -639.0, -6.0, 411.0, -660.0, -7.0, 0, 0, 255
L 362.0, -626.0, -6.0, 383.0, -639.0, -6.0, 0, 0, 255
L 351.0, -621.0, -6.0, 362.0, -626.0, -6.0, 0, 0, 255
L 334.0, -611.0, -6.0, 351.0, -621.0, -6.0, 0, 0, 255
L 321.0, -600.0, -6.0, 334.0, -611.0, -6.0, 0, 0, 255
L 312.0, -597.0, -6.0, 321.0, -600.0, -6.0, 0, 0, 255
L 276.0, -593.0, -7.0, 312.0, -597.0, -6.0, 0, 0, 255
L 263.0, -593.0, -7.0, 276.0, -593.0, -7.0, 0, 0, 255
L 224.0, -609.0, -6.0, 263.0, -593.0, -7.0, 0, 0, 255
L 211.0, -615.0, -6.0, 224.0, -609.0, -6.0, 0, 0, 255
L 163.0, -645.0, -5.0, 211.0, -615.0, -6.0, 0, 0, 255
L 112.0, -641.0, -6.0, 163.0, -645.0, -5.0, 0, 0, 255
L 95.0, -624.0, -6.0, 112.0, -641.0, -6.0, 0, 0, 255
L 90.0, -608.0, -6.0, 95.0, -624.0, -6.0, 0, 0, 255
L 87.0, -559.0, -6.0, 90.0, -608.0, -6.0, 0, 0, 255
L 87.0, -537.0, -6.0, 87.0, -559.0, -6.0, 0, 0, 255
L 88.0, -522.0, -7.0, 87.0, -537.0, -6.0, 0, 0, 255
L 88.0, -506.0, -5.0, 88.0, -522.0, -7.0, 0, 0, 255
L 87.0, -484.0, -6.0, 88.0, -506.0, -5.0, 0, 0, 255
L 89.0, -460.0, -7.0, 87.0, -484.0, -6.0, 0, 0, 255
L 79.0, -390.0, -6.0, 89.0, -460.0, -7.0, 0, 0, 255
L 61.0, -362.0, -6.0, 79.0, -390.0, -6.0, 0, 0, 255
L 47.0, -332.0, -7.0, 61.0, -362.0, -6.0, 0, 0, 255
L 36.0, -310.0, -6.0, 47.0, -332.0, -7.0, 0, 0, 255
L 32.0, -292.0, -6.0, 36.0, -310.0, -6.0, 0, 0, 255
L 24.0, -260.0, -6.0, 32.0, -292.0, -6.0, 0, 0, 255
L 24.0, -247.0, -7.0, 24.0, -260.0, -6.0, 0, 0, 255
L 11.0, -231.0, -6.0, 24.0, -247.0, -7.0, 0, 0, 255
L 4.0, -215.0, -7.0, 11.0, -231.0, -6.0, 0, 0, 255
L -2.0, -212.0, -6.0, 4.0, -215.0, -7.0, 0, 0, 255
L -23.0, -195.0, -6.0, -2.0, -212.0, -6.0, 0, 0, 255
L -34.0, -191.0, -6.0, -23.0, -195.0, -6.0, 0, 0, 255
L -248.0, -2871.0, 469.0, -248.0, -2861.0, 469.0, 0, 0, 0
L -278.0, -2861.0, 469.0, -278.0, -2871.0, 469.0, 0, 0, 0
L -248.0, -2861.0, 469.0, -248.0, -2844.0, 470.0, 0, 0, 0
L -278.0, -2861.0, 469.0, -248.0, -2861.0, 469.0, 199, 21, 133
L 857.0, 1780.0, 158.0, 709.0, 1780.0, 187.0, 0, 0, 0
