P -890.0000, 656.0000, 400.0873, 255, 0, 0, 3, to_Skyshrine
P -1626.0000, -1585.0000, 62.9384, 255, 0, 0, 3, to_Siren's_Grotto
P 1579.0000, 1056.0000, 304.2903, 255, 255, 255, 2, Dragon_Circle
P 1485.0000, -233.0000, 73.0634, 0, 128, 0, 2, Blumblum_(Brewer)
P 1513.0000, -182.0000, 73.0821, 0, 128, 0, 2, Bloogy_(Baker)
P 1520.0799, -161.7047, 74.5810, 128, 0, 128, 2, Oven
P 1495.3173, -250.3331, 74.5779, 128, 0, 128, 2, Brew_Barrel
P -895.0000, 939.0000, 314.8777, 240, 0, 0, 2, Succor
P 883.5915, -165.9950, -33.3541, 240, 240, 240, 2, Ship_Wreck
P -1059.7569, -271.4397, -44.8812, 0, 0, 0, 2, Yoppa_Greenthumb_(SHM:1.5)
P -1398.8251, -583.3920, -31.7705, 240, 240, 240, 2, Sirens
P -1475.6488, 888.3619, -47.1676, 240, 240, 240, 2, Ship_Wreck
P -544.0000, -381.0000, -63.0000, 240, 127, 0, 2, Kelorek'Dar_(Raid)
P 724.9589, 1055.0906, 296.2212, 127, 64, 0, 2, Azureake_(Hunter,Roam)
P -820.3715, 728.4791, 70.5330, 127, 64, 0, 2, a_bulthar_heardleader_(Hunter)
P 1321.2200, 842.6060, 274.4135, 127, 64, 0, 2, Yvolcarn_(Hunter)
P 893.0075, 1429.4197, -41.1590, 0, 0, 0, 2, an_outcast_siren
P -0.0000, -0.0000, -2.4479, 240, 0, 0, 2, from_The_Plane_of_Mischief
P -42.5770, -302.2293, 20.2336, 240, 240, 240, 2, Siren`s_Bay
P -42.0128, 958.5352, 285.6372, 240, 240, 240, 2, Dragon_Claw_Peninsula
