L -3641.3, -733.1, -54.4, -3631.0, -731.9, -54.4, 0, 0, 0
L -3641.2, -742.7, -54.4, -3641.3, -733.1, -54.4, 0, 0, 0
L -3630.9, -742.8, -54.4, -3641.2, -742.7, -54.4, 0, 0, 0
L -3631.0, -731.9, -54.4, -3630.9, -742.8, -54.4, 0, 0, 0
L -3877.3, 1101.8, -6.1, -3950.5, 1185.9, 84.6, 150, 150, 150
L -3877.6, 1078.0, -5.1, -3877.3, 1101.8, -6.1, 150, 150, 150
L -3822.2, 1057.2, -32.9, -3877.6, 1078.0, -5.1, 150, 150, 150
L -3761.4, 1011.0, -37.4, -3822.2, 1057.2, -32.9, 150, 150, 150
L -3669.5, 924.1, -48.8, -3761.4, 1011.0, -37.4, 150, 150, 150
L -3617.5, 858.8, -49.7, -3669.5, 924.1, -48.8, 150, 150, 150
L -3539.7, 805.4, -51.3, -3617.5, 858.8, -49.7, 150, 150, 150
L -3505.4, 793.8, -51.3, -3539.7, 805.4, -51.3, 150, 150, 150
L -3434.7, 791.8, -45.4, -3505.4, 793.8, -51.3, 150, 150, 150
L -3409.7, 780.7, -35.6, -3434.7, 791.8, -45.4, 150, 150, 150
L -3379.2, 792.0, -36.8, -3409.7, 780.7, -35.6, 150, 150, 150
L -3346.1, 800.9, -39.7, -3379.2, 792.0, -36.8, 150, 150, 150
L -3315.7, 782.5, -46.0, -3346.1, 800.9, -39.7, 150, 150, 150
L -3255.4, 787.2, -50.0, -3315.7, 782.5, -46.0, 150, 150, 150
L -3224.4, 788.1, -50.7, -3255.4, 787.2, -50.0, 150, 150, 150
L -3186.0, 779.2, -47.9, -3224.4, 788.1, -50.7, 150, 150, 150
L -3142.5, 787.6, -39.7, -3186.0, 779.2, -47.9, 150, 150, 150
L -3118.9, 798.8, -36.0, -3142.5, 787.6, -39.7, 150, 150, 150
L -3071.4, 774.8, -33.5, -3118.9, 798.8, -36.0, 150, 150, 150
L -2999.0, 742.7, -31.4, -3071.4, 774.8, -33.5, 150, 150, 150
L -2960.4, 716.5, -40.0, -2999.0, 742.7, -31.4, 150, 150, 150
L -2940.4, 681.7, -47.0, -2960.4, 716.5, -40.0, 150, 150, 150
L -2909.2, 660.6, -49.2, -2940.4, 681.7, -47.0, 150, 150, 150
L -2881.2, 674.4, -49.7, -2909.2, 660.6, -49.2, 150, 150, 150
L -2871.6, 692.5, -48.9, -2881.2, 674.4, -49.7, 150, 150, 150
L -2801.9, 746.1, -51.1, -2871.6, 692.5, -48.9, 150, 150, 150
L -2775.4, 799.2, -51.3, -2801.9, 746.1, -51.1, 150, 150, 150
L -2754.0, 811.6, -51.3, -2775.4, 799.2, -51.3, 150, 150, 150
L -2743.6, 860.1, -49.9, -2754.0, 811.6, -51.3, 150, 150, 150
L -2725.0, 890.1, -47.7, -2743.6, 860.1, -49.9, 150, 150, 150
L -2708.1, 929.4, -44.9, -2725.0, 890.1, -47.7, 150, 150, 150
L -2659.5, 889.3, -50.8, -2708.1, 929.4, -44.9, 150, 150, 150
L -2615.2, 896.6, -51.3, -2659.5, 889.3, -50.8, 150, 150, 150
L -2603.4, 936.0, -51.3, -2615.2, 896.6, -51.3, 150, 150, 150
L -2563.9, 872.5, -37.0, -2603.4, 936.0, -51.3, 150, 150, 150
L -2539.7, 795.9, -33.1, -2563.9, 872.5, -37.0, 150, 150, 150
L -2533.4, 767.3, -42.6, -2539.7, 795.9, -33.1, 150, 150, 150
L -2500.4, 749.2, -48.5, -2533.4, 767.3, -42.6, 150, 150, 150
L -2398.7, 785.1, -36.2, -2500.4, 749.2, -48.5, 150, 150, 150
L -2309.2, 744.9, -51.3, -2398.7, 785.1, -36.2, 150, 150, 150
L -2291.3, 731.0, -51.3, -2309.2, 744.9, -51.3, 150, 150, 150
L -2246.8, 707.2, -51.3, -2291.3, 731.0, -51.3, 150, 150, 150
L -2217.3, 684.5, -51.3, -2246.8, 707.2, -51.3, 150, 150, 150
L -2184.8, 685.2, -51.3, -2217.3, 684.5, -51.3, 150, 150, 150
L -2137.6, 688.2, -51.3, -2184.8, 685.2, -51.3, 150, 150, 150
L -2118.3, 697.3, -51.3, -2137.6, 688.2, -51.3, 150, 150, 150
L -2057.9, 681.0, -51.3, -2118.3, 697.3, -51.3, 150, 150, 150
L -2034.2, 688.2, -51.3, -2057.9, 681.0, -51.3, 150, 150, 150
L -1986.5, 678.0, -51.3, -2034.2, 688.2, -51.3, 150, 150, 150
L -1951.0, 686.5, -51.3, -1986.5, 678.0, -51.3, 150, 150, 150
L -1932.9, 684.1, -51.3, -1951.0, 686.5, -51.3, 150, 150, 150
L -1902.9, 690.8, -51.3, -1932.9, 684.1, -51.3, 150, 150, 150
L -1860.7, 676.9, -51.3, -1902.9, 690.8, -51.3, 150, 150, 150
L -1820.3, 688.7, -51.3, -1860.7, 676.9, -51.3, 150, 150, 150
L -1790.9, 695.5, -51.3, -1820.3, 688.7, -51.3, 150, 150, 150
L -1757.0, 686.2, -51.3, -1790.9, 695.5, -51.3, 150, 150, 150
L -1720.0, 682.8, -51.3, -1757.0, 686.2, -51.3, 150, 150, 150
L -1695.3, 684.8, -51.3, -1720.0, 682.8, -51.3, 150, 150, 150
L -1670.1, 680.7, -51.3, -1695.3, 684.8, -51.3, 150, 150, 150
L -1646.1, 688.0, -51.3, -1670.1, 680.7, -51.3, 150, 150, 150
L -1599.4, 677.8, -51.3, -1646.1, 688.0, -51.3, 150, 150, 150
L -1563.7, 686.8, -51.3, -1599.4, 677.8, -51.3, 150, 150, 150
L -1472.3, 695.3, -51.3, -1563.7, 686.8, -51.3, 150, 150, 150
L -1455.3, 702.3, -51.3, -1472.3, 695.3, -51.3, 150, 150, 150
L -1426.1, 704.6, -51.3, -1455.3, 702.3, -51.3, 150, 150, 150
L -1416.2, 730.4, -51.3, -1426.1, 704.6, -51.3, 150, 150, 150
L -1370.6, 763.7, -51.3, -1416.2, 730.4, -51.3, 150, 150, 150
L -1355.2, 781.7, -51.3, -1370.6, 763.7, -51.3, 150, 150, 150
L -1323.9, 786.7, -51.3, -1355.2, 781.7, -51.3, 150, 150, 150
L -1319.1, 761.1, -51.3, -1323.9, 786.7, -51.3, 150, 150, 150
L -1297.7, 737.9, -51.3, -1319.1, 761.1, -51.3, 150, 150, 150
L -1266.8, 719.9, -51.3, -1297.7, 737.9, -51.3, 150, 150, 150
L -1245.6, 711.6, -51.3, -1266.8, 719.9, -51.3, 150, 150, 150
L -1239.7, 692.9, -51.3, -1245.6, 711.6, -51.3, 150, 150, 150
L -1220.7, 677.2, -51.3, -1239.7, 692.9, -51.3, 150, 150, 150
L -1186.6, 681.8, -51.3, -1220.7, 677.2, -51.3, 150, 150, 150
L -1169.4, 688.8, -51.3, -1186.6, 681.8, -51.3, 150, 150, 150
L -1157.2, 697.8, -51.3, -1169.4, 688.8, -51.3, 150, 150, 150
L -1143.4, 697.8, -51.3, -1157.2, 697.8, -51.3, 150, 150, 150
L -1130.1, 687.5, -51.3, -1143.4, 697.8, -51.3, 150, 150, 150
L -1093.4, 678.5, -51.3, -1130.1, 687.5, -51.3, 150, 150, 150
L -1039.6, 688.9, -51.3, -1093.4, 678.5, -51.3, 150, 150, 150
L -1006.0, 679.2, -51.3, -1039.6, 688.9, -51.3, 150, 150, 150
L -965.7, 683.5, -51.3, -1006.0, 679.2, -51.3, 150, 150, 150
L -928.6, 702.3, -51.3, -965.7, 683.5, -51.3, 150, 150, 150
L -878.8, 678.2, -51.3, -928.6, 702.3, -51.3, 150, 150, 150
L -839.7, 690.7, -51.3, -878.8, 678.2, -51.3, 150, 150, 150
L -819.2, 697.4, -51.3, -839.7, 690.7, -51.3, 150, 150, 150
L -800.7, 690.7, -51.3, -819.2, 697.4, -51.3, 150, 150, 150
L -762.8, 694.2, -51.3, -800.7, 690.7, -51.3, 150, 150, 150
L -725.9, 709.4, -51.3, -762.8, 694.2, -51.3, 150, 150, 150
L -663.4, 775.3, -50.5, -725.9, 709.4, -51.3, 150, 150, 150
L -620.8, 782.3, -50.3, -663.4, 775.3, -50.5, 150, 150, 150
L -615.9, 754.2, -51.0, -620.8, 782.3, -50.3, 150, 150, 150
L -600.6, 748.8, -51.1, -615.9, 754.2, -51.0, 150, 150, 150
L -553.7, 798.5, -51.1, -600.6, 748.8, -51.1, 150, 150, 150
L -533.7, 808.2, -51.3, -553.7, 798.5, -51.1, 150, 150, 150
L -496.7, 845.5, -50.9, -533.7, 808.2, -51.3, 150, 150, 150
L -466.3, 870.4, -48.5, -496.7, 845.5, -50.9, 150, 150, 150
L -434.1, 886.0, -47.1, -466.3, 870.4, -48.5, 150, 150, 150
L -414.7, 878.0, -47.9, -434.1, 886.0, -47.1, 150, 150, 150
L -408.6, 849.5, -50.5, -414.7, 878.0, -47.9, 150, 150, 150
L -395.3, 827.8, -51.3, -408.6, 849.5, -50.5, 150, 150, 150
L -369.6, 781.6, -51.3, -395.3, 827.8, -51.3, 150, 150, 150
L -339.6, 806.0, -51.3, -369.6, 781.6, -51.3, 150, 150, 150
L -314.9, 799.2, -51.3, -339.6, 806.0, -51.3, 150, 150, 150
L -310.1, 834.6, -51.3, -314.9, 799.2, -51.3, 150, 150, 150
L -268.1, 862.1, -51.1, -310.1, 834.6, -51.3, 150, 150, 150
L -230.4, 873.5, -51.0, -268.1, 862.1, -51.1, 150, 150, 150
L -189.1, 874.6, -51.1, -230.4, 873.5, -51.0, 150, 150, 150
L -165.4, 884.0, -51.3, -189.1, 874.6, -51.1, 150, 150, 150
L -138.3, 891.6, -51.4, -165.4, 884.0, -51.3, 150, 150, 150
L -105.9, 887.4, -51.5, -138.3, 891.6, -51.4, 150, 150, 150
L -69.6, 885.4, -51.5, -105.9, 887.4, -51.5, 150, 150, 150
L -54.3, 892.8, -51.5, -69.6, 885.4, -51.5, 150, 150, 150
L 31.2, 892.1, -51.5, -54.3, 892.8, -51.5, 150, 150, 150
L 51.5, 897.3, -51.5, 31.2, 892.1, -51.5, 150, 150, 150
L 79.8, 884.2, -51.5, 51.5, 897.3, -51.5, 150, 150, 150
L 143.9, 892.6, -51.5, 79.8, 884.2, -51.5, 150, 150, 150
L 164.9, 898.9, -51.5, 143.9, 892.6, -51.5, 150, 150, 150
L 204.7, 884.7, -51.5, 164.9, 898.9, -51.5, 150, 150, 150
L 226.9, 879.5, -51.5, 204.7, 884.7, -51.5, 150, 150, 150
L 249.5, 887.4, -51.5, 226.9, 879.5, -51.5, 150, 150, 150
L 286.0, 892.4, -51.5, 249.5, 887.4, -51.5, 150, 150, 150
L 346.6, 871.4, -35.8, 286.0, 892.4, -51.5, 150, 150, 150
L 384.0, 851.0, -31.0, 346.6, 871.4, -35.8, 150, 150, 150
L 462.5, 801.7, -27.7, 384.0, 851.0, -31.0, 150, 150, 150
L 478.5, 771.8, -39.4, 462.5, 801.7, -27.7, 150, 150, 150
L 504.3, 752.5, -47.7, 478.5, 771.8, -39.4, 150, 150, 150
L 523.3, 768.5, -44.7, 504.3, 752.5, -47.7, 150, 150, 150
L 538.6, 771.0, -44.7, 523.3, 768.5, -44.7, 150, 150, 150
L 548.3, 783.8, -41.9, 538.6, 771.0, -44.7, 150, 150, 150
L 579.7, 783.4, -42.0, 548.3, 783.8, -41.9, 150, 150, 150
L 580.9, 757.1, -47.9, 579.7, 783.4, -42.0, 150, 150, 150
L 599.1, 748.1, -49.8, 580.9, 757.1, -47.9, 150, 150, 150
L 633.7, 791.8, -47.7, 599.1, 748.1, -49.8, 150, 150, 150
L 645.8, 808.2, -46.8, 633.7, 791.8, -47.7, 150, 150, 150
L 669.4, 812.5, -51.0, 645.8, 808.2, -46.8, 150, 150, 150
L 680.9, 832.4, -49.2, 669.4, 812.5, -51.0, 150, 150, 150
L 696.2, 840.3, -50.8, 680.9, 832.4, -49.2, 150, 150, 150
L 742.1, 881.3, -51.5, 696.2, 840.3, -50.8, 150, 150, 150
L 780.8, 884.4, -51.5, 742.1, 881.3, -51.5, 150, 150, 150
L 785.3, 853.2, -51.5, 780.8, 884.4, -51.5, 150, 150, 150
L 840.5, 817.2, -46.6, 785.3, 853.2, -51.5, 150, 150, 150
L 854.0, 799.9, -45.8, 840.5, 817.2, -46.6, 150, 150, 150
L 866.6, 797.9, -46.3, 854.0, 799.9, -45.8, 150, 150, 150
L 876.5, 771.2, -55.8, 866.6, 797.9, -46.3, 150, 150, 150
L 916.3, 700.2, -70.2, 876.5, 771.2, -55.8, 150, 150, 150
L 930.1, 686.8, -70.5, 916.3, 700.2, -70.2, 150, 150, 150
L 953.8, 690.6, -68.3, 930.1, 686.8, -70.5, 150, 150, 150
L 987.0, 704.6, -64.2, 953.8, 690.6, -68.3, 150, 150, 150
L 1013.3, 708.9, -61.5, 987.0, 704.6, -64.2, 150, 150, 150
L 1033.6, 699.1, -60.3, 1013.3, 708.9, -61.5, 150, 150, 150
L 1067.9, 701.3, -56.5, 1033.6, 699.1, -60.3, 150, 150, 150
L 1086.7, 700.5, -53.5, 1067.9, 701.3, -56.5, 150, 150, 150
L 1112.7, 729.9, -51.5, 1086.7, 700.5, -53.5, 150, 150, 150
L 1129.0, 721.0, -51.5, 1112.7, 729.9, -51.5, 150, 150, 150
L 1151.7, 716.6, -51.5, 1129.0, 721.0, -51.5, 150, 150, 150
L 1158.0, 696.3, -51.5, 1151.7, 716.6, -51.5, 150, 150, 150
L 1177.4, 680.0, -51.5, 1158.0, 696.3, -51.5, 150, 150, 150
L 1196.0, 686.0, -51.5, 1177.4, 680.0, -51.5, 150, 150, 150
L 1224.3, 671.6, -41.5, 1196.0, 686.0, -51.5, 150, 150, 150
L 1246.4, 673.8, -35.5, 1224.3, 671.6, -41.5, 150, 150, 150
L 1255.1, 654.1, -36.8, 1246.4, 673.8, -35.5, 150, 150, 150
L 1289.5, 646.8, -30.5, 1255.1, 654.1, -36.8, 150, 150, 150
L 1342.2, 614.7, -27.9, 1289.5, 646.8, -30.5, 150, 150, 150
L 1354.1, 597.3, -29.7, 1342.2, 614.7, -27.9, 150, 150, 150
L 1369.5, 586.4, -33.6, 1354.1, 597.3, -29.7, 150, 150, 150
L 1385.2, 565.0, -42.0, 1369.5, 586.4, -33.6, 150, 150, 150
L 1401.0, 534.8, -51.6, 1385.2, 565.0, -42.0, 150, 150, 150
L 1411.4, 507.9, -53.0, 1401.0, 534.8, -51.6, 150, 150, 150
L 1417.8, 502.4, -53.8, 1411.4, 507.9, -53.0, 150, 150, 150
L 1434.4, 479.2, -55.9, 1417.8, 502.4, -53.8, 150, 150, 150
L 1452.7, 505.6, -58.2, 1434.4, 479.2, -55.9, 150, 150, 150
L 1454.0, 509.1, -61.5, 1452.7, 505.6, -58.2, 150, 150, 150
L 1464.0, 499.2, -63.3, 1454.0, 509.1, -61.5, 150, 150, 150
L 1476.2, 505.7, -65.4, 1464.0, 499.2, -63.3, 150, 150, 150
L 1482.9, 492.0, -68.2, 1476.2, 505.7, -65.4, 150, 150, 150
L 1481.5, 508.3, -63.2, 1482.9, 492.0, -68.2, 150, 150, 150
L -547.8, 1154.5, -41.7, -589.8, 1154.5, -41.7, 178, 102, 255
L -547.7, 1126.1, -41.6, -547.8, 1154.5, -41.7, 178, 102, 255
L -538.7, 1043.3, -40.7, -547.7, 1126.1, -41.6, 178, 102, 255
L 1587.6, -1201.0, 68.8, 1416.3, 1176.3, 85.8, 199, 21, 133
L 1447.2, 1176.3, 86.9, 1416.3, 1176.3, 85.8, 0, 0, 0
L 1587.6, -1201.0, 68.8, 1229.5, -1201.2, 70.9, 0, 0, 0
L 1229.5, -1201.2, 70.9, 1179.0, -1201.2, 84.3, 0, 0, 0
L 1179.0, -1201.2, 84.3, 1060.2, -1201.3, 113.9, 0, 0, 0
L 1060.2, -1201.3, 113.9, 960.3, -1201.4, 112.1, 0, 0, 0
L 960.3, -1201.4, 112.1, 645.6, -1201.5, 83.3, 0, 0, 0
L 645.6, -1201.5, 83.3, 596.2, -1201.6, 104.2, 0, 0, 0
L 596.2, -1201.6, 104.2, 455.2, -1201.6, 98.7, 0, 0, 0
L 455.2, -1201.6, 98.7, -1019.3, -1202.4, 25.4, 0, 0, 0
L -1019.3, -1202.4, 25.4, -1712.6, -1202.8, 89.9, 0, 0, 0
L -1712.6, -1202.8, 89.9, -2129.9, -1203.0, 135.3, 0, 0, 0
L -2129.9, -1203.0, 135.3, -2516.8, -1203.2, 42.6, 0, 0, 0
L -2516.8, -1203.2, 42.6, -2711.0, -1203.3, 124.6, 0, 0, 0
L -2711.0, -1203.3, 124.6, -2977.3, -1203.5, 76.1, 0, 0, 0
L -2977.3, -1203.5, 76.1, -3323.2, -1203.7, 76.5, 0, 0, 0
L -3323.2, -1203.7, 76.5, -3562.7, -1203.8, 53.9, 0, 0, 0
L -3562.7, -1203.8, 53.9, -3881.1, -1204.0, 16.6, 0, 0, 0
L -3881.1, -1204.0, 16.6, -3940.6, -1204.0, 10.0, 0, 0, 0
L -3940.6, -1204.0, 10.0, -4034.1, -1108.8, 29.0, 0, 0, 0
L -4034.1, -1108.8, 29.0, -4042.5, -1057.9, -48.4, 0, 0, 0
L -4042.5, -1057.9, -48.4, -4078.6, -1093.0, -51.5, 0, 0, 0
L -4078.6, -1093.0, -51.5, -4101.3, -1105.0, -51.5, 0, 0, 0
L -4101.3, -1105.0, -51.5, -4133.9, -1100.5, -51.5, 0, 0, 0
L -4133.9, -1100.5, -51.5, -4169.9, -1039.2, -51.5, 0, 0, 0
L -4169.9, -1039.2, -51.5, -4164.4, -976.8, -51.5, 0, 0, 0
L -4164.4, -976.8, -51.5, -4132.2, -963.3, -51.5, 0, 0, 0
L -4132.2, -963.3, -51.5, -4113.3, -947.2, -51.5, 0, 0, 0
L -4113.3, -947.2, -51.5, -4113.2, -920.0, -51.5, 0, 0, 0
L -4113.2, -920.0, -51.5, -4149.3, -898.2, -51.5, 0, 0, 0
L -4149.3, -898.2, -51.5, -4189.0, -928.9, -51.5, 0, 0, 0
L -4189.0, -928.9, -51.5, -4235.2, -908.6, -51.5, 0, 0, 0
L -4221.5, -888.6, -51.5, -4207.8, -896.7, -51.5, 0, 0, 0
L -4221.5, -888.6, -51.5, -4235.2, -908.6, -51.5, 199, 21, 133
L -4207.8, -896.7, -51.5, -4186.6, -909.3, -51.5, 0, 0, 0
L -4186.6, -909.3, -51.5, -4147.3, -878.2, -51.5, 0, 0, 0
L -4147.3, -878.2, -51.5, -4097.5, -900.1, -51.4, 0, 0, 0
L -4097.5, -900.1, -51.4, -4090.9, -953.7, -51.5, 0, 0, 0
L -4090.9, -953.7, -51.5, -4118.9, -985.8, -51.5, 0, 0, 0
L -4118.9, -985.8, -51.5, -4143.4, -1031.8, -51.5, 0, 0, 0
L -4143.4, -1031.8, -51.5, -4120.7, -1069.9, -51.5, 0, 0, 0
L -4120.7, -1069.9, -51.5, -4108.4, -1077.0, -51.5, 0, 0, 0
L -4108.4, -1077.0, -51.5, -4088.4, -1063.0, -51.5, 0, 0, 0
L -4088.4, -1063.0, -51.5, -4041.2, -1005.9, -51.4, 0, 0, 0
L -4041.2, -1005.9, -51.4, -4028.6, -960.3, -20.9, 0, 0, 0
L -4028.6, -960.3, -20.9, -3976.9, -839.9, 25.6, 0, 0, 0
L -3976.9, -839.9, 25.6, -3975.9, -760.9, 80.4, 0, 0, 0
L -3975.9, -760.9, 80.4, -3973.8, -599.1, 81.0, 0, 0, 0
L -3973.8, -599.1, 81.0, -3970.6, -353.2, 114.0, 0, 0, 0
L -3970.6, -353.2, 114.0, -3968.0, -155.0, 112.8, 0, 0, 0
L -3968.0, -155.0, 112.8, -3966.4, -32.5, 84.8, 0, 0, 0
L -3966.4, -32.5, 84.8, -3964.7, 96.8, 102.8, 0, 0, 0
L -3964.7, 96.8, 102.8, -3963.1, 215.9, 100.1, 0, 0, 0
L -3963.1, 215.9, 100.1, -3961.7, 325.0, 109.0, 0, 0, 0
L -3961.7, 325.0, 109.0, -3960.2, 440.4, 126.5, 0, 0, 0
L -3960.2, 440.4, 126.5, -3958.7, 554.5, 123.6, 0, 0, 0
L -3958.7, 554.5, 123.6, -3957.1, 680.8, 103.9, 0, 0, 0
L -3957.1, 680.8, 103.9, -3955.4, 807.0, 96.9, 0, 0, 0
L -3955.4, 807.0, 96.9, -3952.3, 1048.4, 86.0, 0, 0, 0
L -3952.3, 1048.4, 86.0, -3950.5, 1185.9, 84.6, 0, 0, 0
L -3950.5, 1185.9, 84.6, -3709.1, 1185.3, 91.1, 0, 0, 0
L -3709.1, 1185.3, 91.1, -3629.2, 1185.1, 101.4, 0, 0, 0
L -3629.2, 1185.1, 101.4, -3494.5, 1184.7, 121.2, 0, 0, 0
L -3494.5, 1184.7, 121.2, -3356.3, 1184.4, 123.7, 0, 0, 0
L -3356.3, 1184.4, 123.7, -3227.9, 1184.1, 126.3, 0, 0, 0
L -3227.9, 1184.1, 126.3, -3108.2, 1183.7, 126.0, 0, 0, 0
L -3108.2, 1183.7, 126.0, -2981.4, 1183.4, 113.0, 0, 0, 0
L -2981.4, 1183.4, 113.0, -2853.7, 1183.1, 102.0, 0, 0, 0
L -2853.7, 1183.1, 102.0, -2710.8, 1182.7, 108.2, 0, 0, 0
L -2710.8, 1182.7, 108.2, -2557.4, 1182.3, 91.0, 0, 0, 0
L -2557.4, 1182.3, 91.0, -2415.7, 1181.9, 85.4, 0, 0, 0
L -2415.7, 1181.9, 85.4, -2251.0, 1181.5, 88.0, 0, 0, 0
L -2251.0, 1181.5, 88.0, -2070.0, 1181.0, 87.0, 0, 0, 0
L -2070.0, 1181.0, 87.0, -1925.3, 1180.6, 107.0, 0, 0, 0
L -1925.3, 1180.6, 107.0, -1759.0, 1180.2, 108.1, 0, 0, 0
L -1759.0, 1180.2, 108.1, -1607.5, 1179.8, 152.9, 0, 0, 0
L -1607.5, 1179.8, 152.9, -1494.3, 1179.5, 133.7, 0, 0, 0
L -1494.3, 1179.5, 133.7, -1388.9, 1179.2, 107.6, 0, 0, 0
L -1388.9, 1179.2, 107.6, -1296.7, 1179.0, 77.9, 0, 0, 0
L -1296.7, 1179.0, 77.9, -1244.7, 1178.8, 75.4, 0, 0, 0
L -1244.7, 1178.8, 75.4, -1197.4, 1178.7, 81.1, 0, 0, 0
L -1197.4, 1178.7, 81.1, -1152.0, 1178.6, 80.4, 0, 0, 0
L -1152.0, 1178.6, 80.4, -1035.3, 1178.3, 86.5, 0, 0, 0
L -1035.3, 1178.3, 86.5, -906.9, 1178.0, 52.0, 0, 0, 0
L -906.9, 1178.0, 52.0, -753.8, 1177.6, 53.1, 0, 0, 0
L -753.8, 1177.6, 53.1, -743.8, 1174.6, 53.5, 0, 0, 0
L -743.8, 1174.6, 53.5, -653.4, 1177.3, 74.6, 0, 0, 0
L -653.4, 1177.3, 74.6, -523.4, 1176.9, 94.0, 0, 0, 0
L -523.4, 1176.9, 94.0, -372.9, 1176.6, 97.8, 0, 0, 0
L -372.9, 1176.6, 97.8, -255.7, 1176.3, 96.9, 0, 0, 0
L -255.7, 1176.3, 96.9, -147.8, 1176.0, 70.5, 0, 0, 0
L -147.8, 1176.0, 70.5, -40.4, 1175.7, 77.3, 0, 0, 0
L -40.4, 1175.7, 77.3, 117.1, 1175.3, 79.0, 0, 0, 0
L 117.1, 1175.3, 79.0, 270.4, 1174.8, 78.4, 0, 0, 0
L 270.4, 1174.8, 78.4, 378.8, 1174.6, 70.5, 0, 0, 0
L 378.8, 1174.6, 70.5, 474.7, 1174.3, 72.9, 0, 0, 0
L 474.7, 1174.3, 72.9, 591.1, 1174.5, 78.3, 0, 0, 0
L 591.1, 1174.5, 78.3, 697.6, 1175.2, 80.8, 0, 0, 0
L 697.6, 1175.2, 80.8, 858.6, 1176.4, 66.5, 0, 0, 0
L -589.8, 1154.5, -41.7, -589.8, 1162.0, -41.7, 178, 102, 255
L -603.1, 1161.2, -41.7, -603.1, 1156.9, -41.7, 178, 102, 255
L -603.1, 1156.9, -41.7, -603.1, 1141.2, -41.7, 178, 102, 255
L -603.1, 1141.2, -41.7, -561.0, 1141.2, -41.7, 178, 102, 255
L -561.0, 1141.2, -41.7, -561.3, 1126.0, -41.7, 178, 102, 255
L -561.3, 1126.0, -41.7, -565.5, 1042.9, -41.8, 178, 102, 255
L -447.7, -1114.0, -49.8, -466.3, -1149.7, -49.3, 0, 0, 0
L -466.3, -1149.7, -48.5, -502.0, -1131.1, -48.4, 0, 0, 0
L -502.0, -1131.1, -49.9, -483.5, -1095.3, -50.6, 0, 0, 0
L -467.3, -1146.5, -49.0, -450.9, -1115.0, -49.2, 0, 0, 0
L -450.9, -1115.0, -50.1, -463.7, -1108.4, -50.3, 0, 0, 0
L -498.9, -1130.1, -48.9, -467.3, -1146.5, -48.5, 0, 0, 0
L -462.6, -1106.2, -50.6, -447.7, -1114.0, -50.4, 0, 0, 0
L -468.7, -1103.1, -50.9, -483.5, -1095.3, -51.1, 0, 0, 0
L -482.4, -1098.6, -50.3, -498.9, -1130.1, -50.1, 0, 0, 0
L -469.8, -1105.2, -50.3, -482.4, -1098.6, -50.3, 0, 0, 0
L -242.8, 704.6, -54.5, -242.8, 701.8, -54.5, 0, 0, 0
L -242.8, 701.8, -54.5, -254.3, 690.1, -54.5, 0, 0, 0
L -254.3, 690.1, -54.5, -270.4, 690.0, -54.5, 0, 0, 0
L -270.4, 690.0, -54.5, -274.5, 693.7, -54.4, 0, 0, 0
L -274.5, 693.7, -54.4, -277.9, 690.3, -54.4, 0, 0, 0
L -277.9, 690.3, -54.4, -282.8, 694.7, -54.4, 0, 0, 0
L -282.8, 694.7, -54.4, -279.4, 698.6, -54.4, 0, 0, 0
L -279.4, 698.6, -54.4, -282.4, 701.7, -54.4, 0, 0, 0
L -282.4, 701.7, -54.4, -282.4, 717.9, -54.4, 0, 0, 0
L -282.4, 717.9, -54.4, -270.9, 729.6, -54.5, 0, 0, 0
L -270.9, 729.6, -54.5, -254.7, 729.7, -54.5, 0, 0, 0
L -254.7, 729.7, -54.5, -243.1, 718.4, -54.5, 0, 0, 0
L -243.1, 718.4, -54.5, -242.8, 714.7, -54.5, 0, 0, 0
L -244.7, 714.5, -53.9, -244.8, 717.0, -53.9, 0, 0, 0
L -244.8, 717.0, -53.9, -255.2, 727.4, -53.9, 0, 0, 0
L -255.2, 727.4, -53.9, -270.0, 727.2, -53.9, 0, 0, 0
L -270.0, 727.2, -53.9, -280.3, 717.0, -53.9, 0, 0, 0
L -280.3, 717.0, -53.9, -280.3, 702.3, -53.9, 0, 0, 0
L -280.3, 702.3, -53.9, -277.9, 699.9, -53.9, 0, 0, 0
L -277.9, 699.9, -53.9, -277.1, 700.8, -53.9, 0, 0, 0
L -277.1, 700.8, -53.9, -272.3, 695.8, -53.9, 0, 0, 0
L -273.1, 695.1, -53.9, -269.9, 691.9, -53.9, 0, 0, 0
L -273.1, 695.1, -53.9, -272.3, 695.8, -53.9, 0, 0, 0
L -269.9, 691.9, -53.9, -255.2, 691.9, -53.9, 0, 0, 0
L -244.8, 702.3, -53.9, -255.2, 691.9, -53.9, 0, 0, 0
L -244.8, 702.3, -53.9, -244.8, 704.6, -53.9, 0, 0, 0
L -49.1, -35.2, -54.6, -50.2, -28.7, -54.6, 0, 0, 0
L -50.2, -28.7, -54.6, -30.4, -25.5, -54.6, 0, 0, 0
L -30.4, -25.5, -54.6, -27.2, -45.3, -54.6, 0, 0, 0
L -27.2, -45.3, -54.6, -47.0, -48.5, -54.6, 0, 0, 0
L -47.0, -48.5, -54.6, -48.1, -41.8, -54.6, 0, 0, 0
L -48.8, -29.7, -54.6, -47.9, -35.0, -54.6, 0, 0, 0
L -46.8, -41.6, -54.6, -46.0, -47.1, -54.6, 0, 0, 0
L -46.0, -47.1, -54.6, -28.6, -44.3, -54.6, 0, 0, 0
L -28.6, -44.3, -54.6, -31.4, -26.9, -54.6, 0, 0, 0
L -31.4, -26.9, -54.6, -48.8, -29.7, -54.6, 0, 0, 0
L -990.3, -1154.6, -37.6, -998.9, -1154.0, -37.4, 0, 0, 0
L -998.9, -1154.0, -36.7, -1002.6, -1146.2, -35.9, 0, 0, 0
L -1002.6, -1146.2, -35.8, -999.7, -1140.4, -36.5, 0, 0, 0
L -987.8, -1140.2, -38.9, -984.8, -1146.2, -39.3, 0, 0, 0
L -984.8, -1146.2, -39.2, -990.3, -1154.6, -38.9, 0, 0, 0
L -962.1, -1129.6, -43.4, -959.1, -1146.7, -43.4, 0, 0, 0
L -959.1, -1146.7, -44.0, -942.8, -1144.5, -44.6, 0, 0, 0
L -944.6, -1126.0, -46.1, -942.8, -1144.5, -46.0, 0, 0, 0
L -962.1, -1129.6, -44.0, -944.6, -1126.0, -44.7, 0, 0, 0
L -943.7, -1100.6, -46.8, -936.8, -1107.8, -47.7, 0, 0, 0
L -936.8, -1107.8, -47.7, -929.2, -1104.8, -49.0, 0, 0, 0
L -929.2, -1104.8, -49.0, -927.0, -1097.3, -49.5, 0, 0, 0
L -927.0, -1097.3, -49.5, -931.7, -1091.3, -48.9, 0, 0, 0
L -931.7, -1091.3, -48.9, -940.7, -1092.6, -47.2, 0, 0, 0
L -978.6, -1063.5, -39.0, -993.0, -1067.2, -36.2, 0, 0, 0
L -993.0, -1067.2, -36.2, -996.5, -1058.0, -35.3, 0, 0, 0
L -996.5, -1058.0, -35.3, -983.0, -1052.4, -38.0, 0, 0, 0
L -920.1, -1007.8, -50.8, -916.5, -1000.0, -51.0, 0, 0, 0
L -916.5, -1000.0, -51.7, -907.4, -998.9, -52.3, 0, 0, 0
L -907.4, -998.9, -53.4, -902.3, -1006.9, -53.6, 0, 0, 0
L -902.3, -1006.9, -53.6, -906.8, -1015.1, -53.5, 0, 0, 0
L -906.8, -1015.1, -52.5, -915.4, -1015.1, -52.1, 0, 0, 0
L -916.6, -1014.1, -51.3, -915.4, -1015.1, -51.3, 0, 0, 0
L -982.5, -1091.1, -39.5, -977.6, -1087.5, -39.9, 0, 0, 0
L -977.6, -1087.5, -40.4, -971.3, -1090.1, -40.7, 0, 0, 0
L -972.1, -1097.0, -40.7, -971.3, -1090.1, -40.7, 0, 0, 0
L -972.1, -1097.0, -40.5, -976.1, -1100.0, -40.3, 0, 0, 0
L -976.1, -1100.0, -39.8, -981.7, -1097.6, -39.3, 0, 0, 0
L -981.7, -1097.6, -39.4, -982.5, -1091.1, -39.3, 0, 0, 0
L -1419.6, -431.2, -54.4, -1419.0, -422.5, -54.4, 125, 125, 125
L -1419.0, -422.5, -54.4, -1410.3, -423.2, -54.4, 125, 125, 125
L -1410.3, -423.2, -54.4, -1411.0, -431.8, -54.4, 125, 125, 125
L -1411.0, -431.8, -54.4, -1413.0, -431.7, -54.4, 125, 125, 125
L -1420.1, -438.4, -54.4, -1420.8, -447.1, -54.4, 125, 125, 125
L -1420.8, -447.1, -54.4, -1412.1, -447.7, -54.4, 125, 125, 125
L -1412.1, -447.7, -54.4, -1411.5, -439.0, -54.4, 125, 125, 125
L -1411.5, -439.0, -54.4, -1420.1, -438.4, -54.4, 125, 125, 125
L -1415.4, -431.5, -54.4, -1419.6, -431.2, -54.4, 125, 125, 125
L -1413.0, -431.7, -54.4, -1415.4, -431.5, -54.4, 125, 125, 125
L -1410.7, -428.1, -54.4, -1410.6, -426.5, -54.4, 125, 125, 125
L -1414.4, -422.9, -54.4, -1416.4, -422.7, -54.4, 125, 125, 125
L -1419.4, -428.0, -54.4, -1419.5, -429.2, -54.4, 125, 125, 125
L -1391.6, -428.7, -54.4, -1392.9, -446.1, -54.4, 125, 125, 125
L -1392.9, -446.1, -54.4, -1375.6, -447.4, -54.4, 125, 125, 125
L -1375.6, -447.4, -54.4, -1374.3, -430.0, -54.4, 125, 125, 125
L -1374.3, -430.0, -54.4, -1391.6, -428.7, -54.4, 125, 125, 125
L -1386.0, -405.7, -54.4, -1394.7, -405.1, -54.4, 125, 125, 125
L -1394.7, -405.1, -54.4, -1394.0, -396.4, -54.4, 125, 125, 125
L -1394.0, -396.4, -54.4, -1385.4, -397.1, -54.4, 125, 125, 125
L -1385.4, -397.1, -54.4, -1386.0, -405.7, -54.4, 125, 125, 125
L -1378.8, -406.2, -54.4, -1378.2, -397.6, -54.4, 125, 125, 125
L -1378.2, -397.6, -54.4, -1369.5, -398.2, -54.4, 125, 125, 125
L -1369.5, -398.2, -54.4, -1370.1, -406.9, -54.4, 125, 125, 125
L -1370.1, -406.9, -54.4, -1378.8, -406.2, -54.4, 125, 125, 125
L -1350.6, -435.1, -54.4, -1350.0, -426.4, -54.4, 125, 125, 125
L -1350.0, -426.4, -54.4, -1341.3, -427.1, -54.4, 125, 125, 125
L -1341.3, -427.1, -54.4, -1342.0, -435.7, -54.4, 125, 125, 125
L -1342.0, -435.7, -54.4, -1350.6, -435.1, -54.4, 125, 125, 125
L -1351.1, -442.3, -54.4, -1342.5, -442.9, -54.4, 125, 125, 125
L -1342.5, -442.9, -54.4, -1343.1, -451.6, -54.4, 125, 125, 125
L -1343.1, -451.6, -54.4, -1351.8, -451.0, -54.4, 125, 125, 125
L -1351.8, -451.0, -54.4, -1351.1, -442.3, -54.4, 125, 125, 125
L -1373.3, -470.5, -54.4, -1373.9, -479.1, -54.4, 125, 125, 125
L -1373.9, -479.1, -54.4, -1382.5, -478.5, -54.4, 125, 125, 125
L -1382.5, -478.5, -54.4, -1381.9, -469.9, -54.4, 125, 125, 125
L -1381.9, -469.9, -54.4, -1373.3, -470.5, -54.4, 125, 125, 125
L -1389.1, -469.4, -54.4, -1389.8, -478.0, -54.4, 125, 125, 125
L -1389.8, -478.0, -54.4, -1398.4, -477.4, -54.4, 125, 125, 125
L -1398.4, -477.4, -54.4, -1397.8, -468.7, -54.4, 125, 125, 125
L -1397.8, -468.7, -54.4, -1389.1, -469.4, -54.4, 125, 125, 125
L -59.9, -26.7, -54.6, -60.8, -21.0, -54.6, 0, 0, 0
L -60.8, -21.0, -54.6, -56.1, -20.2, -54.6, 0, 0, 0
L -56.1, -20.2, -54.6, -55.2, -25.9, -54.6, 0, 0, 0
L -59.9, -26.7, -54.6, -55.2, -25.9, -54.6, 0, 0, 0
L -63.1, -21.0, -51.5, -67.7, 7.2, -51.5, 255, 255, 0
L -58.3, -20.2, -54.0, -63.1, -21.0, -54.0, 0, 0, 0
L -2211.2, -169.4, -64.4, -2295.0, -158.7, -64.9, 0, 0, 255
L -2295.0, -158.7, -64.9, -2294.7, -152.7, -64.8, 0, 0, 255
L -2294.7, -152.7, -64.8, -2300.6, -153.0, -64.9, 0, 0, 255
L -2300.6, -153.0, -64.9, -2306.1, -64.3, -65.9, 0, 0, 255
L -2306.1, -64.3, -65.9, -2313.8, -58.8, -64.7, 0, 0, 255
L -2313.8, -58.8, -64.7, -2314.0, 27.6, -64.8, 0, 0, 255
L -2314.0, 27.6, -64.8, -2400.9, 30.8, -64.7, 0, 0, 255
L -2400.9, 30.8, -64.7, -2408.3, 40.8, -64.7, 0, 0, 255
L -2408.3, 40.8, -64.7, -2403.9, 108.9, -58.1, 0, 0, 255
L -2403.9, 108.9, -58.1, -2410.4, 130.7, -64.6, 0, 0, 255
L -2410.4, 130.7, -64.6, -2409.4, 142.8, -64.8, 0, 0, 255
L -2409.4, 142.8, -64.8, -2404.6, 241.2, -64.8, 0, 0, 255
L -2404.6, 241.2, -64.8, -2399.3, 247.2, -64.9, 0, 0, 255
L -2399.3, 247.2, -64.9, -2303.8, 339.9, -64.2, 0, 0, 255
L -2303.8, 339.9, -64.2, -2334.1, 407.7, -64.6, 0, 0, 255
L -2334.1, 407.7, -64.6, -2401.0, 409.3, -64.5, 0, 0, 255
L -2401.0, 409.3, -64.5, -2430.5, 412.0, -64.9, 0, 0, 255
L -2430.5, 412.0, -64.9, -2501.2, 437.6, -64.8, 0, 0, 255
L -2501.2, 437.6, -64.8, -2505.2, 437.5, -64.5, 0, 0, 255
L -2505.2, 437.5, -64.5, -2601.0, 431.5, -64.8, 0, 0, 255
L -2601.0, 431.5, -64.8, -2728.8, 312.8, -64.9, 0, 0, 255
L -2728.8, 312.8, -64.9, -2801.1, 299.0, -64.9, 0, 0, 255
L -2801.1, 299.0, -64.9, -2875.3, 269.0, -64.9, 0, 0, 255
L -2875.3, 269.0, -64.9, -2900.5, 262.8, -64.8, 0, 0, 255
L -2900.5, 262.8, -64.8, -2911.1, 330.3, -65.0, 0, 0, 255
L -2911.1, 330.3, -65.0, -3001.1, 330.2, -64.8, 0, 0, 255
L -3001.1, 330.2, -64.8, -3021.3, 320.5, -64.9, 0, 0, 255
L -3021.3, 320.5, -64.9, -3100.2, 317.1, -64.9, 0, 0, 255
L -3100.2, 317.1, -64.9, -3179.9, 240.9, -64.8, 0, 0, 255
L -3179.9, 240.9, -64.8, -3180.0, 161.2, -64.8, 0, 0, 255
L -3180.0, 161.2, -64.8, -3191.6, 140.9, -64.8, 0, 0, 255
L -3191.6, 140.9, -64.8, -3193.1, 47.8, -64.6, 0, 0, 255
L -3193.1, 47.8, -64.6, -3180.6, 41.2, -64.7, 0, 0, 255
L -3180.6, 41.2, -64.7, -3176.1, -34.8, -64.8, 0, 0, 255
L -3176.1, -34.8, -64.8, -3147.3, -59.1, -64.9, 0, 0, 255
L -3147.3, -59.1, -64.9, -3147.4, -105.3, -64.8, 0, 0, 255
L -3147.4, -105.3, -64.8, -3100.5, -106.0, -64.8, 0, 0, 255
L -3100.5, -106.0, -64.8, -3095.0, -153.4, -64.9, 0, 0, 255
L -3095.0, -153.4, -64.9, -3041.1, -159.0, -64.9, 0, 0, 255
L -3041.1, -159.0, -64.9, -3041.4, -199.7, -64.9, 0, 0, 255
L -3041.4, -199.7, -64.9, -3000.2, -199.9, -65.0, 0, 0, 255
L -3000.2, -199.9, -65.0, -2994.1, -252.8, -64.8, 0, 0, 255
L -2994.1, -252.8, -64.8, -2894.4, -252.6, -64.5, 0, 0, 255
L -2894.4, -252.6, -64.5, -2880.1, -259.3, -64.7, 0, 0, 255
L -2880.1, -259.3, -64.7, -2879.6, -338.5, -64.8, 0, 0, 255
L -2879.6, -338.5, -64.8, -2800.2, -338.1, -64.8, 0, 0, 255
L -2800.2, -338.1, -64.8, -2720.8, -259.0, -64.6, 0, 0, 255
L -2720.8, -259.0, -64.6, -2699.8, -249.2, -64.8, 0, 0, 255
L -2699.8, -249.2, -64.8, -2670.8, -229.6, -64.8, 0, 0, 255
L -2670.8, -229.6, -64.8, -2600.0, -230.0, -64.9, 0, 0, 255
L -2600.0, -230.0, -64.9, -2592.5, -250.5, -65.0, 0, 0, 255
L -2592.5, -250.5, -65.0, -2500.2, -250.9, -64.9, 0, 0, 255
L -2500.2, -250.9, -64.9, -2494.8, -254.4, -64.8, 0, 0, 255
L -2494.8, -254.4, -64.8, -2488.9, -258.8, -64.9, 0, 0, 255
L -2488.9, -258.8, -64.9, -2489.0, -347.5, -64.8, 0, 0, 255
L -2489.0, -347.5, -64.8, -2300.7, -348.0, -64.8, 0, 0, 255
L -2300.7, -348.0, -64.8, -2211.3, -258.4, -64.7, 0, 0, 255
L -2211.3, -258.4, -64.7, -2211.2, -169.4, -64.7, 0, 0, 255
L -2420.4, -381.3, -53.8, -2424.4, -381.3, -53.8, 100, 50, 0
L -2407.6, -381.3, -53.8, -2411.2, -381.3, -53.8, 100, 50, 0
L -2407.6, -381.3, -53.8, -2395.8, -393.1, -53.8, 100, 50, 0
L -2395.8, -393.1, -53.8, -2395.7, -409.9, -53.8, 100, 50, 0
L -2395.7, -409.9, -53.8, -2399.3, -413.4, -53.8, 100, 50, 0
L -2399.3, -413.4, -53.8, -2395.6, -417.2, -53.8, 100, 50, 0
L -2395.6, -417.2, -53.8, -2401.1, -422.6, -53.8, 100, 50, 0
L -2401.1, -422.6, -53.8, -2404.7, -418.8, -53.8, 100, 50, 0
L -2424.3, -421.7, -53.8, -2436.2, -409.9, -53.8, 100, 50, 0
L -2436.2, -409.9, -53.8, -2436.2, -393.1, -53.8, 100, 50, 0
L -2436.2, -393.1, -53.8, -2424.4, -381.3, -53.8, 100, 50, 0
L -2407.6, -421.7, -53.8, -2404.7, -418.8, -53.8, 100, 50, 0
L -2407.6, -421.7, -53.8, -2424.3, -421.7, -53.8, 100, 50, 0
L -2420.4, -384.1, -50.5, -2423.0, -384.1, -50.5, 100, 50, 0
L -2423.0, -384.1, -50.5, -2433.2, -394.3, -50.5, 100, 50, 0
L -2433.2, -394.3, -50.5, -2433.1, -408.7, -50.5, 100, 50, 0
L -2433.1, -408.7, -50.5, -2423.0, -418.8, -50.5, 100, 50, 0
L -2408.6, -418.8, -50.5, -2423.0, -418.8, -50.5, 100, 50, 0
L -2408.6, -418.8, -50.5, -2406.6, -416.8, -50.5, 100, 50, 0
L -2406.6, -416.8, -50.5, -2407.4, -416.0, -50.5, 100, 50, 0
L -2407.4, -416.0, -50.5, -2402.2, -410.9, -50.5, 100, 50, 0
L -2401.2, -411.5, -50.5, -2402.2, -410.9, -50.5, 100, 50, 0
L -2401.2, -411.5, -50.5, -2398.4, -408.6, -50.5, 100, 50, 0
L -2398.4, -408.6, -50.5, -2398.4, -394.2, -50.5, 100, 50, 0
L -2398.4, -394.2, -50.5, -2408.6, -384.1, -50.5, 100, 50, 0
L -2408.6, -384.1, -50.5, -2411.2, -384.1, -50.5, 100, 50, 0
L -1878.9, 34.8, -54.4, -1802.3, 34.8, -54.4, 125, 125, 125
L -1802.3, 34.8, -54.4, -1802.3, -38.8, -54.4, 125, 125, 125
L -1802.3, -38.8, -54.4, -1878.3, -38.8, -54.4, 125, 125, 125
L -1878.3, -38.8, -54.4, -1879.0, -12.9, -54.4, 125, 125, 125
L -1879.0, -12.9, -54.4, -1880.3, -12.9, -54.4, 125, 125, 125
L -1880.3, -12.9, -54.4, -1880.5, 8.7, -54.4, 125, 125, 125
L -1878.8, 8.7, -54.4, -1878.9, 34.8, -54.4, 125, 125, 125
L -1878.8, 8.7, -54.4, -1880.5, 8.7, -54.4, 125, 125, 125
L -1904.7, -52.8, -54.4, -1883.4, -15.8, -54.4, 125, 125, 125
L -1883.4, -15.8, -54.4, -1879.0, -15.8, -54.4, 125, 125, 125
L -1879.0, -15.8, -54.4, -1892.2, -54.0, -54.4, 125, 125, 125
L -1892.2, -54.0, -54.4, -1904.7, -52.8, -54.4, 125, 125, 125
L -1891.3, 48.6, -54.4, -1891.8, 61.2, -54.4, 125, 125, 125
L -1891.8, 61.2, -54.3, -1903.8, 60.8, -54.1, 125, 125, 125
L -1903.8, 60.8, -54.2, -1904.0, 48.3, -54.4, 125, 125, 125
L -1904.0, 48.3, -54.4, -1891.3, 48.6, -54.4, 125, 125, 125
L -1787.8, 61.1, -54.4, -1775.1, 61.0, -54.4, 125, 125, 125
L -1775.1, 61.0, -54.4, -1774.9, 48.3, -54.4, 125, 125, 125
L -1774.9, 48.3, -54.4, -1788.0, 48.5, -54.4, 125, 125, 125
L -1788.0, 48.5, -54.4, -1787.8, 61.1, -54.4, 125, 125, 125
L -1775.3, -52.2, -54.4, -1775.7, -60.3, -54.0, 125, 125, 125
L -1775.7, -60.3, -54.0, -1776.4, -63.4, -53.0, 125, 125, 125
L -1776.4, -63.4, -52.8, -1787.8, -63.7, -52.9, 125, 125, 125
L -1828.3, -14.1, -18.1, -1828.3, 10.0, -18.1, 125, 125, 125
L -1828.3, 10.0, -18.1, -1853.1, 10.0, -18.1, 125, 125, 125
L -1853.1, 10.0, -18.1, -1853.1, 8.2, -18.2, 125, 125, 125
L -1853.1, 8.2, -18.1, -1854.6, 8.3, -18.1, 125, 125, 125
L -1854.6, 8.3, -18.1, -1854.3, -12.5, -18.1, 125, 125, 125
L -1854.3, -12.5, -18.1, -1853.0, -12.4, -18.1, 125, 125, 125
L -1853.0, -12.4, -18.1, -1853.0, -13.8, -18.1, 125, 125, 125
L -1853.0, -13.8, -18.1, -1828.3, -14.1, -18.1, 125, 125, 125
L -1788.3, -51.6, -54.4, -1787.8, -63.7, -54.4, 125, 125, 125
L -1788.3, -51.6, -54.4, -1775.3, -52.2, -54.4, 125, 125, 125
L -589.8, 1162.0, -41.7, -603.1, 1161.2, -41.7, 199, 21, 133
L -2440.3, -1056.5, -52.6, -2436.9, -1057.9, -52.7, 0, 0, 0
L -2436.9, -1057.9, -52.7, -2436.5, -1061.4, -52.8, 0, 0, 0
L -2436.5, -1061.4, -52.8, -2439.3, -1063.6, -52.7, 0, 0, 0
L -2439.3, -1063.6, -52.7, -2442.6, -1062.3, -52.6, 0, 0, 0
L -2443.1, -1058.7, -52.4, -2440.3, -1056.5, -52.5, 0, 0, 0
L -2443.1, -1058.7, -52.5, -2442.6, -1062.3, -52.5, 0, 0, 0
L -2564.6, -1148.7, -47.3, -2563.6, -1150.2, -47.4, 0, 0, 0
L -2568.3, -1143.5, -47.0, -2569.1, -1142.4, -46.9, 0, 0, 0
L -2569.1, -1142.4, -46.5, -2578.4, -1141.0, -46.3, 0, 0, 0
L -2578.4, -1141.0, -46.0, -2586.0, -1146.4, -45.9, 0, 0, 0
L -2586.0, -1146.4, -45.8, -2587.6, -1155.6, -45.8, 0, 0, 0
L -2587.6, -1155.6, -46.0, -2583.1, -1162.0, -46.0, 0, 0, 0
L -2565.1, -1159.3, -47.5, -2563.6, -1150.2, -47.5, 0, 0, 0
L -2573.4, -1163.4, -38.7, -2583.1, -1162.0, -39.4, 0, 0, 0
L -2573.4, -1163.4, -40.7, -2565.1, -1159.3, -42.2, 0, 0, 0
L -2472.6, -1119.3, -52.5, -2475.4, -1119.4, -52.4, 0, 0, 0
L -2475.4, -1119.4, -52.2, -2486.5, -1130.6, -52.2, 0, 0, 0
L -2486.5, -1130.6, -52.1, -2486.6, -1146.2, -52.2, 0, 0, 0
L -2486.6, -1146.2, -51.6, -2475.1, -1156.6, -50.5, 0, 0, 0
L -2475.1, -1156.6, -49.4, -2460.2, -1156.1, -48.9, 0, 0, 0
L -2460.2, -1156.1, -48.7, -2449.8, -1145.8, -48.8, 0, 0, 0
L -2449.8, -1145.8, -49.5, -2449.2, -1130.8, -50.1, 0, 0, 0
L -2449.2, -1130.8, -51.1, -2459.4, -1119.3, -51.9, 0, 0, 0
L -2462.5, -1119.3, -52.9, -2459.4, -1119.3, -53.0, 0, 0, 0
L -2422.3, -1116.5, -49.7, -2420.3, -1116.6, -49.6, 0, 0, 0
L -2420.3, -1116.6, -49.0, -2414.0, -1123.2, -48.6, 0, 0, 0
L -2414.0, -1123.2, -47.6, -2414.2, -1132.2, -47.3, 0, 0, 0
L -2414.2, -1132.2, -47.0, -2420.5, -1138.5, -47.0, 0, 0, 0
L -2420.5, -1138.5, -47.2, -2429.4, -1138.6, -47.5, 0, 0, 0
L -2429.4, -1138.6, -48.1, -2436.0, -1132.3, -48.5, 0, 0, 0
L -2436.0, -1132.3, -49.5, -2436.2, -1123.1, -49.8, 0, 0, 0
L -2436.2, -1123.1, -50.3, -2429.6, -1116.4, -50.4, 0, 0, 0
L -2427.8, -1116.4, -50.3, -2429.6, -1116.4, -50.3, 0, 0, 0
L -2326.6, -1128.3, -25.3, -2326.6, -1126.2, -25.1, 0, 0, 0
L -2326.6, -1126.2, -24.3, -2319.8, -1119.8, -23.7, 0, 0, 0
L -2304.4, -1126.5, -21.2, -2304.2, -1135.5, -21.6, 0, 0, 0
L -2319.9, -1142.5, -25.7, -2326.8, -1135.8, -26.0, 0, 0, 0
L -2326.8, -1134.2, -26.0, -2326.8, -1135.8, -26.1, 0, 0, 0
L -2319.8, -1119.8, -22.7, -2310.7, -1120.1, -22.4, 0, 0, 0
L -2310.7, -1120.1, -21.1, -2304.4, -1126.5, -21.0, 0, 0, 0
L -2304.2, -1135.5, -22.4, -2310.5, -1142.2, -23.2, 0, 0, 0
L -2310.5, -1142.2, -24.6, -2319.9, -1142.5, -25.0, 0, 0, 0
L 26.9, -362.8, -54.6, 30.3, -362.8, -54.6, 0, 0, 0
L 30.3, -362.8, -54.6, 41.9, -374.4, -54.6, 0, 0, 0
L 41.9, -374.4, -54.6, 41.9, -390.8, -54.6, 0, 0, 0
L 41.9, -390.8, -54.6, 38.2, -394.5, -54.6, 0, 0, 0
L 38.2, -394.5, -54.6, 42.0, -398.3, -54.6, 0, 0, 0
L 42.0, -398.3, -54.6, 37.0, -403.1, -54.6, 0, 0, 0
L 37.0, -403.1, -54.6, 33.4, -399.3, -54.6, 0, 0, 0
L 33.4, -399.3, -54.6, 30.3, -402.4, -54.6, 0, 0, 0
L 30.3, -402.4, -54.6, 13.9, -402.4, -54.6, 0, 0, 0
L 13.9, -402.4, -54.6, 2.2, -390.8, -54.6, 0, 0, 0
L 2.2, -390.8, -54.6, 2.2, -374.4, -54.6, 0, 0, 0
L 2.2, -374.4, -54.6, 13.8, -362.8, -54.6, 0, 0, 0
L 13.8, -362.8, -54.6, 17.6, -362.8, -54.6, 0, 0, 0
L 17.6, -364.8, -51.9, 14.9, -364.8, -51.9, 0, 0, 0
L 14.9, -364.8, -51.9, 4.5, -375.2, -51.9, 0, 0, 0
L 4.5, -375.2, -51.9, 4.5, -389.9, -51.9, 0, 0, 0
L 4.5, -389.9, -51.9, 14.9, -400.3, -51.9, 0, 0, 0
L 14.9, -400.3, -51.9, 29.6, -400.3, -51.9, 0, 0, 0
L 29.6, -400.3, -51.9, 32.0, -397.9, -51.9, 0, 0, 0
L 32.0, -397.9, -51.9, 31.2, -397.1, -51.9, 0, 0, 0
L 31.2, -397.1, -51.9, 36.1, -392.3, -51.9, 0, 0, 0
L 36.8, -393.1, -51.9, 40.0, -389.9, -51.9, 0, 0, 0
L 36.8, -393.1, -51.9, 36.1, -392.3, -51.9, 0, 0, 0
L 40.0, -389.9, -51.9, 40.0, -375.2, -51.9, 0, 0, 0
L 40.0, -375.2, -51.9, 29.6, -364.8, -51.9, 0, 0, 0
L 26.8, -364.8, -51.9, 29.6, -364.8, -51.9, 0, 0, 0
L -581.8, 185.8, -54.4, -584.7, 184.1, -54.4, 0, 0, 0
L -584.7, 184.1, -54.4, -600.6, 188.3, -54.4, 0, 0, 0
L -600.6, 188.3, -54.4, -608.9, 202.5, -54.4, 0, 0, 0
L -608.9, 202.5, -54.4, -607.6, 207.5, -54.4, 0, 0, 0
L -607.6, 207.5, -54.4, -612.7, 209.0, -54.4, 0, 0, 0
L -612.7, 209.0, -54.4, -610.8, 215.6, -54.4, 0, 0, 0
L -610.8, 215.6, -54.4, -605.8, 214.2, -54.4, 0, 0, 0
L -605.8, 214.2, -54.4, -604.7, 218.4, -54.4, 0, 0, 0
L -604.7, 218.4, -54.4, -590.5, 226.7, -54.4, 0, 0, 0
L -590.5, 226.7, -54.4, -574.6, 222.5, -54.4, 0, 0, 0
L -574.6, 222.5, -54.4, -566.3, 208.3, -54.4, 0, 0, 0
L -566.3, 208.3, -54.4, -570.5, 192.4, -54.4, 0, 0, 0
L -570.5, 192.4, -54.4, -573.8, 190.5, -54.4, 0, 0, 0
L -574.8, 192.3, -51.9, -572.5, 193.6, -51.9, 0, 0, 0
L -572.5, 193.6, -51.9, -568.7, 207.8, -51.9, 0, 0, 0
L -568.7, 207.8, -51.9, -576.1, 220.5, -51.9, 0, 0, 0
L -576.1, 220.5, -51.9, -590.4, 224.3, -51.9, 0, 0, 0
L -590.4, 224.3, -51.9, -603.1, 216.9, -51.9, 0, 0, 0
L -603.1, 216.9, -51.9, -603.9, 213.8, -51.9, 0, 0, 0
L -603.9, 213.8, -51.9, -602.8, 213.2, -51.9, 0, 0, 0
L -602.8, 213.2, -51.9, -604.6, 206.7, -51.9, 0, 0, 0
L -605.7, 207.0, -51.9, -606.8, 202.6, -51.9, 0, 0, 0
L -606.8, 202.6, -51.9, -599.4, 189.9, -51.9, 0, 0, 0
L -605.7, 207.0, -51.9, -604.6, 206.7, -51.9, 0, 0, 0
L -599.4, 189.9, -51.9, -585.2, 186.2, -51.9, 0, 0, 0
L -582.8, 187.6, -51.9, -585.2, 186.2, -51.9, 0, 0, 0
L -537.6, 252.7, -54.2, -541.0, 252.7, -54.2, 0, 0, 0
L -541.0, 252.7, -54.1, -552.6, 264.3, -54.0, 0, 0, 0
L -552.6, 264.3, -53.8, -552.6, 280.7, -53.7, 0, 0, 0
L -552.6, 280.7, -53.5, -549.0, 284.4, -53.4, 0, 0, 0
L -549.0, 284.4, -53.4, -552.7, 288.2, -53.4, 0, 0, 0
L -547.7, 293.0, -53.3, -544.1, 289.3, -53.3, 0, 0, 0
L -544.1, 289.3, -53.3, -541.0, 292.3, -53.3, 0, 0, 0
L -541.0, 292.3, -53.2, -524.6, 292.3, -53.2, 0, 0, 0
L -524.6, 292.3, -53.3, -512.9, 280.7, -53.4, 0, 0, 0
L -512.9, 280.7, -53.7, -512.9, 264.3, -53.8, 0, 0, 0
L -512.9, 264.3, -54.0, -524.6, 252.7, -54.0, 0, 0, 0
L -524.6, 252.7, -54.2, -528.3, 252.7, -54.2, 0, 0, 0
L -552.7, 288.2, -53.3, -547.7, 293.0, -53.3, 0, 0, 0
L -528.3, 254.7, -51.4, -525.6, 254.7, -51.4, 0, 0, 0
L -525.6, 254.7, -51.4, -515.2, 265.1, -51.4, 0, 0, 0
L -515.2, 265.1, -51.4, -515.2, 279.8, -51.4, 0, 0, 0
L -515.2, 279.8, -51.4, -525.6, 290.2, -51.4, 0, 0, 0
L -525.6, 290.2, -51.4, -540.4, 290.2, -51.4, 0, 0, 0
L -540.4, 290.2, -51.4, -542.7, 287.8, -51.4, 0, 0, 0
L -542.7, 287.8, -51.4, -541.9, 287.0, -51.4, 0, 0, 0
L -541.9, 287.0, -51.4, -546.8, 282.2, -51.4, 0, 0, 0
L -547.6, 283.0, -51.4, -546.8, 282.2, -51.4, 0, 0, 0
L -547.6, 283.0, -51.4, -550.8, 279.8, -51.4, 0, 0, 0
L -550.8, 279.8, -51.4, -550.8, 265.1, -51.4, 0, 0, 0
L -550.8, 265.1, -51.4, -540.3, 254.7, -51.4, 0, 0, 0
L -537.6, 254.7, -51.4, -540.3, 254.7, -51.4, 0, 0, 0
L -487.5, 153.1, -54.4, -487.5, 156.5, -54.4, 0, 0, 0
L -487.5, 156.5, -54.4, -476.8, 167.2, -54.4, 0, 0, 0
L -476.8, 167.2, -54.4, -487.5, 177.9, -54.4, 0, 0, 0
L -487.5, 177.9, -54.4, -487.4, 194.4, -54.4, 0, 0, 0
L -487.4, 194.4, -54.4, -483.8, 198.0, -54.4, 0, 0, 0
L -483.8, 198.0, -54.4, -487.4, 201.9, -54.4, 0, 0, 0
L -487.4, 201.9, -54.4, -482.5, 206.6, -54.4, 0, 0, 0
L -482.5, 206.6, -54.4, -478.9, 202.9, -54.4, 0, 0, 0
L -478.9, 202.9, -54.4, -475.8, 206.0, -54.4, 0, 0, 0
L -475.8, 206.0, -54.4, -459.4, 206.0, -54.4, 0, 0, 0
L -459.4, 206.0, -54.4, -447.8, 194.3, -54.4, 0, 0, 0
L -447.8, 194.3, -54.4, -447.8, 177.9, -54.4, 0, 0, 0
L -447.8, 177.9, -54.4, -458.5, 167.2, -54.4, 0, 0, 0
L -458.5, 167.2, -54.4, -455.7, 164.4, -54.4, 0, 0, 0
L -455.7, 164.4, -54.4, -451.9, 168.1, -54.4, 0, 0, 0
L -451.9, 168.1, -54.4, -447.2, 163.2, -54.4, 0, 0, 0
L -447.2, 163.2, -54.4, -450.9, 159.6, -54.4, 0, 0, 0
L -450.9, 159.6, -54.4, -447.8, 156.5, -54.4, 0, 0, 0
L -447.8, 156.5, -54.4, -447.8, 140.0, -54.4, 0, 0, 0
L -447.8, 140.0, -54.4, -458.3, 129.5, -54.4, 0, 0, 0
L -458.3, 129.5, -54.4, -447.9, 119.1, -54.4, 0, 0, 0
L -447.9, 119.1, -54.4, -447.8, 102.6, -54.4, 0, 0, 0
L -447.8, 102.6, -54.4, -451.5, 99.0, -54.4, 0, 0, 0
L -451.5, 99.0, -54.4, -447.9, 95.2, -54.4, 0, 0, 0
L -452.8, 90.4, -54.4, -456.4, 94.1, -54.4, 0, 0, 0
L -456.4, 94.1, -54.4, -459.5, 91.0, -54.4, 0, 0, 0
L -459.5, 91.0, -54.4, -475.9, 91.0, -54.4, 0, 0, 0
L -475.9, 91.0, -54.4, -487.5, 102.6, -54.4, 0, 0, 0
L -487.5, 102.6, -54.4, -487.6, 119.0, -54.4, 0, 0, 0
L -487.6, 119.0, -54.4, -477.0, 129.6, -54.4, 0, 0, 0
L -477.0, 129.6, -54.4, -487.5, 140.0, -54.4, 0, 0, 0
L -487.5, 140.0, -54.4, -487.5, 143.8, -54.4, 0, 0, 0
L -452.8, 90.4, -54.4, -447.9, 95.2, -54.4, 0, 0, 0
L -485.5, 143.8, -51.4, -485.5, 141.1, -51.4, 0, 0, 0
L -485.5, 141.1, -51.4, -475.0, 130.7, -51.4, 0, 0, 0
L -475.0, 130.7, -51.4, -472.2, 130.7, -51.4, 0, 0, 0
L -472.2, 128.7, -51.4, -474.9, 128.7, -51.4, 0, 0, 0
L -474.9, 128.7, -51.4, -485.3, 118.2, -51.4, 0, 0, 0
L -485.3, 118.2, -51.4, -485.2, 103.5, -51.4, 0, 0, 0
L -485.2, 103.5, -51.4, -474.8, 93.1, -51.4, 0, 0, 0
L -474.8, 93.1, -51.4, -460.1, 93.2, -51.4, 0, 0, 0
L -460.1, 93.2, -51.4, -457.8, 95.5, -51.4, 0, 0, 0
L -457.8, 95.5, -51.4, -458.6, 96.4, -51.4, 0, 0, 0
L -458.6, 96.4, -51.4, -453.6, 101.2, -51.4, 0, 0, 0
L -452.7, 100.6, -51.4, -449.7, 103.6, -51.4, 0, 0, 0
L -452.9, 100.4, -51.4, -453.6, 101.2, -51.4, 0, 0, 0
L -449.7, 103.6, -51.4, -449.7, 118.3, -51.4, 0, 0, 0
L -449.7, 118.3, -51.4, -460.2, 128.7, -51.4, 0, 0, 0
L -462.9, 128.7, -51.4, -460.2, 128.7, -51.4, 0, 0, 0
L -462.9, 130.7, -51.4, -460.4, 130.7, -51.4, 0, 0, 0
L -460.4, 130.7, -51.4, -450.0, 141.1, -51.4, 0, 0, 0
L -450.0, 141.1, -51.4, -450.0, 152.1, -51.4, 0, 0, 0
L -450.0, 152.1, -51.4, -456.8, 152.1, -51.4, 205, 133, 63
L -456.8, 152.1, -51.4, -456.8, 146.9, -51.4, 205, 133, 63
L -456.8, 146.9, -51.4, -460.1, 146.9, -51.4, 205, 133, 63
L -460.1, 146.9, -51.4, -460.1, 155.1, -51.4, 205, 133, 63
L -450.0, 155.8, -51.4, -452.3, 158.2, -51.4, 0, 0, 0
L -452.3, 158.2, -51.4, -453.2, 157.4, -51.4, 0, 0, 0
L -453.2, 157.4, -51.4, -457.9, 162.3, -51.4, 0, 0, 0
L -457.9, 162.3, -51.4, -457.2, 163.0, -51.4, 0, 0, 0
L -457.2, 163.0, -51.4, -460.4, 166.3, -51.4, 0, 0, 0
L -463.2, 166.3, -51.4, -460.4, 166.3, -51.4, 0, 0, 0
L -463.2, 168.3, -51.4, -460.5, 168.3, -51.4, 0, 0, 0
L -460.5, 168.3, -51.4, -450.1, 178.7, -51.4, 0, 0, 0
L -450.1, 178.7, -51.4, -450.1, 193.4, -51.4, 0, 0, 0
L -450.1, 193.4, -51.4, -460.5, 203.8, -51.4, 0, 0, 0
L -460.5, 203.8, -51.4, -475.2, 203.8, -51.4, 0, 0, 0
L -475.2, 203.8, -51.4, -477.5, 201.5, -51.4, 0, 0, 0
L -477.5, 201.5, -51.4, -476.7, 200.6, -51.4, 0, 0, 0
L -476.7, 200.6, -51.4, -481.7, 195.8, -51.4, 0, 0, 0
L -482.4, 196.6, -51.4, -485.6, 193.4, -51.4, 0, 0, 0
L -482.4, 196.6, -51.4, -481.7, 195.8, -51.4, 0, 0, 0
L -485.6, 193.4, -51.4, -485.6, 178.7, -51.4, 0, 0, 0
L -485.6, 178.7, -51.4, -475.2, 168.3, -51.4, 0, 0, 0
L -472.4, 168.3, -51.4, -475.2, 168.3, -51.4, 0, 0, 0
L -472.4, 166.3, -51.4, -475.0, 166.3, -51.4, 0, 0, 0
L -475.0, 166.3, -51.4, -485.5, 155.8, -51.4, 0, 0, 0
L -485.5, 153.0, -51.4, -485.5, 155.8, -51.4, 0, 0, 0
L -457.2, 155.1, -51.4, -460.1, 155.1, -51.4, 205, 133, 63
L -457.2, 155.1, -51.4, -457.1, 155.3, -51.4, 205, 133, 63
L -457.1, 155.3, -51.4, -450.0, 155.3, -51.4, 205, 133, 63
L -472.4, 166.3, -50.9, -472.4, 168.3, -50.9, 0, 0, 0
L -463.2, 166.3, -50.9, -463.2, 168.3, -50.9, 0, 0, 0
L -462.9, 128.7, -50.9, -462.9, 130.7, -50.9, 0, 0, 0
L -472.2, 130.7, -50.9, -472.2, 128.7, -50.9, 0, 0, 0
L -485.5, 143.8, -50.9, -487.5, 143.8, -50.9, 0, 0, 0
L -487.5, 153.1, -50.9, -485.5, 153.0, -50.9, 0, 0, 0
L -528.3, 254.7, -50.9, -528.3, 252.7, -50.9, 0, 0, 0
L -537.6, 254.7, -50.9, -537.6, 252.7, -50.9, 0, 0, 0
L -574.8, 192.3, -51.4, -573.8, 190.5, -51.4, 0, 0, 0
L -581.8, 185.8, -51.4, -582.8, 187.6, -51.4, 0, 0, 0
L -46.8, -41.6, -53.8, -48.1, -41.8, -53.8, 0, 0, 0
L -49.1, -35.2, -53.8, -47.9, -35.0, -53.8, 0, 0, 0
L 17.6, -364.8, -51.4, 17.6, -362.8, -51.4, 0, 0, 0
L 26.8, -364.8, -51.4, 26.9, -362.8, -51.4, 0, 0, 0
L -463.7, -1108.4, -48.8, -462.6, -1106.2, -48.8, 0, 0, 0
L -468.7, -1103.1, -48.8, -469.8, -1105.2, -48.8, 0, 0, 0
L -2420.4, -384.1, -50.6, -2420.4, -381.3, -50.6, 100, 50, 0
L -2411.2, -384.1, -50.6, -2411.2, -381.3, -50.6, 100, 50, 0
L -1290.8, 141.6, -54.4, -1290.8, 138.2, -54.4, 0, 0, 0
L -1290.8, 138.2, -54.4, -1302.4, 126.6, -54.4, 0, 0, 0
L -1302.4, 126.6, -54.4, -1318.8, 126.6, -54.4, 0, 0, 0
L -1318.8, 126.6, -54.4, -1322.5, 130.3, -54.4, 0, 0, 0
L -1322.5, 130.3, -54.4, -1326.3, 126.6, -54.4, 0, 0, 0
L -1326.3, 126.6, -54.4, -1331.1, 131.5, -54.4, 0, 0, 0
L -1331.1, 131.5, -54.4, -1327.3, 135.1, -54.4, 0, 0, 0
L -1327.3, 135.1, -54.4, -1330.4, 138.2, -54.4, 0, 0, 0
L -1330.4, 138.2, -54.4, -1330.4, 154.7, -54.3, 0, 0, 0
L -1330.4, 154.7, -54.0, -1318.8, 166.3, -54.0, 0, 0, 0
L -1318.8, 166.3, -53.8, -1302.4, 166.3, -53.8, 0, 0, 0
L -1302.4, 166.3, -54.1, -1290.8, 154.7, -54.2, 0, 0, 0
L -1290.8, 154.7, -54.4, -1290.8, 150.9, -54.4, 0, 0, 0
L -1292.8, 150.9, -52.0, -1292.8, 153.6, -52.0, 0, 0, 0
L -1292.8, 153.6, -52.0, -1303.2, 164.0, -52.0, 0, 0, 0
L -1303.2, 164.0, -52.0, -1317.9, 164.0, -52.0, 0, 0, 0
L -1317.9, 164.0, -52.0, -1328.3, 153.6, -52.0, 0, 0, 0
L -1328.3, 153.6, -52.0, -1328.3, 138.9, -52.0, 0, 0, 0
L -1328.3, 138.9, -52.0, -1325.9, 136.5, -52.0, 0, 0, 0
L -1325.9, 136.5, -52.0, -1325.1, 137.4, -52.0, 0, 0, 0
L -1325.1, 137.4, -52.0, -1320.3, 132.4, -52.0, 0, 0, 0
L -1320.3, 132.4, -52.0, -1321.1, 131.7, -52.0, 0, 0, 0
L -1321.1, 131.7, -52.0, -1317.9, 128.5, -52.0, 0, 0, 0
L -1317.9, 128.5, -52.0, -1303.2, 128.5, -52.0, 0, 0, 0
L -1303.2, 128.5, -52.0, -1292.8, 138.9, -52.0, 0, 0, 0
L -1292.8, 141.7, -52.0, -1292.8, 138.9, -52.0, 0, 0, 0
L -1292.8, 150.9, -51.5, -1290.8, 150.9, -51.5, 0, 0, 0
L -1290.8, 141.6, -51.5, -1292.8, 141.7, -51.5, 0, 0, 0
L -2804.5, 467.0, -54.4, -2804.5, 470.8, -54.4, 0, 0, 0
L -2804.5, 470.8, -54.4, -2816.1, 482.4, -54.4, 0, 0, 0
L -2816.1, 482.4, -54.4, -2832.5, 482.4, -54.4, 0, 0, 0
L -2832.5, 482.4, -54.4, -2844.2, 470.7, -54.4, 0, 0, 0
L -2844.2, 470.7, -54.4, -2844.2, 454.3, -54.4, 0, 0, 0
L -2832.5, 442.7, -54.4, -2816.1, 442.7, -54.4, 0, 0, 0
L -2816.1, 442.7, -54.4, -2804.5, 454.3, -54.4, 0, 0, 0
L -2804.5, 457.7, -54.4, -2804.5, 454.3, -54.4, 0, 0, 0
L -2844.2, 454.3, -54.4, -2841.1, 451.2, -54.4, 0, 0, 0
L -2841.1, 451.2, -54.4, -2844.8, 447.6, -54.4, 0, 0, 0
L -2844.8, 447.6, -54.4, -2840.0, 442.6, -54.4, 0, 0, 0
L -2840.0, 442.6, -54.4, -2836.2, 446.3, -54.4, 0, 0, 0
L -2836.2, 446.3, -54.4, -2832.5, 442.7, -54.4, 0, 0, 0
L -2804.5, 467.0, -50.9, -2806.5, 467.0, -50.9, 0, 0, 0
L -2804.5, 457.7, -50.9, -2806.5, 457.7, -50.9, 0, 0, 0
L -2806.5, 467.0, -51.4, -2806.5, 469.7, -51.4, 0, 0, 0
L -2806.5, 469.7, -51.4, -2816.9, 480.1, -51.4, 0, 0, 0
L -2816.9, 480.1, -51.4, -2831.6, 480.1, -51.4, 0, 0, 0
L -2831.6, 480.1, -51.4, -2842.0, 469.7, -51.4, 0, 0, 0
L -2842.0, 469.7, -51.4, -2842.0, 455.0, -51.4, 0, 0, 0
L -2842.0, 455.0, -51.4, -2839.6, 452.6, -51.4, 0, 0, 0
L -2839.6, 452.6, -51.4, -2838.8, 453.4, -51.4, 0, 0, 0
L -2838.8, 453.4, -51.4, -2834.0, 448.5, -51.4, 0, 0, 0
L -2834.0, 448.5, -51.4, -2834.8, 447.7, -51.4, 0, 0, 0
L -2834.8, 447.7, -51.4, -2831.6, 444.6, -51.4, 0, 0, 0
L -2831.6, 444.6, -51.4, -2816.9, 444.6, -51.4, 0, 0, 0
L -2816.9, 444.6, -51.4, -2806.5, 455.0, -51.4, 0, 0, 0
L -2806.5, 457.7, -51.4, -2806.5, 455.0, -51.4, 0, 0, 0
L -2709.9, 420.1, -55.6, -2706.4, 420.1, -55.7, 0, 0, 0
L -2706.4, 420.1, -55.8, -2695.7, 409.3, -56.2, 0, 0, 0
L -2695.7, 409.3, -56.6, -2685.0, 420.0, -56.3, 0, 0, 0
L -2685.0, 420.0, -56.1, -2668.6, 420.0, -56.2, 0, 0, 0
L -2668.6, 420.0, -56.3, -2664.9, 416.3, -56.4, 0, 0, 0
L -2664.9, 416.3, -56.5, -2661.1, 420.0, -56.4, 0, 0, 0
L -2661.1, 420.0, -56.5, -2656.3, 415.1, -56.6, 0, 0, 0
L -2656.3, 415.1, -56.7, -2660.1, 411.5, -56.8, 0, 0, 0
L -2660.1, 411.5, -56.9, -2656.9, 408.4, -57.0, 0, 0, 0
L -2656.9, 408.4, -57.3, -2657.0, 391.9, -57.7, 0, 0, 0
L -2657.0, 391.9, -58.5, -2668.6, 380.3, -58.8, 0, 0, 0
L -2668.6, 380.3, -58.9, -2685.0, 380.3, -58.9, 0, 0, 0
L -2685.0, 380.3, -58.5, -2695.7, 391.1, -58.3, 0, 0, 0
L -2695.7, 391.1, -58.0, -2698.5, 388.3, -58.1, 0, 0, 0
L -2698.5, 388.3, -58.2, -2694.9, 384.5, -58.3, 0, 0, 0
L -2694.9, 384.5, -58.6, -2699.7, 379.8, -58.7, 0, 0, 0
L -2699.7, 379.8, -58.6, -2703.4, 383.5, -58.4, 0, 0, 0
L -2703.4, 383.5, -58.4, -2706.5, 380.4, -58.5, 0, 0, 0
L -2706.5, 380.4, -58.4, -2722.9, 380.4, -58.1, 0, 0, 0
L -2722.9, 380.4, -57.8, -2733.4, 390.9, -57.3, 0, 0, 0
L -2733.4, 390.9, -56.9, -2743.8, 380.4, -57.1, 0, 0, 0
L -2743.8, 380.4, -57.1, -2760.3, 380.4, -56.8, 0, 0, 0
L -2760.3, 380.4, -56.7, -2764.0, 384.1, -56.6, 0, 0, 0
L -2764.0, 384.1, -56.6, -2767.8, 380.4, -56.7, 0, 0, 0
L -2767.8, 380.4, -56.6, -2772.5, 385.3, -56.6, 0, 0, 0
L -2772.5, 385.3, -56.5, -2768.8, 388.9, -56.4, 0, 0, 0
L -2768.8, 388.9, -56.4, -2771.9, 392.0, -56.3, 0, 0, 0
L -2771.9, 392.0, -55.9, -2771.9, 408.4, -55.7, 0, 0, 0
L -2771.9, 408.4, -55.6, -2760.3, 420.1, -55.3, 0, 0, 0
L -2760.3, 420.1, -55.2, -2743.9, 420.1, -55.2, 0, 0, 0
L -2743.9, 420.1, -55.3, -2733.3, 409.6, -55.5, 0, 0, 0
L -2733.3, 409.6, -55.6, -2722.9, 420.0, -55.4, 0, 0, 0
L -2719.1, 420.0, -55.3, -2722.9, 420.0, -55.2, 0, 0, 0
L -2719.1, 420.0, -54.0, -2719.1, 418.0, -54.0, 0, 0, 0
L -2709.9, 418.0, -54.0, -2709.9, 420.1, -54.0, 0, 0, 0
L -2719.1, 418.0, -54.5, -2721.8, 418.0, -54.5, 0, 0, 0
L -2721.8, 418.0, -54.5, -2732.3, 407.6, -54.5, 0, 0, 0
L -2732.3, 404.7, -54.5, -2732.3, 407.6, -54.5, 0, 0, 0
L -2732.2, 395.5, -54.0, -2734.3, 395.5, -54.0, 0, 0, 0
L -2732.3, 404.7, -54.0, -2734.3, 404.7, -54.0, 0, 0, 0
L -2734.3, 404.7, -54.5, -2734.3, 407.4, -54.5, 0, 0, 0
L -2734.3, 407.4, -54.5, -2744.7, 417.8, -54.5, 0, 0, 0
L -2744.7, 417.8, -54.5, -2759.4, 417.8, -54.5, 0, 0, 0
L -2759.4, 417.8, -54.5, -2769.8, 407.4, -54.5, 0, 0, 0
L -2769.8, 407.4, -54.5, -2769.8, 392.7, -54.5, 0, 0, 0
L -2769.8, 392.7, -54.5, -2767.4, 390.3, -54.5, 0, 0, 0
L -2767.4, 390.3, -54.5, -2766.5, 391.1, -54.5, 0, 0, 0
L -2766.5, 391.1, -54.5, -2761.8, 386.2, -54.5, 0, 0, 0
L -2762.5, 385.5, -54.5, -2759.4, 382.3, -54.5, 0, 0, 0
L -2762.5, 385.5, -54.5, -2761.8, 386.2, -54.5, 0, 0, 0
L -2759.4, 382.3, -54.5, -2744.6, 382.3, -54.5, 0, 0, 0
L -2744.6, 382.3, -54.5, -2734.2, 392.7, -54.5, 0, 0, 0
L -2734.3, 395.5, -54.5, -2734.2, 392.7, -54.5, 0, 0, 0
L -2732.2, 395.5, -54.5, -2732.2, 392.9, -54.5, 0, 0, 0
L -2732.2, 392.9, -54.5, -2721.8, 382.5, -54.5, 0, 0, 0
L -2721.8, 382.5, -54.5, -2710.6, 382.5, -54.5, 0, 0, 0
L -2707.4, 387.9, -54.5, -2707.4, 382.3, -54.5, 205, 133, 63
L -2707.4, 382.3, -54.5, -2704.7, 384.9, -54.5, 0, 0, 0
L -2704.7, 384.9, -54.5, -2705.6, 385.7, -54.5, 0, 0, 0
L -2705.6, 385.7, -54.5, -2700.6, 390.5, -54.5, 0, 0, 0
L -2699.9, 389.7, -54.5, -2696.6, 393.0, -54.5, 0, 0, 0
L -2699.9, 389.7, -54.5, -2700.6, 390.5, -54.5, 0, 0, 0
L -2696.6, 395.7, -54.5, -2696.6, 393.0, -54.5, 0, 0, 0
L -2696.6, 395.7, -54.0, -2694.6, 395.7, -54.0, 0, 0, 0
L -2694.6, 405.0, -54.0, -2696.6, 405.0, -54.0, 0, 0, 0
L -2694.6, 394.1, -54.5, -2694.6, 393.3, -54.5, 0, 0, 0
L -2694.6, 393.3, -54.5, -2694.6, 393.0, -54.5, 0, 0, 0
L -2694.6, 395.7, -54.5, -2694.6, 393.3, -54.5, 0, 0, 0
L -2694.6, 393.0, -54.5, -2684.2, 382.6, -54.5, 0, 0, 0
L -2684.2, 382.6, -54.5, -2669.5, 382.6, -54.5, 0, 0, 0
L -2669.5, 382.6, -54.5, -2659.1, 393.0, -54.5, 0, 0, 0
L -2659.1, 393.0, -54.5, -2659.1, 407.7, -54.5, 0, 0, 0
L -2659.1, 407.7, -54.5, -2661.5, 410.1, -54.5, 0, 0, 0
L -2661.5, 410.1, -54.5, -2662.3, 409.3, -54.5, 0, 0, 0
L -2662.3, 409.3, -54.5, -2667.1, 414.2, -54.5, 0, 0, 0
L -2666.3, 415.0, -54.5, -2669.5, 418.1, -54.5, 0, 0, 0
L -2666.3, 415.0, -54.5, -2667.1, 414.2, -54.5, 0, 0, 0
L -2669.5, 418.1, -54.5, -2684.2, 418.1, -54.5, 0, 0, 0
L -2684.2, 418.1, -54.5, -2694.6, 407.7, -54.5, 0, 0, 0
L -2694.6, 405.0, -54.5, -2694.6, 407.7, -54.5, 0, 0, 0
L -2696.6, 405.0, -54.5, -2696.6, 407.6, -54.5, 0, 0, 0
L -2696.6, 407.6, -54.5, -2707.1, 418.0, -54.5, 0, 0, 0
L -2709.9, 418.0, -54.5, -2707.1, 418.0, -54.5, 0, 0, 0
L -2707.4, 387.9, -54.5, -2707.4, 389.7, -54.5, 205, 133, 63
L -2718.0, 389.4, -54.5, -2707.4, 389.7, -54.5, 205, 133, 63
L -2718.0, 389.4, -54.5, -2717.9, 386.2, -54.5, 205, 133, 63
L -2717.9, 386.2, -54.5, -2710.6, 386.4, -54.5, 205, 133, 63
L -2710.6, 386.4, -54.5, -2710.6, 382.5, -54.5, 205, 133, 63
L -2654.7, 455.4, -54.7, -2654.7, 451.6, -54.8, 0, 0, 0
L -2654.7, 451.6, -54.8, -2643.1, 440.0, -54.8, 0, 0, 0
L -2643.1, 440.0, -55.1, -2626.6, 440.0, -55.1, 0, 0, 0
L -2626.6, 440.0, -55.1, -2615.0, 451.6, -55.1, 0, 0, 0
L -2615.0, 451.6, -55.1, -2615.0, 468.1, -55.1, 0, 0, 0
L -2615.0, 468.1, -55.0, -2618.1, 471.2, -55.0, 0, 0, 0
L -2618.1, 471.2, -54.9, -2614.3, 474.8, -54.9, 0, 0, 0
L -2614.3, 474.8, -54.9, -2619.1, 479.7, -54.9, 0, 0, 0
L -2619.1, 479.7, -54.8, -2623.0, 476.0, -54.8, 0, 0, 0
L -2623.0, 476.0, -54.8, -2626.6, 479.7, -54.8, 0, 0, 0
L -2626.6, 479.7, -54.8, -2643.1, 479.7, -54.7, 0, 0, 0
L -2643.1, 479.7, -54.6, -2654.7, 468.1, -54.6, 0, 0, 0
L -2654.7, 468.1, -54.6, -2654.7, 464.7, -54.6, 0, 0, 0
L -2654.7, 455.4, -51.3, -2652.7, 455.4, -51.3, 0, 0, 0
L -2652.7, 464.6, -51.3, -2654.7, 464.7, -51.3, 0, 0, 0
L -2652.7, 455.4, -51.8, -2652.7, 452.7, -51.8, 0, 0, 0
L -2652.7, 452.7, -51.8, -2642.3, 442.3, -51.8, 0, 0, 0
L -2642.3, 442.3, -51.8, -2627.6, 442.3, -51.8, 0, 0, 0
L -2627.6, 442.3, -51.8, -2617.2, 452.7, -51.8, 0, 0, 0
L -2617.2, 452.7, -51.8, -2617.2, 467.4, -51.8, 0, 0, 0
L -2617.2, 467.4, -51.8, -2619.5, 469.8, -51.8, 0, 0, 0
L -2619.5, 469.8, -51.8, -2620.4, 469.0, -51.8, 0, 0, 0
L -2620.4, 469.0, -51.8, -2625.2, 473.9, -51.8, 0, 0, 0
L -2627.6, 477.8, -51.8, -2642.3, 477.8, -51.8, 0, 0, 0
L -2642.3, 477.8, -51.8, -2652.7, 467.4, -51.8, 0, 0, 0
L -2652.7, 464.6, -51.8, -2652.7, 467.4, -51.8, 0, 0, 0
L -2600.8, 507.7, -54.8, -2600.8, 503.9, -54.8, 0, 0, 0
L -2600.8, 503.9, -54.8, -2589.2, 492.3, -54.8, 0, 0, 0
L -2589.2, 492.3, -54.9, -2572.8, 492.3, -54.9, 0, 0, 0
L -2572.8, 492.3, -54.9, -2561.2, 503.9, -54.8, 0, 0, 0
L -2561.2, 503.9, -54.8, -2561.2, 520.4, -54.7, 0, 0, 0
L -2561.2, 520.4, -54.6, -2564.2, 523.5, -54.6, 0, 0, 0
L -2564.2, 523.5, -54.6, -2560.5, 527.1, -54.6, 0, 0, 0
L -2560.5, 527.1, -54.6, -2565.3, 532.0, -54.5, 0, 0, 0
L -2565.3, 532.0, -54.5, -2569.1, 528.3, -54.5, 0, 0, 0
L -2569.1, 528.3, -54.6, -2572.8, 532.0, -54.5, 0, 0, 0
L -2572.8, 532.0, -54.5, -2589.2, 532.0, -54.5, 0, 0, 0
L -2589.2, 532.0, -54.5, -2600.8, 520.4, -54.6, 0, 0, 0
L -2600.8, 517.0, -54.7, -2600.8, 520.4, -54.6, 0, 0, 0
L -2598.8, 507.7, -52.1, -2598.8, 505.0, -52.1, 0, 0, 0
L -2598.8, 505.0, -52.1, -2588.4, 494.6, -52.1, 0, 0, 0
L -2588.4, 494.6, -52.1, -2573.7, 494.6, -52.1, 0, 0, 0
L -2573.7, 494.6, -52.1, -2563.3, 505.0, -52.1, 0, 0, 0
L -2563.3, 505.0, -52.1, -2563.3, 519.7, -52.1, 0, 0, 0
L -2563.3, 519.7, -52.1, -2565.7, 522.1, -52.1, 0, 0, 0
L -2565.7, 522.1, -52.1, -2566.5, 521.2, -52.1, 0, 0, 0
L -2566.5, 521.2, -52.1, -2571.3, 526.2, -52.1, 0, 0, 0
L -2570.5, 526.9, -52.1, -2573.7, 530.1, -52.1, 0, 0, 0
L -2570.5, 526.9, -52.1, -2571.3, 526.2, -52.1, 0, 0, 0
L -2573.7, 530.1, -52.1, -2588.4, 530.1, -52.1, 0, 0, 0
L -2588.4, 530.1, -52.1, -2598.8, 519.7, -52.1, 0, 0, 0
L -2598.8, 516.9, -52.1, -2598.8, 519.7, -52.1, 0, 0, 0
L -2598.8, 507.7, -51.7, -2600.8, 507.7, -51.7, 0, 0, 0
L -2600.8, 517.0, -51.7, -2598.8, 516.9, -51.7, 0, 0, 0
L -3205.6, 618.3, -54.6, -3205.6, 607.7, -54.7, 0, 0, 0
L -3205.6, 607.7, -54.6, -3216.1, 607.7, -54.6, 0, 0, 0
L -3216.1, 607.7, -54.5, -3216.1, 618.3, -54.5, 0, 0, 0
L -3216.1, 618.3, -54.5, -3205.6, 618.3, -54.6, 0, 0, 0
L -200.4, -3.7, -54.5, -198.9, 6.8, -54.5, 0, 0, 0
L -198.9, 6.8, -54.5, -188.5, 5.4, -54.5, 0, 0, 0
L -188.5, 5.4, -54.5, -189.9, -5.1, -54.5, 0, 0, 0
L -189.9, -5.1, -54.5, -200.4, -3.7, -54.5, 0, 0, 0
L 1484.1, -4.1, -54.6, 1468.6, -19.1, -54.6, 205, 133, 63
L 1468.6, -19.1, -54.6, 1454.3, -11.1, -54.6, 205, 133, 63
L 1454.3, -11.1, -54.6, 1437.6, -3.7, -52.2, 205, 133, 63
L 1437.6, -3.7, -52.2, 1417.0, -12.7, -50.5, 205, 133, 63
L 1417.0, -12.7, -50.5, 1399.9, -9.7, -47.7, 205, 133, 63
L 1399.9, -9.7, -47.7, 1380.5, -10.3, -47.7, 205, 133, 63
L 1380.5, -10.3, -47.7, 1359.5, -13.5, -48.1, 205, 133, 63
L 1359.5, -13.5, -48.1, 1335.2, -7.8, -45.7, 205, 133, 63
L 1335.2, -7.8, -45.7, 1312.6, -13.1, -44.6, 205, 133, 63
L 1312.6, -13.1, -44.6, 1298.4, -8.4, -42.0, 205, 133, 63
L 1298.4, -8.4, -42.0, 1277.4, -6.4, -41.5, 205, 133, 63
L 1277.4, -6.4, -41.5, 1258.8, -5.6, -41.3, 205, 133, 63
L 1258.8, -5.6, -41.3, 1238.1, 1.3, -41.9, 205, 133, 63
L 1238.1, 1.3, -41.9, 1214.7, -6.0, -45.4, 205, 133, 63
L 1214.7, -6.0, -45.4, 1192.4, -2.0, -46.5, 205, 133, 63
L 1192.4, -2.0, -46.5, 1161.8, 2.1, -46.0, 205, 133, 63
L 1161.8, 2.1, -46.0, 1132.2, -5.2, -49.9, 205, 133, 63
L 1132.2, -5.2, -49.9, 1118.7, -30.6, -51.9, 205, 133, 63
L 1118.7, -30.6, -51.9, 1102.5, -52.7, -54.2, 205, 133, 63
L 1102.5, -52.7, -54.2, 1075.2, -91.4, -54.6, 205, 133, 63
L 1075.2, -91.4, -54.6, 1028.0, -101.0, -54.6, 205, 133, 63
L 1028.0, -101.0, -54.6, 1016.6, -124.8, -54.6, 205, 133, 63
L 1016.6, -124.8, -54.6, 1012.4, -143.7, -54.6, 205, 133, 63
L 1012.4, -143.7, -54.6, 986.2, -179.2, -54.6, 205, 133, 63
L 986.2, -179.2, -54.6, 978.8, -196.0, -54.6, 205, 133, 63
L 978.8, -196.0, -54.6, 970.8, -214.3, -54.6, 205, 133, 63
L 970.8, -214.3, -54.6, 958.3, -216.5, -54.6, 205, 133, 63
L 958.3, -216.5, -54.6, 924.8, -225.5, -54.6, 205, 133, 63
L 924.8, -225.5, -54.6, 906.3, -250.3, -54.6, 205, 133, 63
L 906.3, -250.3, -54.6, 890.0, -271.1, -54.6, 205, 133, 63
L 890.0, -271.1, -54.6, 883.4, -296.2, -54.6, 205, 133, 63
L 883.4, -296.2, -54.6, 868.5, -316.4, -54.6, 205, 133, 63
L 868.5, -316.4, -54.6, 819.8, -331.9, -54.6, 205, 133, 63
L 819.8, -331.9, -54.6, 787.7, -372.3, -54.6, 205, 133, 63
L 787.7, -372.3, -54.6, 780.8, -397.6, -54.6, 205, 133, 63
L 780.8, -397.6, -54.6, 767.7, -415.2, -54.6, 205, 133, 63
L 767.7, -415.2, -54.6, 745.7, -417.9, -54.6, 205, 133, 63
L 745.7, -417.9, -54.6, 723.3, -428.0, -53.8, 205, 133, 63
L 723.3, -428.0, -53.8, 706.6, -447.5, -54.1, 205, 133, 63
L 706.6, -447.5, -54.1, 691.1, -466.9, -54.9, 205, 133, 63
L 691.1, -466.9, -54.9, 681.1, -490.8, -55.4, 205, 133, 63
L 681.1, -490.8, -55.4, 668.9, -513.2, -56.0, 205, 133, 63
L 668.9, -513.2, -56.0, 644.9, -520.9, -57.1, 205, 133, 63
L 644.9, -520.9, -57.1, 618.3, -529.4, -57.8, 205, 133, 63
L 618.3, -529.4, -57.8, 599.3, -554.9, -59.0, 205, 133, 63
L 599.3, -554.9, -59.0, 562.5, -611.0, -62.8, 205, 133, 63
L 562.5, -611.0, -62.8, 553.5, -615.2, -63.4, 205, 133, 63
L 553.5, -615.2, -63.4, 531.3, -611.4, -64.1, 205, 133, 63
L 531.3, -611.4, -64.1, 487.9, -608.6, -64.6, 205, 133, 63
L 487.9, -608.6, -64.6, 466.4, -612.9, -63.7, 205, 133, 63
L 466.4, -612.9, -63.7, 443.7, -612.4, -62.6, 205, 133, 63
L 443.7, -612.4, -62.6, 392.6, -608.6, -60.4, 205, 133, 63
L 392.6, -608.6, -60.4, 373.7, -610.6, -58.9, 205, 133, 63
L 373.7, -610.6, -58.9, 323.8, -613.3, -55.7, 205, 133, 63
L 323.8, -613.3, -55.7, 285.7, -609.6, -54.6, 205, 133, 63
L 285.7, -609.6, -54.6, 265.7, -612.1, -54.6, 205, 133, 63
L 265.7, -612.1, -54.6, 243.8, -613.9, -54.6, 205, 133, 63
L 243.8, -613.9, -54.6, 225.9, -603.3, -54.6, 205, 133, 63
L 225.9, -603.3, -54.6, 214.0, -583.7, -54.6, 205, 133, 63
L 214.0, -583.7, -54.6, 198.1, -559.0, -54.6, 205, 133, 63
L 198.1, -559.0, -54.6, 153.3, -527.7, -54.6, 205, 133, 63
L 153.3, -527.7, -54.6, 144.4, -510.3, -54.6, 205, 133, 63
L 144.4, -510.3, -54.6, 147.0, -489.0, -54.6, 205, 133, 63
L 147.0, -489.0, -54.6, 149.0, -420.9, -54.6, 205, 133, 63
L 149.0, -420.9, -54.6, 141.8, -401.6, -54.6, 205, 133, 63
L 139.7, -396.0, -54.6, 110.0, -369.4, -54.6, 205, 133, 63
L 110.0, -369.4, -54.6, 89.7, -350.9, -54.6, 205, 133, 63
L 89.7, -350.9, -54.6, 70.0, -339.3, -54.6, 205, 133, 63
L 70.0, -339.3, -54.6, 59.1, -314.5, -54.6, 205, 133, 63
L 59.1, -314.5, -54.6, 54.9, -289.3, -54.6, 205, 133, 63
L 54.9, -289.3, -54.6, 37.1, -276.1, -54.6, 205, 133, 63
L 37.1, -276.1, -54.6, 12.5, -266.6, -54.6, 205, 133, 63
L 12.5, -266.6, -54.6, -31.5, -237.7, -54.6, 205, 133, 63
L -31.5, -237.7, -54.6, -41.6, -217.9, -54.6, 205, 133, 63
L -41.6, -217.9, -54.6, -44.0, -193.5, -54.6, 205, 133, 63
L -44.0, -193.5, -54.6, -56.9, -177.4, -54.6, 205, 133, 63
L -56.9, -177.4, -54.6, -79.9, -172.6, -54.6, 205, 133, 63
L -79.9, -172.6, -54.6, -101.9, -160.1, -54.6, 205, 133, 63
L -101.9, -160.1, -54.6, -133.5, -134.8, -54.6, 205, 133, 63
L -133.5, -134.8, -54.6, -146.4, -89.5, -54.5, 205, 133, 63
L -146.4, -89.5, -54.5, -163.2, -74.3, -54.5, 205, 133, 63
L -163.2, -74.3, -54.5, -190.7, -66.0, -54.5, 205, 133, 63
L -190.7, -66.0, -54.5, -233.7, -18.9, -54.5, 205, 133, 63
L -233.7, -18.9, -54.5, -234.9, -17.6, -54.5, 205, 133, 63
L -233.7, -18.9, -54.5, -255.1, -7.1, -54.5, 205, 133, 63
L -255.1, -7.1, -54.5, -289.7, -7.0, -54.4, 205, 133, 63
L -289.7, -7.0, -54.4, -375.7, -10.9, -54.4, 205, 133, 63
L -375.7, -10.9, -54.4, -402.1, -6.1, -54.4, 205, 133, 63
L -402.1, -6.1, -54.4, -423.7, -10.1, -54.4, 205, 133, 63
L -423.7, -10.1, -54.4, -447.6, -9.2, -54.4, 205, 133, 63
L -447.6, -9.2, -54.4, -528.0, -10.8, -54.4, 205, 133, 63
L -528.0, -10.8, -54.4, -562.4, 80.8, -54.4, 205, 133, 63
L -562.4, 80.8, -54.4, -568.6, 90.5, -54.4, 205, 133, 63
L -568.6, 90.5, -54.4, -582.2, 93.5, -54.4, 205, 133, 63
L -582.2, 93.5, -54.4, -651.1, 89.2, -54.4, 205, 133, 63
L -651.1, 89.2, -54.4, -667.0, 91.8, -54.4, 205, 133, 63
L -667.0, 91.8, -54.4, -675.9, 100.7, -54.4, 205, 133, 63
L -675.9, 100.7, -54.4, -706.0, 148.5, -54.4, 205, 133, 63
L -706.0, 148.5, -54.4, -742.3, 162.4, -54.4, 205, 133, 63
L -742.3, 162.4, -54.4, -766.6, 208.6, -54.4, 205, 133, 63
L -766.6, 208.6, -54.4, -803.8, 246.7, -54.4, 205, 133, 63
L -803.8, 246.7, -54.4, -828.6, 257.1, -54.4, 205, 133, 63
L -828.6, 257.1, -54.4, -851.7, 282.5, -54.4, 205, 133, 63
L -851.7, 282.5, -54.4, -876.3, 323.0, -54.4, 205, 133, 63
L -876.3, 323.0, -54.4, -913.9, 352.9, -54.4, 205, 133, 63
L -913.9, 352.9, -54.4, -951.4, 367.8, -54.4, 205, 133, 63
L -951.4, 367.8, -54.4, -968.1, 415.0, -54.4, 205, 133, 63
L -968.1, 415.0, -54.4, -1003.3, 446.2, -54.1, 205, 133, 63
L -1003.3, 446.2, -54.1, -1040.2, 495.5, -49.8, 205, 133, 63
L -1040.2, 495.5, -49.8, -1099.8, 492.3, -48.7, 205, 133, 63
L -1099.8, 492.3, -48.7, -1161.5, 485.2, -34.6, 205, 133, 63
L -1161.5, 485.2, -34.6, -1205.8, 533.2, -52.9, 205, 133, 63
L -1205.8, 533.2, -52.9, -1232.2, 496.9, -47.0, 205, 133, 63
L -1232.2, 496.9, -47.0, -1245.1, 486.8, -46.8, 205, 133, 63
L -1245.1, 486.8, -46.8, -1259.5, 487.1, -49.4, 205, 133, 63
L -1259.5, 487.1, -49.4, -1279.2, 491.6, -49.8, 205, 133, 63
L -1279.2, 491.6, -49.8, -1404.6, 492.9, -53.4, 205, 133, 63
L -1404.6, 492.9, -53.4, -1427.8, 488.4, -53.8, 205, 133, 63
L -1427.8, 488.4, -53.8, -1453.0, 492.1, -54.4, 205, 133, 63
L -1453.0, 492.1, -54.4, -1637.8, 488.5, -54.4, 205, 133, 63
L -1760.0, 491.3, -54.4, -1637.8, 488.5, -54.4, 205, 133, 63
L -1875.4, 496.6, -54.4, -1898.4, 540.0, -54.4, 205, 133, 63
L -1875.4, 496.6, -54.4, -1830.5, 488.3, -54.4, 205, 133, 63
L -1830.5, 488.3, -54.4, -1779.3, 488.0, -54.4, 205, 133, 63
L -1779.3, 488.0, -54.4, -1760.0, 491.3, -54.4, 205, 133, 63
L -1898.4, 540.0, -54.4, -1932.6, 590.4, -54.4, 205, 133, 63
L -1932.6, 590.4, -54.4, -1963.0, 596.3, -54.4, 205, 133, 63
L -1963.0, 596.3, -54.4, -1964.6, 595.9, -54.4, 205, 133, 63
L -1964.6, 595.9, -54.4, -2011.2, 590.1, -54.4, 205, 133, 63
L -2011.2, 590.1, -54.4, -2104.4, 590.0, -54.4, 205, 133, 63
L -2104.4, 590.0, -54.4, -2125.9, 587.2, -54.4, 205, 133, 63
L -2125.9, 587.2, -54.4, -2152.6, 589.4, -54.4, 205, 133, 63
L -2152.6, 589.4, -54.4, -2180.3, 588.7, -54.4, 205, 133, 63
L -2180.3, 588.7, -54.4, -2205.2, 590.7, -54.4, 205, 133, 63
L -2205.2, 590.7, -54.4, -2228.3, 587.6, -54.4, 205, 133, 63
L -2228.3, 587.6, -54.4, -2244.7, 587.1, -54.4, 205, 133, 63
L -2244.7, 587.1, -54.4, -2286.1, 592.8, -54.4, 205, 133, 63
L -2286.1, 592.8, -54.4, -2331.8, 587.5, -42.9, 205, 133, 63
L -2331.8, 587.5, -42.9, -2360.3, 586.3, -33.7, 205, 133, 63
L -2360.3, 586.3, -33.7, -2380.3, 598.4, -38.1, 205, 133, 63
L -2380.3, 598.4, -38.1, -2397.0, 624.8, -48.0, 205, 133, 63
L -2397.0, 624.8, -48.0, -2425.1, 602.9, -49.1, 205, 133, 63
L -2425.1, 602.9, -49.1, -2446.0, 587.3, -51.2, 205, 133, 63
L -2446.0, 587.3, -51.2, -2472.5, 591.4, -54.4, 205, 133, 63
L -2472.5, 591.4, -54.4, -2506.6, 591.2, -54.4, 205, 133, 63
L -2506.6, 591.2, -54.4, -2530.7, 585.9, -54.4, 205, 133, 63
L -2530.7, 585.9, -54.4, -2560.6, 590.4, -54.4, 205, 133, 63
L -2560.6, 590.4, -54.4, -2594.6, 588.9, -54.4, 205, 133, 63
L -2594.6, 588.9, -54.4, -2619.6, 588.9, -54.4, 205, 133, 63
L -2619.6, 588.9, -54.4, -2650.3, 592.8, -54.4, 205, 133, 63
L -2650.3, 592.8, -54.4, -2677.2, 591.6, -54.4, 205, 133, 63
L -2677.2, 591.6, -54.4, -2702.0, 593.5, -54.4, 205, 133, 63
L -2702.0, 593.5, -54.4, -2732.9, 586.0, -54.4, 205, 133, 63
L -2732.9, 586.0, -54.4, -2757.7, 592.2, -54.4, 205, 133, 63
L -2757.7, 592.2, -54.4, -2788.8, 590.4, -54.4, 205, 133, 63
L -2788.8, 590.4, -54.4, -2819.7, 588.8, -54.4, 205, 133, 63
L -2819.7, 588.8, -54.4, -2854.0, 589.5, -54.4, 205, 133, 63
L -2854.0, 589.5, -54.4, -2911.6, 591.8, -54.4, 205, 133, 63
L -2911.6, 591.8, -54.4, -2933.7, 587.7, -54.4, 205, 133, 63
L -2933.7, 587.7, -54.4, -2955.2, 591.1, -54.4, 205, 133, 63
L -2955.2, 591.1, -54.4, -3030.0, 585.2, -54.4, 205, 133, 63
L -3030.0, 585.2, -54.4, -3076.3, 588.5, -54.4, 205, 133, 63
L -3076.3, 588.5, -54.4, -3125.0, 589.5, -54.7, 205, 133, 63
L -3125.0, 589.5, -54.7, -3164.4, 599.0, -54.8, 205, 133, 63
L -3164.4, 599.0, -54.8, -3215.7, 588.9, -54.8, 205, 133, 63
L -3215.7, 588.9, -54.8, -3261.1, 598.0, -54.4, 205, 133, 63
L -3261.1, 598.0, -54.4, -3280.6, 562.9, -54.4, 205, 133, 63
L -3280.6, 562.9, -54.4, -3304.2, 541.5, -54.3, 205, 133, 63
L -3304.2, 541.5, -54.3, -3319.1, 511.0, -52.7, 205, 133, 63
L -3319.1, 511.0, -52.7, -3347.7, 485.7, -53.2, 205, 133, 63
L -3347.7, 485.7, -53.2, -3395.4, 493.6, -52.2, 205, 133, 63
L -3395.4, 493.6, -52.2, -3458.4, 494.0, -52.4, 205, 133, 63
L -3458.4, 494.0, -52.4, -3484.3, 459.9, -53.6, 205, 133, 63
L -3484.3, 459.9, -53.6, -3514.3, 426.6, -54.3, 205, 133, 63
L -3514.3, 426.6, -54.3, -3530.7, 396.9, -51.8, 205, 133, 63
L -3530.7, 396.9, -51.8, -3544.2, 386.2, -52.3, 205, 133, 63
L -3544.2, 386.2, -52.3, -3567.0, 390.4, -54.4, 205, 133, 63
L -3567.0, 390.4, -54.4, -3649.0, 376.1, -54.4, 205, 133, 63
L -3649.0, 376.1, -54.4, -3655.4, 362.3, -54.4, 205, 133, 63
L -3655.4, 362.3, -54.4, -3652.5, 334.4, -54.4, 205, 133, 63
L -3652.5, 334.4, -54.4, -3642.5, 311.4, -54.4, 205, 133, 63
L -3642.5, 311.4, -54.4, -3650.9, 296.0, -54.4, 205, 133, 63
L -3650.9, 296.0, -54.4, -3650.2, 271.9, -53.1, 205, 133, 63
L -3650.2, 271.9, -53.1, -3646.6, 257.3, -51.8, 205, 133, 63
L -3646.6, 257.3, -51.8, -3648.8, 243.2, -50.9, 205, 133, 63
L -3648.8, 243.2, -50.9, -3648.3, 216.1, -50.8, 205, 133, 63
L -3648.3, 216.1, -50.8, -3645.0, 200.7, -50.5, 205, 133, 63
L -3645.0, 200.7, -50.5, -3649.5, 172.5, -50.4, 205, 133, 63
L -3649.5, 172.5, -50.4, -3651.7, 136.9, -49.9, 205, 133, 63
L -3651.7, 136.9, -49.9, -3642.0, 110.2, -49.0, 205, 133, 63
L -3642.0, 110.2, -49.0, -3655.5, 78.3, -50.4, 205, 133, 63
L -3655.5, 78.3, -50.4, -3648.4, 50.1, -50.4, 205, 133, 63
L -3648.4, 50.1, -50.4, -3651.3, 25.4, -50.8, 205, 133, 63
L -3651.3, 25.4, -50.8, -3640.7, 8.9, -50.1, 205, 133, 63
L -3640.7, 8.9, -50.1, -3652.8, -13.1, -51.0, 205, 133, 63
L -3652.8, -13.1, -51.0, -3647.7, -38.4, -52.9, 205, 133, 63
L -3647.7, -38.4, -52.9, -3652.6, -60.7, -54.4, 205, 133, 63
L -3652.6, -60.7, -54.4, -3643.5, -89.3, -54.4, 205, 133, 63
L -3643.5, -89.3, -54.4, -3653.6, -113.2, -54.4, 205, 133, 63
L -3653.6, -113.2, -54.4, -3651.5, -133.1, -54.4, 205, 133, 63
L -3651.5, -133.1, -54.4, -3647.4, -146.8, -54.4, 205, 133, 63
L -3647.4, -146.8, -54.4, -3652.6, -169.8, -54.4, 205, 133, 63
L -3652.6, -169.8, -54.4, -3647.9, -186.2, -54.4, 205, 133, 63
L -3647.9, -186.2, -54.4, -3649.5, -209.6, -54.4, 205, 133, 63
L -3649.5, -209.6, -54.4, -3650.5, -246.3, -54.4, 205, 133, 63
L -3650.5, -246.3, -54.4, -3648.4, -278.7, -54.4, 205, 133, 63
L -3648.4, -278.7, -54.4, -3648.9, -318.1, -54.4, 205, 133, 63
L -3648.9, -318.1, -54.4, -3653.0, -423.8, -54.4, 205, 133, 63
L -3653.0, -423.8, -54.4, -3647.5, -456.5, -54.4, 205, 133, 63
L -3647.5, -456.5, -54.4, -3648.4, -477.9, -54.4, 205, 133, 63
L -3648.4, -477.9, -54.4, -3646.9, -498.9, -54.4, 205, 133, 63
L -3646.9, -498.9, -54.4, -3652.4, -525.7, -54.4, 205, 133, 63
L -3652.4, -525.7, -54.4, -3650.3, -555.4, -54.4, 205, 133, 63
L -3650.3, -555.4, -54.4, -3650.1, -577.2, -54.4, 205, 133, 63
L -3650.1, -577.2, -54.4, -3654.0, -611.4, -54.4, 205, 133, 63
L -3654.0, -611.4, -54.4, -3650.6, -633.1, -54.4, 205, 133, 63
L -3650.6, -633.1, -54.4, -3649.6, -655.1, -54.4, 205, 133, 63
L -3649.6, -655.1, -54.4, -3646.7, -679.7, -54.4, 205, 133, 63
L -3646.7, -679.7, -54.4, -3646.4, -696.6, -54.4, 205, 133, 63
L -3646.4, -696.6, -54.4, -3649.8, -727.4, -54.4, 205, 133, 63
L -3649.8, -727.4, -54.4, -3648.6, -745.7, -54.4, 205, 133, 63
L -3648.6, -745.7, -54.4, -3651.9, -766.9, -54.4, 205, 133, 63
L -3651.9, -766.9, -54.4, -3651.8, -778.5, -54.4, 205, 133, 63
L -3651.8, -778.5, -54.4, -3648.4, -801.0, -54.4, 205, 133, 63
L -3648.4, -801.0, -54.4, -3649.8, -828.4, -54.4, 205, 133, 63
L -3649.8, -828.4, -54.4, -3647.4, -880.8, -54.4, 205, 133, 63
L -3647.4, -880.8, -54.4, -3651.6, -907.5, -54.4, 205, 133, 63
L -3651.6, -907.5, -54.4, -3649.6, -933.0, -54.4, 205, 133, 63
L -3649.6, -933.0, -54.4, -3653.0, -968.4, -53.6, 205, 133, 63
L -3653.0, -968.4, -53.6, -3664.3, -1003.7, -50.1, 205, 133, 63
L -3664.3, -1003.7, -50.1, -3677.4, -1011.6, -49.4, 205, 133, 63
L -3677.4, -1011.6, -49.4, -3703.3, -1012.5, -49.6, 205, 133, 63
L -3703.3, -1012.5, -49.6, -3722.1, -1008.5, -50.4, 205, 133, 63
L -3722.1, -1008.5, -50.4, -3745.7, -1008.8, -51.1, 205, 133, 63
L -3745.7, -1008.8, -51.1, -3762.2, -1014.4, -51.1, 205, 133, 63
L -3762.2, -1014.4, -51.1, -3779.0, -1014.4, -51.6, 205, 133, 63
L -3779.0, -1014.4, -51.6, -3803.5, -1010.8, -52.6, 205, 133, 63
L -3803.5, -1010.8, -52.6, -3821.9, -1013.9, -53.2, 205, 133, 63
L -3821.9, -1013.9, -53.2, -3843.1, -1013.9, -54.0, 205, 133, 63
L -3843.1, -1013.9, -54.0, -3863.7, -1008.5, -54.1, 205, 133, 63
L -3863.7, -1008.5, -54.1, -3879.3, -1011.0, -53.8, 205, 133, 63
L -3879.3, -1011.0, -53.8, -3890.7, -1013.1, -53.6, 205, 133, 63
L -3890.7, -1013.1, -53.6, -3913.5, -1013.3, -53.0, 205, 133, 63
L -3913.5, -1013.3, -53.0, -3927.3, -1016.2, -52.7, 205, 133, 63
L -3927.3, -1016.2, -52.7, -3945.7, -1013.1, -52.1, 205, 133, 63
L -3945.7, -1013.1, -52.1, -3970.2, -1009.5, -51.8, 205, 133, 63
L -3970.2, -1009.5, -51.8, -3988.4, -1012.1, -51.7, 205, 133, 63
L -3988.4, -1012.1, -51.7, -4008.4, -1010.8, -51.6, 205, 133, 63
L -4008.4, -1010.8, -51.6, -4028.2, -1020.6, -51.5, 205, 133, 63
L -4028.2, -1020.6, -51.5, -4030.8, -1022.3, -51.5, 205, 133, 63
L -447.6, -9.2, -54.4, -449.2, -82.3, -54.4, 205, 133, 63
L -449.2, -82.3, -54.4, -444.1, -101.3, -54.4, 205, 133, 63
L -444.1, -101.3, -54.4, -446.8, -123.0, -54.4, 205, 133, 63
L -446.8, -123.0, -54.4, -474.1, -141.0, -54.4, 205, 133, 63
L -474.1, -141.0, -54.4, -505.1, -163.0, -54.4, 205, 133, 63
L -505.1, -163.0, -54.4, -518.7, -197.5, -54.4, 205, 133, 63
L -518.7, -197.5, -54.4, -546.6, -219.0, -54.4, 205, 133, 63
L -546.6, -219.0, -54.4, -586.6, -236.4, -54.4, 205, 133, 63
L -586.6, -236.4, -54.4, -607.7, -267.9, -54.4, 205, 133, 63
L -607.7, -267.9, -54.4, -623.3, -288.4, -54.4, 205, 133, 63
L -623.3, -288.4, -54.4, -637.4, -317.0, -54.4, 205, 133, 63
L -637.4, -317.0, -54.4, -668.6, -323.3, -54.4, 205, 133, 63
L -668.6, -323.3, -54.4, -693.4, -352.5, -54.4, 205, 133, 63
L -693.4, -352.5, -54.4, -728.6, -401.9, -54.4, 205, 133, 63
L -728.6, -401.9, -54.4, -742.5, -413.1, -54.4, 205, 133, 63
L -742.5, -413.1, -54.4, -762.8, -414.3, -54.4, 205, 133, 63
L -762.8, -414.3, -54.4, -803.1, -406.2, -54.4, 205, 133, 63
L -803.1, -406.2, -54.4, -833.2, -413.5, -54.4, 205, 133, 63
L -833.2, -413.5, -54.4, -852.1, -415.9, -54.4, 205, 133, 63
L -852.1, -415.9, -54.4, -852.2, -415.9, -54.4, 205, 133, 63
L -234.9, -17.6, -54.5, -208.4, -7.2, -54.5, 205, 133, 63
L -208.4, -7.2, -54.5, -188.7, -12.1, -54.5, 205, 133, 63
L -188.7, -12.1, -54.5, -177.4, -10.2, -54.5, 205, 133, 63
L -177.4, -10.2, -54.5, -165.0, -5.7, -54.5, 205, 133, 63
L -165.0, -5.7, -54.5, -144.7, -7.1, -54.6, 205, 133, 63
L -144.7, -7.1, -54.6, -128.3, -11.2, -54.6, 205, 133, 63
L -128.3, -11.2, -54.6, -110.7, -7.8, -54.6, 205, 133, 63
L -110.7, -7.8, -54.6, -87.6, -12.1, -54.6, 205, 133, 63
L -87.6, -12.1, -54.6, -67.9, -7.4, -54.6, 205, 133, 63
L -67.9, -7.4, -54.6, -27.6, -10.4, -54.6, 205, 133, 63
L -27.6, -10.4, -54.6, 1.6, -9.1, -54.6, 205, 133, 63
L 1.6, -9.1, -54.6, 39.1, -7.2, -54.6, 205, 133, 63
L 39.1, -7.2, -54.6, 63.3, -10.2, -54.6, 205, 133, 63
L 63.3, -10.2, -54.6, 85.9, -10.9, -54.6, 205, 133, 63
L 85.9, -10.9, -54.6, 111.1, -13.1, -55.3, 205, 133, 63
L 111.1, -13.1, -55.3, 138.5, -15.6, -57.3, 205, 133, 63
L 138.5, -15.6, -57.3, 154.4, -49.9, -55.2, 205, 133, 63
L 154.4, -49.9, -55.2, 153.5, -88.9, -54.6, 205, 133, 63
L 153.5, -88.9, -54.6, 149.1, -125.0, -54.6, 205, 133, 63
L 149.1, -125.0, -54.6, 151.1, -155.2, -54.6, 205, 133, 63
L 151.1, -155.2, -54.6, 152.2, -192.2, -54.6, 205, 133, 63
L 152.2, -192.2, -54.6, 147.2, -221.9, -54.6, 205, 133, 63
L 147.2, -221.9, -54.6, 149.1, -249.6, -54.6, 205, 133, 63
L 149.1, -249.6, -54.6, 149.2, -277.5, -54.6, 205, 133, 63
L 149.2, -277.5, -54.6, 148.8, -303.7, -54.6, 205, 133, 63
L 148.8, -303.7, -54.6, 146.7, -325.7, -54.6, 205, 133, 63
L 146.7, -325.7, -54.6, 149.0, -351.4, -54.6, 205, 133, 63
L 141.8, -401.6, -54.6, 139.7, -396.0, -54.6, 205, 133, 63
L 149.0, -351.4, -54.6, 141.8, -401.6, -54.6, 205, 133, 63
L -3564.8, 895.9, -50.3, -3556.7, 911.7, -50.0, 0, 0, 0
L -3556.7, 911.7, -49.3, -3572.4, 919.7, -49.1, 0, 0, 0
L -3572.4, 919.7, -49.2, -3580.5, 904.2, -49.5, 0, 0, 0
L -3580.5, 904.2, -50.1, -3564.8, 895.9, -50.3, 0, 0, 0
L -3651.0, 903.2, -50.8, -3664.6, 914.5, -51.3, 0, 0, 0
L -3664.6, 914.5, -51.5, -3677.1, 900.7, -51.6, 0, 0, 0
L -3677.1, 900.7, -51.7, -3662.0, 889.3, -51.0, 0, 0, 0
L -3662.0, 889.3, -50.6, -3651.0, 903.2, -50.4, 0, 0, 0
L -3613.5, 840.6, -54.2, -3618.9, 840.4, -54.1, 0, 0, 0
L -3618.9, 840.4, -54.1, -3618.2, 819.8, -54.2, 0, 0, 0
L -3618.2, 819.8, -54.4, -3597.5, 820.6, -54.4, 0, 0, 0
L -3597.5, 820.6, -54.4, -3598.3, 841.2, -54.4, 0, 0, 0
L -3603.7, 841.0, -54.4, -3598.3, 841.2, -54.4, 0, 0, 0
L -3133.7, -995.9, -54.4, -3126.3, -997.3, -54.4, 0, 0, 0
L -3122.2, -1001.0, -54.4, -3124.5, -1012.3, -54.4, 0, 0, 0
L -3128.4, -1015.3, -54.4, -3139.5, -1013.0, -54.4, 0, 0, 0
L -3142.2, -1009.3, -54.4, -3140.4, -1000.0, -54.4, 0, 0, 0
L -3161.6, -1037.1, -54.4, -3156.2, -1036.7, -54.4, 0, 0, 0
L -3156.2, -1036.7, -54.4, -3155.0, -1057.4, -54.4, 0, 0, 0
L -3155.0, -1057.4, -54.4, -3175.6, -1058.6, -54.4, 0, 0, 0
L -3175.6, -1058.6, -54.4, -3176.8, -1038.0, -54.4, 0, 0, 0
L -3171.7, -1037.7, -54.4, -3176.8, -1038.0, -54.4, 0, 0, 0
L -3142.8, -1012.4, -54.4, -3139.3, -994.8, -54.4, 0, 0, 0
L -3139.3, -994.8, -54.4, -3121.7, -998.3, -54.4, 0, 0, 0
L -3121.7, -998.3, -54.4, -3125.2, -1015.9, -54.4, 0, 0, 0
L -3125.2, -1015.9, -54.4, -3142.8, -1012.4, -54.4, 0, 0, 0
L 823.4, -1032.3, -54.6, 811.2, -1045.5, -54.5, 0, 0, 0
L 811.2, -1045.5, -54.6, 824.4, -1057.7, -54.6, 0, 0, 0
L 824.4, -1057.7, -54.6, 836.6, -1044.5, -54.6, 0, 0, 0
L 836.6, -1044.5, -54.6, 823.4, -1032.3, -54.6, 0, 0, 0
L 874.2, -1038.0, -54.6, 870.6, -1042.1, -54.6, 0, 0, 0
L 870.6, -1042.1, -54.6, 886.0, -1055.8, -54.6, 0, 0, 0
L 886.0, -1055.8, -54.6, 899.7, -1040.3, -54.6, 0, 0, 0
L 899.7, -1040.3, -54.6, 884.2, -1026.6, -54.6, 0, 0, 0
L 880.9, -1030.4, -54.6, 884.2, -1026.6, -54.6, 0, 0, 0
L -4221.5, -888.6, -51.5, -4239.1, -874.2, -51.5, 0, 0, 0
L -4235.2, -908.6, -51.5, -4259.8, -888.6, -51.5, 0, 0, 0
L 1587.6, -1201.0, 68.8, 1635.3, -1201.0, 68.8, 0, 0, 0
L 1416.3, 1176.3, 85.8, 858.6, 1176.4, 66.5, 0, 0, 0
L -2707.4, 382.3, -54.5, -2710.6, 382.5, -54.5, 0, 0, 0
L -450.0, 155.8, -51.4, -450.0, 155.3, -51.4, 0, 0, 0
L -450.0, 155.3, -51.4, -450.0, 152.1, -51.4, 0, 0, 0
L -589.8, 1162.0, -41.7, -589.8, 1171.6, -41.7, 178, 102, 255
L -603.1, 1161.2, -41.7, -603.1, 1171.6, -41.7, 178, 102, 255
