P 1300.2769, -4.3061, -41.0484, 255, 0, 0, 3, to_East_Commonlands
P -596.0523, 1159.9143, -41.6552, 255, 0, 0, 3, to_Befallen
P -4210.7026, -906.1785, -51.4677, 255, 0, 0, 3, to_Kithicor_Forest
P -1362.1565, -441.3418, -54.4365, 255, 0, 0, 2, Druid_Ring
P -51.2674, -22.7076, -53.9677, 255, 255, 255, 2, Toll_Booth
P -1778.6339, 6.7063, -54.4365, 255, 255, 255, 2, Minor_Spires
P -1384.0000, -450.0000, -51.3051, 0, 128, 0, 2, Slea_(Druid_Spells)
P -592.0000, 212.0206, -48.7258, 0, 128, 0, 2, Ruby_(Merchant)
P -452.0000, 149.0085, -48.2262, 0, 128, 0, 2, Rooster_(Merchant)
P -466.0000, 104.1645, -48.2262, 0, 128, 0, 2, Seke_(Bar)
P -468.0000, 196.0234, -48.2262, 0, 128, 0, 2, Sorsha_(Armor)
P -534.0000, 279.0136, -48.2401, 0, 128, 0, 2, Parus_(Weapons)
P -267.0000, 701.0087, -50.7257, 0, 128, 0, 2, Noresa_(Jewelry)
P -2409.0000, -405.0000, -47.9742, 0, 128, 0, 2, Maula_(Merchant)
P -2827.0000, 463.0082, -48.2258, 0, 128, 0, 2, Ranon_(Armor)
P -2576.0000, 515.0074, -49.0054, 0, 128, 0, 2, Opal_(Weapons)
P -2714.0000, 384.0069, -51.3804, 0, 128, 0, 2, Olissa_(Merchant)
P -2666.0000, 400.0030, -51.3804, 0, 128, 0, 2, Peron_(Armor)
P -2763.0000, 401.0045, -51.3804, 0, 128, 0, 2, Redthorn_(Bar)
