P -154.5971, 656.1774, 0.0019, 255, 0, 0, 3, to_The_Greater_Faydark
P -158.0000, 644.0000, 0.0000, 255, 0, 0, 2, Succor
P -755.9589, -42.2749, -20.9989, 0, 0, 0, 2, Dwarven_Smith
P -751.0569, -83.7949, -20.9989, 0, 0, 0, 2, Elven_Priest
P 150.7149, -238.0459, 0.0009, 0, 0, 0, 2, Orc_Taskmaster
P -106.4679, -154.4579, 16.0959, 255, 255, 255, 2, Throne_Room
P 95.1709, 78.4269, 0.0009, 255, 255, 255, 2, North_Wall
P 316.6939, -94.5959, 0.0009, 255, 255, 255, 2, Safe_Spot
P -426.5000, -73.9699, -16.9989, 255, 255, 255, 2, Slave_Mines
P -118.8649, 212.1989, 80.1879, 255, 255, 255, 2, Trainer_Hill
P 213.2899, -134.7009, -13.2229, 255, 255, 255, 2, Slaver_Pits
P 134.6569, -270.2238, -31.6617, 0, 127, 127, 2, Retlon_Brenclog_(Quest)
P 21.4251, -78.5440, -42.6104, 0, 0, 240, 1, GS:_Blood_Suspension
P -705.6861, 44.4717, -30.9979, 240, 240, 240, 2, Iron_Orc
P 63.9000, -86.4299, 31.5323, 0, 0, 0, 2, Emperor_Crush
P -25.2459, -161.5099, 18.2729, 0, 0, 0, 2, Lord_Darish
P -325.9319, -268.7709, 0.0009, 0, 0, 0, 2, The_Prophet
P -114.8469, 163.5499, 84.9459, 0, 0, 0, 2, Orc_Trainer
P -705.5849, 92.9453, -28.0216, 0, 0, 0, 2, Orc_Scoutsman
P -441.6125, -100.2240, -16.9979, 0, 0, 0, 2, Orc_Warden
P 150.7149, -238.4589, 0.0999, 127, 64, 0, 2, orc_taskmaster_(Hunter)
P -61.7178, -107.0413, 0.0029, 127, 64, 0, 2, orc_warlord_(Hunter)
P 1.3586, -14.7619, 3.5536, 240, 240, 240, 2, Crushbone_Keep
