P -290.0000, -498.0000, 0.0000, 255, 0, 0, 3, to_Eastern_Wastes
P -73.4135, 574.6538, -153.9354, 255, 0, 0, 3, to_Eastern_Wastes
P -303.0000, -487.0000, 0.0000, 255, 0, 0, 3, Succor
P -298.0000, 184.0000, 0.0000, 255, 210, 0, 2, Bank
P -758.0000, 265.0000, 0.0000, 255, 255, 255, 2, Broken_Bridge
P 947.0507, 589.2619, -537.2524, 0, 0, 0, 2, Queen_Dracnia
P -692.0000, 176.0000, 0.0000, 255, 255, 255, 2, Waterfall
P 935.7821, 594.1192, -537.2650, 0, 0, 240, 1, GS:_Cryptic_Page
P 931.4588, 552.1791, -538.7780, 127, 64, 0, 2, a_crystal_lurker_(Hunter)
P 943.5502, 593.0241, -537.2532, 127, 64, 0, 2, a_crystal_purifier_(Hunter)
P 68.2989, 589.4607, -200.3830, 127, 64, 0, 2, a_gem_collector_(Hunter)
P 270.1802, 234.2041, -545.4088, 127, 64, 0, 2, a_hollow_crystal_(Hunter)
P 108.5154, 194.6566, -556.2583, 127, 64, 0, 2, a_life_leech_(Hunter)
P 294.1216, 200.8152, -556.2274, 127, 64, 0, 2, a_terror_carver_(Hunter)
P 166.1292, 662.5880, -245.4509, 127, 64, 0, 2, a_focus_gem_(Hunter)
P -221.6917, 127.5068, -379.8415, 240, 240, 240, 2, City_of_Froststone
