L 208.0000, 236.0000, -181.0000, 208.0000, 197.0000, -181.0000, 178, 102, 255
L 113.0000, -15.0000, -181.0000, 113.0000, -1.0000, -181.0000, 178, 102, 255
L 113.0000, -26.0000, -181.0000, 113.0000, -40.0000, -181.0000, 178, 102, 255
L 166.0000, -40.0000, -181.0000, 166.0000, -1.0000, -181.0000, 178, 102, 255
L 107.0000, -82.0000, -181.0000, 102.0000, -82.0000, -181.0000, 178, 102, 255
L 102.0000, -82.0000, -181.0000, 96.0000, -82.0000, -181.0000, 178, 102, 255
L 96.0000, -99.0000, -181.0000, 96.0000, -82.0000, -181.0000, 178, 102, 255
L 102.0000, -99.0000, -181.0000, 96.0000, -99.0000, -181.0000, 178, 102, 255
L 107.0000, -99.0000, -181.0000, 102.0000, -99.0000, -181.0000, 178, 102, 255
L 138.0000, -99.0000, -181.0000, 107.0000, -99.0000, -181.0000, 178, 102, 255
L 138.0000, -124.0000, -181.0000, 138.0000, -99.0000, -181.0000, 178, 102, 255
L 113.0000, -124.0000, -181.0000, 138.0000, -124.0000, -181.0000, 178, 102, 255
L 113.0000, -110.0000, -181.0000, 113.0000, -124.0000, -181.0000, 178, 102, 255
L 107.0000, -110.0000, -181.0000, 113.0000, -110.0000, -181.0000, 178, 102, 255
L 102.0000, -110.0000, -181.0000, 107.0000, -110.0000, -181.0000, 178, 102, 255
L 102.0000, -110.0000, -181.0000, 96.0000, -110.0000, -181.0000, 178, 102, 255
L 96.0000, -124.0000, -181.0000, 96.0000, -110.0000, -181.0000, 178, 102, 255
L 82.0000, -124.0000, -181.0000, 96.0000, -124.0000, -181.0000, 178, 102, 255
L 82.0000, -134.0000, -181.0000, 82.0000, -124.0000, -181.0000, 178, 102, 255
L 82.0000, -141.0000, -181.0000, 82.0000, -134.0000, -181.0000, 178, 102, 255
L 96.0000, -141.0000, -181.0000, 82.0000, -141.0000, -181.0000, 178, 102, 255
L 71.0000, -50.0000, -181.0000, 71.0000, -55.0000, -181.0000, 178, 102, 255
L 82.0000, -55.0000, -181.0000, 82.0000, -50.0000, -181.0000, 178, 102, 255
L 102.0000, -71.0000, -181.0000, 96.0000, -71.0000, -181.0000, 178, 102, 255
L 107.0000, -71.0000, -181.0000, 102.0000, -71.0000, -181.0000, 178, 102, 255
L 107.0000, -71.0000, -181.0000, 113.0000, -71.0000, -181.0000, 178, 102, 255
L 138.0000, -82.0000, -181.0000, 107.0000, -82.0000, -181.0000, 178, 102, 255
L 138.0000, -57.0000, -181.0000, 138.0000, -82.0000, -181.0000, 178, 102, 255
L 113.0000, -57.0000, -181.0000, 138.0000, -57.0000, -181.0000, 178, 102, 255
L 113.0000, -71.0000, -181.0000, 113.0000, -57.0000, -181.0000, 178, 102, 255
L 96.0000, -57.0000, -181.0000, 96.0000, -71.0000, -181.0000, 178, 102, 255
L 82.0000, -55.0000, -181.0000, 96.0000, -57.0000, -181.0000, 178, 102, 255
L 82.0000, -41.0000, -181.0000, 82.0000, -50.0000, -181.0000, 178, 102, 255
L 97.0000, -26.0000, -181.0000, 82.0000, -41.0000, -181.0000, 178, 102, 255
L 97.0000, -26.0000, -181.0000, 113.0000, -26.0000, -181.0000, 178, 102, 255
L 166.0000, -40.0000, -181.0000, 113.0000, -40.0000, -181.0000, 178, 102, 255
L 113.0000, -1.0000, -181.0000, 166.0000, -1.0000, -181.0000, 178, 102, 255
L 97.0000, -15.0000, -181.0000, 113.0000, -15.0000, -181.0000, 178, 102, 255
L 82.0000, 0.0000, -181.0000, 97.0000, -15.0000, -181.0000, 178, 102, 255
L 82.0000, 14.0000, -181.0000, 82.0000, 0.0000, -181.0000, 178, 102, 255
L 96.0000, 28.0000, -181.0000, 82.0000, 14.0000, -181.0000, 178, 102, 255
L 96.0000, 57.0000, -181.0000, 96.0000, 28.0000, -181.0000, 178, 102, 255
L 127.0000, 57.0000, -181.0000, 96.0000, 57.0000, -181.0000, 178, 102, 255
L 127.0000, 40.0000, -181.0000, 127.0000, 57.0000, -181.0000, 178, 102, 255
L 113.0000, 40.0000, -181.0000, 127.0000, 40.0000, -181.0000, 178, 102, 255
L 113.0000, 15.0000, -181.0000, 113.0000, 40.0000, -181.0000, 178, 102, 255
L 152.0000, 15.0000, -181.0000, 113.0000, 15.0000, -181.0000, 178, 102, 255
L 152.0000, 40.0000, -181.0000, 152.0000, 15.0000, -181.0000, 178, 102, 255
L 138.0000, 40.0000, -181.0000, 152.0000, 40.0000, -181.0000, 178, 102, 255
L 138.0000, 71.0000, -181.0000, 138.0000, 40.0000, -181.0000, 178, 102, 255
L 183.0000, 71.0000, -181.0000, 138.0000, 71.0000, -181.0000, 178, 102, 255
L 183.0000, 40.0000, -181.0000, 183.0000, 71.0000, -181.0000, 178, 102, 255
L 169.0000, 40.0000, -181.0000, 183.0000, 40.0000, -181.0000, 178, 102, 255
L 169.0000, 15.0000, -181.0000, 169.0000, 40.0000, -181.0000, 178, 102, 255
L 208.0000, 15.0000, -181.0000, 169.0000, 15.0000, -181.0000, 178, 102, 255
L 208.0000, 40.0000, -181.0000, 208.0000, 15.0000, -181.0000, 178, 102, 255
L 194.0000, 40.0000, -181.0000, 208.0000, 40.0000, -181.0000, 178, 102, 255
L 194.0000, 82.0000, -181.0000, 194.0000, 40.0000, -181.0000, 178, 102, 255
L 167.0000, 82.0000, -181.0000, 194.0000, 82.0000, -181.0000, 178, 102, 255
L 124.0000, 110.0000, -181.0000, 167.0000, 82.0000, -181.0000, 178, 102, 255
L 97.0000, 124.0000, -181.0000, 124.0000, 110.0000, -181.0000, 178, 102, 255
L 82.0000, 139.0000, -181.0000, 97.0000, 124.0000, -181.0000, 178, 102, 255
L 82.0000, 154.0000, -181.0000, 82.0000, 139.0000, -181.0000, 178, 102, 255
L 97.0000, 169.0000, -181.0000, 82.0000, 154.0000, -181.0000, 178, 102, 255
L 152.0000, 169.0000, -181.0000, 97.0000, 169.0000, -181.0000, 178, 102, 255
L 152.0000, 211.0000, -181.0000, 152.0000, 169.0000, -181.0000, 178, 102, 255
L 169.0000, 211.0000, -181.0000, 152.0000, 211.0000, -181.0000, 178, 102, 255
L 169.0000, 197.0000, -181.0000, 169.0000, 211.0000, -181.0000, 178, 102, 255
L 208.0000, 197.0000, -181.0000, 169.0000, 197.0000, -181.0000, 178, 102, 255
L 169.0000, 236.0000, -181.0000, 208.0000, 236.0000, -181.0000, 178, 102, 255
L 169.0000, 222.0000, -181.0000, 169.0000, 236.0000, -181.0000, 178, 102, 255
L 141.0000, 222.0000, -181.0000, 169.0000, 222.0000, -181.0000, 178, 102, 255
L 141.0000, 180.0000, -181.0000, 141.0000, 222.0000, -181.0000, 178, 102, 255
L 97.0000, 180.0000, -181.0000, 141.0000, 180.0000, -181.0000, 178, 102, 255
L 82.0000, 195.0000, -181.0000, 97.0000, 180.0000, -181.0000, 178, 102, 255
L 56.0000, 180.0000, -181.0000, 71.0000, 195.0000, -181.0000, 178, 102, 255
L 12.0000, 180.0000, -181.0000, 56.0000, 180.0000, -181.0000, 178, 102, 255
L 12.0000, 222.0000, -181.0000, 12.0000, 180.0000, -181.0000, 178, 102, 255
L -15.0000, 222.0000, -181.0000, 12.0000, 222.0000, -181.0000, 178, 102, 255
L -15.0000, 236.0000, -181.0000, -15.0000, 222.0000, -181.0000, 178, 102, 255
L -54.0000, 236.0000, -181.0000, -15.0000, 236.0000, -181.0000, 178, 102, 255
L -54.0000, 197.0000, -181.0000, -54.0000, 236.0000, -181.0000, 178, 102, 255
L -15.0000, 197.0000, -181.0000, -54.0000, 197.0000, -181.0000, 178, 102, 255
L -15.0000, 211.0000, -181.0000, -15.0000, 197.0000, -181.0000, 178, 102, 255
L 1.0000, 211.0000, -181.0000, -15.0000, 211.0000, -181.0000, 178, 102, 255
L 1.0000, 169.0000, -181.0000, 1.0000, 211.0000, -181.0000, 178, 102, 255
L 56.0000, 169.0000, -181.0000, 1.0000, 169.0000, -181.0000, 178, 102, 255
L 71.0000, 154.0000, -181.0000, 56.0000, 169.0000, -181.0000, 178, 102, 255
L 71.0000, 139.0000, -181.0000, 71.0000, 154.0000, -181.0000, 178, 102, 255
L 56.0000, 124.0000, -181.0000, 71.0000, 139.0000, -181.0000, 178, 102, 255
L 28.0000, 110.0000, -181.0000, 56.0000, 124.0000, -181.0000, 178, 102, 255
L -13.0000, 82.0000, -181.0000, 28.0000, 110.0000, -181.0000, 178, 102, 255
L -40.0000, 82.0000, -181.0000, -13.0000, 82.0000, -181.0000, 178, 102, 255
L -40.0000, 40.0000, -181.0000, -40.0000, 82.0000, -181.0000, 178, 102, 255
L -54.0000, 40.0000, -181.0000, -40.0000, 40.0000, -181.0000, 178, 102, 255
L -54.0000, 15.0000, -181.0000, -54.0000, 40.0000, -181.0000, 178, 102, 255
L -15.0000, 15.0000, -181.0000, -54.0000, 15.0000, -181.0000, 178, 102, 255
L -15.0000, 40.0000, -181.0000, -15.0000, 15.0000, -181.0000, 178, 102, 255
L -29.0000, 40.0000, -181.0000, -15.0000, 40.0000, -181.0000, 178, 102, 255
L -29.0000, 71.0000, -181.0000, -29.0000, 40.0000, -181.0000, 178, 102, 255
L 15.0000, 71.0000, -181.0000, -29.0000, 71.0000, -181.0000, 178, 102, 255
L 15.0000, 40.0000, -181.0000, 15.0000, 71.0000, -181.0000, 178, 102, 255
L 1.0000, 40.0000, -181.0000, 15.0000, 40.0000, -181.0000, 178, 102, 255
L 1.0000, 15.0000, -181.0000, 1.0000, 40.0000, -181.0000, 178, 102, 255
L 40.0000, 15.0000, -181.0000, 1.0000, 15.0000, -181.0000, 178, 102, 255
L 40.0000, 40.0000, -181.0000, 40.0000, 15.0000, -181.0000, 178, 102, 255
L 26.0000, 40.0000, -181.0000, 40.0000, 40.0000, -181.0000, 178, 102, 255
L 26.0000, 57.0000, -181.0000, 26.0000, 40.0000, -181.0000, 178, 102, 255
L 57.0000, 57.0000, -181.0000, 26.0000, 57.0000, -181.0000, 178, 102, 255
L 57.0000, 28.0000, -181.0000, 57.0000, 57.0000, -181.0000, 178, 102, 255
L 71.0000, 14.0000, -181.0000, 57.0000, 28.0000, -181.0000, 178, 102, 255
L 71.0000, 0.0000, -181.0000, 71.0000, 14.0000, -181.0000, 178, 102, 255
L 56.0000, -15.0000, -181.0000, 71.0000, 0.0000, -181.0000, 178, 102, 255
L 71.0000, -41.0000, -181.0000, 71.0000, -50.0000, -181.0000, 178, 102, 255
L 56.0000, -26.0000, -181.0000, 71.0000, -41.0000, -181.0000, 178, 102, 255
L 40.0000, -40.0000, -181.0000, 40.0000, -26.0000, -181.0000, 178, 102, 255
L 40.0000, -26.0000, -181.0000, 56.0000, -26.0000, -181.0000, 178, 102, 255
L 40.0000, -15.0000, -181.0000, 56.0000, -15.0000, -181.0000, 178, 102, 255
L 40.0000, -1.0000, -181.0000, 40.0000, -15.0000, -181.0000, 178, 102, 255
L -12.0000, -1.0000, -181.0000, 40.0000, -1.0000, -181.0000, 178, 102, 255
L -12.0000, -40.0000, -181.0000, -12.0000, -1.0000, -181.0000, 178, 102, 255
L 40.0000, -40.0000, -181.0000, -12.0000, -40.0000, -181.0000, 178, 102, 255
L 57.0000, -57.0000, -181.0000, 71.0000, -55.0000, -181.0000, 178, 102, 255
L 57.0000, -71.0000, -181.0000, 57.0000, -57.0000, -181.0000, 178, 102, 255
L 51.0000, -71.0000, -181.0000, 57.0000, -71.0000, -181.0000, 178, 102, 255
L 51.0000, -71.0000, -181.0000, 46.0000, -71.0000, -181.0000, 178, 102, 255
L 46.0000, -71.0000, -181.0000, 40.0000, -71.0000, -181.0000, 178, 102, 255
L 40.0000, -57.0000, -181.0000, 40.0000, -71.0000, -181.0000, 178, 102, 255
L 15.0000, -57.0000, -180.0000, 40.0000, -57.0000, -181.0000, 178, 102, 255
L 15.0000, -82.0000, -181.0000, 15.0000, -57.0000, -181.0000, 178, 102, 255
L 46.0000, -82.0000, -181.0000, 15.0000, -82.0000, -181.0000, 178, 102, 255
L 46.0000, -82.0000, -181.0000, 51.0000, -82.0000, -181.0000, 178, 102, 255
L 57.0000, -82.0000, -181.0000, 51.0000, -82.0000, -181.0000, 178, 102, 255
L 57.0000, -99.0000, -181.0000, 57.0000, -82.0000, -181.0000, 178, 102, 255
L 51.0000, -99.0000, -181.0000, 57.0000, -99.0000, -181.0000, 178, 102, 255
L 46.0000, -99.0000, -181.0000, 51.0000, -99.0000, -181.0000, 178, 102, 255
L 15.0000, -99.0000, -181.0000, 46.0000, -99.0000, -181.0000, 178, 102, 255
L 15.0000, -124.0000, -181.0000, 15.0000, -99.0000, -181.0000, 178, 102, 255
L 40.0000, -124.0000, -181.0000, 15.0000, -124.0000, -181.0000, 178, 102, 255
L 40.0000, -110.0000, -181.0000, 40.0000, -124.0000, -181.0000, 178, 102, 255
L 46.0000, -110.0000, -181.0000, 40.0000, -110.0000, -181.0000, 178, 102, 255
L 51.0000, -110.0000, -181.0000, 46.0000, -110.0000, -181.0000, 178, 102, 255
L 57.0000, -110.0000, -181.0000, 51.0000, -110.0000, -181.0000, 178, 102, 255
L 71.0000, -139.0000, -181.0000, 57.0000, -141.0000, -181.0000, 178, 102, 255
L 71.0000, -134.0000, -181.0000, 71.0000, -139.0000, -181.0000, 178, 102, 255
L 71.0000, -124.0000, -181.0000, 71.0000, -133.0000, -181.0000, 178, 102, 255
L 57.0000, -124.0000, -181.0000, 71.0000, -124.0000, -181.0000, 178, 102, 255
L 57.0000, -110.0000, -181.0000, 57.0000, -124.0000, -181.0000, 178, 102, 255
L 547.0000, -8.0000, -195.0000, 534.0000, -8.0000, -195.0000, 102, 0, 204
L 547.0000, -1.0000, -195.0000, 547.0000, -8.0000, -195.0000, 102, 0, 204
L 561.0000, -1.0000, -195.0000, 547.0000, -1.0000, -195.0000, 102, 0, 204
L 560.0000, -12.0000, -195.0000, 479.0000, -12.0000, -195.0000, 102, 0, 204
L 574.0000, -26.0000, -195.0000, 560.0000, -12.0000, -195.0000, 102, 0, 204
L 589.0000, -26.0000, -195.0000, 574.0000, -26.0000, -195.0000, 102, 0, 204
L 589.0000, -40.0000, -195.0000, 589.0000, -26.0000, -195.0000, 102, 0, 204
L 631.0000, -40.0000, -195.0000, 589.0000, -40.0000, -195.0000, 102, 0, 204
L 631.0000, -57.0000, -195.0000, 631.0000, -40.0000, -195.0000, 102, 0, 204
L 603.0000, -57.0000, -195.0000, 631.0000, -57.0000, -195.0000, 102, 0, 204
L 603.0000, -85.0000, -195.0000, 603.0000, -57.0000, -195.0000, 102, 0, 204
L 588.0000, -85.0000, -195.0000, 603.0000, -85.0000, -195.0000, 102, 0, 204
L 575.0000, -98.0000, -195.0000, 588.0000, -85.0000, -195.0000, 102, 0, 204
L 575.0000, -113.0000, -195.0000, 575.0000, -98.0000, -195.0000, 102, 0, 204
L 561.0000, -113.0000, -195.0000, 575.0000, -113.0000, -195.0000, 102, 0, 204
L 561.0000, -124.0000, -195.0000, 561.0000, -113.0000, -195.0000, 102, 0, 204
L 575.0000, -124.0000, -195.0000, 561.0000, -124.0000, -195.0000, 102, 0, 204
L 575.0000, -141.0000, -195.0000, 575.0000, -124.0000, -195.0000, 102, 0, 204
L 561.0000, -141.0000, -195.0000, 575.0000, -141.0000, -195.0000, 102, 0, 204
L 561.0000, -152.0000, -195.0000, 561.0000, -141.0000, -195.0000, 102, 0, 204
L 574.0000, -152.0000, -195.0000, 561.0000, -152.0000, -195.0000, 102, 0, 204
L 589.0000, -167.0000, -195.0000, 574.0000, -152.0000, -195.0000, 102, 0, 204
L 575.0000, -196.0000, -195.0000, 589.0000, -167.0000, -195.0000, 102, 0, 204
L 575.0000, -222.0000, -193.0000, 575.0000, -196.0000, -195.0000, 102, 0, 204
L 602.0000, -236.0000, -193.0000, 575.0000, -222.0000, -193.0000, 102, 0, 204
L 602.0000, -236.0000, -193.0000, 615.0000, -236.0000, -193.0000, 102, 0, 204
L 642.0000, -222.0000, -193.0000, 615.0000, -236.0000, -193.0000, 102, 0, 204
L 642.0000, -196.0000, -195.0000, 642.0000, -222.0000, -193.0000, 102, 0, 204
L 627.0000, -167.0000, -195.0000, 642.0000, -196.0000, -195.0000, 102, 0, 204
L 643.0000, -152.0000, -195.0000, 627.0000, -167.0000, -195.0000, 102, 0, 204
L 656.0000, -152.0000, -195.0000, 643.0000, -152.0000, -195.0000, 102, 0, 204
L 656.0000, -141.0000, -195.0000, 656.0000, -152.0000, -195.0000, 102, 0, 204
L 642.0000, -141.0000, -195.0000, 656.0000, -141.0000, -195.0000, 102, 0, 204
L 642.0000, -124.0000, -195.0000, 642.0000, -141.0000, -195.0000, 102, 0, 204
L 656.0000, -124.0000, -195.0000, 642.0000, -124.0000, -195.0000, 102, 0, 204
L 656.0000, -113.0000, -195.0000, 656.0000, -124.0000, -195.0000, 102, 0, 204
L 642.0000, -113.0000, -195.0000, 656.0000, -113.0000, -195.0000, 102, 0, 204
L 642.0000, -98.0000, -195.0000, 642.0000, -113.0000, -195.0000, 102, 0, 204
L 629.0000, -85.0000, -195.0000, 642.0000, -98.0000, -195.0000, 102, 0, 204
L 614.0000, -85.0000, -195.0000, 629.0000, -85.0000, -195.0000, 102, 0, 204
L 614.0000, -68.0000, -195.0000, 614.0000, -85.0000, -195.0000, 102, 0, 204
L 685.0000, -82.0000, -195.0000, 672.0000, -82.0000, -195.0000, 102, 0, 204
L 698.0000, -69.0000, -195.0000, 685.0000, -82.0000, -195.0000, 102, 0, 204
L 658.0000, -68.0000, -195.0000, 614.0000, -68.0000, -195.0000, 102, 0, 204
L 672.0000, -82.0000, -195.0000, 658.0000, -68.0000, -195.0000, 102, 0, 204
L 698.0000, -56.0000, -195.0000, 698.0000, -69.0000, -195.0000, 102, 0, 204
L 743.0000, 29.0000, -97.0000, 743.0000, 19.0000, -97.0000, 178, 102, 255
L 729.0000, 29.0000, -97.0000, 743.0000, 29.0000, -97.0000, 178, 102, 255
L 768.0000, 29.0000, -97.0000, 754.0000, 29.0000, -97.0000, 178, 102, 255
L 768.0000, 68.0000, -97.0000, 768.0000, 29.0000, -97.0000, 178, 102, 255
L 729.0000, 68.0000, -97.0000, 768.0000, 68.0000, -97.0000, 178, 102, 255
L 729.0000, 29.0000, -97.0000, 729.0000, 68.0000, -97.0000, 178, 102, 255
L 376.0000, -127.0000, -181.0000, 376.0000, -113.0000, -181.0000, 178, 102, 255
L 389.0000, -127.0000, -181.0000, 384.0000, -127.0000, -181.0000, 178, 102, 255
L 389.0000, -127.0000, -181.0000, 407.0000, -127.0000, -181.0000, 178, 102, 255
L 384.0000, -127.0000, -181.0000, 376.0000, -127.0000, -181.0000, 178, 102, 255
L 376.0000, -113.0000, -181.0000, 337.0000, -113.0000, -181.0000, 178, 102, 255
L 337.0000, -152.0000, -181.0000, 337.0000, -113.0000, -181.0000, 178, 102, 255
L 353.0000, -152.0000, -181.0000, 337.0000, -152.0000, -181.0000, 178, 102, 255
L 376.0000, -152.0000, -181.0000, 360.0000, -152.0000, -181.0000, 178, 102, 255
L 376.0000, -138.0000, -181.0000, 376.0000, -152.0000, -181.0000, 178, 102, 255
L 384.0000, -138.0000, -181.0000, 376.0000, -138.0000, -181.0000, 178, 102, 255
L 384.0000, -138.0000, -181.0000, 389.0000, -138.0000, -181.0000, 178, 102, 255
L 393.0000, -83.0000, -181.0000, 393.0000, -40.0000, -181.0000, 178, 102, 255
L 407.0000, -97.0000, -181.0000, 393.0000, -83.0000, -181.0000, 178, 102, 255
L 407.0000, -127.0000, -181.0000, 407.0000, -97.0000, -181.0000, 178, 102, 255
L 407.0000, -138.0000, -181.0000, 389.0000, -138.0000, -181.0000, 178, 102, 255
L 407.0000, -156.0000, -181.0000, 407.0000, -138.0000, -181.0000, 178, 102, 255
L 432.0000, -156.0000, -181.0000, 407.0000, -156.0000, -181.0000, 178, 102, 255
L 432.0000, -138.0000, -181.0000, 432.0000, -156.0000, -181.0000, 178, 102, 255
L 446.0000, -138.0000, -181.0000, 432.0000, -138.0000, -181.0000, 178, 102, 255
L 446.0000, -127.0000, -181.0000, 446.0000, -138.0000, -181.0000, 178, 102, 255
L 432.0000, -127.0000, -181.0000, 446.0000, -127.0000, -181.0000, 178, 102, 255
L 432.0000, -97.0000, -181.0000, 432.0000, -127.0000, -181.0000, 178, 102, 255
L 446.0000, -83.0000, -181.0000, 432.0000, -97.0000, -181.0000, 178, 102, 255
L 446.0000, -40.0000, -181.0000, 446.0000, -83.0000, -181.0000, 178, 102, 255
L 461.0000, -40.0000, -181.0000, 446.0000, -40.0000, -181.0000, 178, 102, 255
L 474.0000, -27.0000, -181.0000, 461.0000, -40.0000, -181.0000, 178, 102, 255
L 474.0000, 13.0000, -181.0000, 474.0000, -27.0000, -181.0000, 178, 102, 255
L 461.0000, 26.0000, -181.0000, 474.0000, 13.0000, -181.0000, 178, 102, 255
L 378.0000, 26.0000, -181.0000, 461.0000, 26.0000, -181.0000, 178, 102, 255
L 365.0000, 0.0000, -181.0000, 378.0000, 26.0000, -181.0000, 178, 102, 255
L 365.0000, -27.0000, -181.0000, 365.0000, 0.0000, -181.0000, 178, 102, 255
L 378.0000, -40.0000, -181.0000, 365.0000, -27.0000, -181.0000, 178, 102, 255
L 390.0000, -16.0000, -196.0000, 393.0000, -40.0000, -195.0000, 102, 0, 204
L 430.0000, -16.0000, -196.0000, 421.0000, -40.0000, -195.0000, 102, 0, 204
L 461.0000, -40.0000, -195.0000, 421.0000, -40.0000, -195.0000, 102, 0, 204
L 474.0000, -27.0000, -195.0000, 461.0000, -40.0000, -195.0000, 102, 0, 204
L 365.0000, -27.0000, -195.0000, 378.0000, -40.0000, -195.0000, 102, 0, 204
L 365.0000, 0.0000, -195.0000, 365.0000, -27.0000, -195.0000, 102, 0, 204
L 378.0000, 26.0000, -195.0000, 365.0000, 0.0000, -195.0000, 102, 0, 204
L 461.0000, 26.0000, -195.0000, 378.0000, 26.0000, -195.0000, 102, 0, 204
L 474.0000, 13.0000, -195.0000, 461.0000, 26.0000, -195.0000, 102, 0, 204
L 474.0000, -3.0000, -195.0000, 474.0000, 13.0000, -195.0000, 102, 0, 204
L 479.0000, -1.0000, -195.0000, 474.0000, -3.0000, -195.0000, 102, 0, 204
L 534.0000, -1.0000, -195.0000, 479.0000, -1.0000, -195.0000, 102, 0, 204
L 474.0000, -10.0000, -195.0000, 479.0000, -12.0000, -195.0000, 102, 0, 204
L 474.0000, -10.0000, -195.0000, 474.0000, -27.0000, -195.0000, 102, 0, 204
L 534.0000, -1.0000, -195.0000, 534.0000, -8.0000, -195.0000, 102, 0, 204
L 687.0000, 103.0000, -195.0000, 687.0000, 96.0000, -195.0000, 102, 0, 204
L 658.0000, 96.0000, -195.0000, 687.0000, 96.0000, -195.0000, 102, 0, 204
L 645.0000, 83.0000, -195.0000, 658.0000, 96.0000, -195.0000, 102, 0, 204
L 645.0000, 56.0000, -195.0000, 645.0000, 83.0000, -195.0000, 102, 0, 204
L 658.0000, 43.0000, -195.0000, 645.0000, 56.0000, -195.0000, 102, 0, 204
L 699.0000, 43.0000, -195.0000, 658.0000, 43.0000, -195.0000, 102, 0, 204
L 712.0000, 56.0000, -195.0000, 699.0000, 43.0000, -195.0000, 102, 0, 204
L 712.0000, 83.0000, -195.0000, 712.0000, 56.0000, -195.0000, 102, 0, 204
L 698.0000, 98.0000, -195.0000, 712.0000, 83.0000, -195.0000, 102, 0, 204
L 698.0000, 98.0000, -195.0000, 698.0000, 103.0000, -195.0000, 102, 0, 204
L 561.0000, 15.0000, -195.0000, 561.0000, -1.0000, -195.0000, 102, 0, 204
L 547.0000, 15.0000, -195.0000, 561.0000, 15.0000, -195.0000, 102, 0, 204
L 547.0000, 26.0000, -195.0000, 547.0000, 15.0000, -195.0000, 102, 0, 204
L 560.0000, 26.0000, -195.0000, 547.0000, 26.0000, -195.0000, 102, 0, 204
L 574.0000, 40.0000, -195.0000, 560.0000, 26.0000, -195.0000, 102, 0, 204
L 589.0000, 40.0000, -195.0000, 574.0000, 40.0000, -195.0000, 102, 0, 204
L 589.0000, 54.0000, -195.0000, 589.0000, 40.0000, -195.0000, 102, 0, 204
L 628.0000, 54.0000, -195.0000, 589.0000, 54.0000, -195.0000, 102, 0, 204
L 628.0000, 12.0000, -195.0000, 628.0000, 54.0000, -195.0000, 102, 0, 204
L 672.0000, 12.0000, -195.0000, 628.0000, 12.0000, -195.0000, 102, 0, 204
L 686.0000, 26.0000, -195.0000, 672.0000, 12.0000, -195.0000, 102, 0, 204
L 699.0000, 26.0000, -195.0000, 686.0000, 26.0000, -195.0000, 102, 0, 204
L 713.0000, 12.0000, -195.0000, 699.0000, 26.0000, -195.0000, 102, 0, 204
L 722.0000, 12.0000, -195.0000, 713.0000, 12.0000, -195.0000, 102, 0, 204
L 727.0000, 12.0000, -195.0000, 722.0000, 12.0000, -195.0000, 102, 0, 204
L 754.0000, -19.0000, -195.0000, 754.0000, -14.0000, -195.0000, 102, 0, 204
L 770.0000, 1.0000, -195.0000, 754.0000, -14.0000, -195.0000, 102, 0, 204
L 775.0000, 1.0000, -195.0000, 770.0000, 1.0000, -195.0000, 102, 0, 204
L 754.0000, -19.0000, -195.0000, 754.0000, -28.0000, -195.0000, 102, 0, 204
L 769.0000, -43.0000, -195.0000, 754.0000, -28.0000, -195.0000, 102, 0, 204
L 799.0000, -43.0000, -195.0000, 769.0000, -43.0000, -195.0000, 102, 0, 204
L 799.0000, -13.0000, -195.0000, 799.0000, -43.0000, -195.0000, 102, 0, 204
L 784.0000, 1.0000, -195.0000, 799.0000, -13.0000, -195.0000, 102, 0, 204
L 775.0000, 1.0000, -195.0000, 784.0000, 1.0000, -195.0000, 102, 0, 204
L 743.0000, 28.0000, -195.0000, 727.0000, 12.0000, -195.0000, 102, 0, 204
L 743.0000, 33.0000, -195.0000, 743.0000, 28.0000, -195.0000, 102, 0, 204
L 743.0000, 42.0000, -195.0000, 743.0000, 33.0000, -195.0000, 102, 0, 204
L 729.0000, 56.0000, -195.0000, 743.0000, 42.0000, -195.0000, 102, 0, 204
L 729.0000, 69.0000, -195.0000, 729.0000, 56.0000, -195.0000, 102, 0, 204
L 743.0000, 83.0000, -195.0000, 729.0000, 69.0000, -195.0000, 102, 0, 204
L 743.0000, 113.0000, -195.0000, 743.0000, 83.0000, -195.0000, 102, 0, 204
L 698.0000, 113.0000, -195.0000, 743.0000, 113.0000, -195.0000, 102, 0, 204
L 698.0000, 103.0000, -195.0000, 698.0000, 113.0000, -195.0000, 102, 0, 204
L 687.0000, 124.0000, -195.0000, 687.0000, 103.0000, -195.0000, 102, 0, 204
L 754.0000, 124.0000, -195.0000, 687.0000, 124.0000, -195.0000, 102, 0, 204
L 754.0000, 83.0000, -195.0000, 754.0000, 124.0000, -195.0000, 102, 0, 204
L 768.0000, 69.0000, -195.0000, 754.0000, 83.0000, -195.0000, 102, 0, 204
L 768.0000, 56.0000, -195.0000, 768.0000, 69.0000, -195.0000, 102, 0, 204
L 754.0000, 42.0000, -195.0000, 768.0000, 56.0000, -195.0000, 102, 0, 204
L 754.0000, 33.0000, -195.0000, 754.0000, 42.0000, -195.0000, 102, 0, 204
L 754.0000, 28.0000, -195.0000, 754.0000, 33.0000, -195.0000, 102, 0, 204
L 770.0000, 12.0000, -195.0000, 754.0000, 28.0000, -195.0000, 102, 0, 204
L 775.0000, 12.0000, -195.0000, 770.0000, 12.0000, -195.0000, 102, 0, 204
L 784.0000, 12.0000, -195.0000, 775.0000, 12.0000, -195.0000, 102, 0, 204
L 798.0000, 26.0000, -195.0000, 784.0000, 12.0000, -195.0000, 102, 0, 204
L 811.0000, 26.0000, -195.0000, 798.0000, 26.0000, -195.0000, 102, 0, 204
L 824.0000, 13.0000, -195.0000, 811.0000, 26.0000, -195.0000, 102, 0, 204
L 824.0000, 0.0000, -195.0000, 824.0000, 13.0000, -195.0000, 102, 0, 204
L 810.0000, -13.0000, -195.0000, 824.0000, 0.0000, -195.0000, 102, 0, 204
L 810.0000, -54.0000, -195.0000, 810.0000, -13.0000, -195.0000, 102, 0, 204
L 769.0000, -54.0000, -195.0000, 810.0000, -54.0000, -195.0000, 102, 0, 204
L 755.0000, -68.0000, -195.0000, 769.0000, -54.0000, -195.0000, 102, 0, 204
L 742.0000, -68.0000, -195.0000, 755.0000, -68.0000, -195.0000, 102, 0, 204
L 729.0000, -55.0000, -195.0000, 742.0000, -68.0000, -195.0000, 102, 0, 204
L 729.0000, -42.0000, -195.0000, 729.0000, -55.0000, -195.0000, 102, 0, 204
L 743.0000, -28.0000, -195.0000, 729.0000, -42.0000, -195.0000, 102, 0, 204
L 743.0000, -19.0000, -195.0000, 743.0000, -28.0000, -195.0000, 102, 0, 204
L 743.0000, -14.0000, -195.0000, 743.0000, -19.0000, -195.0000, 102, 0, 204
L 727.0000, 1.0000, -195.0000, 743.0000, -14.0000, -195.0000, 102, 0, 204
L 722.0000, 1.0000, -195.0000, 727.0000, 1.0000, -195.0000, 102, 0, 204
L 713.0000, 1.0000, -195.0000, 722.0000, 1.0000, -195.0000, 102, 0, 204
L 699.0000, -12.0000, -195.0000, 713.0000, 1.0000, -195.0000, 102, 0, 204
L 686.0000, -12.0000, -195.0000, 699.0000, -12.0000, -195.0000, 102, 0, 204
L 672.0000, 1.0000, -195.0000, 686.0000, -12.0000, -195.0000, 102, 0, 204
L 617.0000, 1.0000, -195.0000, 672.0000, 1.0000, -195.0000, 102, 0, 204
L 617.0000, 43.0000, -195.0000, 617.0000, 1.0000, -195.0000, 102, 0, 204
L 600.0000, 43.0000, -195.0000, 617.0000, 43.0000, -195.0000, 102, 0, 204
L 600.0000, -29.0000, -195.0000, 600.0000, 43.0000, -195.0000, 102, 0, 204
L 642.0000, -29.0000, -195.0000, 600.0000, -29.0000, -195.0000, 102, 0, 204
L 642.0000, -57.0000, -195.0000, 642.0000, -29.0000, -195.0000, 102, 0, 204
L 658.0000, -57.0000, -195.0000, 642.0000, -57.0000, -195.0000, 102, 0, 204
L 672.0000, -43.0000, -195.0000, 658.0000, -57.0000, -195.0000, 102, 0, 204
L 685.0000, -43.0000, -195.0000, 672.0000, -43.0000, -195.0000, 102, 0, 204
L 698.0000, -56.0000, -195.0000, 685.0000, -43.0000, -195.0000, 102, 0, 204
L 754.0000, 19.0000, -97.0000, 754.0000, 12.0000, -97.0000, 178, 102, 255
L 754.0000, 19.0000, -97.0000, 754.0000, 29.0000, -97.0000, 178, 102, 255
L 953.0000, -141.0000, -83.0000, 953.0000, -169.0000, -83.0000, 204, 0, 204
L 964.0000, -141.0000, -83.0000, 953.0000, -141.0000, -83.0000, 204, 0, 204
L 964.0000, -155.0000, -83.0000, 964.0000, -141.0000, -83.0000, 204, 0, 204
L 978.0000, -155.0000, -83.0000, 964.0000, -155.0000, -83.0000, 204, 0, 204
L 978.0000, -183.0000, -83.0000, 978.0000, -155.0000, -83.0000, 204, 0, 204
L 995.0000, -183.0000, -83.0000, 978.0000, -183.0000, -83.0000, 204, 0, 204
L 995.0000, -153.0000, -83.0000, 995.0000, -183.0000, -83.0000, 204, 0, 204
L 981.0000, -139.0000, -83.0000, 995.0000, -153.0000, -83.0000, 204, 0, 204
L 981.0000, -127.0000, -83.0000, 981.0000, -139.0000, -83.0000, 204, 0, 204
L 995.0000, -127.0000, -83.0000, 981.0000, -127.0000, -83.0000, 204, 0, 204
L 995.0000, -112.0000, -83.0000, 995.0000, -127.0000, -83.0000, 204, 0, 204
L 1008.0000, -99.0000, -83.0000, 995.0000, -112.0000, -83.0000, 204, 0, 204
L 1020.0000, -99.0000, -83.0000, 1008.0000, -99.0000, -83.0000, 204, 0, 204
L 1034.0000, -112.0000, -83.0000, 1020.0000, -99.0000, -83.0000, 204, 0, 204
L 1034.0000, -125.0000, -83.0000, 1034.0000, -112.0000, -83.0000, 204, 0, 204
L 1020.0000, -138.0000, -83.0000, 1034.0000, -125.0000, -83.0000, 204, 0, 204
L 1006.0000, -138.0000, -83.0000, 1020.0000, -138.0000, -83.0000, 204, 0, 204
L 1006.0000, -208.0000, -83.0000, 1006.0000, -138.0000, -83.0000, 204, 0, 204
L 992.0000, -208.0000, -83.0000, 1006.0000, -208.0000, -83.0000, 204, 0, 204
L 992.0000, -222.0000, -83.0000, 992.0000, -208.0000, -83.0000, 204, 0, 204
L 967.0000, -222.0000, -83.0000, 992.0000, -222.0000, -83.0000, 204, 0, 204
L 967.0000, -194.0000, -83.0000, 967.0000, -222.0000, -83.0000, 204, 0, 204
L 953.0000, -194.0000, -83.0000, 967.0000, -194.0000, -83.0000, 204, 0, 204
L 953.0000, -180.0000, -83.0000, 953.0000, -194.0000, -83.0000, 204, 0, 204
L 943.0000, -180.0000, -83.0000, 953.0000, -180.0000, -83.0000, 204, 0, 204
L 938.0000, -180.0000, -83.0000, 943.0000, -180.0000, -83.0000, 204, 0, 204
L 923.0000, -180.0000, -83.0000, 938.0000, -180.0000, -83.0000, 204, 0, 204
L 918.0000, -180.0000, -83.0000, 923.0000, -180.0000, -83.0000, 204, 0, 204
L 908.0000, -180.0000, -83.0000, 918.0000, -180.0000, -83.0000, 204, 0, 204
L 908.0000, -197.0000, -83.0000, 908.0000, -180.0000, -83.0000, 204, 0, 204
L 922.0000, -197.0000, -83.0000, 908.0000, -197.0000, -83.0000, 204, 0, 204
L 922.0000, -211.0000, -83.0000, 922.0000, -197.0000, -83.0000, 204, 0, 204
L 938.0000, -211.0000, -83.0000, 922.0000, -211.0000, -83.0000, 204, 0, 204
L 938.0000, -222.0000, -83.0000, 938.0000, -211.0000, -83.0000, 204, 0, 204
L 922.0000, -222.0000, -83.0000, 938.0000, -222.0000, -83.0000, 204, 0, 204
L 922.0000, -228.0000, -83.0000, 922.0000, -222.0000, -83.0000, 204, 0, 204
L 922.0000, -233.0000, -83.0000, 922.0000, -228.0000, -83.0000, 204, 0, 204
L 922.0000, -239.0000, -83.0000, 922.0000, -233.0000, -83.0000, 204, 0, 204
L 936.0000, -239.0000, -83.0000, 922.0000, -239.0000, -83.0000, 204, 0, 204
L 936.0000, -278.0000, -83.0000, 936.0000, -239.0000, -83.0000, 204, 0, 204
L 897.0000, -239.0000, -83.0000, 897.0000, -253.0000, -83.0000, 204, 0, 204
L 897.0000, -278.0000, -83.0000, 936.0000, -278.0000, -83.0000, 204, 0, 204
L 897.0000, -264.0000, -83.0000, 897.0000, -278.0000, -83.0000, 204, 0, 204
L 883.0000, -264.0000, -83.0000, 897.0000, -264.0000, -83.0000, 204, 0, 204
L 883.0000, -253.0000, -83.0000, 883.0000, -264.0000, -83.0000, 204, 0, 204
L 897.0000, -253.0000, -83.0000, 883.0000, -253.0000, -83.0000, 204, 0, 204
L 911.0000, -239.0000, -83.0000, 897.0000, -239.0000, -83.0000, 204, 0, 204
L 911.0000, -233.0000, -83.0000, 911.0000, -239.0000, -83.0000, 204, 0, 204
L 911.0000, -228.0000, -83.0000, 911.0000, -233.0000, -83.0000, 204, 0, 204
L 911.0000, -208.0000, -83.0000, 911.0000, -228.0000, -83.0000, 204, 0, 204
L 897.0000, -208.0000, -83.0000, 911.0000, -208.0000, -83.0000, 204, 0, 204
L 897.0000, -194.0000, -83.0000, 897.0000, -208.0000, -83.0000, 204, 0, 204
L 881.0000, -194.0000, -83.0000, 897.0000, -194.0000, -83.0000, 204, 0, 204
L 881.0000, -183.0000, -83.0000, 881.0000, -194.0000, -83.0000, 204, 0, 204
L 897.0000, -183.0000, -83.0000, 881.0000, -183.0000, -83.0000, 204, 0, 204
L 897.0000, -169.0000, -83.0000, 897.0000, -183.0000, -83.0000, 204, 0, 204
L 943.0000, -169.0000, -83.0000, 953.0000, -169.0000, -83.0000, 204, 0, 204
L 943.0000, -169.0000, -83.0000, 936.0000, -169.0000, -83.0000, 204, 0, 204
L 936.0000, -141.0000, -83.0000, 936.0000, -169.0000, -83.0000, 204, 0, 204
L 922.0000, -141.0000, -83.0000, 936.0000, -141.0000, -83.0000, 204, 0, 204
L 918.0000, -169.0000, -83.0000, 897.0000, -169.0000, -83.0000, 204, 0, 204
L 925.0000, -169.0000, -83.0000, 918.0000, -169.0000, -83.0000, 204, 0, 204
L 925.0000, -152.0000, -83.0000, 925.0000, -169.0000, -83.0000, 204, 0, 204
L 880.0000, -152.0000, -83.0000, 925.0000, -152.0000, -83.0000, 204, 0, 204
L 880.0000, -166.0000, -83.0000, 880.0000, -152.0000, -83.0000, 204, 0, 204
L 852.0000, -166.0000, -83.0000, 880.0000, -166.0000, -83.0000, 204, 0, 204
L 852.0000, -194.0000, -83.0000, 852.0000, -166.0000, -83.0000, 204, 0, 204
L 825.0000, -194.0000, -83.0000, 852.0000, -194.0000, -83.0000, 204, 0, 204
L 811.0000, -208.0000, -83.0000, 825.0000, -194.0000, -83.0000, 204, 0, 204
L 784.0000, -208.0000, -83.0000, 811.0000, -208.0000, -83.0000, 204, 0, 204
L 770.0000, -194.0000, -83.0000, 784.0000, -208.0000, -83.0000, 204, 0, 204
L 755.0000, -194.0000, -83.0000, 770.0000, -194.0000, -83.0000, 204, 0, 204
L 740.0000, -209.0000, -83.0000, 755.0000, -194.0000, -83.0000, 204, 0, 204
L 740.0000, -225.0000, -83.0000, 740.0000, -209.0000, -83.0000, 204, 0, 204
L 754.0000, -225.0000, -83.0000, 740.0000, -225.0000, -83.0000, 204, 0, 204
L 754.0000, -236.0000, -83.0000, 754.0000, -225.0000, -83.0000, 204, 0, 204
L 740.0000, -236.0000, -83.0000, 754.0000, -236.0000, -83.0000, 204, 0, 204
L 729.0000, -298.0000, -83.0000, 740.0000, -298.0000, -83.0000, 199, 21, 133
L 715.0000, -267.0000, -83.0000, 715.0000, -279.0000, -83.0000, 204, 0, 204
L 729.0000, -267.0000, -83.0000, 715.0000, -267.0000, -83.0000, 204, 0, 204
L 729.0000, -236.0000, -83.0000, 729.0000, -267.0000, -83.0000, 204, 0, 204
L 715.0000, -236.0000, -83.0000, 729.0000, -236.0000, -83.0000, 204, 0, 204
L 715.0000, -225.0000, -83.0000, 715.0000, -236.0000, -83.0000, 204, 0, 204
L 729.0000, -225.0000, -83.0000, 715.0000, -225.0000, -83.0000, 204, 0, 204
L 729.0000, -209.0000, -83.0000, 729.0000, -225.0000, -83.0000, 204, 0, 204
L 714.0000, -194.0000, -83.0000, 729.0000, -209.0000, -83.0000, 204, 0, 204
L 691.0000, -194.0000, -83.0000, 714.0000, -194.0000, -83.0000, 204, 0, 204
L 693.0000, -183.0000, -83.0000, 691.0000, -194.0000, -83.0000, 204, 0, 204
L 714.0000, -183.0000, -83.0000, 693.0000, -183.0000, -83.0000, 204, 0, 204
L 729.0000, -168.0000, -83.0000, 714.0000, -183.0000, -83.0000, 204, 0, 204
L 729.0000, -155.0000, -83.0000, 729.0000, -168.0000, -83.0000, 204, 0, 204
L 740.0000, -155.0000, -83.0000, 729.0000, -155.0000, -83.0000, 204, 0, 204
L 740.0000, -168.0000, -83.0000, 740.0000, -155.0000, -83.0000, 204, 0, 204
L 755.0000, -183.0000, -83.0000, 740.0000, -168.0000, -83.0000, 204, 0, 204
L 770.0000, -183.0000, -83.0000, 755.0000, -183.0000, -83.0000, 204, 0, 204
L 784.0000, -169.0000, -83.0000, 770.0000, -183.0000, -83.0000, 204, 0, 204
L 811.0000, -169.0000, -83.0000, 784.0000, -169.0000, -83.0000, 204, 0, 204
L 824.0000, -183.0000, -83.0000, 811.0000, -169.0000, -83.0000, 204, 0, 204
L 841.0000, -183.0000, -83.0000, 824.0000, -183.0000, -83.0000, 204, 0, 204
L 841.0000, -155.0000, -83.0000, 841.0000, -183.0000, -83.0000, 204, 0, 204
L 869.0000, -155.0000, -83.0000, 841.0000, -155.0000, -83.0000, 204, 0, 204
L 869.0000, -141.0000, -83.0000, 869.0000, -155.0000, -83.0000, 204, 0, 204
L 911.0000, -141.0000, -83.0000, 869.0000, -141.0000, -83.0000, 204, 0, 204
L 701.0000, 19.0000, -83.0000, 694.0000, -20.0000, -83.0000, 204, 0, 204
L 796.0000, -124.0000, -83.0000, 796.0000, -138.0000, -83.0000, 204, 0, 204
L 811.0000, -124.0000, -83.0000, 796.0000, -124.0000, -83.0000, 204, 0, 204
L 769.0000, 26.0000, -83.0000, 796.0000, 19.0000, -83.0000, 204, 0, 204
L 727.0000, 26.0000, -83.0000, 769.0000, 26.0000, -83.0000, 204, 0, 204
L 701.0000, 19.0000, -83.0000, 727.0000, 26.0000, -83.0000, 204, 0, 204
L 701.0000, -31.0000, -83.0000, 694.0000, -20.0000, -83.0000, 204, 0, 204
L 701.0000, -71.0000, -83.0000, 701.0000, -31.0000, -83.0000, 204, 0, 204
L 686.0000, -71.0000, -83.0000, 701.0000, -71.0000, -83.0000, 204, 0, 204
L 673.0000, -84.0000, -83.0000, 686.0000, -71.0000, -83.0000, 204, 0, 204
L 673.0000, -111.0000, -83.0000, 673.0000, -84.0000, -83.0000, 204, 0, 204
L 686.0000, -124.0000, -83.0000, 673.0000, -111.0000, -83.0000, 204, 0, 204
L 701.0000, -124.0000, -83.0000, 686.0000, -124.0000, -83.0000, 204, 0, 204
L 701.0000, -138.0000, -83.0000, 701.0000, -124.0000, -83.0000, 204, 0, 204
L 796.0000, -138.0000, -83.0000, 701.0000, -138.0000, -83.0000, 204, 0, 204
L 701.0000, -127.0000, 0.0000, 684.0000, -127.0000, 0.0000, 255, 102, 255
L 701.0000, -68.0000, 0.0000, 701.0000, -127.0000, 0.0000, 255, 102, 255
L 684.0000, -68.0000, 0.0000, 701.0000, -68.0000, 0.0000, 255, 102, 255
L 684.0000, -127.0000, 0.0000, 684.0000, -68.0000, 0.0000, 255, 102, 255
L 642.0000, -83.0000, 14.0000, 642.0000, -112.0000, 14.0000, 0, 0, 0
L 589.0000, -57.0000, 14.0000, 574.0000, -57.0000, 14.0000, 0, 0, 0
L 589.0000, -43.0000, 14.0000, 589.0000, -57.0000, 14.0000, 0, 0, 0
L 600.0000, -43.0000, 14.0000, 589.0000, -43.0000, 14.0000, 0, 0, 0
L 600.0000, -57.0000, 14.0000, 600.0000, -43.0000, 14.0000, 0, 0, 0
L 617.0000, -57.0000, 14.0000, 600.0000, -57.0000, 14.0000, 0, 0, 0
L 617.0000, -43.0000, 14.0000, 617.0000, -57.0000, 14.0000, 0, 0, 0
L 628.0000, -43.0000, 14.0000, 617.0000, -43.0000, 14.0000, 0, 0, 0
L 628.0000, -57.0000, 14.0000, 628.0000, -43.0000, 14.0000, 0, 0, 0
L 643.0000, -57.0000, 14.0000, 628.0000, -57.0000, 14.0000, 0, 0, 0
L 655.0000, -69.0000, 14.0000, 643.0000, -57.0000, 14.0000, 0, 0, 0
L 642.0000, -83.0000, 14.0000, 655.0000, -69.0000, 14.0000, 0, 0, 0
L 461.0000, -171.0000, 0.0000, 399.0000, -138.0000, 0.0000, 0, 0, 0
L 470.0000, -158.0000, 0.0000, 461.0000, -171.0000, 0.0000, 0, 0, 0
L 470.0000, -158.0000, 0.0000, 481.0000, -160.0000, 0.0000, 0, 0, 0
L 488.0000, -138.0000, 0.0000, 495.0000, -138.0000, 0.0000, 0, 0, 0
L 488.0000, -138.0000, 0.0000, 481.0000, -160.0000, 0.0000, 0, 0, 0
L 392.0000, -124.0000, 0.0000, 399.0000, -138.0000, 0.0000, 0, 0, 0
L 365.0000, -110.0000, 0.0000, 370.0000, -124.0000, 0.0000, 0, 0, 0
L 392.0000, -124.0000, 0.0000, 370.0000, -124.0000, 0.0000, 0, 0, 0
L 308.0000, -110.0000, 0.0000, 365.0000, -110.0000, 0.0000, 0, 0, 0
L 295.0000, -97.0000, 0.0000, 308.0000, -110.0000, 0.0000, 0, 0, 0
L 295.0000, -40.0000, 0.0000, 295.0000, -97.0000, 0.0000, 0, 0, 0
L 264.0000, -40.0000, 0.0000, 295.0000, -40.0000, 0.0000, 0, 0, 0
L 250.0000, -69.0000, 0.0000, 264.0000, -40.0000, 0.0000, 0, 0, 0
L 250.0000, -112.0000, 0.0000, 250.0000, -69.0000, 0.0000, 0, 0, 0
L 265.0000, -142.0000, 0.0000, 250.0000, -112.0000, 0.0000, 0, 0, 0
L 276.0000, -131.0000, 0.0000, 265.0000, -142.0000, 0.0000, 0, 0, 0
L 284.0000, -138.0000, 0.0000, 276.0000, -131.0000, 0.0000, 0, 0, 0
L 302.0000, -141.0000, 0.0000, 284.0000, -138.0000, 0.0000, 0, 0, 0
L 322.0000, -151.0000, 0.0000, 302.0000, -141.0000, 0.0000, 0, 0, 0
L 350.0000, -140.0000, 0.0000, 322.0000, -151.0000, 0.0000, 0, 0, 0
L 362.0000, -141.0000, 0.0000, 362.0000, -153.0000, 0.0000, 0, 0, 0
L 348.0000, -166.0000, 0.0000, 362.0000, -153.0000, 0.0000, 0, 0, 0
L 319.0000, -181.0000, 0.0000, 348.0000, -166.0000, 0.0000, 0, 0, 0
L 335.0000, -197.0000, 0.0000, 319.0000, -181.0000, 0.0000, 0, 0, 0
L 363.0000, -183.0000, 0.0000, 335.0000, -197.0000, 0.0000, 0, 0, 0
L 389.0000, -196.0000, 0.0000, 363.0000, -183.0000, 0.0000, 0, 0, 0
L 375.0000, -224.0000, 0.0000, 389.0000, -196.0000, 0.0000, 0, 0, 0
L 393.0000, -241.0000, 0.0000, 375.0000, -224.0000, 0.0000, 0, 0, 0
L 393.0000, -224.0000, 0.0000, 393.0000, -241.0000, 0.0000, 0, 0, 0
L 420.0000, -197.0000, 0.0000, 393.0000, -224.0000, 0.0000, 0, 0, 0
L 447.0000, -211.0000, 0.0000, 420.0000, -197.0000, 0.0000, 0, 0, 0
L 475.0000, -198.0000, 0.0000, 447.0000, -211.0000, 0.0000, 0, 0, 0
L 503.0000, -254.0000, 0.0000, 475.0000, -198.0000, 0.0000, 0, 0, 0
L 518.0000, -239.0000, 0.0000, 503.0000, -254.0000, 0.0000, 0, 0, 0
L 545.0000, -239.0000, 0.0000, 518.0000, -239.0000, 0.0000, 0, 0, 0
L 558.0000, -252.0000, 0.0000, 545.0000, -239.0000, 0.0000, 0, 0, 0
L 558.0000, -265.0000, 0.0000, 558.0000, -252.0000, 0.0000, 0, 0, 0
L 545.0000, -278.0000, 0.0000, 558.0000, -265.0000, 0.0000, 0, 0, 0
L 518.0000, -278.0000, 0.0000, 545.0000, -278.0000, 0.0000, 0, 0, 0
L 503.0000, -262.0000, 0.0000, 518.0000, -278.0000, 0.0000, 0, 0, 0
L 492.0000, -293.0000, 0.0000, 503.0000, -262.0000, 0.0000, 0, 0, 0
L 484.0000, -296.0000, 0.0000, 492.0000, -293.0000, 0.0000, 0, 0, 0
L 466.0000, -282.0000, 0.0000, 484.0000, -296.0000, 0.0000, 0, 0, 0
L 457.0000, -250.0000, 0.0000, 466.0000, -282.0000, 0.0000, 0, 0, 0
L 424.0000, -244.0000, 0.0000, 457.0000, -250.0000, 0.0000, 0, 0, 0
L 406.0000, -249.0000, 0.0000, 424.0000, -244.0000, 0.0000, 0, 0, 0
L 403.0000, -256.0000, 0.0000, 406.0000, -249.0000, 0.0000, 0, 0, 0
L 364.0000, -264.0000, 0.0000, 377.0000, -264.0000, 0.0000, 0, 0, 0
L 351.0000, -251.0000, 0.0000, 364.0000, -264.0000, 0.0000, 0, 0, 0
L 391.0000, -249.0000, 0.0000, 403.0000, -256.0000, 0.0000, 0, 0, 0
L 377.0000, -264.0000, 0.0000, 391.0000, -249.0000, 0.0000, 0, 0, 0
L 351.0000, -238.0000, 0.0000, 351.0000, -251.0000, 0.0000, 0, 0, 0
L 366.0000, -223.0000, 0.0000, 351.0000, -238.0000, 0.0000, 0, 0, 0
L 335.0000, -207.0000, 0.0000, 366.0000, -223.0000, 0.0000, 0, 0, 0
L 321.0000, -222.0000, 0.0000, 335.0000, -207.0000, 0.0000, 0, 0, 0
L 321.0000, -222.0000, 0.0000, 308.0000, -222.0000, 0.0000, 0, 0, 0
L 293.0000, -207.0000, 0.0000, 308.0000, -222.0000, 0.0000, 0, 0, 0
L 278.0000, -236.0000, 0.0000, 293.0000, -207.0000, 0.0000, 0, 0, 0
L 251.0000, -250.0000, 0.0000, 278.0000, -236.0000, 0.0000, 0, 0, 0
L 238.0000, -250.0000, 0.0000, 251.0000, -250.0000, 0.0000, 0, 0, 0
L 210.0000, -222.0000, 0.0000, 238.0000, -250.0000, 0.0000, 0, 0, 0
L 203.0000, -218.0000, 0.0000, 210.0000, -222.0000, 0.0000, 0, 0, 0
L 203.0000, -201.0000, 0.0000, 203.0000, -218.0000, 0.0000, 0, 0, 0
L 211.0000, -201.0000, 0.0000, 203.0000, -201.0000, 0.0000, 0, 0, 0
L 211.0000, -201.0000, 0.0000, 220.0000, -194.0000, 0.0000, 0, 0, 0
L 220.0000, -194.0000, 0.0000, 223.0000, -197.0000, 0.0000, 0, 0, 0
L 252.0000, -183.0000, 0.0000, 223.0000, -197.0000, 0.0000, 0, 0, 0
L 294.0000, -197.0000, 0.0000, 252.0000, -183.0000, 0.0000, 0, 0, 0
L 310.0000, -181.0000, 0.0000, 294.0000, -197.0000, 0.0000, 0, 0, 0
L 280.0000, -166.0000, 0.0000, 294.0000, -166.0000, 0.0000, 0, 0, 0
L 294.0000, -166.0000, 0.0000, 310.0000, -181.0000, 0.0000, 0, 0, 0
L 266.0000, -152.0000, 0.0000, 280.0000, -166.0000, 0.0000, 0, 0, 0
L 252.0000, -152.0000, 0.0000, 266.0000, -152.0000, 0.0000, 0, 0, 0
L 239.0000, -139.0000, 0.0000, 252.0000, -152.0000, 0.0000, 0, 0, 0
L 239.0000, -110.0000, 0.0000, 239.0000, -139.0000, 0.0000, 0, 0, 0
L 223.0000, -110.0000, 0.0000, 239.0000, -110.0000, 0.0000, 0, 0, 0
L 209.0000, -124.0000, 0.0000, 223.0000, -110.0000, 0.0000, 0, 0, 0
L 193.0000, -124.0000, 0.0000, 209.0000, -124.0000, 0.0000, 0, 0, 0
L 208.0000, -154.0000, 0.0000, 193.0000, -124.0000, 0.0000, 0, 0, 0
L 208.0000, -178.0000, 0.0000, 208.0000, -154.0000, 0.0000, 0, 0, 0
L 189.0000, -175.0000, 0.0000, 208.0000, -178.0000, 0.0000, 0, 0, 0
L 177.0000, -184.0000, 0.0000, 189.0000, -175.0000, 0.0000, 0, 0, 0
L 176.0000, -193.0000, 0.0000, 176.0000, -194.0000, 0.0000, 0, 0, 0
L 177.0000, -184.0000, 0.0000, 176.0000, -199.0000, 0.0000, 0, 0, 0
L 168.0000, -194.0000, 0.0000, 176.0000, -199.0000, 0.0000, 0, 0, 0
L 154.0000, -194.0000, 0.0000, 168.0000, -194.0000, 0.0000, 0, 0, 0
L 137.0000, -166.0000, 0.0000, 133.0000, -172.0000, 0.0000, 0, 0, 0
L 128.0000, -151.0000, 0.0000, 137.0000, -166.0000, 0.0000, 0, 0, 0
L 138.0000, -137.0000, 0.0000, 140.0000, -122.0000, 0.0000, 0, 0, 0
L 138.0000, -137.0000, 0.0000, 128.0000, -151.0000, 0.0000, 0, 0, 0
L 68.0000, -43.0000, 0.0000, 68.0000, -1.0000, 0.0000, 0, 0, 0
L 57.0000, -12.0000, 0.0000, 57.0000, -41.0000, 0.0000, 0, 0, 0
L -96.0000, -12.0000, 0.0000, 57.0000, -12.0000, 0.0000, 0, 0, 0
L -96.0000, -3.0000, 0.0000, -96.0000, -12.0000, 0.0000, 0, 0, 0
L 12.0000, -1.0000, 0.0000, 68.0000, -1.0000, 0.0000, 0, 0, 0
L 12.0000, 12.0000, 0.0000, 12.0000, -1.0000, 0.0000, 0, 0, 0
L -40.0000, 12.0000, 0.0000, 12.0000, 12.0000, 0.0000, 0, 0, 0
L -40.0000, -1.0000, 0.0000, -40.0000, 12.0000, 0.0000, 0, 0, 0
L -85.0000, -1.0000, 0.0000, -40.0000, -1.0000, 0.0000, 0, 0, 0
L -85.0000, 12.0000, 0.0000, -85.0000, -1.0000, 0.0000, 0, 0, 0
L -94.0000, 12.0000, 0.0000, -85.0000, 12.0000, 0.0000, 0, 0, 0
L 68.0000, -43.0000, 0.0000, 113.0000, -43.0000, 0.0000, 0, 0, 0
L 70.0000, -54.0000, 0.0000, 57.0000, -41.0000, 0.0000, 0, 0, 0
L 111.0000, -54.0000, 0.0000, 124.0000, -41.0000, 0.0000, 0, 0, 0
L 111.0000, -54.0000, 0.0000, 70.0000, -54.0000, 0.0000, 0, 0, 0
L 113.0000, -43.0000, 0.0000, 113.0000, -1.0000, 0.0000, 0, 0, 0
L 124.0000, -41.0000, 0.0000, 124.0000, -12.0000, 0.0000, 0, 0, 0
L 113.0000, -1.0000, 0.0000, 180.0000, -1.0000, 0.0000, 0, 0, 0
L 124.0000, -12.0000, 0.0000, 169.0000, -12.0000, 0.0000, 0, 0, 0
L 180.0000, -1.0000, 0.0000, 180.0000, -29.0000, 0.0000, 0, 0, 0
L 169.0000, -12.0000, 0.0000, 169.0000, -27.0000, 0.0000, 0, 0, 0
L 169.0000, -27.0000, 0.0000, 182.0000, -40.0000, 0.0000, 0, 0, 0
L 180.0000, -29.0000, 0.0000, 195.0000, -29.0000, 0.0000, 0, 0, 0
L 195.0000, -29.0000, 0.0000, 208.0000, -42.0000, 0.0000, 0, 0, 0
L 208.0000, -42.0000, 0.0000, 208.0000, -57.0000, 0.0000, 0, 0, 0
L 182.0000, -40.0000, 0.0000, 197.0000, -40.0000, 0.0000, 0, 0, 0
L 197.0000, -40.0000, 0.0000, 197.0000, -55.0000, 0.0000, 0, 0, 0
L 197.0000, -55.0000, 0.0000, 210.0000, -68.0000, 0.0000, 0, 0, 0
L 208.0000, -57.0000, 0.0000, 238.0000, -57.0000, 0.0000, 0, 0, 0
L 238.0000, -57.0000, 0.0000, 251.0000, -33.0000, 0.0000, 0, 0, 0
L 239.0000, -99.0000, 0.0000, 223.0000, -99.0000, 0.0000, 0, 0, 0
L 223.0000, -99.0000, 0.0000, 182.0000, -85.0000, 0.0000, 0, 0, 0
L 182.0000, -85.0000, 0.0000, 169.0000, -113.0000, 0.0000, 0, 0, 0
L 210.0000, -68.0000, 0.0000, 239.0000, -68.0000, 0.0000, 0, 0, 0
L 239.0000, -68.0000, 0.0000, 239.0000, -99.0000, 0.0000, 0, 0, 0
L 169.0000, -113.0000, 0.0000, 140.0000, -122.0000, 0.0000, 0, 0, 0
L 154.0000, -194.0000, 0.0000, 133.0000, -172.0000, 0.0000, 0, 0, 0
L 251.0000, -33.0000, 0.0000, 267.0000, -28.0000, 0.0000, 0, 0, 0
L 267.0000, -28.0000, 0.0000, 267.0000, -14.0000, 0.0000, 0, 0, 0
L 267.0000, -14.0000, 0.0000, 279.0000, -2.0000, 0.0000, 0, 0, 0
L 279.0000, -2.0000, 0.0000, 293.0000, -16.0000, 0.0000, 0, 0, 0
L 293.0000, -16.0000, 0.0000, 310.0000, 0.0000, 0.0000, 0, 0, 0
L 310.0000, 0.0000, 0.0000, 295.0000, 14.0000, 0.0000, 0, 0, 0
L 295.0000, 14.0000, 0.0000, 295.0000, 27.0000, 0.0000, 0, 0, 0
L 295.0000, 27.0000, 0.0000, 308.0000, 40.0000, 0.0000, 0, 0, 0
L 308.0000, 40.0000, 0.0000, 321.0000, 40.0000, 0.0000, 0, 0, 0
L 321.0000, 40.0000, 0.0000, 335.0000, 25.0000, 0.0000, 0, 0, 0
L 335.0000, 25.0000, 0.0000, 352.0000, 41.0000, 0.0000, 0, 0, 0
L 352.0000, 41.0000, 0.0000, 336.0000, 57.0000, 0.0000, 0, 0, 0
L 336.0000, 57.0000, 0.0000, 330.0000, 57.0000, 0.0000, 0, 0, 0
L 336.0000, 68.0000, 0.0000, 330.0000, 70.0000, 0.0000, 0, 0, 0
L 330.0000, 71.0000, 0.0000, 330.0000, 57.0000, 0.0000, 0, 0, 0
L 336.0000, 68.0000, 0.0000, 350.0000, 82.0000, 0.0000, 0, 0, 0
L 350.0000, 82.0000, 0.0000, 363.0000, 82.0000, 0.0000, 0, 0, 0
L 363.0000, 82.0000, 0.0000, 377.0000, 68.0000, 0.0000, 0, 0, 0
L 377.0000, 68.0000, 0.0000, 392.0000, 68.0000, 0.0000, 0, 0, 0
L 392.0000, 68.0000, 0.0000, 408.0000, 83.0000, 0.0000, 0, 0, 0
L 408.0000, 83.0000, 0.0000, 392.0000, 99.0000, 0.0000, 0, 0, 0
L 392.0000, 99.0000, 0.0000, 364.0000, 99.0000, 0.0000, 0, 0, 0
L 364.0000, 99.0000, 0.0000, 349.0000, 114.0000, 0.0000, 0, 0, 0
L 349.0000, 114.0000, 0.0000, 335.0000, 99.0000, 0.0000, 0, 0, 0
L 335.0000, 99.0000, 0.0000, 322.0000, 99.0000, 0.0000, 0, 0, 0
L 322.0000, 99.0000, 0.0000, 307.0000, 114.0000, 0.0000, 0, 0, 0
L 307.0000, 114.0000, 0.0000, 291.0000, 97.0000, 0.0000, 0, 0, 0
L 291.0000, 97.0000, 0.0000, 319.0000, 69.0000, 0.0000, 0, 0, 0
L 293.0000, 43.0000, 0.0000, 319.0000, 69.0000, 0.0000, 0, 0, 0
L 293.0000, 43.0000, 0.0000, 280.0000, 43.0000, 0.0000, 0, 0, 0
L 280.0000, 43.0000, 0.0000, 267.0000, 56.0000, 0.0000, 0, 0, 0
L 267.0000, 56.0000, 0.0000, 267.0000, 69.0000, 0.0000, 0, 0, 0
L 267.0000, 69.0000, 0.0000, 281.0000, 98.0000, 0.0000, 0, 0, 0
L 281.0000, 98.0000, 0.0000, 253.0000, 126.0000, 0.0000, 0, 0, 0
L 253.0000, 139.0000, 0.0000, 253.0000, 126.0000, 0.0000, 0, 0, 0
L 253.0000, 139.0000, 0.0000, 280.0000, 166.0000, 0.0000, 0, 0, 0
L 280.0000, 166.0000, 0.0000, 292.0000, 166.0000, 0.0000, 0, 0, 0
L 292.0000, 166.0000, 0.0000, 307.0000, 122.0000, 0.0000, 0, 0, 0
L 307.0000, 122.0000, 0.0000, 322.0000, 138.0000, 0.0000, 0, 0, 0
L 322.0000, 138.0000, 0.0000, 335.0000, 138.0000, 0.0000, 0, 0, 0
L 335.0000, 138.0000, 0.0000, 349.0000, 124.0000, 0.0000, 0, 0, 0
L 349.0000, 124.0000, 0.0000, 392.0000, 110.0000, 0.0000, 0, 0, 0
L 392.0000, 110.0000, 0.0000, 406.0000, 124.0000, 0.0000, 0, 0, 0
L 406.0000, 124.0000, 0.0000, 419.0000, 124.0000, 0.0000, 0, 0, 0
L 419.0000, 124.0000, 0.0000, 432.0000, 111.0000, 0.0000, 0, 0, 0
L 432.0000, 111.0000, 0.0000, 432.0000, 98.0000, 0.0000, 0, 0, 0
L 432.0000, 98.0000, 0.0000, 417.0000, 83.0000, 0.0000, 0, 0, 0
L 417.0000, 83.0000, 0.0000, 428.0000, 72.0000, 0.0000, 0, 0, 0
L 460.0000, 27.0000, 0.0000, 425.0000, 62.0000, 0.0000, 0, 0, 0
L 460.0000, 27.0000, 0.0000, 460.0000, 14.0000, 0.0000, 0, 0, 0
L 460.0000, 14.0000, 0.0000, 447.0000, 1.0000, 0.0000, 0, 0, 0
L 447.0000, 1.0000, 0.0000, 434.0000, 1.0000, 0.0000, 0, 0, 0
L 434.0000, 1.0000, 0.0000, 420.0000, 29.0000, 0.0000, 0, 0, 0
L 420.0000, 29.0000, 0.0000, 406.0000, 29.0000, 0.0000, 0, 0, 0
L 406.0000, 29.0000, 0.0000, 392.0000, 57.0000, 0.0000, 0, 0, 0
L 392.0000, 57.0000, 0.0000, 377.0000, 57.0000, 0.0000, 0, 0, 0
L 377.0000, 57.0000, 0.0000, 361.0000, 41.0000, 0.0000, 0, 0, 0
L 361.0000, 41.0000, 0.0000, 376.0000, 27.0000, 0.0000, 0, 0, 0
L 376.0000, 27.0000, 0.0000, 376.0000, 14.0000, 0.0000, 0, 0, 0
L 376.0000, 14.0000, 0.0000, 363.0000, 1.0000, 0.0000, 0, 0, 0
L 363.0000, 1.0000, 0.0000, 350.0000, 1.0000, 0.0000, 0, 0, 0
L 350.0000, 1.0000, 0.0000, 335.0000, 16.0000, 0.0000, 0, 0, 0
L 335.0000, 16.0000, 0.0000, 319.0000, 0.0000, 0.0000, 0, 0, 0
L 319.0000, 0.0000, 0.0000, 333.0000, -27.0000, 0.0000, 0, 0, 0
L 333.0000, -27.0000, 0.0000, 321.0000, -40.0000, 0.0000, 0, 0, 0
L 321.0000, -40.0000, 0.0000, 306.0000, -40.0000, 0.0000, 0, 0, 0
L 306.0000, -40.0000, 0.0000, 306.0000, -99.0000, 0.0000, 0, 0, 0
L 306.0000, -99.0000, 0.0000, 373.0000, -99.0000, 0.0000, 0, 0, 0
L 373.0000, -99.0000, 0.0000, 356.0000, -66.0000, 0.0000, 0, 0, 0
L 396.0000, -6.0000, 0.0000, 419.0000, -29.0000, 0.0000, 0, 0, 0
L 419.0000, -29.0000, 0.0000, 448.0000, -29.0000, 0.0000, 0, 0, 0
L 448.0000, -29.0000, 0.0000, 476.0000, -15.0000, 0.0000, 0, 0, 0
L 396.0000, -25.0000, 0.0000, 396.0000, -6.0000, 0.0000, 0, 0, 0
L 396.0000, -25.0000, 0.0000, 381.0000, -37.0000, 0.0000, 0, 0, 0
L 381.0000, -37.0000, 0.0000, 366.0000, -61.0000, 0.0000, 0, 0, 0
L 366.0000, -61.0000, 0.0000, 356.0000, -66.0000, 0.0000, 0, 0, 0
L 476.0000, -15.0000, 0.0000, 488.0000, -15.0000, 0.0000, 0, 0, 0
L 488.0000, -15.0000, 0.0000, 500.0000, -32.0000, 0.0000, 0, 0, 0
L 516.0000, -85.0000, 0.0000, 516.0000, -65.0000, 0.0000, 150, 150, 150
L 516.0000, -85.0000, 0.0000, 526.0000, -85.0000, 1.0000, 150, 150, 150
L 526.0000, -110.0000, 1.0000, 516.0000, -110.0000, 0.0000, 150, 150, 150
L 516.0000, -110.0000, 0.0000, 516.0000, -125.0000, 0.0000, 150, 150, 150
L 497.0000, -132.0000, 0.0000, 495.0000, -138.0000, 0.0000, 0, 0, 0
L 516.0000, -125.0000, 0.0000, 516.0000, -131.0000, 0.0000, 0, 0, 0
L 497.0000, -132.0000, 0.0000, 516.0000, -125.0000, 0.0000, 0, 0, 0
L 500.0000, -50.0000, 0.0000, 500.0000, -32.0000, 0.0000, 0, 0, 0
L 508.0000, -66.0000, 0.0000, 500.0000, -50.0000, 0.0000, 0, 0, 0
L 508.0000, -66.0000, 0.0000, 516.0000, -65.0000, 0.0000, 0, 0, 0
L 544.0000, -121.0000, 14.0000, 544.0000, -110.0000, 14.0000, 0, 0, 0
L 544.0000, -110.0000, 14.0000, 551.0000, -110.0000, 14.0000, 0, 0, 0
L 551.0000, -110.0000, 14.0000, 555.0000, -106.0000, 14.0000, 0, 0, 0
L 555.0000, -106.0000, 14.0000, 558.0000, -106.0000, 14.0000, 0, 0, 0
L 558.0000, -106.0000, 14.0000, 561.0000, -111.0000, 14.0000, 0, 0, 0
L 561.0000, -111.0000, 14.0000, 561.0000, -125.0000, 14.0000, 0, 0, 0
L 561.0000, -125.0000, 14.0000, 574.0000, -138.0000, 14.0000, 0, 0, 0
L 526.0000, -110.0000, 1.0000, 527.0000, -108.0000, 4.0000, 150, 150, 150
L 527.0000, -108.0000, 4.0000, 530.0000, -105.0000, 5.0000, 150, 150, 150
L 530.0000, -105.0000, 5.0000, 536.0000, -102.0000, 7.0000, 150, 150, 150
L 536.0000, -102.0000, 7.0000, 541.0000, -103.0000, 10.0000, 150, 150, 150
L 526.0000, -85.0000, 1.0000, 528.0000, -88.0000, 3.0000, 150, 150, 150
L 528.0000, -88.0000, 3.0000, 530.0000, -90.0000, 4.0000, 150, 150, 150
L 530.0000, -90.0000, 4.0000, 535.0000, -92.0000, 6.0000, 150, 150, 150
L 535.0000, -92.0000, 6.0000, 540.0000, -92.0000, 10.0000, 150, 150, 150
L 544.0000, -76.0000, 14.0000, 544.0000, -85.0000, 14.0000, 0, 0, 0
L 544.0000, -85.0000, 14.0000, 551.0000, -85.0000, 14.0000, 0, 0, 0
L 551.0000, -85.0000, 14.0000, 555.0000, -89.0000, 14.0000, 0, 0, 0
L 555.0000, -89.0000, 14.0000, 558.0000, -89.0000, 14.0000, 0, 0, 0
L 558.0000, -89.0000, 14.0000, 561.0000, -84.0000, 14.0000, 0, 0, 0
L 561.0000, -84.0000, 14.0000, 561.0000, -70.0000, 14.0000, 0, 0, 0
L 561.0000, -70.0000, 14.0000, 574.0000, -57.0000, 14.0000, 0, 0, 0
L 544.0000, -76.0000, 14.0000, 538.0000, -74.0000, 14.0000, 0, 0, 0
L 538.0000, -74.0000, 14.0000, 525.0000, -61.0000, 14.0000, 0, 0, 0
L 525.0000, -61.0000, 14.0000, 516.0000, -65.0000, 0.0000, 0, 0, 0
L 516.0000, -131.0000, 0.0000, 523.0000, -126.0000, 14.0000, 0, 0, 0
L 533.0000, -131.0000, 14.0000, 544.0000, -121.0000, 14.0000, 0, 0, 0
L 523.0000, -126.0000, 14.0000, 533.0000, -131.0000, 14.0000, 0, 0, 0
L 574.0000, -138.0000, 14.0000, 589.0000, -138.0000, 14.0000, 0, 0, 0
L 589.0000, -138.0000, 14.0000, 589.0000, -152.0000, 14.0000, 0, 0, 0
L 589.0000, -152.0000, 14.0000, 600.0000, -152.0000, 14.0000, 0, 0, 0
L 600.0000, -152.0000, 14.0000, 600.0000, -138.0000, 14.0000, 0, 0, 0
L 600.0000, -138.0000, 14.0000, 617.0000, -138.0000, 14.0000, 0, 0, 0
L 617.0000, -138.0000, 14.0000, 617.0000, -152.0000, 14.0000, 0, 0, 0
L 617.0000, -152.0000, 14.0000, 628.0000, -152.0000, 14.0000, 0, 0, 0
L 628.0000, -152.0000, 14.0000, 628.0000, -138.0000, 14.0000, 0, 0, 0
L 628.0000, -138.0000, 14.0000, 643.0000, -138.0000, 14.0000, 0, 0, 0
L 643.0000, -138.0000, 14.0000, 655.0000, -125.0000, 14.0000, 0, 0, 0
L 655.0000, -125.0000, 14.0000, 642.0000, -112.0000, 14.0000, 0, 0, 0
L 635.0000, -78.0000, 15.0000, 635.0000, -117.0000, 15.0000, 0, 0, 0
L 588.0000, -78.0000, 15.0000, 635.0000, -78.0000, 15.0000, 0, 0, 0
L 588.0000, -117.0000, 15.0000, 635.0000, -117.0000, 15.0000, 0, 0, 0
L 643.0000, -110.0000, 0.0000, 639.5999, -110.0000, 0.8999, 255, 102, 255
L 588.0000, -85.0000, 15.0000, 591.3999, -85.0000, 14.0999, 255, 102, 255
L 643.0000, -85.0000, 0.0000, 647.0000, -89.0000, 0.0000, 255, 102, 255
L 650.0000, -89.0000, 0.0000, 647.0000, -89.0000, 0.0000, 255, 102, 255
L 650.0000, -89.0000, 0.0000, 654.0000, -85.0000, 0.0000, 255, 102, 255
L 654.0000, -85.0000, 0.0000, 673.0000, -85.0000, 0.0000, 255, 102, 255
L 673.0000, -85.0000, 0.0000, 673.0000, -56.0000, 0.0000, 255, 102, 255
L 673.0000, -56.0000, 0.0000, 686.0000, -43.0000, 0.0000, 255, 102, 255
L 686.0000, -43.0000, 0.0000, 714.0000, -43.0000, 0.0000, 255, 102, 255
L 714.0000, -43.0000, 0.0000, 729.0000, -28.0000, 0.0000, 255, 102, 255
L 729.0000, -28.0000, 0.0000, 729.0000, -15.0000, 0.0000, 255, 102, 255
L 740.0000, -28.0000, 0.0000, 755.0000, -43.0000, 0.0000, 255, 102, 255
L 740.0000, -28.0000, 0.0000, 740.0000, -15.0000, 0.0000, 255, 102, 255
L 740.0000, -15.0000, 0.0000, 729.0000, -15.0000, 0.0000, 255, 102, 255
L 796.0000, -56.0000, 0.0000, 796.0000, -70.0000, 0.0000, 255, 102, 255
L 796.0000, -70.0000, 0.0000, 810.0000, -84.0000, 0.0000, 255, 102, 255
L 810.0000, -84.0000, 0.0000, 810.0000, -111.0000, 0.0000, 255, 102, 255
L 755.0000, -43.0000, 0.0000, 783.0000, -43.0000, 0.0000, 255, 102, 255
L 783.0000, -43.0000, 0.0000, 796.0000, -56.0000, 0.0000, 255, 102, 255
L 810.0000, -111.0000, 0.0000, 796.0000, -125.0000, 0.0000, 255, 102, 255
L 796.0000, -125.0000, 0.0000, 796.0000, -139.0000, 0.0000, 255, 102, 255
L 796.0000, -139.0000, 0.0000, 783.0000, -152.0000, 0.0000, 255, 102, 255
L 783.0000, -152.0000, 0.0000, 755.0000, -152.0000, 0.0000, 255, 102, 255
L 755.0000, -152.0000, 0.0000, 740.0000, -167.0000, 0.0000, 255, 102, 255
L 740.0000, -167.0000, 0.0000, 740.0000, -180.0000, 0.0000, 255, 102, 255
L 740.0000, -180.0000, 0.0000, 729.0000, -180.0000, 0.0000, 255, 102, 255
L 729.0000, -180.0000, 0.0000, 729.0000, -167.0000, 0.0000, 255, 102, 255
L 729.0000, -167.0000, 0.0000, 714.0000, -152.0000, 0.0000, 255, 102, 255
L 714.0000, -152.0000, 0.0000, 686.0000, -152.0000, 0.0000, 255, 102, 255
L 686.0000, -152.0000, 0.0000, 673.0000, -139.0000, 0.0000, 255, 102, 255
L 673.0000, -139.0000, 0.0000, 673.0000, -110.0000, 0.0000, 255, 102, 255
L 673.0000, -110.0000, 0.0000, 654.0000, -110.0000, 0.0000, 255, 102, 255
L 650.0000, -106.0000, 0.0000, 654.0000, -110.0000, 0.0000, 255, 102, 255
L 647.0000, -106.0000, 0.0000, 650.0000, -106.0000, 0.0000, 255, 102, 255
L 647.0000, -106.0000, 0.0000, 643.0000, -110.0000, 0.0000, 255, 102, 255
L 588.0000, -117.0000, 15.0000, 588.0000, -110.0000, 15.0000, 0, 0, 0
L 588.0000, -85.0000, 15.0000, 588.0000, -78.0000, 15.0000, 0, 0, 0
L 838.0000, -15.0000, -83.0000, 818.0000, -17.0000, -83.0000, 204, 0, 204
L 840.0000, -110.0000, -83.0000, 854.0000, -124.0000, -83.0000, 204, 0, 204
L 854.0000, -124.0000, -83.0000, 861.0000, -124.0000, -83.0000, 204, 0, 204
L 861.0000, -124.0000, -83.0000, 860.0000, -118.0000, -83.0000, 204, 0, 204
L 425.0000, 62.0000, 0.0000, 428.0000, 72.0000, 0.0000, 0, 0, 0
L 362.0000, -141.0000, 0.0000, 350.0000, -140.0000, 0.0000, 0, 0, 0
L 715.0000, -279.0000, -83.0000, 729.0000, -293.0000, -83.0000, 204, 0, 204
L 729.0000, -293.0000, -83.0000, 729.0000, -298.0000, -83.0000, 204, 0, 204
L 740.0000, -298.0000, -83.0000, 740.0000, -293.0000, -83.0000, 204, 0, 204
L 740.0000, -293.0000, -83.0000, 754.0000, -279.0000, -83.0000, 204, 0, 204
L 754.0000, -279.0000, -83.0000, 754.0000, -267.0000, -83.0000, 204, 0, 204
L 754.0000, -267.0000, -83.0000, 740.0000, -267.0000, -83.0000, 204, 0, 204
L 740.0000, -267.0000, -83.0000, 740.0000, -236.0000, -83.0000, 204, 0, 204
L 360.0000, -157.0000, -184.0000, 360.0000, -152.0000, -181.0000, 178, 102, 255
L 353.0000, -157.0000, -184.0000, 353.0000, -152.0000, -181.0000, 178, 102, 255
L 329.0000, -159.0000, -184.0000, 353.0000, -157.0000, -184.0000, 178, 102, 255
L 390.0000, -160.0000, -184.0000, 360.0000, -157.0000, -184.0000, 178, 102, 255
L 390.0000, -181.0000, -184.0000, 390.0000, -160.0000, -184.0000, 178, 102, 255
L 390.0000, -181.0000, -184.0000, 377.0000, -191.0000, -184.0000, 178, 102, 255
L 377.0000, -191.0000, -184.0000, 398.0000, -210.0000, -184.0000, 178, 102, 255
L 398.0000, -210.0000, -184.0000, 402.0000, -227.0000, -184.0000, 178, 102, 255
L 402.0000, -227.0000, -184.0000, 389.0000, -242.0000, -184.0000, 178, 102, 255
L 389.0000, -242.0000, -184.0000, 348.0000, -242.0000, -184.0000, 178, 102, 255
L 348.0000, -242.0000, -184.0000, 348.0000, -265.0000, -184.0000, 178, 102, 255
L 348.0000, -265.0000, -184.0000, 335.0000, -278.0000, -184.0000, 178, 102, 255
L 335.0000, -278.0000, -184.0000, 320.0000, -278.0000, -184.0000, 178, 102, 255
L 320.0000, -278.0000, -184.0000, 306.0000, -306.0000, -184.0000, 178, 102, 255
L 306.0000, -306.0000, -184.0000, 293.0000, -306.0000, -184.0000, 178, 102, 255
L 293.0000, -306.0000, -184.0000, 278.0000, -321.0000, -184.0000, 178, 102, 255
L 278.0000, -321.0000, -184.0000, 264.0000, -363.0000, -181.0000, 178, 102, 255
L 264.0000, -379.0000, -181.0000, 264.0000, -363.0000, -181.0000, 178, 102, 255
L 264.0000, -379.0000, -181.0000, 280.0000, -379.0000, -181.0000, 178, 102, 255
L 280.0000, -379.0000, -181.0000, 308.0000, -351.0000, -181.0000, 178, 102, 255
L 308.0000, -351.0000, -181.0000, 334.0000, -364.0000, -181.0000, 178, 102, 255
L 334.0000, -364.0000, -181.0000, 334.0000, -432.0000, -181.0000, 178, 102, 255
L 334.0000, -432.0000, -181.0000, 295.0000, -432.0000, -181.0000, 178, 102, 255
L 295.0000, -432.0000, -181.0000, 281.0000, -390.0000, -181.0000, 178, 102, 255
L 281.0000, -390.0000, -181.0000, 253.0000, -390.0000, -181.0000, 178, 102, 255
L 253.0000, -390.0000, -181.0000, 253.0000, -363.0000, -181.0000, 178, 102, 255
L 238.0000, -348.0000, -184.0000, 253.0000, -363.0000, -181.0000, 178, 102, 255
L 210.0000, -348.0000, -184.0000, 238.0000, -348.0000, -184.0000, 178, 102, 255
L 182.0000, -319.0000, -184.0000, 154.0000, -333.0000, -184.0000, 178, 102, 255
L 182.0000, -319.0000, -184.0000, 210.0000, -348.0000, -184.0000, 178, 102, 255
L 329.0000, -159.0000, -184.0000, 323.0000, -189.0000, -184.0000, 178, 102, 255
L 335.0000, -209.0000, -184.0000, 335.0000, -226.0000, -181.0000, 178, 102, 255
L 335.0000, -209.0000, -184.0000, 327.0000, -201.0000, -184.0000, 178, 102, 255
L 327.0000, -201.0000, -184.0000, 323.0000, -189.0000, -184.0000, 178, 102, 255
L 335.0000, -226.0000, -181.0000, 308.0000, -239.0000, -181.0000, 178, 102, 255
L 308.0000, -239.0000, -181.0000, 280.0000, -239.0000, -181.0000, 178, 102, 255
L 280.0000, -239.0000, -181.0000, 265.0000, -254.0000, -181.0000, 178, 102, 255
L 265.0000, -254.0000, -181.0000, 251.0000, -239.0000, -181.0000, 178, 102, 255
L 251.0000, -239.0000, -181.0000, 223.0000, -239.0000, -181.0000, 178, 102, 255
L 223.0000, -239.0000, -181.0000, 196.0000, -225.0000, -181.0000, 178, 102, 255
L 196.0000, -225.0000, -181.0000, 183.0000, -238.0000, -181.0000, 178, 102, 255
L 183.0000, -238.0000, -181.0000, 183.0000, -252.0000, -181.0000, 178, 102, 255
L 183.0000, -252.0000, -181.0000, 168.0000, -281.0000, -181.0000, 178, 102, 255
L 168.0000, -281.0000, -181.0000, 153.0000, -281.0000, -181.0000, 178, 102, 255
L 153.0000, -281.0000, -181.0000, 124.0000, -267.0000, -181.0000, 178, 102, 255
L 124.0000, -267.0000, -181.0000, 110.0000, -238.0000, -181.0000, 178, 102, 255
L 110.0000, -238.0000, -181.0000, 110.0000, -209.0000, -181.0000, 178, 102, 255
L 85.0000, -209.0000, -181.0000, 85.0000, -268.0000, -181.0000, 178, 102, 255
L 85.0000, -268.0000, -181.0000, 27.0000, -239.0000, -184.0000, 178, 102, 255
L 27.0000, -239.0000, -184.0000, 13.0000, -225.0000, -181.0000, 178, 102, 255
L 13.0000, -225.0000, -181.0000, -26.0000, -239.0000, -181.0000, 178, 102, 255
L -26.0000, -239.0000, -181.0000, -40.0000, -266.0000, -181.0000, 178, 102, 255
L -40.0000, -279.0000, -181.0000, -40.0000, -266.0000, -181.0000, 178, 102, 255
L -40.0000, -279.0000, -181.0000, 0.0000, -320.0000, -181.0000, 178, 102, 255
L 0.0000, -320.0000, -181.0000, 13.0000, -320.0000, -181.0000, 178, 102, 255
L 13.0000, -320.0000, -181.0000, 41.0000, -306.0000, -184.0000, 178, 102, 255
L 41.0000, -306.0000, -184.0000, 56.0000, -306.0000, -184.0000, 178, 102, 255
L 56.0000, -306.0000, -184.0000, 70.0000, -334.0000, -184.0000, 178, 102, 255
L 70.0000, -334.0000, -184.0000, 83.0000, -334.0000, -184.0000, 178, 102, 255
L 83.0000, -334.0000, -184.0000, 143.0000, -314.0000, -184.0000, 178, 102, 255
L 154.0000, -333.0000, -184.0000, 143.0000, -314.0000, -184.0000, 178, 102, 255
L 85.0000, -209.0000, -181.0000, 57.0000, -181.0000, -181.0000, 178, 102, 255
L 57.0000, -181.0000, -181.0000, 57.0000, -141.0000, -181.0000, 178, 102, 255
L 110.0000, -209.0000, -181.0000, 124.0000, -195.0000, -181.0000, 178, 102, 255
L 124.0000, -195.0000, -181.0000, 96.0000, -141.0000, -181.0000, 178, 102, 255
L 743.0000, 19.0000, -97.0000, 743.0000, 12.0000, -97.0000, 178, 102, 255
L 71.0000, 211.0000, -181.0000, 29.0000, 211.0000, -181.0000, 178, 102, 255
L 124.0000, 211.0000, -181.0000, 82.0000, 211.0000, -181.0000, 178, 102, 255
L 82.0000, 211.0000, -181.0000, 82.0000, 205.0000, -181.0000, 178, 102, 255
L 82.0000, 200.0000, -181.0000, 82.0000, 205.0000, -181.0000, 178, 102, 255
L 82.0000, 200.0000, -181.0000, 82.0000, 195.0000, -181.0000, 178, 102, 255
L 29.0000, 279.0000, -181.0000, 29.0000, 211.0000, -181.0000, 178, 102, 255
L 29.0000, 279.0000, -181.0000, 71.0000, 307.0000, -181.0000, 178, 102, 255
L 82.0000, 307.0000, -181.0000, 124.0000, 278.0000, -181.0000, 178, 102, 255
L 124.0000, 211.0000, -181.0000, 124.0000, 278.0000, -181.0000, 178, 102, 255
L 71.0000, 307.0000, -181.0000, 71.0000, 326.0000, -181.0000, 178, 102, 255
L 82.0000, 326.0000, -181.0000, 82.0000, 307.0000, -181.0000, 178, 102, 255
L 82.0000, 326.0000, -181.0000, 71.0000, 326.0000, -181.0000, 199, 21, 133
L 740.0000, -298.0000, -83.0000, 740.0000, -307.0000, -83.0000, 204, 0, 204
L 729.0000, -298.0000, -83.0000, 729.0000, -307.0000, -83.0000, 204, 0, 204
L 82.0000, 326.0000, -181.0000, 82.0000, 331.3999, -181.0000, 178, 102, 255
L 71.0000, 326.0000, -181.0000, 71.0000, 331.3999, -181.0000, 178, 102, 255
L 737.0000, -107.0000, 1.0000, 760.0000, -107.0000, 1.0000, 255, 255, 0
L 737.0000, -107.0000, 1.0000, 734.0000, -104.0000, 1.0000, 255, 255, 0
L 737.0000, -88.0000, 1.0000, 734.0000, -91.0000, 1.0000, 255, 255, 0
L 763.0000, -104.0000, 1.0000, 763.0000, -91.0000, 1.0000, 255, 255, 0
L 734.0000, -91.0000, 1.0000, 734.0000, -104.0000, 1.0000, 255, 255, 0
L 763.0000, -91.0000, 1.0000, 760.0000, -88.0000, 1.0000, 255, 255, 0
L 763.0000, -104.0000, 1.0000, 760.0000, -107.0000, 1.0000, 255, 255, 0
L 760.0000, -88.0000, 1.0000, 737.0000, -88.0000, 1.0000, 255, 255, 0
L 588.0000, -110.0000, 15.0000, 588.0000, -85.0000, 15.0000, 155, 155, 155
L 643.0000, -110.0000, 0.0000, 643.0000, -85.0000, 0.0000, 155, 155, 155
L 615.5000, -85.0000, 7.5000, 618.8999, -85.0000, 6.5999, 255, 102, 255
L 615.5000, -110.0000, 7.5000, 612.0999, -110.0000, 8.3999, 255, 102, 255
L 615.5000, -85.0000, 7.5000, 615.5000, -110.0000, 7.5000, 155, 155, 155
L 601.7999, -85.0000, 11.1999, 605.1999, -85.0000, 10.2999, 255, 102, 255
L 601.7999, -110.0000, 11.1999, 598.2999, -110.0000, 12.1999, 255, 102, 255
L 601.7999, -85.0000, 11.1999, 601.7999, -110.0000, 11.1999, 155, 155, 155
L 594.8999, -85.0000, 13.0999, 598.2999, -85.0000, 12.1999, 255, 102, 255
L 594.8999, -110.0000, 13.0999, 591.3999, -110.0000, 14.0999, 255, 102, 255
L 594.8999, -85.0000, 13.0999, 594.8999, -110.0000, 13.0999, 155, 155, 155
L 591.3999, -85.0000, 14.0999, 594.8999, -85.0000, 13.0999, 255, 102, 255
L 591.3999, -110.0000, 14.0999, 588.0000, -110.0000, 15.0000, 255, 102, 255
L 591.3999, -85.0000, 14.0999, 591.3999, -110.0000, 14.0999, 155, 155, 155
L 608.5999, -85.0000, 9.3999, 612.0999, -85.0000, 8.3999, 255, 102, 255
L 608.5999, -110.0000, 9.3999, 605.1999, -110.0000, 10.2999, 255, 102, 255
L 608.5999, -85.0000, 9.3999, 608.5999, -110.0000, 9.3999, 155, 155, 155
L 629.1999, -85.0000, 3.7999, 632.6999, -85.0000, 2.7999, 255, 102, 255
L 629.1999, -110.0000, 3.7999, 625.7999, -110.0000, 4.6999, 255, 102, 255
L 629.1999, -85.0000, 3.7999, 629.1999, -110.0000, 3.7999, 155, 155, 155
L 622.3999, -85.0000, 5.5999, 625.7999, -85.0000, 4.6999, 255, 102, 255
L 622.3999, -110.0000, 5.5999, 618.8999, -110.0000, 6.5999, 255, 102, 255
L 622.3999, -85.0000, 5.5999, 622.3999, -110.0000, 5.5999, 155, 155, 155
L 636.0999, -85.0000, 1.8999, 639.5999, -85.0000, 0.8999, 255, 102, 255
L 636.0999, -110.0000, 1.8999, 632.6999, -110.0000, 2.7999, 255, 102, 255
L 636.0999, -85.0000, 1.8999, 636.0999, -110.0000, 1.8999, 155, 155, 155
L 639.5999, -85.0000, 0.8999, 643.0000, -85.0000, 0.0000, 255, 102, 255
L 639.5999, -110.0000, 0.8999, 636.0999, -110.0000, 1.8999, 255, 102, 255
L 639.5999, -85.0000, 0.8999, 639.5999, -110.0000, 0.8999, 155, 155, 155
L 632.6999, -85.0000, 2.7999, 636.0999, -85.0000, 1.8999, 255, 102, 255
L 632.6999, -110.0000, 2.7999, 629.1999, -110.0000, 3.7999, 255, 102, 255
L 632.6999, -85.0000, 2.7999, 632.6999, -110.0000, 2.7999, 155, 155, 155
L 625.7999, -85.0000, 4.6999, 629.1999, -85.0000, 3.7999, 255, 102, 255
L 625.7999, -110.0000, 4.6999, 622.3999, -110.0000, 5.5999, 255, 102, 255
L 625.7999, -85.0000, 4.6999, 625.7999, -110.0000, 4.6999, 155, 155, 155
L 618.8999, -85.0000, 6.5999, 622.3999, -85.0000, 5.5999, 255, 102, 255
L 618.8999, -110.0000, 6.5999, 615.5000, -110.0000, 7.5000, 255, 102, 255
L 618.8999, -85.0000, 6.5999, 618.8999, -110.0000, 6.5999, 155, 155, 155
L 612.0999, -85.0000, 8.3999, 615.5000, -85.0000, 7.5000, 255, 102, 255
L 612.0999, -110.0000, 8.3999, 608.5999, -110.0000, 9.3999, 255, 102, 255
L 612.0999, -85.0000, 8.3999, 612.0999, -110.0000, 8.3999, 155, 155, 155
L 605.1999, -85.0000, 10.2999, 608.5999, -85.0000, 9.3999, 255, 102, 255
L 605.1999, -110.0000, 10.2999, 601.7999, -110.0000, 11.1999, 255, 102, 255
L 605.1999, -85.0000, 10.2999, 605.1999, -110.0000, 10.2999, 155, 155, 155
L 598.2999, -85.0000, 12.1999, 601.7999, -85.0000, 11.1999, 255, 102, 255
L 598.2999, -110.0000, 12.1999, 594.8999, -110.0000, 13.0999, 255, 102, 255
L 598.2999, -85.0000, 12.1999, 598.2999, -110.0000, 12.1999, 155, 155, 155
L 829.0000, -102.0000, -83.0000, 829.0000, -110.0000, -83.0000, 204, 0, 204
L 796.0000, -71.0000, -83.0000, 811.0000, -71.0000, -83.0000, 204, 0, 204
L 796.0000, -51.0000, -83.0000, 796.0000, -71.0000, -83.0000, 204, 0, 204
L 796.0000, -45.0000, -83.0000, 796.0000, -31.0000, -83.0000, 204, 0, 204
L 803.0000, -20.0000, -83.0000, 796.0000, -31.0000, -83.0000, 204, 0, 204
L 801.0000, -54.0000, -83.0000, 812.0000, -54.0000, -83.0000, 204, 0, 204
L 829.0000, -91.0000, -83.0000, 829.0000, -85.0000, -83.0000, 204, 0, 204
L 824.0000, -102.0000, -83.0000, 829.0000, -102.0000, -83.0000, 204, 0, 204
L 803.0000, -20.0000, -83.0000, 796.0000, 19.0000, -83.0000, 204, 0, 204
L 824.0000, -102.0000, -83.0000, 824.0000, -111.0000, -83.0000, 204, 0, 204
L 824.0000, -84.0000, -83.0000, 824.0000, -91.0000, -83.0000, 204, 0, 204
L 801.0000, -45.0000, -83.0000, 812.0000, -43.0000, -83.0000, 204, 0, 204
L 801.0000, -54.0000, -83.0000, 801.0000, -51.0000, -83.0000, 204, 0, 204
L 811.0000, -71.0000, -83.0000, 824.0000, -84.0000, -83.0000, 204, 0, 204
L 796.0000, -45.0000, -83.0000, 801.0000, -45.0000, -83.0000, 204, 0, 204
L 829.0000, -91.0000, -83.0000, 824.0000, -91.0000, -83.0000, 204, 0, 204
L 824.0000, -111.0000, -83.0000, 811.0000, -124.0000, -83.0000, 204, 0, 204
L 812.0000, -43.0000, -83.0000, 818.0000, -17.0000, -83.0000, 204, 0, 204
L 853.0000, -99.0000, -83.0000, 839.0000, -85.0000, -83.0000, 204, 0, 204
L 838.0000, -68.0000, -83.0000, 826.0000, -68.0000, -83.0000, 204, 0, 204
L 839.0000, -85.0000, -83.0000, 829.0000, -85.0000, -83.0000, 204, 0, 204
L 829.0000, -110.0000, -83.0000, 840.0000, -110.0000, -83.0000, 204, 0, 204
L 826.0000, -68.0000, -83.0000, 812.0000, -54.0000, -83.0000, 204, 0, 204
L 860.0000, -118.0000, -83.0000, 872.0000, -110.0000, -83.0000, 204, 0, 204
L 857.0000, 7.0000, -83.0000, 859.0000, -5.0000, -83.0000, 204, 0, 204
L 869.0000, -99.0000, -83.0000, 853.0000, -99.0000, -83.0000, 204, 0, 204
L 853.0000, -53.0000, -83.0000, 838.0000, -68.0000, -83.0000, 204, 0, 204
L 869.0000, -69.0000, -83.0000, 869.0000, -99.0000, -83.0000, 204, 0, 204
L 853.0000, -44.0000, -83.0000, 838.0000, -15.0000, -83.0000, 204, 0, 204
L 869.0000, -69.0000, -83.0000, 853.0000, -53.0000, -83.0000, 204, 0, 204
L 919.0000, -109.0000, -83.0000, 915.0000, -112.0000, -83.0000, 204, 0, 204
L 919.0000, -109.0000, -83.0000, 922.0000, -112.0000, -83.0000, 204, 0, 204
L 922.0000, -112.0000, -83.0000, 922.0000, -141.0000, -83.0000, 204, 0, 204
L 911.0000, -124.0000, -83.0000, 911.0000, -141.0000, -83.0000, 204, 0, 204
L 905.0000, -123.0000, -83.0000, 911.0000, -124.0000, -83.0000, 204, 0, 204
L 911.0000, -117.0000, -83.0000, 905.0000, -123.0000, -83.0000, 204, 0, 204
L 915.0000, -105.0000, -83.0000, 912.0000, -109.0000, -83.0000, 204, 0, 204
L 904.0000, -117.0000, -83.0000, 911.0000, -117.0000, -83.0000, 204, 0, 204
L 915.0000, -112.0000, -83.0000, 912.0000, -109.0000, -83.0000, 204, 0, 204
L 900.0000, -121.0000, -83.0000, 904.0000, -117.0000, -83.0000, 204, 0, 204
L 908.0000, -98.0000, -83.0000, 915.0000, -105.0000, -83.0000, 204, 0, 204
L 933.0000, -55.0000, -83.0000, 922.0000, -66.0000, -83.0000, 204, 0, 204
L 908.0000, -84.0000, -83.0000, 908.0000, -98.0000, -83.0000, 204, 0, 204
L 924.0000, -7.0000, -83.0000, 935.0000, -22.0000, -83.0000, 204, 0, 204
L 928.0000, -45.0000, -83.0000, 933.0000, -55.0000, -83.0000, 204, 0, 204
L 915.0000, -2.0000, -83.0000, 917.0000, 11.0000, -83.0000, 204, 0, 204
L 934.0000, -31.0000, -83.0000, 920.0000, -39.0000, -83.0000, 204, 0, 204
L 928.0000, -45.0000, -83.0000, 920.0000, -39.0000, -83.0000, 204, 0, 204
L 922.0000, -66.0000, -83.0000, 914.0000, -66.0000, -83.0000, 204, 0, 204
L 915.0000, -2.0000, -83.0000, 924.0000, -7.0000, -83.0000, 204, 0, 204
L 935.0000, -22.0000, -83.0000, 934.0000, -31.0000, -83.0000, 204, 0, 204
L 872.0000, -110.0000, -83.0000, 896.0000, -110.0000, -83.0000, 204, 0, 204
L 896.0000, 18.0000, -83.0000, 910.0000, 20.0000, -83.0000, 204, 0, 204
L 896.0000, -110.0000, -83.0000, 900.0000, -121.0000, -83.0000, 204, 0, 204
L 890.0000, -62.0000, -83.0000, 878.0000, -70.0000, -83.0000, 204, 0, 204
L 878.0000, 20.0000, -83.0000, 887.0000, 7.0000, -83.0000, 204, 0, 204
L 869.0000, -19.0000, -83.0000, 859.0000, -5.0000, -83.0000, 204, 0, 204
L 869.0000, -28.0000, -83.0000, 869.0000, -19.0000, -83.0000, 204, 0, 204
L 899.0000, -51.0000, -83.0000, 890.0000, -62.0000, -83.0000, 204, 0, 204
L 887.0000, 7.0000, -83.0000, 896.0000, 18.0000, -83.0000, 204, 0, 204
L 868.0000, 20.0000, -83.0000, 878.0000, 20.0000, -83.0000, 204, 0, 204
L 917.0000, 11.0000, -83.0000, 910.0000, 20.0000, -83.0000, 204, 0, 204
L 868.0000, 20.0000, -83.0000, 857.0000, 7.0000, -83.0000, 204, 0, 204
L 878.0000, -70.0000, -83.0000, 908.0000, -84.0000, -83.0000, 204, 0, 204
L 853.0000, -44.0000, -83.0000, 869.0000, -28.0000, -83.0000, 204, 0, 204
L 914.0000, -66.0000, -83.0000, 904.0000, -60.0000, -83.0000, 204, 0, 204
L 904.0000, -60.0000, -83.0000, 899.0000, -51.0000, -83.0000, 204, 0, 204
L 801.0000, -51.0000, -83.0000, 796.0000, -51.0000, -83.0000, 204, 0, 204
L 393.0000, -40.0000, -195.0000, 378.0000, -40.0000, -195.0000, 102, 0, 204
L 393.0000, -40.0000, -181.0000, 378.0000, -40.0000, -181.0000, 178, 102, 255
L 393.0000, -40.0000, -181.0000, 421.0000, -40.0000, -181.0000, 150, 150, 150
L 421.0000, -40.0000, -181.0000, 422.0999, -37.0000, -182.8999, 102, 0, 204
L 393.0000, -40.0000, -181.0000, 392.5999, -37.0000, -182.8999, 102, 0, 204
L 421.0000, -40.0000, -181.0000, 446.0000, -40.0000, -181.0000, 150, 150, 150
L 391.5000, -28.0000, -188.5000, 391.0999, -25.0000, -190.3999, 102, 0, 204
L 425.5000, -28.0000, -188.5000, 426.5999, -25.0000, -190.3999, 102, 0, 204
L 391.5000, -28.0000, -188.5000, 425.5000, -28.0000, -188.5000, 155, 155, 155
L 392.1999, -34.0000, -184.7999, 391.8999, -31.0000, -186.5999, 102, 0, 204
L 423.1999, -34.0000, -184.7999, 424.3999, -31.0000, -186.5999, 102, 0, 204
L 392.1999, -34.0000, -184.7999, 423.1999, -34.0000, -184.7999, 155, 155, 155
L 390.7999, -22.0000, -192.1999, 390.3999, -19.0000, -194.0999, 102, 0, 204
L 427.7999, -22.0000, -192.1999, 428.8999, -19.0000, -194.0999, 102, 0, 204
L 390.7999, -22.0000, -192.1999, 427.7999, -22.0000, -192.1999, 155, 155, 155
L 390.0000, -16.0000, -196.0000, 430.0000, -16.0000, -196.0000, 155, 155, 155
L 390.3999, -19.0000, -194.0999, 390.0000, -16.0000, -196.0000, 102, 0, 204
L 428.8999, -19.0000, -194.0999, 430.0000, -16.0000, -196.0000, 102, 0, 204
L 390.3999, -19.0000, -194.0999, 428.8999, -19.0000, -194.0999, 155, 155, 155
L 391.0999, -25.0000, -190.3999, 390.7999, -22.0000, -192.1999, 102, 0, 204
L 426.5999, -25.0000, -190.3999, 427.7999, -22.0000, -192.1999, 102, 0, 204
L 391.0999, -25.0000, -190.3999, 426.5999, -25.0000, -190.3999, 155, 155, 155
L 391.8999, -31.0000, -186.5999, 391.5000, -28.0000, -188.5000, 102, 0, 204
L 424.3999, -31.0000, -186.5999, 425.5000, -28.0000, -188.5000, 102, 0, 204
L 391.8999, -31.0000, -186.5999, 424.3999, -31.0000, -186.5999, 155, 155, 155
L 392.5999, -37.0000, -182.8999, 392.1999, -34.0000, -184.7999, 102, 0, 204
L 422.0999, -37.0000, -182.8999, 423.1999, -34.0000, -184.7999, 102, 0, 204
L 392.5999, -37.0000, -182.8999, 422.0999, -37.0000, -182.8999, 155, 155, 155
L 71.0000, 211.0000, -181.0000, 71.0000, 195.0000, -181.0000, 178, 102, 255
L 335.0000, -226.0000, -181.0000, 337.3999, -241.6999, -181.8999, 0, 0, 255
L 337.3999, -241.6999, -181.8999, 322.0000, -251.5000, -181.8999, 0, 0, 255
L 322.0000, -251.5000, -181.8999, 307.3999, -251.8999, -181.8999, 0, 0, 255
L 307.3999, -251.8999, -181.8999, 293.8999, -265.2999, -181.8999, 0, 0, 255
L 293.8999, -265.2999, -181.8999, 265.3999, -265.7999, -181.8999, 0, 0, 255
L 265.3999, -265.7999, -181.8999, 237.8999, -279.5000, -181.8999, 0, 0, 255
L 237.8999, -279.5000, -181.8999, 224.3999, -279.8999, -181.8999, 0, 0, 255
L 224.3999, -279.8999, -181.8999, 210.0000, -251.7999, -181.8999, 0, 0, 255
L 210.0000, -251.7999, -181.8999, 195.6999, -252.3999, -181.8999, 0, 0, 255
L 195.6999, -252.3999, -181.8999, 195.7999, -279.0999, -181.8999, 0, 0, 255
L 195.7999, -279.0999, -181.8999, 182.2999, -293.2999, -181.8999, 0, 0, 255
L 182.2999, -293.2999, -181.8999, 98.1999, -293.3999, -181.8999, 0, 0, 255
L 98.1999, -293.3999, -181.8999, 85.0000, -268.0000, -181.0000, 0, 0, 255
L 27.0000, -239.0000, -184.0000, 14.0999, -264.8999, -181.8999, 0, 0, 255
L 14.0999, -264.8999, -182.0000, 14.0000, -279.5000, -181.8999, 0, 0, 255
L 14.0000, -279.5000, -181.8999, 41.0000, -306.0000, -184.0000, 0, 0, 255
L 238.0000, -348.0000, -184.0000, 252.0999, -322.5999, -181.8999, 0, 0, 255
L 252.0999, -322.5999, -181.8999, 278.0000, -321.0000, -184.0000, 0, 0, 255
L 754.0000, -15.0000, -90.0000, 743.0000, -15.0000, -90.0000, 150, 150, 150
L 744.0000, 0.0000, -97.0000, 744.0000, 3.0000, -97.0000, 255, 255, 0
L 753.0000, 12.0000, -97.0000, 750.7999, 12.0000, -97.0000, 255, 255, 0
L 753.0000, 0.0000, -97.0000, 750.7999, 0.0000, -97.0000, 255, 255, 0
L 753.0000, 12.0000, -97.0000, 753.0000, 9.0000, -97.0000, 255, 255, 0
L 743.0000, 12.0000, -97.0000, 743.0000, -1.5000, -97.0000, 178, 102, 255
L 754.0000, -15.0000, -90.0000, 754.0000, -13.2999, -90.8999, 150, 150, 150
L 743.0000, -1.5000, -97.0000, 743.0000, -3.1999, -96.0999, 150, 150, 150
L 754.0000, -1.5000, -97.0000, 754.0000, 12.0000, -97.0000, 178, 102, 255
L 743.0000, -1.5000, -97.0000, 754.0000, -1.5000, -97.0000, 150, 150, 150
L 743.0000, -8.1999, -93.5000, 743.0000, -9.8999, -92.5999, 150, 150, 150
L 754.0000, -8.1999, -93.5000, 754.0000, -6.5999, -94.3999, 150, 150, 150
L 743.0000, -8.1999, -93.5000, 754.0000, -8.1999, -93.5000, 150, 150, 150
L 743.0000, -11.5999, -91.7999, 743.0000, -13.2999, -90.8999, 150, 150, 150
L 754.0000, -11.5999, -91.7999, 754.0000, -9.8999, -92.5999, 150, 150, 150
L 743.0000, -11.5999, -91.7999, 754.0000, -11.5999, -91.7999, 150, 150, 150
L 743.0000, -4.8999, -95.1999, 743.0000, -6.5999, -94.3999, 150, 150, 150
L 754.0000, -4.8999, -95.1999, 754.0000, -3.1999, -96.0999, 150, 150, 150
L 743.0000, -4.8999, -95.1999, 754.0000, -4.8999, -95.1999, 150, 150, 150
L 743.0000, -3.1999, -96.0999, 743.0000, -4.8999, -95.1999, 150, 150, 150
L 754.0000, -3.1999, -96.0999, 754.0000, -1.5000, -97.0000, 150, 150, 150
L 743.0000, -3.1999, -96.0999, 754.0000, -3.1999, -96.0999, 150, 150, 150
L 743.0000, -6.5999, -94.3999, 743.0000, -8.1999, -93.5000, 150, 150, 150
L 754.0000, -6.5999, -94.3999, 754.0000, -4.8999, -95.1999, 150, 150, 150
L 743.0000, -6.5999, -94.3999, 754.0000, -6.5999, -94.3999, 150, 150, 150
L 743.0000, -9.8999, -92.5999, 743.0000, -11.5999, -91.7999, 150, 150, 150
L 754.0000, -9.8999, -92.5999, 754.0000, -8.1999, -93.5000, 150, 150, 150
L 743.0000, -9.8999, -92.5999, 754.0000, -9.8999, -92.5999, 150, 150, 150
L 743.0000, -13.2999, -90.8999, 743.0000, -15.0000, -90.0000, 150, 150, 150
L 754.0000, -13.2999, -90.8999, 754.0000, -11.5999, -91.7999, 150, 150, 150
L 743.0000, -13.2999, -90.8999, 754.0000, -13.2999, -90.8999, 150, 150, 150
L 753.0000, 0.0000, -97.0000, 744.0000, 12.0000, -97.0000, 255, 255, 0
L 748.5000, 0.0000, -97.0000, 746.1999, 0.0000, -97.0000, 255, 255, 0
L 744.0000, 6.0000, -97.0000, 744.0000, 9.0000, -97.0000, 255, 255, 0
L 748.5000, 0.0000, -97.0000, 744.0000, 6.0000, -97.0000, 255, 255, 0
L 750.7999, 0.0000, -97.0000, 748.5000, 0.0000, -97.0000, 255, 255, 0
L 744.0000, 9.0000, -97.0000, 744.0000, 12.0000, -97.0000, 255, 255, 0
L 750.7999, 0.0000, -97.0000, 744.0000, 9.0000, -97.0000, 255, 255, 0
L 746.1999, 0.0000, -97.0000, 744.0000, 0.0000, -97.0000, 255, 255, 0
L 744.0000, 3.0000, -97.0000, 744.0000, 6.0000, -97.0000, 255, 255, 0
L 746.1999, 0.0000, -97.0000, 744.0000, 3.0000, -97.0000, 255, 255, 0
L 753.0000, 6.0000, -97.0000, 753.0000, 3.0000, -97.0000, 255, 255, 0
L 748.5000, 12.0000, -97.0000, 746.1999, 12.0000, -97.0000, 255, 255, 0
L 753.0000, 6.0000, -97.0000, 748.5000, 12.0000, -97.0000, 255, 255, 0
L 753.0000, 3.0000, -97.0000, 753.0000, 0.0000, -97.0000, 255, 255, 0
L 746.1999, 12.0000, -97.0000, 744.0000, 12.0000, -97.0000, 255, 255, 0
L 753.0000, 3.0000, -97.0000, 746.1999, 12.0000, -97.0000, 255, 255, 0
L 753.0000, 9.0000, -97.0000, 753.0000, 6.0000, -97.0000, 255, 255, 0
L 750.7999, 12.0000, -97.0000, 748.5000, 12.0000, -97.0000, 255, 255, 0
L 753.0000, 9.0000, -97.0000, 750.7999, 12.0000, -97.0000, 255, 255, 0
L -96.0000, -3.0000, 0.0000, -114.2999, -3.0000, 0.0000, 0, 0, 0
L -94.0000, 12.0000, 0.0000, -96.0000, 12.0000, 0.0000, 0, 0, 0
L -96.0000, -3.0000, 0.0000, -96.0000, 12.0000, 0.0000, 199, 21, 133
L -96.0000, 12.0000, 0.0000, -114.2999, 12.0000, 0.0000, 0, 0, 0
