P -1099.5467, -7.0321, -37.3416, 255, 0, 0, 3, to_The_Northern_Plains_of_Karana
P 2018.0000, -3626.8750, 3.1592, 255, 0, 0, 3, to_The_Gorge_of_King_Xorbb
P -394.5799, -1356.2254, -2.1171, 255, 0, 0, 2, Druid_Ring
P 8333.5820, 3079.1520, 691.4274, 255, 0, 0, 3, to_Highpass_Hold
P -865.0000, -15.0000, 0.0000, 255, 0, 0, 2, Succor
P 674.1934, -1451.2653, 1.5318, 240, 240, 240, 2, Bandit_Camp
P -212.3094, 24.3271, 0.8068, 255, 255, 255, 2, Mile_Marker
P 79.8917, -14.1652, 0.4697, 255, 255, 255, 2, Mile_Marker
P 2315.7133, 3697.1889, -28.2546, 255, 255, 255, 2, Barbarian_Fishing_Village
P 2061.3261, 2701.0766, 2.8833, 255, 255, 255, 2, Farm
P 77.4905, 768.3460, 0.0831, 240, 240, 240, 2, Farm
P 269.9602, 3194.7294, 113.2289, 240, 240, 240, 2, Haunted_Obelisk
P 1272.2952, 2443.0761, 2.3843, 240, 240, 240, 2, Farm
P 4576.1513, 980.9052, 179.6580, 240, 240, 240, 2, Guard_Tower
P 3736.9687, 2345.1398, 99.3456, 240, 240, 240, 2, Guard_Tower
P 6020.8686, 1714.2486, 389.2729, 240, 240, 240, 2, Guard_Tower
P 2503.0000, -1309.0000, 6.8219, 0, 128, 0, 2, Silvia_(Tailor)
P 2634.0000, -1198.0000, 4.5533, 0, 128, 0, 2, Sorn_(General)
P 2645.0000, -1228.0000, 4.5533, 0, 128, 0, 2, Stace_(General)
P 2757.0000, -1306.0000, 6.1443, 0, 128, 0, 2, Lucetta_(General)
P 2722.0000, -1328.0000, 6.1443, 0, 128, 0, 2, Balthazar_(General)
P 2677.0000, -1529.0000, 1.2258, 0, 128, 0, 2, Tanrak_(Weapons)
P 194.0000, 732.0000, 5.3251, 0, 128, 0, 2, Paulina_(General)
P 99.0000, 856.0000, 11.1574, 0, 128, 0, 2, Bradly_(General)
P 137.0000, 891.0000, 11.1574, 0, 128, 0, 2, Julie_(General)
P 12.0000, 886.0000, 10.3108, 0, 128, 0, 2, Bryan_(Fletching)
P 2399.0000, 3790.0000, -47.4976, 0, 128, 0, 2, Sharna_(General)
P 126.8788, 696.3747, 1.6076, 0, 127, 0, 2, Iago_(General)
P 3144.9555, 307.9185, 6.0517, 0, 0, 0, 2, Felodius_Sworddancer
P 5995.3461, 1731.9417, 387.0329, 0, 0, 0, 2, Donrigin_Fleetfoot
P 7476.1542, 3256.2194, 1.5291, 0, 0, 0, 2, Tenal_Redblade
P 6078.6977, 1826.5375, 3.9758, 0, 0, 0, 2, Milea_Clothspinner
P -891.1512, -504.3996, -62.8703, 0, 0, 0, 2, Brynnsu_Frostreaver
P -858.3900, 16.1486, -37.0551, 0, 0, 0, 2, Squire_Wimbley
P 1212.1151, 2429.3964, 1.4579, 0, 0, 0, 2, Brettaru_Tyco
P 1330.8648, 2478.7221, 0.4502, 0, 0, 0, 2, Lgador_Leafwell
P 2189.5336, 3131.0871, 0.0019, 0, 0, 0, 2, Drevlon_Knacknabber_(WAR:1.5)
P 2308.3295, 3541.2465, 0.0019, 0, 0, 0, 2, Leon
P 2165.0788, 3543.6889, 0.7928, 0, 0, 0, 2, Nella_Taraiss
P 1603.8715, 3658.4096, -20.2175, 0, 0, 0, 2, Tholris
P 1598.0843, 3652.1171, -18.9142, 0, 0, 0, 2, Althele
P 1590.7310, 3647.9091, -18.0429, 0, 0, 0, 2, Fang
P 1779.5115, 3461.1059, 0.0019, 0, 0, 0, 2, Ganelorn_Oast
P 2259.4916, 1066.1551, 61.2408, 0, 0, 0, 2, Beanu_Mucktail
P 2348.3671, 1088.7364, 56.1015, 0, 0, 0, 2, Chief_SaNre`Rexsa
P 2368.6972, 1012.6260, 33.5049, 0, 0, 0, 2, Burah_Mucktail
P -759.5504, -1037.1027, -39.9302, 0, 0, 0, 2, Proon_(Roam)
P -476.4208, -14.6059, 2.7129, 0, 0, 0, 2, Broon_(Roam)
P 652.0120, -1528.6442, 1.5466, 0, 0, 0, 2, Tallus_Holton
P -1075.8342, 342.5271, -39.6280, 240, 240, 240, 2, Serpent_River
