L 465.4707, 2614.8620, 174.0608, 442.5667, 2591.9555, 172.9422, 0, 0, 0
L 442.5667, 2591.9555, 172.7166, 419.6305, 2614.8920, 173.8209, 0, 0, 0
L 419.6305, 2614.8920, 173.8869, 425.3460, 2614.8930, 173.8869, 0, 0, 0
L 425.3460, 2614.8930, 173.8489, 442.5644, 2597.6757, 172.9461, 0, 0, 0
L 442.5644, 2597.6757, 172.9461, 459.7866, 2614.9003, 173.8646, 0, 0, 0
L 459.7866, 2614.9003, 173.8868, 465.4707, 2614.8620, 173.9650, 0, 0, 0
L 465.4983, 2623.1093, 174.3362, 459.7794, 2623.1083, 174.3362, 0, 0, 0
L 459.7794, 2623.1083, 174.3847, 442.5645, 2640.3261, 175.2777, 0, 0, 0
L 442.5645, 2640.3261, 175.2777, 425.3545, 2623.1103, 174.3415, 0, 0, 0
L 425.3545, 2623.1103, 174.3362, 419.6269, 2623.1044, 174.3361, 0, 0, 0
L 419.6269, 2623.1044, 174.4144, 442.5640, 2646.0395, 175.5711, 0, 0, 0
L 442.5640, 2646.0395, 175.5304, 465.4983, 2623.1093, 174.4240, 0, 0, 0
L 385.8429, 2694.6088, 177.1143, 409.0544, 2701.9628, 177.9987, 0, 0, 0
L 409.0544, 2701.9628, 177.9987, 399.9463, 2730.7128, 180.0665, 0, 0, 0
L 399.9463, 2730.7128, 180.0665, 371.2333, 2721.6145, 176.9001, 0, 0, 0
L 371.2333, 2721.6145, 176.9001, 378.5486, 2698.3908, 176.4428, 0, 0, 0
L 378.5486, 2698.3908, 176.3492, 375.9174, 2693.3173, 176.0819, 0, 0, 0
L 375.9174, 2693.3173, 175.9256, 366.1207, 2724.2370, 176.1995, 0, 0, 0
L 366.1207, 2724.2370, 176.3482, 402.5890, 2735.7897, 180.2429, 0, 0, 0
L 402.5890, 2735.7897, 180.0683, 413.9393, 2699.2692, 177.5801, 0, 0, 0
L 413.9393, 2699.2692, 177.6323, 383.2114, 2689.5354, 176.6994, 0, 0, 0
L 383.2114, 2689.5354, 176.7206, 385.8429, 2694.6088, 176.9586, 0, 0, 0
P 5905.0224, 4513.1049, 557.5189, 255, 0, 0, 3, to_The_Iceclad_Ocean
P -478.3271, 4075.7482, 144.3554, 255, 0, 0, 3, to_Crystal_Caverns_(click_orb)
P -1067.0418, 3405.2731, 146.6490, 255, 0, 0, 2, from_Crystal_Caverns_(exit_from_lower_level)
P -6675.0000, 1769.0000, 188.1977, 255, 0, 0, 3, to_The_Great_Divide
P -7003.3437, 6248.8447, -304.5281, 255, 0, 0, 3, to_Kael_Drakkel
P 4191.0000, 9091.0000, 142.9384, 255, 0, 0, 3, to_East_Wastes:_Zeixshi-Kar`s_Awakening
P -8.9599, 7252.7529, 158.7349, 255, 0, 0, 3, to_The_Sleeper`s_Tomb
P 4296.0000, 5049.0000, 0.0000, 255, 0, 0, 2, Succor
P 443.0869, 2631.2929, 174.7839, 0, 0, 0, 2, Gloradin_Coldheart
P -78.5299, -215.0429, 29.8359, 0, 0, 0, 2, Corbin_Blackwell
P 3175.8720, 573.6348, 154.0649, 0, 0, 0, 2, Corbin_2
P 1899.3898, 539.9869, 159.8399, 0, 0, 0, 2, Corbin_1
P -3285.1188, 7938.1689, 142.9389, 0, 0, 0, 2, Korrigan
P 2623.9257, 4926.7099, 142.9379, 0, 0, 0, 2, Tain_Hammerfrost
P -3476.8820, 6335.0102, 144.3629, 0, 0, 0, 2, Tanik
P -1565.4147, 2461.1176, 304.9509, 0, 0, 0, 2, Boridain_Glacierbane
P 2158.5158, 7863.3095, 147.2376, 0, 0, 0, 2, Loremaster_Derrin
P -3230.0000, 8083.0000, 0.0000, 0, 0, 0, 2, Icefang
P -77.3120, 7455.4853, 157.8143, 0, 127, 127, 2, Nelef_the_Trader
P -3407.3898, 1741.3476, 138.7891, 255, 255, 255, 2, Kromrif_Fortress
P 66.7705, -429.4951, -11.6760, 255, 255, 255, 2, North-East_Ruins
P 2117.6840, -635.5589, 143.3289, 255, 255, 255, 2, Safe_Tree
P -4213.4340, 9593.1181, 148.5589, 255, 255, 255, 2, Walrus_Safe_Camp
P -4728.9501, 9133.8310, 258.4279, 255, 255, 255, 2, Man_O_War_Hill
P 3208.3046, 548.8659, 154.4819, 255, 255, 255, 2, Coldain_Encampment
P -3285.8520, 6151.1269, 169.3479, 255, 255, 255, 2, Giant_Hill
P -2746.6159, 6412.2519, 142.9399, 255, 255, 255, 2, Shining_Rock
P -500.0000, 3400.0000, 0.0000, 255, 255, 255, 2, Ry`Gorr_Keep
P -153.2866, 7412.2724, 159.1770, 0, 127, 127, 2, Garath_the_Trader
P -3359.5009, 1478.6857, 160.9613, 0, 0, 0, 2, Peffin_Ambersnow_(invis)
P 182.5434, -343.2992, 1.2187, 0, 0, 0, 2, Captain_Ulmog
P -45.0334, -215.8592, 31.9944, 0, 0, 0, 2, Interrogator_of_Ry`Gorr
P -482.4063, 3824.1669, 168.0762, 127, 64, 0, 2, Chief_Ry`Gorr_(Hunter)
P -212.8148, 3843.4982, 145.5725, 127, 64, 0, 2, Firbrand_the_Black_(Hunter)
P -327.8952, 3720.5556, 145.5663, 127, 64, 0, 2, a_Ry`Gorr_minstrel_(Hunter)
P 365.6810, -290.4536, 4.0306, 127, 64, 0, 2, Warden_Bruke_(Hunter)
P -5092.7421, 138.2114, 302.0379, 0, 0, 0, 2, Ekelng_Thunderstone
P 1345.4718, 2835.2890, 147.1091, 0, 0, 240, 1, GS:_Skinning_Rock
P 380.3437, 2710.3327, 177.2795, 0, 0, 0, 2, Deaen_Greyforge
P 389.8700, 2713.8383, 178.5118, 0, 0, 0, 2, Geradain_Glacierbane
P 2428.4064, 2067.2360, 176.8001, 0, 0, 240, 1, GS:_Skinning_Rock
P 3189.5354, 575.5046, 154.9133, 0, 0, 0, 2, Dobbin_Crossaxe
P -2366.1457, 66.2506, 147.3419, 0, 0, 0, 2, Captain_Berradin
P -3447.2050, 1501.2053, 159.4393, 0, 0, 0, 2, Fjloaren_Icebane
P -561.8847, 3832.4008, 149.4706, 0, 0, 0, 2, Oracle_of_Ry`Gorr
P 5133.6816, 4498.6914, 498.3155, 240, 240, 240, 2, The_Gretespaign
