L -3740.8, -985.0, -52.6, -3740.8, -982.9, -52.6, 0, 0, 0
L -3751.2, -995.4, -52.6, -3740.8, -985.0, -52.6, 0, 0, 0
L -3765.9, -995.4, -52.6, -3751.2, -995.4, -52.6, 0, 0, 0
L -3769.1, -992.2, -52.6, -3765.9, -995.4, -52.6, 0, 0, 0
L -3776.3, -985.0, -52.6, -3774.0, -987.4, -52.6, 0, 0, 0
L -3776.3, -970.3, -52.6, -3776.3, -985.0, -52.6, 0, 0, 0
L -3765.9, -959.9, -52.6, -3776.3, -970.3, -52.6, 0, 0, 0
L -3751.2, -959.9, -52.6, -3765.9, -959.9, -52.6, 0, 0, 0
L -3740.8, -970.3, -52.6, -3751.2, -959.9, -52.6, 0, 0, 0
L -3740.8, -972.0, -52.6, -3740.8, -970.3, -52.6, 0, 0, 0
L -3674.9, -1002.5, -53.1, -3676.9, -1002.5, -53.1, 0, 0, 0
L -3664.4, -1013.0, -53.1, -3674.9, -1002.5, -53.1, 0, 0, 0
L -3664.4, -1014.4, -53.1, -3664.4, -1013.0, -53.1, 0, 0, 0
L -3662.4, -1012.8, -53.1, -3662.4, -1015.2, -53.1, 0, 0, 0
L -3652.0, -1002.4, -53.1, -3662.4, -1012.8, -53.1, 0, 0, 0
L -3637.6, -1002.4, -53.1, -3652.0, -1002.4, -53.1, 0, 0, 0
L -3634.1, -1005.6, -53.1, -3637.6, -1002.4, -53.1, 0, 0, 0
L -3626.9, -1012.9, -53.1, -3629.3, -1010.5, -53.1, 0, 0, 0
L -3626.9, -1027.6, -53.1, -3626.9, -1012.9, -53.1, 0, 0, 0
L -3637.3, -1038.0, -53.1, -3626.9, -1027.6, -53.1, 0, 0, 0
L -3651.8, -1038.0, -53.1, -3637.3, -1038.0, -53.1, 0, 0, 0
L -3662.4, -1027.5, -53.1, -3651.8, -1038.0, -53.1, 0, 0, 0
L -3662.4, -1025.7, -53.1, -3662.4, -1027.5, -53.1, 0, 0, 0
L -3664.4, -1027.6, -53.1, -3664.4, -1025.1, -53.1, 0, 0, 0
L -3667.7, -1030.8, -53.1, -3664.4, -1027.6, -53.1, 0, 0, 0
L -3674.9, -1038.0, -53.1, -3672.5, -1035.7, -53.1, 0, 0, 0
L -3677.6, -1038.0, -53.1, -3674.9, -1038.0, -53.1, 0, 0, 0
L -3677.6, -1031.1, -53.1, -3677.6, -1038.0, -53.1, 205, 133, 63
L -3688.4, -1030.9, -53.1, -3677.6, -1031.1, -53.1, 205, 133, 63
L -3688.3, -1034.0, -53.1, -3688.4, -1030.9, -53.1, 205, 133, 63
L -3680.8, -1034.0, -53.1, -3688.3, -1034.0, -53.1, 205, 133, 63
L -3680.8, -1038.0, -53.1, -3680.8, -1034.0, -53.1, 205, 133, 63
L -3689.6, -1038.1, -53.1, -3680.8, -1038.0, -53.1, 0, 0, 0
L -3700.0, -1027.6, -53.1, -3689.6, -1038.1, -53.1, 0, 0, 0
L -3700.0, -1026.6, -53.1, -3700.0, -1027.6, -53.1, 0, 0, 0
L -3702.0, -1027.9, -53.1, -3702.0, -1026.4, -53.1, 0, 0, 0
L -3712.4, -1038.3, -53.1, -3702.0, -1027.9, -53.1, 0, 0, 0
L -3727.1, -1038.3, -53.1, -3712.4, -1038.3, -53.1, 0, 0, 0
L -3730.3, -1035.1, -53.1, -3727.1, -1038.3, -53.1, 0, 0, 0
L -3737.6, -1027.9, -53.1, -3735.2, -1030.3, -53.1, 0, 0, 0
L -3737.6, -1013.6, -53.1, -3737.6, -1027.9, -53.1, 0, 0, 0
L -3727.2, -1002.8, -53.1, -3737.6, -1013.6, -53.1, 0, 0, 0
L -3712.5, -1002.8, -53.1, -3727.2, -1002.8, -53.1, 0, 0, 0
L -3702.1, -1013.2, -53.1, -3712.5, -1002.8, -53.1, 0, 0, 0
L -3702.1, -1014.7, -53.1, -3702.1, -1013.2, -53.1, 0, 0, 0
L -3700.0, -1013.0, -53.1, -3700.2, -1015.7, -53.1, 0, 0, 0
L -3689.6, -1002.5, -53.1, -3700.0, -1013.0, -53.1, 0, 0, 0
L -3688.2, -1002.5, -53.1, -3689.6, -1002.5, -53.1, 0, 0, 0
L -4755.1, -227.7, -52.3, -4755.4, -230.4, -51.9, 0, 0, 0
L -4744.7, -217.3, -52.3, -4755.1, -227.7, -52.3, 0, 0, 0
L -4730.0, -217.3, -52.3, -4744.7, -217.3, -52.3, 0, 0, 0
L -4726.9, -220.5, -52.3, -4730.0, -217.3, -52.3, 0, 0, 0
L -4722.0, -225.3, -52.3, -4726.9, -220.5, -52.3, 0, 0, 0
L -4719.6, -227.7, -52.3, -4722.0, -225.3, -52.3, 0, 0, 0
L -4719.6, -229.2, -52.3, -4719.6, -227.7, -52.3, 0, 0, 0
L -4719.6, -242.4, -52.3, -4719.6, -229.2, -52.3, 0, 0, 0
L -4730.0, -252.8, -52.3, -4719.6, -242.4, -52.3, 0, 0, 0
L -4744.7, -252.8, -52.3, -4730.0, -252.8, -52.3, 0, 0, 0
L -4755.1, -242.4, -52.3, -4744.7, -252.8, -52.3, 0, 0, 0
L -4755.1, -241.0, -52.3, -4755.1, -242.4, -52.3, 0, 0, 0
L -4890.0, -275.6, -52.3, -4890.0, -273.8, -52.3, 0, 0, 0
L -4900.4, -286.0, -52.3, -4890.0, -275.6, -52.3, 0, 0, 0
L -4915.1, -286.0, -52.3, -4900.4, -286.0, -52.3, 0, 0, 0
L -4918.3, -282.8, -52.3, -4915.1, -286.0, -52.3, 0, 0, 0
L -4925.5, -275.6, -52.3, -4923.2, -277.9, -52.3, 0, 0, 0
L -4925.6, -260.9, -52.3, -4925.5, -275.6, -52.3, 0, 0, 0
L -4915.2, -250.5, -52.3, -4925.6, -260.9, -52.3, 0, 0, 0
L -4900.6, -250.5, -52.3, -4915.2, -250.5, -52.3, 0, 0, 0
L -4890.0, -260.9, -52.3, -4900.6, -250.5, -52.3, 0, 0, 0
L -4890.0, -262.5, -52.3, -4890.0, -260.9, -52.3, 0, 0, 0
L -4835.0, -298.0, -51.8, -4836.6, -298.0, -51.8, 0, 0, 0
L -4824.5, -308.5, -51.8, -4835.0, -298.0, -51.8, 0, 0, 0
L -4824.5, -310.5, -51.8, -4824.5, -308.5, -51.8, 0, 0, 0
L -4822.5, -308.3, -51.8, -4822.5, -310.5, -51.8, 0, 0, 0
L -4812.1, -297.9, -51.8, -4822.5, -308.3, -51.8, 0, 0, 0
L -4797.4, -297.9, -51.8, -4812.1, -297.9, -51.8, 0, 0, 0
L -4794.2, -301.1, -51.8, -4797.4, -297.9, -51.8, 0, 0, 0
L -4787.0, -308.3, -51.8, -4789.3, -306.0, -51.8, 0, 0, 0
L -4787.0, -322.5, -51.8, -4787.0, -308.3, -51.8, 0, 0, 0
L -4797.5, -333.4, -51.8, -4787.0, -322.5, -51.8, 0, 0, 0
L -4812.1, -333.4, -51.8, -4797.5, -333.4, -51.8, 0, 0, 0
L -4822.5, -323.0, -51.8, -4812.1, -333.4, -51.8, 0, 0, 0
L -4822.5, -321.8, -51.8, -4822.5, -323.0, -51.8, 0, 0, 0
L -4824.5, -323.1, -51.8, -4824.5, -321.7, -51.8, 0, 0, 0
L -4827.7, -326.3, -51.8, -4824.5, -323.1, -51.8, 0, 0, 0
L -4835.1, -333.5, -51.8, -4832.6, -331.2, -51.8, 0, 0, 0
L -4835.4, -326.4, -51.8, -4835.1, -333.5, -51.8, 205, 133, 63
L -4844.8, -326.6, -51.8, -4835.4, -326.4, -51.8, 205, 133, 63
L -4844.9, -329.8, -51.8, -4844.8, -326.6, -51.8, 205, 133, 63
L -4838.3, -329.7, -51.8, -4844.9, -329.8, -51.8, 205, 133, 63
L -4838.3, -333.5, -51.8, -4838.3, -329.7, -51.8, 205, 133, 63
L -4849.7, -333.5, -51.8, -4838.3, -333.5, -51.8, 0, 0, 0
L -4860.1, -323.1, -51.8, -4849.7, -333.5, -51.8, 0, 0, 0
L -4860.1, -321.3, -51.8, -4860.1, -323.1, -51.8, 0, 0, 0
L -4862.1, -323.4, -51.8, -4862.1, -321.2, -51.8, 0, 0, 0
L -4872.5, -333.8, -51.8, -4862.1, -323.4, -51.8, 0, 0, 0
L -4887.2, -333.8, -51.8, -4872.5, -333.8, -51.8, 0, 0, 0
L -4890.4, -330.6, -51.8, -4887.2, -333.8, -51.8, 0, 0, 0
L -4897.6, -323.4, -51.8, -4895.3, -325.7, -51.8, 0, 0, 0
L -4897.6, -308.7, -51.8, -4897.6, -323.4, -51.8, 0, 0, 0
L -4887.2, -298.3, -51.8, -4897.6, -308.7, -51.8, 0, 0, 0
L -4871.9, -298.9, -51.8, -4887.2, -298.3, -51.8, 0, 0, 0
L -4862.1, -308.6, -51.8, -4871.9, -298.9, -51.8, 0, 0, 0
L -4862.1, -309.7, -51.8, -4862.1, -308.6, -51.8, 0, 0, 0
L -4860.1, -308.5, -51.8, -4860.1, -310.7, -51.8, 0, 0, 0
L -4849.7, -298.0, -51.8, -4860.1, -308.5, -51.8, 0, 0, 0
L -4848.5, -298.0, -51.8, -4849.7, -298.0, -51.8, 0, 0, 0
L -4723.3, 101.0, -54.0, -4724.9, 101.0, -54.0, 0, 0, 0
L -4712.9, 111.4, -54.0, -4723.3, 101.0, -54.0, 0, 0, 0
L -4712.9, 125.1, -54.0, -4712.9, 111.4, -54.0, 0, 0, 0
L -4723.3, 136.5, -54.0, -4712.9, 125.1, -54.0, 0, 0, 0
L -4738.0, 136.5, -54.0, -4723.3, 136.5, -54.0, 0, 0, 0
L -4740.4, 134.1, -54.0, -4738.0, 136.5, -54.0, 0, 0, 0
L -4748.4, 126.1, -54.0, -4745.2, 129.3, -54.0, 0, 0, 0
L -4748.4, 111.4, -54.0, -4748.4, 126.1, -54.0, 0, 0, 0
L -4738.0, 101.0, -54.0, -4748.4, 111.4, -54.0, 0, 0, 0
L -4736.4, 101.0, -54.0, -4738.0, 101.0, -54.0, 0, 0, 0
L -4081.5, -345.7, -52.4, -4071.1, -356.1, -52.4, 0, 0, 0
L -4081.5, -331.0, -52.4, -4081.5, -345.7, -52.4, 0, 0, 0
L -4071.1, -320.6, -52.4, -4081.5, -331.0, -52.4, 0, 0, 0
L -4069.2, -320.6, -52.4, -4071.1, -320.6, -52.4, 0, 0, 0
L -4056.7, -320.6, -52.4, -4059.0, -320.6, -52.4, 0, 0, 0
L -4046.0, -331.0, -52.4, -4056.7, -320.6, -52.4, 0, 0, 0
L -4046.0, -345.7, -52.4, -4046.0, -331.0, -52.4, 0, 0, 0
L -4049.2, -348.9, -52.4, -4046.0, -345.7, -52.4, 0, 0, 0
L -4054.8, -354.5, -52.4, -4054.1, -353.8, -52.4, 0, 0, 0
L -4056.8, -356.1, -52.4, -4054.8, -354.5, -52.4, 0, 0, 0
L -4071.1, -356.1, -52.4, -4056.8, -356.1, -52.4, 0, 0, 0
L -1662.9, 79.9, -52.4, -1664.5, 79.9, -52.4, 0, 0, 0
L -1652.5, 90.3, -52.4, -1662.9, 79.9, -52.4, 0, 0, 0
L -1652.5, 105.0, -52.4, -1652.5, 90.3, -52.4, 0, 0, 0
L -1662.7, 115.2, -52.4, -1652.5, 105.0, -52.4, 0, 0, 0
L -1677.6, 115.4, -52.4, -1662.7, 115.2, -52.4, 0, 0, 0
L -1680.0, 113.0, -52.4, -1677.6, 115.4, -52.4, 0, 0, 0
L -1688.0, 105.0, -52.4, -1684.8, 108.2, -52.4, 0, 0, 0
L -1688.0, 90.3, -52.4, -1688.0, 105.0, -52.4, 0, 0, 0
L -1677.6, 79.9, -52.4, -1688.0, 90.3, -52.4, 0, 0, 0
L -1676.1, 79.9, -52.4, -1677.6, 79.9, -52.4, 0, 0, 0
L -1639.9, 132.4, -54.7, -1652.7, 144.5, -54.7, 0, 0, 0
L -1643.3, 128.8, -54.7, -1639.9, 132.4, -54.7, 0, 0, 0
L -1652.1, 119.7, -54.7, -1648.3, 123.4, -54.7, 0, 0, 0
L -1664.8, 131.8, -54.7, -1652.1, 119.7, -54.7, 0, 0, 0
L -1652.7, 144.5, -54.7, -1664.8, 131.8, -54.7, 0, 0, 0
L -1007.5, -645.2, -52.4, -1007.5, -643.0, -52.4, 0, 0, 0
L -1017.9, -655.6, -52.4, -1007.5, -645.2, -52.4, 0, 0, 0
L -1032.6, -655.6, -52.4, -1017.9, -655.6, -52.4, 0, 0, 0
L -1035.8, -652.4, -52.4, -1032.6, -655.6, -52.4, 0, 0, 0
L -1043.0, -645.2, -52.4, -1040.7, -647.6, -52.4, 0, 0, 0
L -1043.0, -630.5, -52.4, -1043.0, -645.2, -52.4, 0, 0, 0
L -1032.6, -620.1, -52.4, -1043.0, -630.5, -52.4, 0, 0, 0
L -1017.9, -620.1, -52.4, -1032.6, -620.1, -52.4, 0, 0, 0
L -1007.5, -630.5, -52.4, -1017.9, -620.1, -52.4, 0, 0, 0
L -1007.5, -632.4, -52.4, -1007.5, -630.5, -52.4, 0, 0, 0
L -1012.4, -574.9, -54.7, -1023.3, -561.1, -54.7, 0, 0, 0
L -1016.0, -577.7, -54.7, -1012.4, -574.9, -54.7, 0, 0, 0
L -1026.3, -585.7, -54.7, -1023.4, -583.5, -54.7, 0, 0, 0
L -1037.1, -571.9, -54.7, -1026.3, -585.7, -54.7, 0, 0, 0
L -1023.3, -561.1, -54.7, -1037.1, -571.9, -54.7, 0, 0, 0
L -1022.8, -584.5, -54.7, -1024.1, -585.6, -54.7, 0, 0, 0
L -1010.7, -575.1, -54.7, -1015.5, -578.8, -54.7, 0, 0, 0
L -1023.0, -559.3, -54.7, -1010.7, -575.1, -54.7, 0, 0, 0
L -1038.9, -571.7, -54.7, -1023.0, -559.3, -54.7, 0, 0, 0
L -1026.5, -587.5, -54.7, -1038.9, -571.7, -54.7, 0, 0, 0
L -1024.1, -585.6, -54.7, -1024.2, -585.6, -54.7, 0, 0, 0
L -1024.1, -585.6, -54.7, -1026.5, -587.5, -54.7, 0, 0, 0
L -963.5, -583.7, -52.6, -965.1, -583.7, -52.6, 0, 0, 0
L -953.1, -573.3, -52.6, -963.5, -583.7, -52.6, 0, 0, 0
L -953.1, -558.6, -52.6, -953.1, -573.3, -52.6, 0, 0, 0
L -963.5, -548.2, -52.6, -953.1, -558.6, -52.6, 0, 0, 0
L -978.2, -548.2, -52.6, -963.5, -548.2, -52.6, 0, 0, 0
L -980.6, -550.5, -52.6, -978.2, -548.2, -52.6, 0, 0, 0
L -988.6, -558.6, -52.6, -985.5, -555.4, -52.6, 0, 0, 0
L -988.6, -573.3, -52.6, -988.6, -558.6, -52.6, 0, 0, 0
L -978.2, -583.7, -52.6, -988.6, -573.3, -52.6, 0, 0, 0
L -976.2, -583.7, -52.6, -978.2, -583.7, -52.6, 0, 0, 0
L -911.7, -592.4, -52.6, -911.2, -592.4, -52.6, 0, 0, 0
L -911.2, -592.4, -52.6, -910.7, -592.4, -52.6, 0, 0, 0
L -912.5, -592.4, -52.6, -911.2, -592.4, -52.6, 0, 0, 0
L -922.9, -582.0, -52.6, -912.5, -592.4, -52.6, 0, 0, 0
L -922.9, -567.3, -52.6, -922.9, -582.0, -52.6, 0, 0, 0
L -919.8, -564.1, -52.6, -922.9, -567.3, -52.6, 0, 0, 0
L -912.5, -556.9, -52.6, -914.9, -559.3, -52.6, 0, 0, 0
L -897.8, -556.9, -52.6, -912.5, -556.9, -52.6, 0, 0, 0
L -887.4, -567.6, -52.6, -897.8, -556.9, -52.6, 0, 0, 0
L -887.4, -582.0, -52.6, -887.4, -567.6, -52.6, 0, 0, 0
L -897.8, -592.4, -52.6, -887.4, -582.0, -52.6, 0, 0, 0
L -899.0, -592.4, -52.6, -897.8, -592.4, -52.6, 0, 0, 0
L 339.6, -12.4, -51.3, 942.8, -5.8, -51.1, 205, 133, 63
L -3790.1, -453.4, 2.2, -3792.2, -457.0, 3.3, 0, 0, 0
L -3810.7, -453.0, 2.2, -3790.1, -453.4, 2.2, 0, 0, 0
L -3813.1, -469.8, 1.8, -3810.7, -453.0, 2.2, 0, 0, 0
L -3792.2, -469.4, 1.6, -3813.1, -469.8, 1.8, 0, 0, 0
L -3792.2, -456.8, 3.3, -3792.2, -469.4, 1.6, 0, 0, 0
L -2790.0, 984.1, -36.5, -2794.4, 990.5, -35.9, 0, 0, 0
L -2784.9, 989.6, -32.9, -2790.0, 984.1, -36.5, 0, 0, 0
L -2789.7, 995.3, -32.8, -2784.9, 989.6, -32.9, 0, 0, 0
L -2794.0, 990.9, -35.7, -2789.7, 995.3, -32.8, 0, 0, 0
L -2833.4, 989.7, -38.8, -2836.2, 990.0, -38.7, 0, 0, 0
L -2834.9, 998.5, -36.0, -2833.4, 989.7, -38.8, 0, 0, 0
L -2843.0, 996.4, -36.7, -2834.9, 998.5, -36.0, 0, 0, 0
L -2841.2, 989.3, -38.9, -2843.0, 996.4, -36.7, 0, 0, 0
L -2836.5, 989.9, -38.7, -2841.2, 989.3, -38.9, 0, 0, 0
L -2817.9, 995.1, -37.1, -2821.7, 994.9, -37.1, 0, 0, 0
L -2819.0, 1003.0, -34.5, -2817.9, 995.1, -37.1, 0, 0, 0
L -2826.6, 1002.2, -34.8, -2819.0, 1003.0, -34.5, 0, 0, 0
L -2825.7, 994.1, -37.4, -2826.6, 1002.2, -34.8, 0, 0, 0
L -2821.9, 994.8, -37.2, -2825.7, 994.1, -37.4, 0, 0, 0
L -2814.5, 973.0, -44.1, -2813.3, 967.6, -45.9, 0, 0, 0
L -2830.8, 969.5, -45.2, -2814.5, 973.0, -44.1, 0, 0, 0
L -2824.7, 953.4, -50.4, -2830.8, 969.5, -45.2, 0, 0, 0
L -2810.2, 957.7, -49.0, -2824.7, 953.4, -50.4, 0, 0, 0
L -2813.4, 967.8, -45.8, -2810.2, 957.7, -49.0, 0, 0, 0
L -2795.0, 966.2, -43.9, -2795.1, 966.0, -43.9, 0, 0, 0
L -2793.3, 962.1, -44.6, -2795.0, 966.2, -43.9, 0, 0, 0
L -2786.6, 963.7, -41.8, -2793.3, 962.1, -44.6, 0, 0, 0
L -2788.4, 972.1, -39.7, -2786.6, 963.7, -41.8, 0, 0, 0
L -2795.8, 969.8, -43.0, -2788.4, 972.1, -39.7, 0, 0, 0
L -2794.9, 965.9, -44.0, -2795.8, 969.8, -43.0, 0, 0, 0
L -2810.2, 941.1, -54.3, -2805.3, 942.9, -53.7, 0, 0, 0
L -2807.9, 933.1, -53.6, -2810.2, 941.1, -54.3, 0, 0, 0
L -2800.2, 935.2, -52.4, -2807.9, 933.1, -53.6, 0, 0, 0
L -2801.9, 943.5, -52.7, -2800.2, 935.2, -52.4, 0, 0, 0
L -2805.7, 942.8, -53.8, -2801.9, 943.5, -52.7, 0, 0, 0
L -2821.4, 928.8, -53.0, -2823.5, 936.7, -54.2, 0, 0, 0
L -2813.2, 930.6, -53.3, -2821.4, 928.8, -53.0, 0, 0, 0
L -2815.6, 939.0, -54.6, -2813.2, 930.6, -53.3, 0, 0, 0
L -2823.2, 936.8, -54.2, -2815.6, 939.0, -54.6, 0, 0, 0
L -2852.0, 958.2, -48.8, -2854.9, 957.8, -49.0, 0, 0, 0
L -2853.8, 966.1, -46.3, -2852.0, 958.2, -48.8, 0, 0, 0
L -2862.6, 963.8, -47.1, -2853.8, 966.1, -46.3, 0, 0, 0
L -2860.6, 956.3, -49.5, -2862.6, 963.8, -47.1, 0, 0, 0
L -2854.9, 957.8, -49.0, -2860.6, 956.3, -49.5, 0, 0, 0
L -2847.1, 943.1, -53.7, -2848.3, 943.1, -53.7, 0, 0, 0
L -2849.5, 951.0, -51.1, -2847.1, 943.1, -53.7, 0, 0, 0
L -2857.8, 948.7, -51.9, -2849.5, 951.0, -51.1, 0, 0, 0
L -2855.4, 941.3, -54.2, -2857.8, 948.7, -51.9, 0, 0, 0
L -2848.5, 943.0, -53.7, -2855.4, 941.3, -54.2, 0, 0, 0
L 118.3, 2422.2, 0.6, 82.5, 2480.5, 0.6, 199, 21, 133
L -611.5, -1432.9, -17.8, -685.5, -1379.6, -17.8, 0, 0, 0
L -584.3, -1526.6, -17.4, -611.5, -1432.9, -17.8, 0, 0, 0
L -648.2, -1447.4, -17.8, -699.6, -1409.9, -17.8, 0, 0, 0
L -626.8, -1524.0, -17.8, -648.2, -1447.4, -17.8, 0, 0, 0
L -584.3, -1526.6, -17.4, -626.8, -1524.0, -17.8, 199, 21, 133
L -4986.3, 969.5, -17.2, -4961.9, 1177.1, 75.9, 199, 21, 133
L -5047.1, -441.1, -51.5, -4986.3, 969.5, -17.2, 199, 21, 133
L 1520.8, -576.7, -50.7, 1059.0, -574.2, -20.0, 0, 0, 0
L 1059.0, -574.2, -20.0, 944.8, -594.5, 28.8, 0, 0, 0
L 944.8, -594.5, 28.8, 826.1, -736.2, 61.5, 0, 0, 0
L 826.1, -736.2, 61.5, 508.1, -969.0, 55.7, 0, 0, 0
L 508.1, -969.0, 55.7, 300.2, -1081.1, 59.6, 0, 0, 0
L 300.2, -1081.1, 59.6, -5.0, -1163.6, 89.7, 0, 0, 0
L -5.0, -1163.6, 89.7, -254.4, -1183.7, 59.5, 0, 0, 0
L -254.4, -1183.7, 59.5, -621.7, -1181.5, 55.2, 0, 0, 0
L -621.7, -1181.5, 55.2, -739.7, -1201.7, 11.5, 0, 0, 0
L -739.7, -1201.7, 11.5, -803.2, -1288.4, -17.4, 0, 0, 0
L -803.2, -1288.4, -17.4, -802.8, -1328.4, -17.8, 0, 0, 0
L -802.8, -1328.4, -17.8, -685.5, -1379.6, -17.8, 0, 0, 0
L -699.6, -1409.9, -17.8, -763.3, -1390.9, -17.8, 0, 0, 0
L -763.3, -1390.9, -17.8, -872.6, -1327.6, -17.0, 0, 0, 0
L -872.6, -1327.6, -17.0, -916.7, -1252.8, 8.6, 0, 0, 0
L -916.7, -1252.8, 8.6, -927.8, -1189.2, 23.2, 0, 0, 0
L -927.8, -1189.2, 23.2, -1004.1, -1164.3, 39.3, 0, 0, 0
L -1004.1, -1164.3, 39.3, -1095.0, -1200.7, 58.8, 0, 0, 0
L -1095.0, -1200.7, 58.8, -1318.9, -1223.5, 118.7, 0, 0, 0
L -1318.9, -1223.5, 118.7, -1713.4, -1220.6, 97.1, 0, 0, 0
L -1713.4, -1220.6, 97.1, -2252.8, -1200.0, 78.0, 0, 0, 0
L -2252.8, -1200.0, 78.0, -2546.9, -1206.4, 161.1, 0, 0, 0
L -2546.9, -1206.4, 161.1, -3095.7, -1199.4, 69.0, 0, 0, 0
L -3095.7, -1199.4, 69.0, -3321.1, -1152.7, 83.7, 0, 0, 0
L -3321.1, -1152.7, 83.7, -3932.8, -1194.7, 70.4, 0, 0, 0
L -3932.8, -1194.7, 70.4, -4207.1, -1197.6, 76.3, 0, 0, 0
L -4207.1, -1197.6, 76.3, -4728.0, -1179.9, 48.6, 0, 0, 0
L -5047.1, -441.1, -51.5, -4940.3, -1167.8, 88.4, 199, 21, 133
L -4940.3, -1167.8, 88.4, -4724.6, -1181.0, 47.3, 0, 0, 0
L -4968.8, 1177.1, 74.8, -4168.8, 1176.3, 103.4, 0, 0, 0
L -4168.8, 1176.3, 103.4, -3385.0, 1159.6, 95.7, 0, 0, 0
L -3385.0, 1159.6, 95.7, -2851.0, 1174.9, 109.6, 0, 0, 0
L -2851.0, 1174.9, 109.6, -2189.8, 1174.2, 116.6, 0, 0, 0
L -2189.8, 1174.2, 116.6, -1882.3, 1130.0, 145.9, 0, 0, 0
L -1882.3, 1130.0, 145.9, -1132.7, 1173.1, 111.5, 0, 0, 0
L -1132.7, 1173.1, 111.5, -897.1, 1160.8, 66.0, 0, 0, 0
L -798.4, 1157.8, 75.1, -400.0, 1131.4, 78.8, 0, 0, 0
L -400.0, 1131.4, 78.8, -146.0, 1167.5, 83.7, 0, 0, 0
L -146.0, 1167.5, 83.7, 367.6, 1015.2, 41.0, 0, 0, 0
L 367.6, 1015.2, 41.0, 530.2, 978.1, 55.5, 0, 0, 0
L 530.2, 978.1, 55.5, 557.9, 901.9, 82.8, 0, 0, 0
L 557.9, 901.9, 82.8, 659.4, 795.2, 92.6, 0, 0, 0
L 659.4, 795.2, 92.6, 697.2, 740.3, 150.7, 0, 0, 0
L 697.2, 740.3, 150.7, 786.3, 566.2, 84.0, 0, 0, 0
L 786.3, 566.2, 84.0, 947.1, 562.5, -14.7, 0, 0, 0
L 947.1, 562.5, -14.7, 1049.5, 556.3, -45.8, 0, 0, 0
L 1049.5, 556.3, -45.8, 1078.1, 573.8, -50.7, 0, 0, 0
L 1078.1, 573.8, -50.7, 1530.0, 576.6, -50.7, 0, 0, 0
L 1530.0, 576.6, -50.7, 1588.4, 577.0, -50.7, 0, 0, 0
L 1588.4, 577.0, -50.7, 1573.5, -576.7, -50.7, 199, 21, 133
L 1573.5, -576.7, -50.7, 1516.8, -576.7, -50.7, 0, 0, 0
L 338.9, -11.9, -51.3, -366.0, -14.5, -51.6, 205, 133, 63
L -366.0, -14.5, -51.6, -634.0, 286.7, -51.6, 205, 133, 63
L -634.0, 286.7, -51.6, -1159.9, 291.8, -51.6, 205, 133, 63
L -1159.9, 291.8, -51.6, -1236.5, 183.1, -51.6, 205, 133, 63
L -1236.5, 183.1, -51.6, -1317.9, 130.9, -51.6, 205, 133, 63
L -1317.9, 130.9, -51.6, -1381.0, 65.4, -51.6, 205, 133, 63
L -1381.0, 65.4, -51.6, -1446.9, -19.3, -51.6, 205, 133, 63
L -1446.9, -19.3, -51.6, -1863.0, -10.5, -51.6, 205, 133, 63
L -1863.0, -10.5, -51.6, -1949.2, 108.3, -51.6, 205, 133, 63
L -1949.2, 108.3, -51.6, -2048.0, 174.3, -51.6, 205, 133, 63
L -2048.0, 174.3, -51.6, -2047.4, 301.4, -51.6, 205, 133, 63
L -2047.4, 301.4, -51.6, -2132.0, 387.0, -51.6, 205, 133, 63
L -2132.0, 387.0, -51.6, -2349.8, 394.6, -51.6, 205, 133, 63
L -2349.8, 394.6, -51.6, -2444.9, 281.9, -49.7, 205, 133, 63
L -2444.9, 281.9, -49.7, -2962.2, 290.2, -51.6, 205, 133, 63
L -2962.2, 290.2, -51.6, -3047.7, 209.6, -52.0, 205, 133, 63
L -3047.7, 209.6, -52.0, -3047.3, -24.2, -51.6, 205, 133, 63
L -3047.3, -24.2, -51.6, -3139.0, -107.4, -51.6, 205, 133, 63
L -3139.0, -107.4, -51.6, -3756.9, -114.7, -51.6, 205, 133, 63
L -3756.9, -114.7, -51.6, -3834.0, -10.4, -51.6, 205, 133, 63
L -3834.0, -10.4, -51.6, -4441.3, -9.1, -51.5, 205, 133, 63
L -4450.0, -9.1, -51.5, -4895.2, -9.9, -65.2, 205, 133, 63
L -4895.2, -9.9, -65.2, -5035.4, -9.9, -73.3, 205, 133, 63
L -4441.3, -9.1, -51.5, -4454.8, -423.1, -51.5, 205, 133, 63
L -4454.8, -423.1, -51.5, -4160.6, -711.1, -51.6, 205, 133, 63
L -4160.6, -711.1, -51.6, -4055.6, -714.7, -56.1, 205, 133, 63
L 333.6, -14.4, -51.3, 248.6, -93.3, -51.3, 205, 133, 63
L 248.6, -93.3, -51.3, 250.7, -411.7, -46.9, 205, 133, 63
L 250.7, -411.7, -46.9, 51.1, -617.2, -51.3, 205, 133, 63
L 51.1, -617.2, -51.3, -358.1, -608.1, -51.6, 205, 133, 63
L -358.1, -608.1, -51.6, -451.5, -698.7, -51.6, 205, 133, 63
L -451.5, -698.7, -51.6, -447.4, -922.7, -51.6, 205, 133, 63
L -447.4, -922.7, -51.6, -539.8, -1016.6, -51.6, 205, 133, 63
L -539.8, -1016.6, -51.6, -829.9, -1015.1, -39.7, 205, 133, 63
L -829.9, -1015.1, -39.7, -857.4, -1054.3, -30.1, 205, 133, 63
L -857.4, -1054.3, -30.1, -848.9, -1121.2, -29.6, 205, 133, 63
L -800.8, 1155.5, 1.5, -798.5, 1247.4, 3.8, 0, 0, 0
L -798.5, 1247.4, 3.8, -728.2, 1349.0, 3.8, 0, 0, 0
L -728.2, 1349.0, 3.8, -680.0, 1511.4, 3.8, 0, 0, 0
L -680.0, 1511.4, 3.8, -679.9, 1581.1, 3.8, 0, 0, 0
L -679.9, 1581.1, 3.8, -626.7, 1647.9, 3.8, 0, 0, 0
L -626.7, 1647.9, 3.8, -439.8, 1645.6, 3.8, 0, 0, 0
L -439.8, 1645.6, 3.8, -255.8, 1622.6, 3.8, 0, 0, 0
L -255.8, 1622.6, 3.8, -71.0, 1734.3, 3.8, 0, 0, 0
L -71.0, 1734.3, 3.8, -15.3, 1742.2, 3.8, 0, 0, 0
L -15.3, 1742.2, 3.8, -12.8, 1542.1, 6.7, 0, 0, 0
L -12.8, 1542.1, 6.7, 186.2, 1503.9, 3.8, 0, 0, 0
L 186.2, 1503.9, 3.8, 319.4, 1510.6, 6.6, 0, 0, 0
L 319.4, 1510.6, 6.6, 421.9, 1613.1, 3.8, 0, 0, 0
L 421.9, 1613.1, 3.8, 415.8, 1709.2, 0.6, 0, 0, 0
L 415.8, 1709.2, 0.6, 411.2, 1764.0, 0.6, 0, 0, 0
L 411.2, 1764.0, 0.6, 407.1, 1804.5, 0.6, 0, 0, 0
L 407.1, 1804.5, 0.6, 328.2, 1883.3, 0.6, 0, 0, 0
L 328.2, 1883.3, 0.6, 219.4, 1876.5, 0.6, 0, 0, 0
L 219.4, 1876.5, 0.6, 199.5, 1875.0, 0.6, 0, 0, 0
L 199.5, 1875.0, 0.6, 143.5, 1857.8, 0.6, 0, 0, 0
L 143.5, 1857.8, 0.6, 92.7, 1842.7, 0.6, 0, 0, 0
L 92.7, 1842.7, 0.6, 53.1, 1889.9, 0.6, 0, 0, 0
L 53.1, 1889.9, 0.6, 23.9, 2008.6, 0.6, 0, 0, 0
L 23.9, 2008.6, 0.6, 16.6, 2114.9, 0.6, 0, 0, 0
L 16.6, 2114.9, 0.6, -84.5, 2279.7, 0.6, 0, 0, 0
L -84.5, 2279.7, 0.6, 50.4, 2412.5, 0.6, 0, 0, 0
L 50.4, 2412.5, 0.6, 275.6, 2442.9, 0.6, 0, 0, 0
L 264.0, 2514.1, 0.6, 45.3, 2472.7, 0.6, 0, 0, 0
L 45.3, 2472.7, 0.6, -47.6, 2433.5, 0.6, 0, 0, 0
L -47.6, 2433.5, 0.6, -169.2, 2306.9, 0.6, 0, 0, 0
L -169.2, 2306.9, 0.6, -46.4, 1993.2, 0.6, 0, 0, 0
L -46.4, 1993.2, 0.6, -40.9, 1879.0, 0.6, 0, 0, 0
L -40.9, 1879.0, 0.6, -103.0, 1779.2, 0.6, 0, 0, 0
L -103.0, 1779.2, 0.6, -296.6, 1692.1, 0.6, 0, 0, 0
L -296.6, 1692.1, 0.6, -479.6, 1720.9, 0.6, 0, 0, 0
L -479.6, 1720.9, 0.6, -678.2, 1698.9, 0.6, 0, 0, 0
L -678.2, 1698.9, 0.6, -773.2, 1566.5, 0.6, 0, 0, 0
L -773.2, 1566.5, 0.6, -799.6, 1385.2, 0.6, 0, 0, 0
L -799.6, 1385.2, 0.6, -901.0, 1244.8, 0.6, 0, 0, 0
L -901.0, 1244.8, 0.6, -901.4, 1160.1, -1.7, 0, 0, 0
L 841.0, 158.2, -54.4, 839.0, 158.2, -54.4, 0, 0, 0
L 839.0, 158.2, -54.4, 827.2, 169.4, -54.4, 0, 0, 0
L 827.2, 169.4, -54.4, 826.8, 185.6, -54.4, 0, 0, 0
L 826.8, 185.6, -54.4, 830.4, 189.9, -54.4, 0, 0, 0
L 830.4, 189.9, -54.4, 826.8, 193.9, -54.4, 0, 0, 0
L 826.8, 193.9, -54.4, 830.8, 197.7, -54.4, 0, 0, 0
L 830.8, 197.7, -54.4, 831.6, 198.4, -54.4, 0, 0, 0
L 831.6, 198.4, -54.4, 835.3, 194.8, -54.4, 0, 0, 0
L 835.3, 194.8, -54.4, 838.2, 197.7, -54.4, 0, 0, 0
L 838.2, 197.7, -54.4, 855.3, 197.9, -54.4, 0, 0, 0
L 855.3, 197.9, -54.4, 866.3, 186.4, -54.4, 0, 0, 0
L 866.3, 186.4, -54.4, 866.3, 169.5, -54.4, 0, 0, 0
L 866.3, 169.5, -54.4, 854.8, 158.2, -54.4, 0, 0, 0
L 854.8, 158.2, -54.4, 851.8, 158.2, -54.4, 0, 0, 0
L 806.6, 127.5, -54.4, 806.6, 130.2, -54.4, 0, 0, 0
L 806.6, 130.2, -54.4, 795.0, 142.1, -54.4, 0, 0, 0
L 795.0, 142.1, -54.4, 778.7, 142.1, -54.4, 0, 0, 0
L 778.7, 142.1, -54.4, 766.9, 129.4, -54.4, 0, 0, 0
L 766.9, 129.4, -54.4, 766.9, 114.6, -54.4, 0, 0, 0
L 766.9, 114.6, -54.4, 770.0, 111.0, -54.4, 0, 0, 0
L 770.0, 111.0, -54.4, 766.4, 107.4, -54.4, 0, 0, 0
L 766.4, 107.4, -54.4, 770.4, 103.0, -54.4, 0, 0, 0
L 770.4, 103.0, -54.4, 774.9, 106.1, -54.4, 0, 0, 0
L 774.9, 106.1, -54.4, 778.6, 102.4, -54.4, 0, 0, 0
L 778.6, 102.4, -54.4, 795.1, 102.5, -54.4, 0, 0, 0
L 795.1, 102.5, -54.4, 806.4, 113.9, -54.4, 0, 0, 0
L 806.4, 113.9, -54.4, 806.6, 116.7, -54.4, 0, 0, 0
L 850.0, -166.0, -54.4, 847.4, -166.0, -54.4, 0, 0, 0
L 847.4, -166.0, -54.4, 835.6, -177.4, -54.4, 0, 0, 0
L 835.6, -177.4, -54.4, 835.6, -194.3, -54.4, 0, 0, 0
L 835.6, -194.3, -54.4, 847.3, -205.8, -54.4, 0, 0, 0
L 847.3, -205.8, -54.4, 863.5, -205.7, -54.4, 0, 0, 0
L 863.5, -205.7, -54.4, 866.6, -202.6, -54.4, 0, 0, 0
L 866.6, -202.6, -54.4, 869.9, -206.0, -54.4, 0, 0, 0
L 869.9, -206.0, -54.4, 875.2, -201.2, -54.4, 0, 0, 0
L 875.2, -201.2, -54.4, 871.4, -197.7, -54.4, 0, 0, 0
L 871.4, -197.7, -54.4, 875.1, -193.9, -54.4, 0, 0, 0
L 875.1, -193.9, -54.4, 875.2, -177.3, -54.4, 0, 0, 0
L 875.2, -177.3, -54.4, 863.8, -166.3, -54.4, 0, 0, 0
L 863.8, -166.3, -54.4, 860.8, -166.0, -54.4, 0, 0, 0
L -111.3, 163.3, -53.9, -108.6, 163.3, -53.9, 0, 0, 0
L -108.6, 163.3, -53.9, -97.7, 173.8, -53.7, 0, 0, 0
L -97.7, 173.8, -53.7, -87.1, 163.2, -54.2, 0, 0, 0
L -87.1, 163.2, -54.2, -70.2, 163.6, -54.4, 0, 0, 0
L -70.2, 163.6, -54.4, -59.4, 174.6, -54.4, 0, 0, 0
L -59.4, 174.6, -54.4, -59.2, 191.4, -54.2, 0, 0, 0
L -59.2, 191.4, -54.2, -62.2, 194.4, -54.1, 0, 0, 0
L -62.2, 194.4, -54.1, -58.7, 198.3, -54.1, 0, 0, 0
L -58.7, 198.3, -54.1, -63.7, 203.2, -53.8, 0, 0, 0
L -63.7, 203.2, -53.8, -67.1, 199.3, -53.8, 0, 0, 0
L -67.1, 199.3, -53.8, -71.6, 203.0, -53.6, 0, 0, 0
L -71.6, 203.0, -53.6, -87.4, 202.7, -53.3, 0, 0, 0
L -87.4, 202.7, -53.3, -97.7, 192.4, -53.3, 0, 0, 0
L -97.7, 192.4, -53.3, -108.5, 203.0, -53.0, 0, 0, 0
L -108.5, 203.0, -53.0, -124.7, 202.9, -53.0, 0, 0, 0
L -124.7, 202.9, -53.0, -127.7, 199.9, -53.1, 0, 0, 0
L -127.7, 199.9, -53.1, -130.9, 203.2, -53.0, 0, 0, 0
L -130.9, 203.2, -53.0, -135.6, 199.4, -53.1, 0, 0, 0
L -135.6, 199.4, -53.1, -132.5, 195.0, -53.2, 0, 0, 0
L -132.5, 195.0, -53.2, -135.3, 192.3, -53.3, 0, 0, 0
L -135.3, 192.3, -53.3, -145.7, 202.7, -53.2, 0, 0, 0
L -145.7, 202.7, -53.2, -162.4, 203.0, -53.6, 0, 0, 0
L -162.4, 203.0, -53.6, -173.8, 191.7, -53.9, 0, 0, 0
L -173.8, 191.7, -53.9, -174.0, 174.8, -53.9, 0, 0, 0
L -174.0, 174.8, -53.9, -171.0, 171.9, -53.8, 0, 0, 0
L -171.0, 171.9, -53.8, -174.3, 168.6, -53.9, 0, 0, 0
L -174.3, 168.6, -53.9, -170.3, 163.6, -54.0, 0, 0, 0
L -170.3, 163.6, -54.0, -166.2, 167.0, -53.9, 0, 0, 0
L -166.2, 167.0, -53.9, -162.6, 163.4, -54.0, 0, 0, 0
L -162.6, 163.4, -54.0, -146.3, 163.3, -54.0, 0, 0, 0
L -146.3, 163.3, -54.0, -135.3, 174.0, -53.7, 0, 0, 0
L -135.3, 174.0, -53.7, -124.6, 163.3, -53.9, 0, 0, 0
L -124.6, 163.3, -53.9, -121.4, 163.3, -53.5, 0, 0, 0
L -51.1, 140.7, -54.4, -51.0, 143.3, -54.4, 0, 0, 0
L -51.0, 143.3, -54.4, -39.7, 154.6, -54.4, 0, 0, 0
L -39.7, 154.6, -54.4, -23.1, 154.8, -54.4, 0, 0, 0
L -23.1, 154.8, -54.4, -19.4, 151.1, -54.4, 0, 0, 0
L -19.4, 151.1, -54.4, -15.6, 154.6, -54.4, 0, 0, 0
L -15.6, 154.6, -54.4, -10.9, 149.7, -54.4, 0, 0, 0
L -10.9, 149.7, -54.4, -14.5, 146.2, -54.4, 0, 0, 0
L -14.5, 146.2, -54.4, -11.1, 142.3, -54.4, 0, 0, 0
L -11.1, 142.3, -54.4, -11.5, 127.0, -54.4, 0, 0, 0
L -11.5, 127.0, -54.4, -23.2, 115.1, -54.4, 0, 0, 0
L -23.2, 115.1, -54.4, -39.4, 115.1, -54.4, 0, 0, 0
L -39.4, 115.1, -54.4, -51.1, 127.8, -54.4, 0, 0, 0
L -51.1, 127.8, -54.4, -51.1, 130.0, -54.4, 0, 0, 0
L -210.9, 113.8, -54.6, -210.9, 111.3, -54.6, 0, 0, 0
L -210.9, 111.3, -54.6, -222.9, 99.3, -54.6, 0, 0, 0
L -222.9, 99.3, -54.6, -238.9, 99.5, -54.6, 0, 0, 0
L -238.9, 99.5, -54.6, -242.6, 103.2, -54.6, 0, 0, 0
L -242.6, 103.2, -54.6, -246.2, 99.7, -54.6, 0, 0, 0
L -246.2, 99.7, -54.6, -251.2, 104.6, -54.7, 0, 0, 0
L -251.2, 104.6, -54.7, -247.5, 108.1, -54.7, 0, 0, 0
L -247.5, 108.1, -54.7, -250.5, 111.4, -54.7, 0, 0, 0
L -250.5, 111.4, -54.7, -250.5, 127.6, -54.7, 0, 0, 0
L -250.5, 127.6, -54.7, -238.6, 139.4, -54.6, 0, 0, 0
L -238.6, 139.4, -54.6, -222.4, 139.1, -54.6, 0, 0, 0
L -222.4, 139.1, -54.6, -210.8, 127.5, -54.6, 0, 0, 0
L -210.8, 127.5, -54.6, -210.9, 124.6, -54.6, 0, 0, 0
L -965.4, -585.7, -54.7, -961.9, -585.3, -54.7, 0, 0, 0
L -961.9, -585.3, -54.7, -950.6, -573.7, -54.7, 0, 0, 0
L -950.6, -573.7, -54.7, -950.8, -558.0, -54.7, 0, 0, 0
L -950.8, -558.0, -54.7, -963.5, -546.0, -54.7, 0, 0, 0
L -963.5, -546.0, -54.7, -978.5, -546.0, -54.7, 0, 0, 0
L -978.5, -546.0, -54.7, -982.0, -549.1, -54.7, 0, 0, 0
L -982.0, -549.1, -54.7, -985.5, -545.5, -54.7, 0, 0, 0
L -985.5, -545.5, -54.7, -990.2, -550.5, -54.7, 0, 0, 0
L -990.2, -550.5, -54.7, -986.8, -554.0, -54.7, 0, 0, 0
L -986.8, -554.0, -54.7, -990.5, -557.6, -54.7, 0, 0, 0
L -990.5, -557.6, -54.7, -990.4, -574.4, -54.7, 0, 0, 0
L -990.4, -574.4, -54.7, -978.7, -585.8, -54.7, 0, 0, 0
L -978.7, -585.8, -54.7, -976.2, -585.7, -54.7, 0, 0, 0
L -910.6, -594.4, -54.7, -912.9, -594.4, -54.7, 0, 0, 0
L -912.9, -594.4, -54.7, -925.0, -582.4, -54.7, 0, 0, 0
L -925.0, -582.4, -54.7, -924.7, -566.1, -54.7, 0, 0, 0
L -924.7, -566.1, -54.7, -921.2, -562.7, -54.7, 0, 0, 0
L -921.2, -562.7, -54.7, -924.8, -558.4, -54.7, 0, 0, 0
L -924.8, -558.4, -54.7, -920.3, -554.5, -54.7, 0, 0, 0
L -920.3, -554.5, -54.7, -916.3, -557.8, -54.7, 0, 0, 0
L -916.3, -557.8, -54.7, -913.2, -554.8, -54.7, 0, 0, 0
L -913.2, -554.8, -54.7, -896.4, -554.9, -54.7, 0, 0, 0
L -896.4, -554.9, -54.7, -885.1, -566.7, -54.7, 0, 0, 0
L -885.1, -566.7, -54.7, -885.2, -583.2, -54.7, 0, 0, 0
L -885.2, -583.2, -54.7, -896.4, -594.1, -54.7, 0, 0, 0
L -896.4, -594.1, -54.7, -899.7, -594.4, -54.7, 0, 0, 0
L -899.7, -594.4, -54.7, -899.6, -594.5, -54.7, 0, 0, 0
L -1005.5, -632.4, -54.7, -1005.9, -628.4, -54.7, 0, 0, 0
L -1005.9, -628.4, -54.7, -1016.7, -618.3, -54.7, 0, 0, 0
L -1016.7, -618.3, -54.7, -1033.6, -617.9, -54.7, 0, 0, 0
L -1033.6, -617.9, -54.7, -1045.0, -629.3, -54.7, 0, 0, 0
L -1045.0, -629.3, -54.7, -1045.2, -645.9, -54.7, 0, 0, 0
L -1045.2, -645.9, -54.7, -1042.1, -649.0, -54.7, 0, 0, 0
L -1042.1, -649.0, -54.7, -1045.7, -652.5, -54.7, 0, 0, 0
L -1045.7, -652.5, -54.7, -1040.5, -657.4, -54.7, 0, 0, 0
L -1040.5, -657.4, -54.7, -1037.2, -653.8, -54.7, 0, 0, 0
L -1037.2, -653.8, -54.7, -1033.8, -657.2, -54.7, 0, 0, 0
L -1033.8, -657.2, -54.7, -1016.7, -657.2, -54.7, 0, 0, 0
L -1016.7, -657.2, -54.7, -1005.6, -646.0, -54.7, 0, 0, 0
L -1005.6, -646.0, -54.7, -1005.5, -643.2, -54.7, 0, 0, 0
L -1660.8, 137.8, -54.7, -1652.6, 146.2, -54.7, 0, 0, 0
L -1652.6, 146.2, -54.7, -1638.3, 132.2, -54.7, 0, 0, 0
L -1638.3, 132.2, -54.7, -1642.8, 127.7, -54.7, 0, 0, 0
L -1647.4, 123.0, -54.7, -1651.8, 118.2, -54.7, 0, 0, 0
L -1651.8, 118.2, -54.7, -1666.0, 131.2, -54.7, 0, 0, 0
L -1666.0, 131.2, -54.7, -1660.8, 137.8, -54.7, 0, 0, 0
L -1664.8, 77.8, -54.7, -1662.2, 77.8, -54.7, 0, 0, 0
L -1662.2, 77.8, -54.7, -1650.2, 89.6, -54.7, 0, 0, 0
L -1650.2, 89.6, -54.7, -1650.2, 105.6, -54.7, 0, 0, 0
L -1650.2, 105.6, -54.7, -1662.7, 117.5, -54.7, 0, 0, 0
L -1662.7, 117.5, -54.7, -1678.3, 117.5, -54.7, 0, 0, 0
L -1678.3, 117.5, -54.7, -1681.4, 114.5, -54.7, 0, 0, 0
L -1681.4, 114.5, -54.7, -1684.4, 117.6, -54.7, 0, 0, 0
L -1684.4, 117.6, -54.7, -1689.8, 113.2, -54.7, 0, 0, 0
L -1689.8, 113.2, -54.7, -1686.2, 109.6, -54.7, 0, 0, 0
L -1686.2, 109.6, -54.7, -1690.0, 105.6, -54.7, 0, 0, 0
L -1690.0, 105.6, -54.7, -1689.9, 90.1, -54.7, 0, 0, 0
L -1689.9, 90.1, -54.7, -1678.0, 77.7, -54.7, 0, 0, 0
L -1678.0, 77.7, -54.7, -1675.6, 77.8, -54.7, 0, 0, 0
L -3018.6, 298.3, -55.2, -3015.6, 298.3, -55.1, 0, 0, 0
L -3015.6, 298.3, -55.1, -3005.0, 308.7, -54.8, 0, 0, 0
L -3005.0, 308.7, -54.8, -2994.7, 298.4, -54.7, 0, 0, 0
L -2994.7, 298.4, -54.7, -2978.2, 298.2, -54.7, 0, 0, 0
L -2978.2, 298.2, -54.7, -2966.5, 309.7, -54.7, 0, 0, 0
L -2966.5, 309.7, -54.7, -2966.4, 325.9, -54.7, 0, 0, 0
L -2966.4, 325.9, -54.7, -2969.5, 329.4, -54.7, 0, 0, 0
L -2969.5, 329.4, -54.7, -2966.1, 333.4, -54.7, 0, 0, 0
L -2966.1, 333.4, -54.7, -2970.1, 337.4, -54.7, 0, 0, 0
L -2970.1, 337.4, -54.7, -2974.4, 334.2, -54.7, 0, 0, 0
L -2974.4, 334.2, -54.7, -2978.0, 337.8, -54.7, 0, 0, 0
L -2978.0, 337.8, -54.7, -2993.9, 337.9, -54.7, 0, 0, 0
L -2993.9, 337.9, -54.7, -3005.0, 327.4, -54.8, 0, 0, 0
L -3005.0, 327.4, -54.8, -3015.5, 337.9, -55.3, 0, 0, 0
L -3015.5, 337.9, -55.3, -3031.8, 337.9, -56.1, 0, 0, 0
L -3031.8, 337.9, -56.1, -3035.0, 334.9, -56.2, 0, 0, 0
L -3035.0, 334.9, -56.2, -3038.5, 338.4, -56.5, 0, 0, 0
L -3038.5, 338.4, -56.5, -3043.2, 334.1, -56.6, 0, 0, 0
L -3043.2, 334.1, -56.6, -3039.8, 330.0, -56.4, 0, 0, 0
L -3039.8, 330.0, -56.4, -3042.6, 327.2, -56.4, 0, 0, 0
L -3042.6, 327.2, -56.4, -3053.7, 338.0, -57.2, 0, 0, 0
L -3053.7, 338.0, -57.2, -3069.6, 338.0, -58.0, 0, 0, 0
L -3069.6, 338.0, -58.0, -3081.5, 326.1, -58.3, 0, 0, 0
L -3081.5, 326.1, -58.3, -3081.3, 309.7, -57.9, 0, 0, 0
L -3081.3, 309.7, -57.9, -3078.3, 306.8, -57.7, 0, 0, 0
L -3078.3, 306.8, -57.7, -3082.0, 303.0, -57.8, 0, 0, 0
L -3082.0, 303.0, -57.8, -3077.8, 298.9, -57.5, 0, 0, 0
L -3077.8, 298.9, -57.5, -3073.4, 302.0, -57.4, 0, 0, 0
L -3073.4, 302.0, -57.4, -3069.0, 298.3, -57.1, 0, 0, 0
L -3069.0, 298.3, -57.1, -3053.1, 298.4, -56.3, 0, 0, 0
L -3053.1, 298.4, -56.3, -3042.6, 309.0, -56.0, 0, 0, 0
L -3042.6, 309.0, -56.0, -3031.9, 298.3, -55.5, 0, 0, 0
L -3031.9, 298.3, -55.5, -3028.1, 298.3, -55.4, 0, 0, 0
L -3028.1, 298.3, -55.4, -3028.0, 298.1, -55.4, 0, 0, 0
L -3110.9, 262.1, -58.0, -3111.1, 258.9, -58.0, 0, 0, 0
L -3111.1, 258.9, -58.0, -3122.4, 247.6, -58.0, 0, 0, 0
L -3122.4, 247.6, -58.0, -3138.3, 247.5, -58.3, 0, 0, 0
L -3138.3, 247.5, -58.3, -3142.6, 251.2, -58.5, 0, 0, 0
L -3142.6, 251.2, -58.5, -3146.5, 247.7, -58.5, 0, 0, 0
L -3146.5, 247.7, -58.5, -3151.1, 252.7, -58.8, 0, 0, 0
L -3151.1, 252.7, -58.8, -3147.5, 256.1, -58.8, 0, 0, 0
L -3147.5, 256.1, -58.8, -3150.5, 259.0, -58.9, 0, 0, 0
L -3150.5, 259.0, -58.9, -3150.6, 274.6, -59.3, 0, 0, 0
L -3150.6, 274.6, -59.3, -3139.2, 287.0, -59.3, 0, 0, 0
L -3139.2, 287.0, -59.3, -3122.6, 287.2, -58.9, 0, 0, 0
L -3122.6, 287.2, -58.9, -3111.0, 275.7, -58.4, 0, 0, 0
L -3111.0, 275.7, -58.4, -3110.9, 272.5, -58.3, 0, 0, 0
L -3110.9, 272.5, -58.3, -3110.8, 272.7, -58.3, 0, 0, 0
L -3676.9, -1000.5, -54.7, -3674.5, -1000.5, -54.7, 0, 0, 0
L -3674.5, -1000.5, -54.7, -3663.5, -1011.2, -54.7, 0, 0, 0
L -3663.5, -1011.2, -54.7, -3653.3, -1001.0, -54.7, 0, 0, 0
L -3653.3, -1001.0, -54.7, -3636.7, -1000.6, -54.7, 0, 0, 0
L -3636.7, -1000.6, -54.7, -3632.7, -1004.2, -54.7, 0, 0, 0
L -3632.7, -1004.2, -54.7, -3628.7, -1000.4, -54.7, 0, 0, 0
L -3628.7, -1000.4, -54.7, -3624.1, -1005.1, -54.7, 0, 0, 0
L -3624.1, -1005.1, -54.7, -3627.8, -1009.1, -54.7, 0, 0, 0
L -3627.8, -1009.1, -54.7, -3624.7, -1012.4, -54.7, 0, 0, 0
L -3624.7, -1012.4, -54.7, -3624.9, -1029.3, -54.7, 0, 0, 0
L -3624.9, -1029.3, -54.7, -3636.8, -1040.5, -54.7, 0, 0, 0
L -3636.8, -1040.5, -54.7, -3653.1, -1040.1, -54.7, 0, 0, 0
L -3653.1, -1040.1, -54.7, -3663.5, -1029.5, -54.7, 0, 0, 0
L -3663.5, -1029.5, -54.7, -3666.3, -1032.3, -54.7, 0, 0, 0
L -3666.3, -1032.3, -54.7, -3662.8, -1036.0, -54.7, 0, 0, 0
L -3662.8, -1036.0, -54.7, -3667.7, -1040.8, -54.7, 0, 0, 0
L -3667.7, -1040.8, -54.7, -3671.2, -1037.1, -54.7, 0, 0, 0
L -3671.2, -1037.1, -54.7, -3674.6, -1040.3, -54.7, 0, 0, 0
L -3674.6, -1040.3, -54.7, -3690.5, -1040.2, -54.7, 0, 0, 0
L -3690.5, -1040.2, -54.7, -3701.2, -1029.7, -54.7, 0, 0, 0
L -3701.2, -1029.7, -54.7, -3711.8, -1040.2, -54.7, 0, 0, 0
L -3711.8, -1040.2, -54.7, -3727.4, -1040.2, -54.7, 0, 0, 0
L -3727.4, -1040.2, -54.7, -3731.8, -1036.5, -54.7, 0, 0, 0
L -3731.8, -1036.5, -54.7, -3735.6, -1040.1, -54.7, 0, 0, 0
L -3735.6, -1040.1, -54.7, -3740.3, -1035.2, -54.7, 0, 0, 0
L -3740.3, -1035.2, -54.7, -3736.6, -1031.7, -54.7, 0, 0, 0
L -3736.6, -1031.7, -54.7, -3739.7, -1028.0, -54.7, 0, 0, 0
L -3739.7, -1028.0, -54.7, -3739.7, -1012.0, -54.7, 0, 0, 0
L -3739.7, -1012.0, -54.7, -3727.8, -1000.3, -54.7, 0, 0, 0
L -3727.8, -1000.3, -54.7, -3712.1, -1000.5, -54.7, 0, 0, 0
L -3712.1, -1000.5, -54.7, -3701.1, -1011.0, -54.7, 0, 0, 0
L -3701.1, -1011.0, -54.7, -3691.0, -1000.9, -54.7, 0, 0, 0
L -3691.0, -1000.9, -54.7, -3687.6, -1000.5, -54.7, 0, 0, 0
L -3738.8, -983.0, -54.7, -3738.8, -986.0, -54.7, 0, 0, 0
L -3738.8, -986.0, -54.7, -3750.0, -996.9, -54.7, 0, 0, 0
L -3750.0, -996.9, -54.7, -3766.5, -997.3, -54.7, 0, 0, 0
L -3766.5, -997.3, -54.7, -3770.5, -993.6, -54.7, 0, 0, 0
L -3770.5, -993.6, -54.7, -3774.1, -997.1, -54.7, 0, 0, 0
L -3774.1, -997.1, -54.7, -3778.8, -992.0, -54.7, 0, 0, 0
L -3778.8, -992.0, -54.7, -3775.4, -988.7, -54.7, 0, 0, 0
L -3775.4, -988.7, -54.7, -3778.7, -984.4, -54.7, 0, 0, 0
L -3778.7, -984.4, -54.7, -3778.4, -968.6, -54.7, 0, 0, 0
L -3778.4, -968.6, -54.7, -3767.0, -957.7, -54.7, 0, 0, 0
L -3767.0, -957.7, -54.7, -3750.9, -957.6, -54.7, 0, 0, 0
L -3750.9, -957.6, -54.7, -3739.1, -968.9, -54.7, 0, 0, 0
L -3739.1, -968.9, -54.7, -3738.8, -972.2, -54.7, 0, 0, 0
L -4725.1, 99.0, -54.6, -4722.3, 99.0, -54.6, 0, 0, 0
L -4722.3, 99.0, -54.6, -4710.8, 110.4, -54.6, 0, 0, 0
L -4710.8, 110.4, -54.6, -4710.6, 126.2, -54.6, 0, 0, 0
L -4710.6, 126.2, -54.6, -4722.0, 138.4, -54.6, 0, 0, 0
L -4722.0, 138.4, -54.6, -4738.6, 138.6, -54.6, 0, 0, 0
L -4738.6, 138.6, -54.6, -4741.7, 135.6, -54.6, 0, 0, 0
L -4741.7, 135.6, -54.6, -4744.8, 138.8, -54.6, 0, 0, 0
L -4744.8, 138.8, -54.6, -4749.7, 135.1, -54.6, 0, 0, 0
L -4749.7, 135.1, -54.6, -4746.6, 130.7, -54.6, 0, 0, 0
L -4746.6, 130.7, -54.6, -4750.0, 127.3, -54.6, 0, 0, 0
L -4750.0, 127.3, -54.6, -4750.3, 110.7, -54.6, 0, 0, 0
L -4750.3, 110.7, -54.6, -4738.1, 98.6, -54.6, 0, 0, 0
L -4738.1, 98.6, -54.6, -4735.1, 99.0, -54.6, 0, 0, 0
L -4888.0, -262.8, -54.6, -4888.1, -259.6, -54.6, 0, 0, 0
L -4888.1, -259.6, -54.6, -4899.9, -248.0, -54.6, 0, 0, 0
L -4899.9, -248.0, -54.6, -4916.4, -248.3, -54.6, 0, 0, 0
L -4916.4, -248.3, -54.6, -4927.5, -259.6, -54.6, 0, 0, 0
L -4927.5, -259.6, -54.6, -4927.7, -276.1, -54.6, 0, 0, 0
L -4927.7, -276.1, -54.6, -4924.6, -279.3, -54.6, 0, 0, 0
L -4924.6, -279.3, -54.6, -4928.2, -282.7, -54.6, 0, 0, 0
L -4928.2, -282.7, -54.6, -4923.9, -287.6, -54.6, 0, 0, 0
L -4923.9, -287.6, -54.6, -4919.8, -284.2, -54.6, 0, 0, 0
L -4919.8, -284.2, -54.6, -4915.3, -287.9, -54.6, 0, 0, 0
L -4915.3, -287.9, -54.6, -4900.1, -287.9, -54.6, 0, 0, 0
L -4900.1, -287.9, -54.6, -4888.6, -276.8, -54.6, 0, 0, 0
L -4888.6, -276.8, -54.6, -4888.0, -273.6, -54.6, 0, 0, 0
L -4888.0, -273.6, -54.6, -4890.0, -273.8, -52.3, 0, 0, 0
L -4847.7, -296.0, -54.6, -4850.2, -296.0, -54.6, 0, 0, 0
L -4850.2, -296.0, -54.6, -4861.2, -306.5, -54.6, 0, 0, 0
L -4861.2, -306.5, -54.6, -4871.5, -296.2, -54.6, 0, 0, 0
L -4871.5, -296.2, -54.6, -4888.1, -296.0, -54.6, 0, 0, 0
L -4888.1, -296.0, -54.6, -4899.8, -307.7, -54.6, 0, 0, 0
L -4899.8, -307.7, -54.6, -4899.6, -324.7, -54.6, 0, 0, 0
L -4899.6, -324.7, -54.6, -4896.7, -327.1, -54.6, 0, 0, 0
L -4896.7, -327.1, -54.6, -4900.2, -330.6, -54.6, 0, 0, 0
L -4900.2, -330.6, -54.6, -4894.0, -335.9, -54.6, 0, 0, 0
L -4894.0, -335.9, -54.6, -4891.8, -332.0, -54.6, 0, 0, 0
L -4891.8, -332.0, -54.6, -4888.3, -335.5, -54.6, 0, 0, 0
L -4888.3, -335.5, -54.6, -4871.3, -335.3, -54.6, 0, 0, 0
L -4871.3, -335.3, -54.6, -4861.3, -325.2, -54.6, 0, 0, 0
L -4861.3, -325.2, -54.6, -4850.9, -335.5, -54.6, 0, 0, 0
L -4850.9, -335.5, -54.6, -4834.9, -335.7, -54.6, 0, 0, 0
L -4834.9, -335.7, -54.6, -4831.2, -332.6, -54.6, 0, 0, 0
L -4831.2, -332.6, -54.6, -4827.2, -336.0, -54.6, 0, 0, 0
L -4827.2, -336.0, -54.6, -4823.1, -331.9, -54.6, 0, 0, 0
L -4823.1, -331.9, -54.6, -4826.4, -327.8, -54.6, 0, 0, 0
L -4826.4, -327.8, -54.6, -4823.6, -325.0, -54.6, 0, 0, 0
L -4823.6, -325.0, -54.6, -4812.4, -335.7, -54.6, 0, 0, 0
L -4812.4, -335.7, -54.6, -4796.1, -335.5, -54.6, 0, 0, 0
L -4796.1, -335.5, -54.6, -4785.3, -324.6, -54.6, 0, 0, 0
L -4785.3, -324.6, -54.6, -4784.8, -308.0, -54.6, 0, 0, 0
L -4784.8, -308.0, -54.6, -4787.9, -304.6, -54.6, 0, 0, 0
L -4787.9, -304.6, -54.6, -4784.3, -300.5, -54.6, 0, 0, 0
L -4784.3, -300.5, -54.6, -4788.7, -296.3, -54.6, 0, 0, 0
L -4788.7, -296.3, -54.6, -4792.8, -299.7, -54.6, 0, 0, 0
L -4792.8, -299.7, -54.6, -4797.0, -296.0, -54.6, 0, 0, 0
L -4797.0, -296.0, -54.6, -4812.7, -296.0, -54.6, 0, 0, 0
L -4812.7, -296.0, -54.6, -4823.6, -306.7, -54.6, 0, 0, 0
L -4823.6, -306.7, -54.6, -4834.1, -296.2, -54.6, 0, 0, 0
L -4834.1, -296.2, -54.6, -4837.0, -296.0, -54.6, 0, 0, 0
L -4757.2, -240.5, -54.6, -4756.7, -244.3, -54.6, 0, 0, 0
L -4756.7, -244.3, -54.6, -4745.2, -255.3, -54.6, 0, 0, 0
L -4745.2, -255.3, -54.6, -4729.2, -255.1, -54.6, 0, 0, 0
L -4729.2, -255.1, -54.6, -4718.0, -244.0, -54.6, 0, 0, 0
L -4718.0, -244.0, -54.6, -4717.5, -226.9, -54.6, 0, 0, 0
L -4717.5, -226.9, -54.6, -4720.6, -223.9, -54.6, 0, 0, 0
L -4720.6, -223.9, -54.6, -4716.9, -220.3, -54.6, 0, 0, 0
L -4716.9, -220.3, -54.6, -4722.4, -215.5, -54.6, 0, 0, 0
L -4722.4, -215.5, -54.6, -4725.4, -219.1, -54.6, 0, 0, 0
L -4725.4, -219.1, -54.6, -4729.5, -215.2, -54.6, 0, 0, 0
L -4729.5, -215.2, -54.6, -4744.9, -215.4, -54.6, 0, 0, 0
L -4744.9, -215.4, -54.6, -4756.5, -226.4, -54.6, 0, 0, 0
L -4069.2, -318.6, -54.7, -4072.7, -318.7, -54.7, 0, 0, 0
L -4072.7, -318.7, -54.7, -4083.5, -329.9, -54.7, 0, 0, 0
L -4083.5, -329.9, -54.7, -4083.8, -345.8, -54.7, 0, 0, 0
L -4083.8, -345.8, -54.7, -4072.3, -358.2, -54.7, 0, 0, 0
L -4072.3, -358.2, -54.7, -4056.5, -358.3, -54.7, 0, 0, 0
L -4056.5, -358.3, -54.7, -4052.7, -355.2, -54.7, 0, 0, 0
L -4052.7, -355.2, -54.7, -4049.7, -358.4, -54.7, 0, 0, 0
L -4049.7, -358.4, -54.7, -4044.3, -354.4, -54.7, 0, 0, 0
L -4044.3, -354.4, -54.7, -4047.8, -350.3, -54.7, 0, 0, 0
L -4047.8, -350.3, -54.7, -4043.9, -346.0, -54.7, 0, 0, 0
L -4043.9, -346.0, -54.7, -4044.2, -330.2, -54.7, 0, 0, 0
L -4044.2, -330.2, -54.7, -4055.3, -319.1, -54.7, 0, 0, 0
L -4055.3, -319.1, -54.7, -4058.4, -318.6, -54.7, 0, 0, 0
L -4657.0, -936.9, -54.6, -4670.1, -933.3, -54.6, 100, 50, 0
L -4670.1, -933.3, -54.6, -4675.6, -952.0, -54.6, 100, 50, 0
L -4675.6, -952.0, -54.6, -4656.9, -958.2, -54.6, 100, 50, 0
L -4656.9, -958.2, -54.6, -4654.8, -952.8, -54.6, 100, 50, 0
L -4651.4, -938.3, -54.6, -4656.8, -937.0, -54.6, 100, 50, 0
L -4651.3, -938.2, -54.6, -4650.8, -938.8, -54.6, 100, 50, 0
L -4650.8, -938.8, -54.6, -4652.0, -943.3, -54.6, 100, 50, 0
L -4673.0, -997.6, -54.6, -4658.4, -1010.7, -54.6, 100, 50, 0
L -4658.4, -1010.7, -54.6, -4645.1, -996.2, -54.6, 100, 50, 0
L -4645.1, -996.2, -54.6, -4648.6, -992.3, -54.6, 100, 50, 0
L -4656.4, -986.8, -54.6, -4661.2, -983.3, -54.6, 100, 50, 0
L -4661.2, -983.3, -54.6, -4673.0, -997.7, -54.6, 100, 50, 0
L -4630.1, -999.2, -54.6, -4630.2, -1016.4, -54.6, 100, 50, 0
L -4630.2, -1016.4, -54.6, -4610.4, -1017.4, -54.6, 100, 50, 0
L -4610.4, -1017.4, -54.6, -4609.5, -997.2, -54.6, 100, 50, 0
L -4609.5, -997.2, -54.6, -4614.8, -996.8, -54.6, 100, 50, 0
L -4630.1, -999.6, -54.6, -4629.8, -995.8, -54.6, 100, 50, 0
L -4629.8, -995.8, -54.6, -4625.0, -996.1, -54.6, 100, 50, 0
L -2666.6, -1018.9, -54.7, -2663.8, -1026.4, -54.7, 0, 0, 0
L -2663.8, -1026.4, -54.7, -2663.0, -1029.6, -54.7, 0, 0, 0
L -2663.0, -1029.6, -54.7, -2669.6, -1042.1, -54.7, 0, 0, 0
L -2669.6, -1042.1, -54.7, -2684.1, -1047.1, -54.1, 0, 0, 0
L -2684.1, -1047.1, -54.1, -2698.5, -1041.2, -54.7, 0, 0, 0
L -2698.5, -1041.2, -54.7, -2703.7, -1026.3, -54.7, 0, 0, 0
L -2703.7, -1026.3, -54.7, -2697.2, -1012.8, -54.7, 0, 0, 0
L -2697.2, -1012.8, -54.7, -2682.5, -1007.5, -54.7, 0, 0, 0
L -2682.5, -1007.5, -54.7, -2679.3, -1008.8, -54.7, 0, 0, 0
L -2634.5, -1035.5, -54.6, -2624.3, -1044.9, -54.7, 0, 0, 0
L -2624.3, -1044.9, -54.7, -2609.0, -1044.7, -54.7, 0, 0, 0
L -2609.0, -1044.7, -54.7, -2598.1, -1033.6, -54.7, 0, 0, 0
L -2598.1, -1033.6, -54.7, -2598.9, -1019.0, -54.7, 0, 0, 0
L -2598.9, -1019.0, -54.7, -2609.6, -1007.8, -54.7, 0, 0, 0
L -2609.6, -1007.8, -54.7, -2625.8, -1008.5, -54.7, 0, 0, 0
L -2625.8, -1008.5, -54.7, -2627.6, -1010.5, -54.7, 0, 0, 0
L -2634.9, -1017.6, -54.7, -2636.2, -1020.1, -54.7, 0, 0, 0
L -2636.2, -1020.1, -54.7, -2635.0, -1035.4, -54.7, 0, 0, 0
L -2604.3, -991.5, -54.7, -2597.7, -996.3, -54.7, 0, 0, 0
L -2597.7, -996.3, -54.7, -2588.1, -995.2, -54.7, 0, 0, 0
L -2588.1, -995.2, -54.7, -2582.3, -987.4, -54.7, 0, 0, 0
L -2582.3, -987.4, -54.7, -2583.8, -978.6, -54.7, 0, 0, 0
L -2583.8, -978.6, -54.7, -2592.0, -972.4, -54.7, 0, 0, 0
L -2592.0, -972.4, -54.7, -2601.2, -974.3, -54.7, 0, 0, 0
L -2601.2, -974.3, -54.7, -2605.8, -981.0, -54.7, 0, 0, 0
L -2605.8, -981.0, -54.7, -2606.0, -983.4, -54.7, 0, 0, 0
L -2604.3, -991.4, -54.7, -2605.1, -989.7, -54.7, 0, 0, 0
L -3109.8, 344.0, -58.0, -3096.3, 343.8, -57.5, 0, 0, 0
L -3096.3, 343.8, -57.5, -3096.0, 321.9, -57.1, 0, 0, 0
L -3096.0, 321.9, -57.1, -3104.0, 321.8, -57.4, 0, 0, 0
L -3111.3, 321.6, -57.6, -3116.3, 321.6, -57.7, 0, 0, 0
L -3116.3, 321.6, -57.7, -3117.7, 324.2, -57.8, 0, 0, 0
L -3117.7, 324.2, -57.8, -3117.5, 343.1, -58.2, 0, 0, 0
L -3117.5, 343.1, -58.2, -3117.0, 343.7, -58.2, 0, 0, 0
L -3117.0, 343.7, -58.2, -3108.9, 344.0, -57.9, 0, 0, 0
L 367.6, 1015.2, 41.0, 243.4, 1009.7, -16.0, 150, 150, 150
L 243.4, 1009.7, -16.0, 21.1, 783.5, -31.3, 150, 150, 150
L 21.1, 783.5, -31.3, -196.8, 879.7, -40.5, 150, 150, 150
L -196.8, 879.7, -40.5, -242.4, 710.3, -12.3, 150, 150, 150
L -242.4, 710.3, -12.3, -214.3, 658.1, -12.5, 150, 150, 150
L -214.3, 658.1, -12.5, -270.3, 475.6, -31.4, 150, 150, 150
L -270.3, 475.6, -31.4, -348.0, 506.7, -39.0, 150, 150, 150
L -348.0, 506.7, -39.0, -442.3, 694.2, -21.6, 150, 150, 150
L -442.3, 694.2, -21.6, -511.2, 841.2, -51.6, 150, 150, 150
L -511.2, 841.2, -51.6, -512.8, 882.7, -51.6, 150, 150, 150
L -512.8, 882.7, -51.6, -593.1, 856.8, -51.6, 150, 150, 150
L -593.1, 856.8, -51.6, -716.0, 849.0, -51.6, 150, 150, 150
L -716.0, 849.0, -51.6, -939.5, 608.7, -51.6, 150, 150, 150
L -939.5, 608.7, -51.6, -1247.7, 606.4, -51.6, 150, 150, 150
L -1247.7, 606.4, -51.6, -1339.3, 678.5, -49.8, 150, 150, 150
L -1339.3, 678.5, -49.8, -1474.7, 576.6, -51.6, 150, 150, 150
L -1474.7, 576.6, -51.6, -1563.0, 399.4, -51.6, 150, 150, 150
L -1563.0, 399.4, -51.6, -1681.3, 183.4, -51.6, 150, 150, 150
L -1681.3, 183.4, -51.6, -1906.7, 199.8, -51.6, 150, 150, 150
L -1906.7, 199.8, -51.6, -1968.2, 286.2, -42.2, 150, 150, 150
L -1968.2, 286.2, -42.2, -2067.7, 518.4, -49.2, 150, 150, 150
L -2067.7, 518.4, -49.2, -2053.3, 570.6, -46.6, 150, 150, 150
L -2053.3, 570.6, -46.6, -2153.5, 679.4, -51.6, 150, 150, 150
L -2153.5, 679.4, -51.6, -2297.9, 653.7, -51.6, 150, 150, 150
L -2297.9, 653.7, -51.6, -2391.9, 574.0, -51.6, 150, 150, 150
L -2391.9, 574.0, -51.6, -2559.3, 396.3, -51.6, 150, 150, 150
L -2559.3, 396.3, -51.6, -2713.6, 545.9, -51.6, 150, 150, 150
L -2713.6, 545.9, -51.6, -2932.1, 680.6, -48.4, 150, 150, 150
L -2932.1, 680.6, -48.4, -3115.2, 594.7, -51.6, 150, 150, 150
L -3115.2, 594.7, -51.6, -3243.3, 578.7, -56.1, 150, 150, 150
L -3243.3, 578.7, -56.1, -3631.7, 593.3, -108.0, 150, 150, 150
L -3631.7, 593.3, -108.0, -3760.2, 722.1, -60.6, 150, 150, 150
L -3760.2, 722.1, -60.6, -3887.9, 837.9, -48.2, 150, 150, 150
L -3887.9, 837.9, -48.2, -4094.1, 880.6, -51.6, 150, 150, 150
L -4094.1, 880.6, -51.6, -4515.0, 892.3, -51.5, 150, 150, 150
L -4515.0, 892.3, -51.5, -4724.2, 841.3, -51.5, 150, 150, 150
L -4724.2, 841.3, -51.5, -4883.0, 682.5, -51.5, 150, 150, 150
L -4883.0, 682.5, -51.5, -5023.0, 516.5, -69.3, 150, 150, 150
L -3112.9, 262.1, -58.0, -3112.9, 259.8, -58.0, 0, 0, 0
L -3112.9, 259.8, -58.0, -3123.3, 249.4, -58.0, 0, 0, 0
L -3123.3, 249.4, -58.0, -3138.0, 249.4, -58.0, 0, 0, 0
L -3138.0, 249.4, -58.0, -3141.2, 252.6, -58.0, 0, 0, 0
L -3146.1, 257.5, -58.0, -3148.4, 259.8, -58.0, 0, 0, 0
L -3148.4, 259.8, -58.0, -3148.4, 274.5, -58.0, 0, 0, 0
L -3148.4, 274.5, -58.0, -3138.0, 284.9, -58.0, 0, 0, 0
L -3138.0, 284.9, -58.0, -3123.3, 284.9, -58.0, 0, 0, 0
L -3123.3, 284.9, -58.0, -3112.9, 274.5, -58.0, 0, 0, 0
L -3112.9, 274.5, -58.0, -3112.9, 272.7, -58.0, 0, 0, 0
L -3115.3, 341.6, -60.1, -3115.4, 324.0, -59.6, 0, 0, 0
L -3115.4, 324.0, -59.6, -3111.1, 324.0, -59.5, 0, 0, 0
L -3102.6, 324.0, -59.3, -3097.8, 324.0, -59.1, 0, 0, 0
L -3097.8, 324.0, -59.1, -3097.7, 341.6, -59.4, 0, 0, 0
L -3097.7, 341.6, -59.4, -3115.3, 341.6, -60.1, 0, 0, 0
L -3079.2, 325.3, -54.7, -3079.2, 310.6, -54.7, 0, 0, 0
L -3079.2, 310.6, -54.7, -3076.9, 308.2, -54.7, 0, 0, 0
L -3072.0, 303.4, -54.7, -3068.8, 300.2, -54.7, 0, 0, 0
L -3054.1, 300.2, -54.7, -3066.3, 300.2, -54.7, 0, 0, 0
L -3066.3, 300.2, -54.7, -3068.8, 300.2, -54.7, 0, 0, 0
L -3054.1, 300.2, -54.7, -3043.7, 310.6, -54.7, 0, 0, 0
L -3043.7, 310.6, -54.7, -3043.7, 312.7, -54.7, 0, 0, 0
L -3079.2, 325.3, -54.7, -3068.8, 335.7, -54.7, 0, 0, 0
L -3068.8, 335.7, -54.7, -3054.1, 335.7, -54.7, 0, 0, 0
L -3054.1, 335.7, -54.7, -3043.7, 325.3, -54.7, 0, 0, 0
L -3043.7, 325.3, -54.7, -3043.7, 323.0, -54.7, 0, 0, 0
L -3041.7, 313.0, -54.7, -3041.7, 310.7, -54.7, 0, 0, 0
L -3041.7, 310.7, -54.7, -3031.2, 300.3, -54.7, 0, 0, 0
L -3031.2, 300.3, -54.7, -3028.9, 300.3, -54.7, 0, 0, 0
L -3018.6, 300.3, -54.7, -3016.5, 300.3, -54.7, 0, 0, 0
L -3016.5, 300.3, -54.7, -3006.1, 310.7, -54.7, 0, 0, 0
L -3006.1, 310.7, -54.7, -3006.1, 312.9, -54.7, 0, 0, 0
L -3006.1, 323.8, -54.7, -3006.1, 325.4, -54.7, 0, 0, 0
L -3006.1, 325.4, -54.7, -3016.5, 335.8, -54.7, 0, 0, 0
L -3016.5, 335.8, -54.7, -3024.8, 335.8, -54.7, 0, 0, 0
L -3024.8, 335.8, -54.7, -3024.8, 330.0, -54.7, 205, 133, 63
L -3024.8, 330.0, -54.7, -3020.0, 329.7, -54.7, 205, 133, 63
L -3020.0, 329.7, -54.7, -3020.2, 326.5, -54.7, 205, 133, 63
L -3020.2, 326.5, -54.7, -3027.8, 326.9, -54.7, 205, 133, 63
L -3027.8, 326.9, -54.7, -3028.1, 335.8, -54.7, 205, 133, 63
L -3028.1, 335.8, -54.7, -3031.2, 335.8, -54.7, 0, 0, 0
L -3031.2, 335.8, -54.7, -3033.6, 333.4, -54.7, 0, 0, 0
L -3038.5, 328.6, -54.7, -3041.7, 325.3, -54.7, 0, 0, 0
L -3041.7, 325.3, -54.7, -3041.7, 323.4, -54.7, 0, 0, 0
L -3004.1, 312.9, -54.7, -3004.1, 310.9, -54.7, 0, 0, 0
L -3004.1, 310.9, -54.7, -2993.7, 300.5, -54.7, 0, 0, 0
L -2993.7, 300.5, -54.7, -2978.9, 300.6, -54.7, 0, 0, 0
L -2978.9, 300.6, -54.7, -2968.6, 310.9, -54.7, 0, 0, 0
L -2968.6, 310.9, -54.7, -2968.6, 325.6, -54.7, 0, 0, 0
L -2968.6, 325.6, -54.7, -2970.9, 328.0, -54.7, 0, 0, 0
L -2975.8, 332.9, -54.7, -2979.0, 336.0, -54.7, 0, 0, 0
L -2979.0, 336.0, -54.7, -2993.7, 336.0, -54.7, 0, 0, 0
L -2993.7, 336.0, -54.7, -3004.1, 325.6, -54.7, 0, 0, 0
L -3004.1, 325.6, -54.7, -3004.1, 323.7, -54.7, 0, 0, 0
L 849.3, -168.0, -52.6, 848.1, -168.0, -52.6, 0, 0, 0
L 848.1, -168.0, -52.6, 837.7, -178.4, -52.6, 0, 0, 0
L 837.7, -178.4, -52.6, 837.7, -193.1, -52.6, 0, 0, 0
L 837.7, -193.1, -52.6, 848.1, -203.5, -52.6, 0, 0, 0
L 848.1, -203.5, -52.6, 862.8, -203.5, -52.6, 0, 0, 0
L 862.8, -203.5, -52.6, 865.2, -201.2, -52.6, 0, 0, 0
L 870.1, -196.3, -52.6, 873.2, -193.1, -52.6, 0, 0, 0
L 873.2, -193.1, -52.6, 873.2, -178.4, -52.6, 0, 0, 0
L 873.2, -178.4, -52.6, 862.8, -168.0, -52.6, 0, 0, 0
L 862.8, -168.0, -52.6, 861.1, -168.0, -52.6, 0, 0, 0
L 851.7, 160.2, -52.4, 853.8, 160.2, -52.4, 0, 0, 0
L 853.8, 160.2, -52.4, 864.2, 170.6, -52.4, 0, 0, 0
L 864.2, 170.6, -52.4, 864.2, 185.3, -52.4, 0, 0, 0
L 864.2, 185.3, -52.4, 853.8, 195.7, -52.4, 0, 0, 0
L 853.8, 195.7, -52.4, 839.3, 195.7, -52.4, 0, 0, 0
L 839.3, 195.7, -52.4, 836.7, 193.4, -52.4, 0, 0, 0
L 831.8, 188.5, -52.4, 828.6, 185.3, -52.4, 0, 0, 0
L 828.6, 185.3, -52.4, 828.7, 170.6, -52.4, 0, 0, 0
L 828.7, 170.6, -52.4, 839.1, 160.2, -52.4, 0, 0, 0
L 839.1, 160.2, -52.4, 841.2, 160.2, -52.4, 0, 0, 0
L 804.6, 127.9, -52.1, 804.6, 129.4, -52.1, 0, 0, 0
L 804.6, 129.4, -52.1, 794.2, 139.8, -52.1, 0, 0, 0
L 794.2, 139.8, -52.1, 779.7, 139.8, -52.1, 0, 0, 0
L 779.7, 139.8, -52.1, 769.1, 129.4, -52.1, 0, 0, 0
L 769.1, 129.4, -52.1, 769.1, 114.7, -52.1, 0, 0, 0
L 769.1, 114.7, -52.1, 771.4, 112.4, -52.1, 0, 0, 0
L 776.3, 107.5, -52.1, 779.5, 104.3, -52.1, 0, 0, 0
L 779.5, 104.3, -52.1, 794.2, 104.3, -52.1, 0, 0, 0
L 794.2, 104.3, -52.1, 804.6, 114.7, -52.1, 0, 0, 0
L 804.6, 114.7, -52.1, 804.6, 116.9, -52.1, 0, 0, 0
L -110.8, 165.3, -52.9, -109.2, 165.3, -52.9, 0, 0, 0
L -109.2, 165.3, -52.9, -98.8, 175.7, -52.9, 0, 0, 0
L -98.8, 175.7, -52.9, -98.8, 178.0, -52.9, 0, 0, 0
L -96.8, 177.6, -52.9, -96.8, 175.9, -52.9, 0, 0, 0
L -96.8, 175.9, -52.9, -86.4, 165.5, -52.9, 0, 0, 0
L -86.4, 165.5, -52.9, -71.7, 165.5, -52.9, 0, 0, 0
L -71.7, 165.5, -52.9, -61.3, 175.9, -52.9, 0, 0, 0
L -61.3, 175.9, -52.9, -61.3, 190.7, -52.9, 0, 0, 0
L -61.3, 190.7, -52.9, -63.7, 193.0, -52.9, 0, 0, 0
L -68.5, 197.9, -52.9, -71.7, 201.0, -52.9, 0, 0, 0
L -71.7, 201.0, -52.9, -86.4, 201.0, -52.9, 0, 0, 0
L -86.4, 201.0, -52.9, -96.8, 190.6, -52.9, 0, 0, 0
L -96.8, 190.6, -52.9, -96.8, 188.9, -52.9, 0, 0, 0
L -98.8, 188.7, -52.9, -98.8, 190.4, -52.9, 0, 0, 0
L -98.8, 190.4, -52.9, -109.2, 200.8, -52.9, 0, 0, 0
L -109.2, 200.8, -52.9, -121.0, 200.8, -52.9, 0, 0, 0
L -121.0, 200.8, -52.9, -121.0, 196.8, -52.9, 205, 133, 63
L -121.0, 196.8, -52.9, -113.6, 196.2, -52.9, 205, 133, 63
L -113.6, 196.2, -52.9, -114.1, 193.5, -52.9, 205, 133, 63
L -114.1, 193.5, -52.9, -121.8, 193.7, -52.9, 205, 133, 63
L -121.8, 193.7, -52.9, -124.2, 194.1, -52.9, 205, 133, 63
L -124.2, 194.1, -52.9, -124.2, 200.5, -52.9, 205, 133, 63
L -124.2, 200.5, -52.9, -126.3, 198.5, -52.9, 0, 0, 0
L -131.2, 193.6, -52.9, -134.4, 190.3, -52.9, 0, 0, 0
L -134.4, 190.3, -52.9, -134.4, 188.1, -52.9, 0, 0, 0
L -136.4, 188.3, -52.9, -136.4, 190.3, -52.9, 0, 0, 0
L -136.4, 190.3, -52.9, -146.8, 200.7, -52.9, 0, 0, 0
L -146.8, 200.7, -52.9, -161.5, 200.7, -52.9, 0, 0, 0
L -161.5, 200.7, -52.9, -171.9, 190.3, -52.9, 0, 0, 0
L -171.9, 190.3, -52.9, -171.9, 175.6, -52.9, 0, 0, 0
L -171.9, 175.6, -52.9, -169.6, 173.2, -52.9, 0, 0, 0
L -164.7, 168.4, -52.9, -161.6, 165.2, -52.9, 0, 0, 0
L -161.6, 165.2, -52.9, -146.8, 165.2, -52.9, 0, 0, 0
L -146.8, 165.2, -52.9, -136.4, 175.6, -52.9, 0, 0, 0
L -136.4, 175.6, -52.9, -136.4, 178.1, -52.9, 0, 0, 0
L -134.4, 177.6, -52.9, -134.4, 175.8, -52.9, 0, 0, 0
L -134.4, 175.8, -52.9, -123.9, 165.3, -52.9, 0, 0, 0
L -123.9, 165.3, -52.9, -121.6, 165.3, -52.9, 0, 0, 0
L 1573.5, -576.7, -50.7, 1743.8, -576.7, -50.7, 0, 0, 0
L 1588.4, 577.0, -50.7, 1743.8, 577.0, -50.7, 0, 0, 0
L -4961.9, 1177.1, 75.9, -5152.0, 1177.1, 75.9, 0, 0, 0
L -4940.3, -1167.8, 88.4, -5152.0, -1167.8, 88.4, 0, 0, 0
L -4835.1, -333.5, -51.8, -4838.3, -333.5, -51.8, 0, 0, 0
L -4832.6, -331.2, -51.8, -4827.7, -326.3, -51.8, 0, 0, 0
L -4822.5, -321.8, -51.8, -4824.5, -321.7, -51.8, 0, 0, 0
L -4822.5, -310.5, -51.8, -4824.5, -310.5, -51.8, 0, 0, 0
L -4789.3, -306.0, -51.8, -4794.2, -301.1, -51.8, 0, 0, 0
L -4836.6, -298.0, -51.8, -4837.0, -296.0, -54.6, 0, 0, 0
L -4848.5, -298.0, -51.8, -4847.7, -296.0, -54.6, 0, 0, 0
L -4862.1, -309.7, -51.8, -4860.1, -310.7, -51.8, 0, 0, 0
L -4860.1, -321.3, -51.8, -4862.1, -321.2, -51.8, 0, 0, 0
L -4890.0, -262.5, -52.3, -4888.0, -262.8, -54.6, 0, 0, 0
L -4918.3, -282.8, -52.3, -4923.2, -277.9, -52.3, 0, 0, 0
L -4890.4, -330.6, -51.8, -4895.3, -325.7, -51.8, 0, 0, 0
L -4755.4, -230.4, -51.9, -4757.2, -229.1, -54.6, 0, 0, 0
L -4755.1, -241.0, -52.3, -4757.2, -240.5, -54.6, 0, 0, 0
L -4757.2, -229.1, -54.6, -4756.5, -226.4, -54.6, 0, 0, 0
L -4054.1, -353.8, -52.4, -4049.2, -348.9, -52.4, 0, 0, 0
L -4059.0, -320.6, -52.4, -4058.4, -318.6, -54.7, 0, 0, 0
L -4069.2, -320.6, -52.4, -4069.2, -318.6, -52.4, 0, 0, 0
L -3676.9, -1002.5, -53.1, -3676.9, -1000.5, -54.7, 0, 0, 0
L -3688.2, -1002.5, -53.1, -3687.6, -1000.5, -54.7, 0, 0, 0
L -3740.8, -982.9, -52.6, -3738.8, -983.0, -54.7, 0, 0, 0
L -3740.8, -972.0, -52.6, -3738.8, -972.2, -54.7, 0, 0, 0
L -3769.1, -992.2, -52.6, -3774.0, -987.4, -52.6, 0, 0, 0
L -3735.2, -1030.3, -53.1, -3730.3, -1035.1, -53.1, 0, 0, 0
L -3702.0, -1026.4, -53.1, -3700.0, -1026.6, -53.1, 0, 0, 0
L -3700.2, -1015.7, -53.1, -3702.1, -1014.7, -53.1, 0, 0, 0
L -3664.4, -1025.1, -53.1, -3662.4, -1025.7, -53.1, 0, 0, 0
L -3629.3, -1010.5, -53.1, -3634.1, -1005.6, -53.1, 0, 0, 0
L -3664.4, -1014.4, -53.1, -3662.4, -1015.2, -53.1, 0, 0, 0
L -3672.5, -1035.7, -53.1, -3667.7, -1030.8, -53.1, 0, 0, 0
L -3677.6, -1038.0, -53.1, -3680.8, -1038.0, -53.1, 0, 0, 0
L -3112.9, 272.7, -58.0, -3110.8, 272.7, -58.3, 0, 0, 0
L -3146.1, 257.5, -58.0, -3141.2, 252.6, -58.0, 0, 0, 0
L -3112.9, 262.1, -58.0, -3110.9, 262.1, -58.0, 0, 0, 0
L -3104.0, 321.8, -57.4, -3102.6, 324.0, -59.3, 0, 0, 0
L -3111.3, 321.6, -57.6, -3111.1, 324.0, -59.5, 0, 0, 0
L -3072.0, 303.4, -54.7, -3076.9, 308.2, -54.7, 0, 0, 0
L -3043.7, 312.7, -54.7, -3041.7, 313.0, -54.7, 0, 0, 0
L -3043.7, 323.0, -54.7, -3041.7, 323.4, -54.7, 0, 0, 0
L -3038.5, 328.6, -54.7, -3033.6, 333.4, -54.7, 0, 0, 0
L -3028.9, 300.3, -54.7, -3028.1, 298.3, -55.4, 0, 0, 0
L -3018.6, 298.3, -55.2, -3018.6, 300.3, -54.7, 0, 0, 0
L -3024.8, 335.8, -54.7, -3028.1, 335.8, -54.7, 0, 0, 0
L -3004.1, 323.7, -54.7, -3006.1, 323.8, -54.7, 0, 0, 0
L -3006.1, 312.9, -54.7, -3004.1, 312.9, -54.7, 0, 0, 0
L -2970.9, 328.0, -54.7, -2975.8, 332.9, -54.7, 0, 0, 0
L -1684.8, 108.2, -52.4, -1680.0, 113.0, -52.4, 0, 0, 0
L -1675.6, 77.8, -54.7, -1676.1, 79.9, -52.4, 0, 0, 0
L -1664.5, 79.9, -52.4, -1664.8, 77.8, -54.7, 0, 0, 0
L -1647.4, 123.0, -54.7, -1648.3, 123.4, -54.7, 0, 0, 0
L -1643.3, 128.8, -54.7, -1642.8, 127.7, -54.7, 0, 0, 0
L -1016.0, -577.7, -54.7, -1015.5, -578.8, -54.7, 0, 0, 0
L -1022.8, -584.5, -54.7, -1023.4, -583.5, -54.7, 0, 0, 0
L -976.2, -585.7, -54.7, -976.2, -583.7, -52.6, 0, 0, 0
L -965.4, -585.7, -54.7, -965.1, -583.7, -52.6, 0, 0, 0
L -985.5, -555.4, -52.6, -980.6, -550.5, -52.6, 0, 0, 0
L -910.7, -592.4, -52.6, -910.6, -594.4, -54.7, 0, 0, 0
L -899.6, -594.5, -54.7, -899.0, -592.4, -52.6, 0, 0, 0
L -919.8, -564.1, -52.6, -914.9, -559.3, -52.6, 0, 0, 0
L -1007.5, -632.4, -52.4, -1005.5, -632.4, -54.7, 0, 0, 0
L -1005.5, -643.2, -54.7, -1007.5, -643.0, -52.4, 0, 0, 0
L -1035.8, -652.4, -52.4, -1040.7, -647.6, -52.4, 0, 0, 0
L -121.0, 200.8, -52.9, -124.2, 200.5, -52.9, 0, 0, 0
L -136.4, 188.3, -52.9, -134.4, 188.1, -52.9, 0, 0, 0
L -131.2, 193.6, -52.9, -126.3, 198.5, -52.9, 0, 0, 0
L -134.4, 177.6, -52.9, -136.4, 178.1, -52.9, 0, 0, 0
L -164.7, 168.4, -52.9, -169.6, 173.2, -52.9, 0, 0, 0
L -121.4, 163.3, -53.5, -121.6, 165.3, -52.9, 0, 0, 0
L -111.3, 163.3, -53.9, -110.8, 165.3, -52.9, 0, 0, 0
L -98.8, 178.0, -52.9, -96.8, 177.6, -52.9, 0, 0, 0
L -96.8, 188.9, -52.9, -98.8, 188.7, -52.9, 0, 0, 0
L -63.7, 193.0, -52.9, -68.5, 197.9, -52.9, 0, 0, 0
L 776.3, 107.5, -52.1, 771.4, 112.4, -52.1, 0, 0, 0
L 806.6, 116.7, -54.4, 804.6, 116.9, -52.1, 0, 0, 0
L 806.6, 127.5, -54.4, 804.6, 127.9, -52.1, 0, 0, 0
L 841.0, 158.2, -54.4, 841.2, 160.2, -52.4, 0, 0, 0
L 851.8, 158.2, -54.4, 851.7, 160.2, -52.4, 0, 0, 0
L 831.8, 188.5, -52.4, 836.7, 193.4, -52.4, 0, 0, 0
L 865.2, -201.2, -52.6, 870.1, -196.3, -52.6, 0, 0, 0
L 861.1, -168.0, -52.6, 860.8, -166.0, -54.4, 0, 0, 0
L 849.3, -168.0, -52.6, 850.0, -166.0, -54.4, 0, 0, 0
L -4745.2, 129.3, -54.0, -4740.4, 134.1, -54.0, 0, 0, 0
L -4735.1, 99.0, -54.6, -4736.4, 101.0, -54.0, 0, 0, 0
L -4725.1, 99.0, -54.6, -4725.1, 101.0, -54.6, 0, 0, 0
L -4441.3, -9.1, -51.5, -4450.0, -9.1, -51.5, 205, 133, 63
L -626.8, -1524.0, -17.8, -620.1, -1548.1, -17.8, 0, 0, 0
L -584.3, -1526.6, -17.4, -578.1, -1548.1, -17.3, 0, 0, 0
