P 1558.6127, -13.5509, -50.7177, 255, 0, 0, 3, to_West_Freeport
P -615.6914, -1483.6917, -17.7802, 255, 0, 0, 3, to_Nektulos_Forest
P 20.3067, 2427.0945, 3.7510, 255, 0, 0, 3, to_North_Desert_of_Ro
P -4952.3315, -9.0695, -70.6922, 255, 0, 0, 3, to_West_Commonlands
P 6.0507, 1662.6854, 3.7510, 0, 128, 0, 2, Rushka_(Spells)
P 132.4103, 1681.2939, 3.7510, 0, 128, 0, 2, Shady_(Merchant)
P -3755.6426, -980.0028, -49.5240, 0, 128, 0, 2, Joryd_(Fletcher)
P -4056.6707, -340.4851, -49.2740, 0, 128, 0, 2, Romya_(Merchant)
P -4740.1753, -234.1754, -49.1293, 0, 128, 0, 2, Katha_(Gems)
P -3064.7029, 315.4241, -51.5937, 0, 128, 0, 2, Loric_(Tailor)
P -237.5206, 118.0719, -48.9186, 0, 128, 0, 2, Parthar_(Bar)
P -27.4852, 134.6940, -50.7259, 0, 128, 0, 2, Merra_(Pottery)
P 853.1782, -185.0536, -49.4759, 0, 128, 0, 2, Ponila_(Weapons)
P 789.3440, 121.0467, -49.6009, 0, 128, 0, 2, Pardor_(Merchant)
P 846.7277, 183.9857, -49.8509, 128, 128, 128, 2, Rinna_(GM_Cleric)
