P -1580.0000, -2230.0000, 0.0000, 0, 0, 0, 2, to_Erudin
P -3210.0000, -1624.0000, 0.0000, 0, 0, 0, 2, from_Erudin
P -2001.0000, 3850.0000, 0.0000, 0, 0, 0, 2, to_South_Qeynos
P -69.0000, 3770.0000, 0.0000, 0, 0, 0, 2, from_South_Qeynos
P -672.1265, 1771.5919, 0.0331, 255, 0, 0, 3, to_Erudin_&_South_Qeynos_(Translocator_Jempar)
P -795.0000, 1767.0000, 0.0000, 255, 0, 0, 2, Succor
P -735.7136, 1774.7687, 1.5631, 240, 240, 240, 2, Dock
P -2127.7453, 1312.0714, -25.7743, 240, 240, 240, 2, Sunken_Ship
P -857.0000, 1479.0000, 13.4652, 0, 128, 0, 2, Renna_(Merchant)
P -956.1344, 1595.0701, 31.1521, 0, 0, 0, 2, Nifta
P -754.5171, 1307.5408, -17.3915, 0, 0, 0, 2, Kala
P -780.5736, 723.8614, -17.4981, 0, 0, 0, 2, Tolo
P -2128.9833, 1286.2792, -43.6227, 0, 0, 0, 2, Yun_Assistant_Maklok
P -1702.9512, 1183.5687, 51.2308, 0, 0, 0, 2, Raldoria_Deacon
P -1821.1387, 1673.7515, -14.0303, 0, 0, 0, 2, Doria_Dawncrest
P -1794.5767, 1691.0174, -12.4907, 0, 0, 0, 2, Bellorrana_Hanthan
P -1132.7423, 1781.6406, -0.3553, 0, 0, 0, 2, Nomala
P -1401.9854, 1305.8389, 127.3804, 0, 0, 0, 2, Hojo
P -1633.2340, 922.4375, 56.8494, 0, 0, 0, 2, Ooglyn
P -1241.9772, 990.1233, 109.1571, 0, 0, 0, 2, Canrield_Starbourne
P -1246.4760, 1178.4849, 49.2267, 0, 0, 0, 2, Yelesom_Paust
P -836.7151, 1540.4929, 2.9736, 0, 0, 0, 2, Nomala_(Roam)
P -688.1333, 1776.8913, 1.5649, 0, 0, 0, 2, Monala_(Roam)
P -1210.2901, 1194.5284, 82.1054, 240, 240, 240, 2, Talysra`s_Paw_Island
