L -786.0, -669.0, -15.0, -784.0, -669.0, -15.0, 178, 102, 255
L -817.0, -707.0, -15.0, -786.0, -707.0, -15.0, 178, 102, 255
L -817.0, -648.0, -15.0, -817.0, -707.0, -15.0, 205, 133, 63
L -835.0, -707.0, -15.0, -824.0, -707.0, -15.0, 178, 102, 255
L -871.0, -707.0, -15.0, -838.0, -707.0, -15.0, 178, 102, 255
L -839.0, -555.0, -15.0, -839.0, -581.0, -15.0, 178, 102, 255
L -843.0, -555.0, -15.0, -839.0, -555.0, -15.0, 178, 102, 255
L -767.0, -639.0, -15.0, -783.0, -640.0, -15.0, 178, 102, 255
L -751.0, -624.0, -15.0, -767.0, -639.0, -15.0, 178, 102, 255
L -751.0, -608.0, -15.0, -751.0, -624.0, -15.0, 178, 102, 255
L -736.0, -608.0, -15.0, -751.0, -608.0, -15.0, 178, 102, 255
L -733.0, -848.0, -15.0, -733.0, -863.0, -15.0, 178, 102, 255
L -656.0, -832.0, -7.0, -671.0, -832.0, -7.0, 204, 0, 204
L -656.0, -879.0, -7.0, -656.0, -832.0, -7.0, 204, 0, 204
L -717.0, -719.0, 0.0, -717.0, -703.0, 0.0, 0, 0, 255
L -702.0, -733.0, 0.0, -717.0, -719.0, 0.0, 0, 0, 255
L -688.0, -733.0, 0.0, -702.0, -733.0, 0.0, 0, 0, 255
L -674.0, -719.0, 0.0, -688.0, -733.0, 0.0, 0, 0, 255
L -674.0, -703.0, 0.0, -674.0, -719.0, 0.0, 0, 0, 255
L -687.0, -690.0, 0.0, -674.0, -703.0, 0.0, 0, 0, 255
L -703.0, -690.0, 0.0, -687.0, -690.0, 0.0, 0, 0, 255
L -717.0, -703.0, 0.0, -703.0, -690.0, 0.0, 0, 0, 255
L -687.0, -715.0, 0.0, -691.0, -719.0, 0.0, 204, 0, 204
L -687.0, -707.0, 0.0, -687.0, -715.0, 0.0, 204, 0, 204
L -770.0, -657.0, 0.0, -783.0, -657.0, 0.0, 150, 150, 150
L -647.0, -707.0, 0.0, -647.0, -715.0, 0.0, 0, 0, 0
L -867.0, -563.0, -33.0, -867.0, -531.0, -33.0, 102, 0, 204
L -841.0, -584.0, -32.0, -834.0, -598.0, -32.0, 102, 0, 204
L -865.0, -598.0, -32.0, -857.0, -584.0, -32.0, 102, 0, 204
L -751.0, -591.0, -7.0, -751.0, -544.0, -7.0, 204, 0, 204
L -656.0, -544.0, -7.0, -656.0, -591.0, -7.0, 204, 0, 204
L -671.0, -608.0, -15.0, -656.0, -608.0, -15.0, 178, 102, 255
L -656.0, -608.0, -15.0, -656.0, -623.0, -15.0, 178, 102, 255
L -656.0, -623.0, -15.0, -640.0, -639.0, -15.0, 178, 102, 255
L -640.0, -639.0, -15.0, -624.0, -640.0, -15.0, 178, 102, 255
L -690.0, -575.0, -15.0, -674.0, -575.0, -15.0, 178, 102, 255
L -719.0, -557.0, 0.0, -720.0, -557.0, 0.0, 204, 0, 204
L -674.0, -848.0, -15.0, -674.0, -863.0, -15.0, 178, 102, 255
L -621.0, -657.0, -15.0, -621.0, -614.0, -15.0, 178, 102, 255
L -621.0, -614.0, -15.0, -586.0, -614.0, -15.0, 178, 102, 255
L -586.0, -681.0, -15.0, -591.0, -687.0, -15.0, 205, 133, 63
L -591.0, -687.0, -15.0, -609.0, -687.0, -15.0, 205, 133, 63
L -580.0, -686.0, -15.0, -579.0, -683.0, -15.0, 205, 133, 63
L -530.0, -620.0, -15.0, -529.0, -675.0, -15.0, 178, 102, 255
L -529.0, -675.0, -15.0, -557.0, -675.0, -15.0, 178, 102, 255
L -557.0, -675.0, -15.0, -557.0, -649.0, -15.0, 178, 102, 255
L -557.0, -649.0, -15.0, -562.0, -649.0, -15.0, 178, 102, 255
L -566.0, -639.0, -15.0, -566.0, -687.0, -15.0, 178, 102, 255
L -566.0, -687.0, -15.0, -571.0, -696.0, -15.0, 178, 102, 255
L -571.0, -696.0, -15.0, -578.0, -703.0, -15.0, 178, 102, 255
L -578.0, -703.0, -15.0, -586.0, -707.0, -15.0, 178, 102, 255
L -586.0, -707.0, -15.0, -621.0, -707.0, -15.0, 178, 102, 255
L -621.0, -707.0, -15.0, -621.0, -670.0, -15.0, 178, 102, 255
L -624.0, -703.0, -15.0, -634.0, -703.0, -15.0, 178, 102, 255
L -634.0, -703.0, -15.0, -634.0, -719.0, -15.0, 178, 102, 255
L -621.0, -753.0, -15.0, -621.0, -716.0, -15.0, 178, 102, 255
L -621.0, -716.0, -15.0, -575.0, -715.0, -15.0, 178, 102, 255
L -575.0, -715.0, -15.0, -575.0, -791.0, -15.0, 178, 102, 255
L -543.0, -715.0, -15.0, -572.0, -716.0, -15.0, 178, 102, 255
L -543.0, -715.0, -15.0, -544.0, -809.0, -15.0, 178, 102, 255
L -544.0, -809.0, -15.0, -621.0, -809.0, -15.0, 178, 102, 255
L -621.0, -809.0, -15.0, -621.0, -794.0, -15.0, 178, 102, 255
L -621.0, -791.0, -15.0, -621.0, -778.0, -15.0, 178, 102, 255
L -621.0, -778.0, -15.0, -585.0, -778.0, -15.0, 205, 133, 63
L -585.0, -778.0, -15.0, -585.0, -773.0, -15.0, 205, 133, 63
L -585.0, -773.0, -15.0, -621.0, -773.0, -15.0, 205, 133, 63
L -621.0, -773.0, -15.0, -621.0, -765.0, -15.0, 178, 102, 255
L -621.0, -765.0, -15.0, -622.5, -765.0, -15.0, 178, 102, 255
L -656.0, -815.0, -15.0, -671.0, -815.0, -15.0, 178, 102, 255
L -671.0, -815.0, -15.0, -671.0, -805.0, -15.0, 178, 102, 255
L -709.0, -534.0, -7.0, -705.0, -534.0, -7.0, 0, 0, 255
L -705.0, -534.0, -7.0, -701.0, -534.0, -7.0, 0, 0, 255
L -701.0, -534.0, -7.0, -698.0, -534.0, -7.0, 0, 0, 255
L -709.0, -534.0, -7.0, -709.0, -544.0, -7.0, 0, 0, 255
L -698.0, -534.0, -7.0, -698.0, -544.0, -7.0, 0, 0, 255
L -709.0, -891.0, -7.0, -709.0, -879.0, -7.0, 0, 0, 255
L -709.0, -879.0, -7.0, -698.0, -879.0, -7.0, 0, 0, 255
L -698.0, -879.0, -7.0, -698.0, -891.0, -7.0, 0, 0, 255
L -591.0, -690.0, 0.0, -591.0, -658.0, 0.0, 204, 0, 204
L -591.0, -658.0, 0.0, -576.0, -658.0, 0.0, 204, 0, 204
L -576.0, -658.0, 0.0, -576.0, -765.0, 0.0, 204, 0, 204
L -576.0, -765.0, 0.0, -591.0, -765.0, 0.0, 204, 0, 204
L -591.0, -765.0, 0.0, -591.0, -733.0, 0.0, 204, 0, 204
L -594.0, -737.0, 0.0, -607.0, -737.0, 0.0, 150, 150, 150
L -560.0, -783.0, 16.0, -607.0, -783.0, 16.0, 0, 0, 0
L -573.0, -685.0, 30.0, -560.0, -685.0, 30.0, 150, 150, 150
L -573.0, -681.0, 28.0, -560.0, -681.0, 28.0, 150, 150, 150
L -573.0, -677.0, 26.0, -560.0, -677.0, 26.0, 150, 150, 150
L -573.0, -673.0, 24.0, -560.0, -673.0, 24.0, 150, 150, 150
L -573.0, -669.0, 22.0, -560.0, -669.0, 22.0, 150, 150, 150
L -573.0, -665.0, 20.0, -560.0, -665.0, 20.0, 150, 150, 150
L -573.0, -661.0, 18.0, -560.0, -661.0, 18.0, 150, 150, 150
L -610.0, -733.0, 32.0, -624.0, -736.0, 32.0, 0, 0, 0
L -624.0, -736.0, 32.0, -624.0, -759.0, 32.0, 0, 0, 0
L -624.0, -759.0, 32.0, -639.0, -759.0, 32.0, 0, 0, 0
L -639.0, -759.0, 32.0, -640.0, -775.0, 32.0, 0, 0, 0
L -640.0, -775.0, 32.0, -679.0, -815.0, 32.0, 0, 0, 0
L -679.0, -815.0, 32.0, -720.0, -815.0, 32.0, 0, 0, 0
L -807.0, -815.0, 32.0, -847.0, -775.0, 32.0, 0, 0, 0
L -847.0, -775.0, 32.0, -847.0, -735.0, 32.0, 0, 0, 0
L -847.0, -647.0, 32.0, -805.0, -608.0, 32.0, 0, 0, 0
L -805.0, -608.0, 32.0, -767.0, -608.0, 32.0, 0, 0, 0
L -679.0, -608.0, 32.0, -640.0, -647.0, 32.0, 0, 0, 0
L -640.0, -647.0, 32.0, -640.0, -663.0, 32.0, 0, 0, 0
L -640.0, -663.0, 32.0, -624.0, -664.0, 32.0, 0, 0, 0
L -624.0, -664.0, 32.0, -624.0, -687.0, 32.0, 0, 0, 0
L -712.0, -753.0, 33.0, -721.0, -763.0, 33.0, 0, 0, 255
L -721.0, -763.0, 33.0, -765.0, -763.0, 33.0, 0, 0, 255
L -765.0, -763.0, 33.0, -779.0, -749.0, 34.0, 0, 0, 255
L -779.0, -749.0, 34.0, -779.0, -673.0, 34.0, 0, 0, 255
L -779.0, -673.0, 34.0, -765.0, -660.0, 33.0, 0, 0, 255
L -765.0, -660.0, 33.0, -721.0, -660.0, 34.0, 0, 0, 255
L -721.0, -660.0, 34.0, -708.0, -674.0, 33.0, 0, 0, 255
L -708.0, -674.0, 33.0, -708.0, -749.0, 33.0, 0, 0, 255
L -708.0, -749.0, 33.0, -713.0, -754.0, 33.0, 0, 0, 255
L -735.0, -726.0, 33.0, -739.0, -729.0, 33.0, 0, 0, 255
L -739.0, -729.0, 33.0, -748.0, -726.0, 33.0, 0, 0, 255
L -748.0, -726.0, 33.0, -749.0, -719.0, 33.0, 0, 0, 255
L -749.0, -719.0, 33.0, -752.0, -714.0, 33.0, 0, 0, 255
L -752.0, -714.0, 33.0, -750.0, -705.0, 33.0, 0, 0, 255
L -750.0, -705.0, 33.0, -744.0, -702.0, 33.0, 0, 0, 255
L -744.0, -702.0, 33.0, -742.0, -693.0, 33.0, 0, 0, 255
L -742.0, -693.0, 33.0, -739.0, -690.0, 33.0, 0, 0, 255
L -739.0, -690.0, 33.0, -733.0, -698.0, 33.0, 0, 0, 255
L -733.0, -698.0, 33.0, -734.0, -704.0, 33.0, 0, 0, 255
L -734.0, -704.0, 33.0, -732.0, -707.0, 33.0, 0, 0, 255
L -732.0, -707.0, 33.0, -731.0, -723.0, 33.0, 0, 0, 255
L -731.0, -723.0, 33.0, -735.0, -726.0, 33.0, 0, 0, 255
L -767.0, -874.0, 32.0, -767.0, -819.0, 33.0, 0, 0, 0
L -712.0, -855.0, 32.0, -713.0, -854.0, 32.0, 0, 0, 0
L -719.0, -848.0, 32.0, -720.0, -819.0, 33.0, 0, 0, 0
L -720.0, -819.0, 33.0, -720.0, -815.0, 32.0, 0, 0, 0
L -713.0, -854.0, 32.0, -719.0, -848.0, 32.0, 0, 0, 0
L -713.0, -854.0, 32.0, -704.0, -863.0, 32.0, 0, 0, 0
L -704.0, -863.0, 32.0, -704.0, -911.0, 32.0, 0, 0, 0
L -704.0, -911.0, 32.0, -719.0, -927.0, 32.0, 0, 0, 0
L -719.0, -927.0, 32.0, -767.0, -927.0, 32.0, 0, 0, 0
L -767.0, -927.0, 32.0, -783.0, -911.0, 32.0, 0, 0, 0
L -783.0, -911.0, 32.0, -783.0, -903.0, 32.0, 0, 0, 0
L -783.0, -903.0, 32.0, -770.0, -903.0, 32.0, 155, 155, 155
L -767.0, -903.0, 32.0, -767.0, -871.0, 32.0, 0, 0, 0
L -767.0, -848.0, 48.0, -783.0, -864.0, 48.0, 0, 204, 204
L -767.0, -871.0, 48.0, -767.0, -927.0, 48.0, 0, 204, 204
L -767.0, -927.0, 48.0, -720.0, -927.0, 48.0, 0, 204, 204
L -720.0, -927.0, 48.0, -720.0, -871.0, 48.0, 0, 204, 204
L -720.0, -871.0, 48.0, -717.0, -871.0, 48.0, 0, 204, 204
L -704.0, -871.0, 48.0, -704.0, -863.0, 48.0, 0, 204, 204
L -704.0, -863.0, 48.0, -719.0, -848.0, 48.0, 0, 204, 204
L -704.0, -911.0, 64.0, -719.0, -927.0, 64.0, 0, 204, 0
L -719.0, -927.0, 64.0, -767.0, -927.0, 64.0, 0, 204, 0
L -769.0, -924.0, 64.0, -783.0, -911.0, 64.0, 0, 204, 0
L -783.0, -911.0, 64.0, -783.0, -903.0, 64.0, 0, 204, 0
L -767.0, -903.0, 64.0, -767.0, -848.0, 64.0, 0, 204, 0
L -767.0, -848.0, 64.0, -720.0, -848.0, 64.0, 0, 204, 0
L -720.0, -848.0, 64.0, -718.0, -903.0, 64.0, 0, 204, 0
L -770.0, -903.0, 64.0, -767.0, -903.0, 64.0, 0, 204, 0
L -783.0, -864.0, 80.0, -767.0, -848.0, 80.0, 102, 255, 102
L -767.0, -848.0, 80.0, -719.0, -848.0, 80.0, 102, 255, 102
L -719.0, -848.0, 80.0, -704.0, -863.0, 80.0, 102, 255, 102
L -704.0, -863.0, 80.0, -704.0, -911.0, 80.0, 102, 255, 102
L -704.0, -911.0, 80.0, -719.0, -927.0, 80.0, 102, 255, 102
L -767.0, -927.0, 80.0, -719.0, -927.0, 80.0, 102, 255, 102
L -895.0, -751.0, 32.0, -880.0, -735.0, 32.0, 0, 0, 0
L -880.0, -735.0, 32.0, -851.0, -735.0, 33.0, 0, 0, 0
L -851.0, -735.0, 33.0, -847.0, -735.0, 32.0, 0, 0, 0
L -912.0, -688.0, 32.0, -851.0, -688.0, 33.0, 0, 0, 0
L -847.0, -688.0, 32.0, -847.0, -647.0, 32.0, 0, 0, 0
L -851.0, -688.0, 33.0, -847.0, -688.0, 32.0, 0, 0, 0
L -895.0, -751.0, 32.0, -942.0, -751.0, 32.0, 0, 0, 0
L -942.0, -751.0, 32.0, -959.0, -735.0, 32.0, 0, 0, 0
L -959.0, -735.0, 32.0, -959.0, -687.0, 32.0, 0, 0, 0
L -959.0, -687.0, 32.0, -943.0, -672.0, 32.0, 0, 0, 0
L -943.0, -672.0, 32.0, -935.0, -672.0, 32.0, 0, 0, 0
L -935.0, -688.0, 32.0, -909.0, -688.0, 32.0, 0, 0, 0
L -895.0, -672.0, 48.0, -880.0, -687.0, 48.0, 0, 204, 204
L -880.0, -687.0, 48.0, -880.0, -735.0, 48.0, 0, 204, 204
L -880.0, -735.0, 48.0, -895.0, -751.0, 48.0, 0, 204, 204
L -895.0, -751.0, 48.0, -903.0, -751.0, 48.0, 0, 204, 204
L -903.0, -735.0, 48.0, -959.0, -735.0, 48.0, 0, 204, 204
L -959.0, -688.0, 48.0, -959.0, -735.0, 48.0, 0, 204, 204
L -959.0, -688.0, 48.0, -903.0, -688.0, 48.0, 0, 204, 204
L -947.0, -747.0, 64.0, -945.0, -749.0, 64.0, 0, 204, 0
L -945.0, -749.0, 64.0, -943.0, -751.0, 64.0, 0, 204, 0
L -945.0, -749.0, 64.0, -955.0, -739.0, 64.0, 0, 204, 0
L -955.0, -739.0, 64.0, -959.0, -735.0, 64.0, 0, 204, 0
L -947.0, -688.0, 64.0, -947.0, -685.0, 64.0, 0, 204, 0
L -947.0, -685.0, 64.0, -956.0, -685.0, 64.0, 0, 204, 0
L -956.0, -685.0, 64.0, -944.0, -672.0, 64.0, 0, 204, 0
L -944.0, -672.0, 64.0, -935.0, -672.0, 64.0, 0, 204, 0
L -935.0, -672.0, 64.0, -935.0, -685.0, 64.0, 150, 150, 150
L -935.0, -687.0, 64.0, -880.0, -688.0, 64.0, 0, 204, 0
L -880.0, -688.0, 64.0, -880.0, -735.0, 64.0, 0, 204, 0
L -880.0, -735.0, 64.0, -935.0, -737.0, 64.0, 0, 204, 0
L -880.0, -687.0, 80.0, -895.0, -672.0, 80.0, 102, 255, 102
L -935.0, -685.0, 64.0, -935.0, -687.0, 64.0, 0, 204, 0
L -904.0, -685.0, 80.0, -905.9, -685.0, 79.0, 102, 255, 102
L -880.0, -687.0, 80.0, -880.0, -735.0, 80.0, 102, 255, 102
L -880.0, -735.0, 80.0, -896.0, -751.0, 80.0, 102, 255, 102
L -943.0, -751.0, 80.0, -959.0, -735.0, 80.0, 102, 255, 102
L -959.0, -735.0, 80.0, -959.0, -688.0, 80.0, 102, 255, 102
L -776.0, -566.0, 32.0, -767.0, -575.0, 32.0, 0, 0, 0
L -767.0, -575.0, 32.0, -767.0, -604.0, 33.0, 0, 0, 0
L -767.0, -604.0, 33.0, -767.0, -608.0, 32.0, 0, 0, 0
L -720.0, -541.0, 32.0, -720.0, -604.0, 33.0, 0, 0, 0
L -720.0, -608.0, 32.0, -679.0, -608.0, 32.0, 0, 0, 0
L -720.0, -604.0, 33.0, -720.0, -608.0, 32.0, 0, 0, 0
L -776.0, -566.0, 32.0, -783.0, -559.0, 32.0, 0, 0, 0
L -783.0, -559.0, 32.0, -783.0, -511.0, 32.0, 0, 0, 0
L -783.0, -511.0, 32.0, -767.0, -496.0, 32.0, 0, 0, 0
L -767.0, -496.0, 32.0, -719.0, -496.0, 32.0, 0, 0, 0
L -719.0, -496.0, 32.0, -704.0, -511.0, 32.0, 0, 0, 0
L -704.0, -511.0, 32.0, -704.0, -519.0, 32.0, 0, 0, 0
L -704.0, -519.0, 32.0, -717.0, -519.0, 32.0, 155, 155, 155
L -720.0, -519.0, 32.0, -720.0, -545.0, 32.0, 0, 0, 0
L -783.0, -559.0, 80.0, -767.0, -575.0, 80.0, 102, 255, 102
L -767.0, -575.0, 80.0, -719.0, -575.0, 80.0, 102, 255, 102
L -719.0, -575.0, 80.0, -704.0, -559.0, 80.0, 102, 255, 102
L -704.0, -511.0, 64.0, -720.0, -496.0, 64.0, 0, 204, 0
L -720.0, -496.0, 64.0, -767.0, -496.0, 64.0, 0, 204, 0
L -767.0, -496.0, 64.0, -783.0, -511.0, 64.0, 0, 204, 0
L -783.0, -552.0, 48.0, -783.0, -559.0, 48.0, 0, 204, 204
L -783.0, -559.0, 48.0, -772.0, -570.0, 48.0, 0, 204, 204
L -772.0, -570.0, 48.0, -768.0, -573.0, 48.0, 0, 204, 204
L -767.0, -575.0, 48.0, -719.0, -575.0, 48.0, 0, 204, 204
L -719.0, -575.0, 48.0, -704.0, -559.0, 48.0, 0, 204, 204
L -783.0, -559.0, 80.0, -783.0, -511.0, 80.0, 102, 255, 102
L -783.0, -511.0, 80.0, -767.0, -496.0, 80.0, 102, 255, 102
L -767.0, -496.0, 80.0, -720.0, -496.0, 80.0, 102, 255, 102
L -720.0, -575.0, 64.0, -767.0, -575.0, 64.0, 0, 204, 0
L -767.0, -575.0, 64.0, -767.0, -519.0, 64.0, 0, 204, 0
L -783.0, -552.0, 48.0, -770.0, -552.0, 48.0, 150, 150, 150
L -767.0, -552.0, 48.0, -767.0, -495.0, 48.0, 0, 204, 204
L -767.0, -495.0, 48.0, -719.0, -495.0, 48.0, 0, 204, 204
L -719.0, -495.0, 48.0, -720.0, -546.0, 48.0, 0, 204, 204
L -647.0, -715.0, 0.0, -654.0, -715.0, 0.0, 0, 0, 0
L -647.0, -707.0, 0.0, -654.0, -707.0, 0.0, 0, 0, 0
L -654.0, -707.0, 0.0, -654.0, -715.0, 0.0, 0, 0, 0
L -610.0, -689.0, 32.0, -624.0, -687.0, 32.0, 0, 0, 0
L -610.0, -733.0, 32.0, -573.0, -733.0, 32.0, 0, 0, 0
L -610.0, -689.0, 32.0, -573.0, -689.0, 32.0, 0, 0, 0
L -560.0, -722.0, 32.0, -560.0, -720.0, 32.0, 0, 0, 0
L -560.0, -720.0, 32.0, -560.0, -689.0, 32.0, 0, 0, 0
L -560.0, -720.0, 32.0, -560.0, -733.0, 32.0, 0, 0, 0
L -560.0, -733.0, 32.0, -560.0, -737.0, 30.0, 0, 0, 0
L -572.0, -689.0, 32.0, -560.0, -689.0, 32.0, 150, 150, 150
L -560.0, -689.0, 32.0, -560.0, -657.0, 16.0, 0, 0, 0
L -560.0, -783.0, 16.0, -560.0, -767.0, 16.0, 0, 0, 0
L -573.0, -767.0, 16.0, -560.0, -767.0, 16.0, 150, 150, 150
L -573.0, -767.0, 16.0, -594.0, -767.0, 16.0, 0, 0, 0
L -607.0, -767.0, 16.0, -607.0, -763.0, 14.0, 204, 0, 204
L -573.0, -733.0, 32.0, -560.0, -733.0, 32.0, 150, 150, 150
L -573.0, -733.0, 32.0, -573.0, -737.0, 30.0, 0, 0, 0
L -560.0, -750.0, 24.0, -560.0, -754.0, 22.0, 0, 0, 0
L -573.0, -750.0, 24.0, -573.0, -754.0, 22.0, 0, 0, 0
L -560.0, -750.0, 24.0, -573.0, -750.0, 24.0, 150, 150, 150
L -560.0, -741.0, 28.0, -560.0, -745.0, 26.0, 0, 0, 0
L -573.0, -741.0, 28.0, -573.0, -745.0, 26.0, 0, 0, 0
L -560.0, -741.0, 28.0, -573.0, -741.0, 28.0, 150, 150, 150
L -560.0, -758.0, 20.0, -560.0, -762.0, 18.0, 0, 0, 0
L -573.0, -758.0, 20.0, -573.0, -762.0, 18.0, 0, 0, 0
L -560.0, -758.0, 20.0, -573.0, -758.0, 20.0, 150, 150, 150
L -560.0, -762.0, 18.0, -560.0, -767.0, 16.0, 0, 0, 0
L -573.0, -762.0, 18.0, -573.0, -767.0, 16.0, 0, 0, 0
L -560.0, -762.0, 18.0, -573.0, -762.0, 18.0, 150, 150, 150
L -560.0, -754.0, 22.0, -560.0, -758.0, 20.0, 0, 0, 0
L -573.0, -754.0, 22.0, -573.0, -758.0, 20.0, 0, 0, 0
L -560.0, -754.0, 22.0, -573.0, -754.0, 22.0, 150, 150, 150
L -560.0, -745.0, 26.0, -560.0, -750.0, 24.0, 0, 0, 0
L -573.0, -745.0, 26.0, -573.0, -750.0, 24.0, 0, 0, 0
L -560.0, -745.0, 26.0, -573.0, -745.0, 26.0, 150, 150, 150
L -560.0, -737.0, 30.0, -560.0, -741.0, 28.0, 0, 0, 0
L -573.0, -737.0, 30.0, -573.0, -741.0, 28.0, 0, 0, 0
L -560.0, -737.0, 30.0, -573.0, -737.0, 30.0, 150, 150, 150
L -573.0, -689.0, 32.0, -572.0, -689.0, 32.0, 0, 0, 0
L -560.0, -640.0, 16.0, -607.0, -640.0, 16.0, 0, 0, 0
L -560.0, -657.0, 16.0, -560.0, -640.0, 16.0, 0, 0, 0
L -560.0, -657.0, 16.0, -573.0, -657.0, 16.0, 150, 150, 150
L -573.0, -657.0, 16.0, -594.0, -657.0, 16.0, 0, 0, 0
L -607.0, -640.0, 16.0, -607.0, -657.0, 16.0, 0, 0, 0
L -573.0, -689.0, 32.0, -573.0, -657.0, 16.0, 0, 0, 0
L -562.0, -649.0, -15.0, -562.0, -639.0, -15.0, 178, 102, 255
L -562.0, -620.0, -15.0, -530.0, -620.0, -15.0, 178, 102, 255
L -562.0, -628.0, -15.0, -562.0, -620.0, -15.0, 178, 102, 255
L -566.0, -639.0, -15.0, -564.0, -639.0, -15.0, 178, 102, 255
L -562.0, -628.0, -15.0, -564.0, -628.0, -15.0, 178, 102, 255
L -566.0, -628.0, -15.0, -566.0, -619.0, -15.0, 178, 102, 255
L -579.0, -683.0, -15.0, -579.0, -682.0, -15.0, 205, 133, 63
L -566.0, -619.0, -15.0, -579.0, -619.0, -15.0, 205, 133, 63
L -579.0, -682.0, -15.0, -579.0, -681.0, -15.0, 205, 133, 63
L -579.0, -681.0, -15.0, -579.0, -619.0, -15.0, 205, 133, 63
L -586.0, -681.0, -15.0, -586.0, -614.0, -15.0, 205, 133, 63
L -621.0, -791.0, -15.0, -613.0, -791.0, -15.0, 178, 102, 255
L -621.0, -794.0, -15.0, -613.0, -794.0, -15.0, 178, 102, 255
L -601.0, -791.0, -15.0, -575.0, -791.0, -15.0, 178, 102, 255
L -601.0, -791.0, -15.0, -601.0, -792.5, -15.0, 178, 102, 255
L -613.0, -791.0, -15.0, -613.0, -792.5, -15.0, 178, 102, 255
L -656.0, -815.0, -15.0, -624.0, -815.0, -15.0, 178, 102, 255
L -624.0, -765.0, -15.0, -624.0, -783.0, -15.0, 178, 102, 255
L -624.0, -783.0, -15.0, -624.0, -815.0, -15.0, 178, 102, 255
L -621.0, -753.0, -15.0, -622.5, -753.0, -15.0, 178, 102, 255
L -634.0, -719.0, -15.0, -624.0, -719.0, -15.0, 178, 102, 255
L -624.0, -753.0, -15.0, -624.0, -719.0, -15.0, 178, 102, 255
L -621.0, -670.0, -15.0, -622.5, -670.0, -15.0, 178, 102, 255
L -624.0, -670.0, -15.0, -624.0, -703.0, -15.0, 178, 102, 255
L -624.0, -657.0, -15.0, -622.5, -657.0, -15.0, 178, 102, 255
L -624.0, -657.0, -15.0, -624.0, -640.0, -15.0, 178, 102, 255
L -609.0, -687.0, -15.0, -609.0, -694.0, -15.0, 205, 133, 63
L -583.0, -690.0, -15.0, -580.0, -686.0, -15.0, 205, 133, 63
L -607.0, -686.0, 0.0, -607.0, -690.0, 0.0, 204, 0, 204
L -594.0, -686.0, 0.0, -594.0, -690.0, 0.0, 204, 0, 204
L -594.0, -690.0, 0.0, -591.0, -690.0, 0.0, 204, 0, 204
L -607.0, -690.0, 0.0, -623.0, -690.0, 0.0, 204, 0, 204
L -594.0, -657.0, 16.0, -607.0, -657.0, 16.0, 150, 150, 150
L -594.0, -686.0, 0.0, -607.0, -686.0, 0.0, 150, 150, 150
L -594.0, -686.0, 0.0, -594.0, -682.0, 2.0, 204, 0, 204
L -607.0, -686.0, 0.0, -607.0, -682.0, 2.0, 204, 0, 204
L -594.0, -671.0, 8.0, -594.0, -667.0, 10.0, 204, 0, 204
L -607.0, -671.0, 8.0, -607.0, -667.0, 10.0, 204, 0, 204
L -594.0, -671.0, 8.0, -607.0, -671.0, 8.0, 150, 150, 150
L -594.0, -678.0, 4.0, -594.0, -675.0, 6.0, 204, 0, 204
L -607.0, -678.0, 4.0, -607.0, -675.0, 6.0, 204, 0, 204
L -594.0, -678.0, 4.0, -607.0, -678.0, 4.0, 150, 150, 150
L -594.0, -682.0, 2.0, -594.0, -678.0, 4.0, 204, 0, 204
L -607.0, -682.0, 2.0, -607.0, -678.0, 4.0, 204, 0, 204
L -594.0, -682.0, 2.0, -607.0, -682.0, 2.0, 150, 150, 150
L -594.0, -675.0, 6.0, -594.0, -671.0, 8.0, 204, 0, 204
L -607.0, -675.0, 6.0, -607.0, -671.0, 8.0, 204, 0, 204
L -594.0, -675.0, 6.0, -607.0, -675.0, 6.0, 150, 150, 150
L -594.0, -664.0, 12.0, -594.0, -660.0, 14.0, 204, 0, 204
L -607.0, -664.0, 12.0, -607.0, -660.0, 14.0, 204, 0, 204
L -594.0, -664.0, 12.0, -607.0, -664.0, 12.0, 150, 150, 150
L -594.0, -667.0, 10.0, -594.0, -664.0, 12.0, 204, 0, 204
L -607.0, -667.0, 10.0, -607.0, -664.0, 12.0, 204, 0, 204
L -594.0, -667.0, 10.0, -607.0, -667.0, 10.0, 150, 150, 150
L -594.0, -660.0, 14.0, -594.0, -657.0, 16.0, 204, 0, 204
L -607.0, -660.0, 14.0, -607.0, -657.0, 16.0, 204, 0, 204
L -594.0, -660.0, 14.0, -607.0, -660.0, 14.0, 150, 150, 150
L -609.0, -694.0, -15.0, -592.0, -694.0, -15.0, 205, 133, 63
L -583.0, -690.0, -15.0, -592.0, -694.0, -15.0, 205, 133, 63
L -594.0, -733.0, 0.0, -594.0, -737.0, 0.0, 204, 0, 204
L -591.0, -733.0, 0.0, -594.0, -733.0, 0.0, 204, 0, 204
L -607.0, -733.0, 0.0, -607.0, -737.0, 0.0, 204, 0, 204
L -607.0, -733.0, 0.0, -624.0, -733.0, 0.0, 204, 0, 204
L -607.0, -767.0, 16.0, -607.0, -783.0, 16.0, 0, 0, 0
L -594.0, -767.0, 16.0, -607.0, -767.0, 16.0, 150, 150, 150
L -594.0, -767.0, 16.0, -594.0, -763.0, 14.0, 204, 0, 204
L -607.0, -752.0, 8.0, -607.0, -748.0, 6.0, 204, 0, 204
L -594.0, -752.0, 8.0, -594.0, -748.0, 6.0, 204, 0, 204
L -607.0, -752.0, 8.0, -594.0, -752.0, 8.0, 150, 150, 150
L -607.0, -759.0, 12.0, -607.0, -755.0, 10.0, 204, 0, 204
L -594.0, -759.0, 12.0, -594.0, -755.0, 10.0, 204, 0, 204
L -607.0, -759.0, 12.0, -594.0, -759.0, 12.0, 150, 150, 150
L -607.0, -763.0, 14.0, -607.0, -759.0, 12.0, 204, 0, 204
L -594.0, -763.0, 14.0, -594.0, -759.0, 12.0, 204, 0, 204
L -607.0, -763.0, 14.0, -594.0, -763.0, 14.0, 150, 150, 150
L -607.0, -755.0, 10.0, -607.0, -752.0, 8.0, 204, 0, 204
L -594.0, -755.0, 10.0, -594.0, -752.0, 8.0, 204, 0, 204
L -607.0, -755.0, 10.0, -594.0, -755.0, 10.0, 150, 150, 150
L -607.0, -744.0, 4.0, -607.0, -740.0, 2.0, 204, 0, 204
L -594.0, -744.0, 4.0, -594.0, -740.0, 2.0, 204, 0, 204
L -607.0, -744.0, 4.0, -594.0, -744.0, 4.0, 150, 150, 150
L -607.0, -748.0, 6.0, -607.0, -744.0, 4.0, 204, 0, 204
L -594.0, -748.0, 6.0, -594.0, -744.0, 4.0, 204, 0, 204
L -607.0, -748.0, 6.0, -594.0, -748.0, 6.0, 150, 150, 150
L -607.0, -740.0, 2.0, -607.0, -737.0, 0.0, 204, 0, 204
L -594.0, -740.0, 2.0, -594.0, -737.0, 0.0, 204, 0, 204
L -607.0, -740.0, 2.0, -594.0, -740.0, 2.0, 150, 150, 150
L -634.0, -805.0, 0.0, -624.0, -805.0, 0.0, 204, 0, 204
L -634.0, -815.0, 0.0, -634.0, -805.0, 0.0, 204, 0, 204
L -624.0, -733.0, 0.0, -624.0, -805.0, 0.0, 204, 0, 204
L -671.0, -815.0, 0.0, -634.0, -815.0, 0.0, 204, 0, 204
L -623.0, -690.0, 0.0, -623.0, -617.0, 0.0, 204, 0, 204
L -634.0, -617.0, 0.0, -623.0, -617.0, 0.0, 204, 0, 204
L -671.0, -608.0, 0.0, -671.0, -618.0, 0.0, 204, 0, 204
L -634.0, -617.0, 0.0, -634.0, -608.0, 0.0, 204, 0, 204
L -671.0, -608.0, 0.0, -634.0, -608.0, 0.0, 204, 0, 204
L -671.0, -608.0, -15.0, -671.0, -618.0, -15.0, 178, 102, 255
L -786.0, -716.0, -15.0, -821.0, -716.0, -15.0, 178, 102, 255
L -867.0, -720.0, -15.0, -867.0, -777.0, -15.0, 178, 102, 255
L -821.0, -795.0, -15.0, -823.5, -795.0, -15.0, 178, 102, 255
L -867.0, -779.0, -15.0, -857.0, -779.0, -15.0, 178, 102, 255
L -817.0, -648.0, -15.0, -801.0, -648.0, -15.0, 178, 102, 255
L -789.0, -648.0, -15.0, -786.0, -648.0, -15.0, 178, 102, 255
L -789.0, -645.0, -15.0, -786.0, -645.0, -15.0, 178, 102, 255
L -789.0, -648.0, -15.0, -789.0, -646.5, -15.0, 178, 102, 255
L -801.0, -645.0, -15.0, -801.0, -646.5, -15.0, 178, 102, 255
L -824.0, -707.0, -15.0, -824.0, -648.0, -15.0, 205, 133, 63
L -801.0, -645.0, -15.0, -824.0, -645.0, -15.0, 178, 102, 255
L -835.0, -707.0, -15.0, -835.0, -645.0, -15.0, 178, 102, 255
L -835.0, -645.0, -15.0, -838.0, -645.0, -15.0, 178, 102, 255
L -838.0, -707.0, -15.0, -838.0, -662.0, -15.0, 178, 102, 255
L -871.0, -662.0, -15.0, -859.0, -662.0, -15.0, 178, 102, 255
L -847.0, -662.0, -15.0, -838.0, -662.0, -15.0, 178, 102, 255
L -871.0, -659.0, -15.0, -859.0, -659.0, -15.0, 178, 102, 255
L -859.0, -659.0, -15.0, -859.0, -660.5, -15.0, 178, 102, 255
L -847.0, -662.0, -15.0, -847.0, -660.5, -15.0, 178, 102, 255
L -847.0, -659.0, -15.0, -838.0, -659.0, -15.0, 178, 102, 255
L -838.0, -659.0, -15.0, -838.0, -645.0, -15.0, 178, 102, 255
L -783.0, -640.0, -15.0, -783.0, -655.0, -15.0, 178, 102, 255
L -783.0, -655.0, -15.0, -784.0, -655.0, -15.0, 178, 102, 255
L -786.0, -655.0, -15.0, -786.0, -648.0, -15.0, 178, 102, 255
L -786.0, -669.0, -15.0, -786.0, -707.0, -15.0, 178, 102, 255
L -783.0, -753.0, -15.0, -784.5, -753.0, -15.0, 178, 102, 255
L -783.0, -669.0, -15.0, -783.0, -753.0, -15.0, 178, 102, 255
L -786.0, -716.0, -15.0, -786.0, -753.0, -15.0, 178, 102, 255
L -783.0, -766.0, -15.0, -783.0, -815.0, -15.0, 178, 102, 255
L -786.0, -766.0, -15.0, -786.0, -808.0, -15.0, 178, 102, 255
L -821.0, -716.0, -15.0, -821.0, -720.0, -15.0, 178, 102, 255
L -821.0, -723.0, -15.0, -821.0, -790.7, -15.0, 205, 133, 63
L -821.0, -720.0, -15.0, -821.0, -723.0, -15.0, 178, 102, 255
L -826.0, -795.0, -15.0, -826.0, -790.7, -15.0, 178, 102, 255
L -826.0, -720.0, -15.0, -821.0, -720.0, -15.0, 178, 102, 255
L -826.0, -720.0, -15.0, -841.0, -720.0, -15.0, 178, 102, 255
L -844.0, -720.0, -15.0, -867.0, -720.0, -15.0, 178, 102, 255
L -867.0, -777.0, -15.0, -857.0, -777.0, -15.0, 178, 102, 255
L -857.0, -779.0, -15.0, -857.0, -778.0, -15.0, 178, 102, 255
L -844.0, -720.0, -15.0, -844.0, -737.0, -15.0, 178, 102, 255
L -841.0, -720.0, -15.0, -841.0, -737.0, -15.0, 178, 102, 255
L -841.0, -751.0, -15.0, -841.0, -808.0, -15.0, 178, 102, 255
L -841.0, -751.0, -15.0, -842.5, -751.0, -15.0, 178, 102, 255
L -841.0, -737.0, -15.0, -842.5, -737.0, -15.0, 178, 102, 255
L -867.0, -779.0, -15.0, -867.0, -809.0, -15.0, 178, 102, 255
L -844.0, -809.0, -15.0, -867.0, -809.0, -15.0, 178, 102, 255
L -786.0, -645.0, -15.0, -786.0, -613.0, -15.0, 178, 102, 255
L -859.0, -613.0, -15.0, -871.0, -613.0, -15.0, 178, 102, 255
L -871.0, -659.0, -15.0, -871.0, -613.0, -15.0, 178, 102, 255
L -871.0, -611.0, -15.0, -859.0, -611.0, -15.0, 178, 102, 255
L -846.0, -611.0, -15.0, -841.0, -611.0, -15.0, 178, 102, 255
L -846.0, -613.0, -15.0, -846.0, -612.0, -15.0, 178, 102, 255
L -859.0, -611.0, -15.0, -859.0, -612.0, -15.0, 178, 102, 255
L -871.0, -542.0, -15.0, -822.0, -542.0, -15.0, 178, 102, 255
L -871.0, -579.0, -15.0, -843.0, -579.0, -15.0, 178, 102, 255
L -839.0, -581.0, -15.0, -839.0, -583.9, -15.0, 178, 102, 255
L -843.0, -555.0, -15.0, -843.0, -579.0, -15.0, 178, 102, 255
L -839.0, -598.0, -15.0, -841.0, -598.0, -15.0, 178, 102, 255
L -843.0, -582.0, -15.0, -843.0, -583.9, -15.0, 178, 102, 255
L -843.0, -582.0, -15.0, -871.0, -582.0, -15.0, 178, 102, 255
L -871.0, -579.0, -15.0, -871.0, -542.0, -15.0, 178, 102, 255
L -871.0, -611.0, -15.0, -871.0, -582.0, -15.0, 178, 102, 255
L -671.0, -879.0, -7.0, -656.0, -879.0, -7.0, 204, 0, 204
L -671.0, -815.0, 0.0, -671.0, -805.0, 0.0, 204, 0, 204
L -783.0, -735.0, 15.0, -769.0, -735.0, 15.0, 150, 150, 150
L -773.0, -815.0, 0.0, -773.0, -806.0, 0.0, 204, 0, 204
L -773.0, -806.0, 0.0, -783.0, -806.0, 0.0, 204, 0, 204
L -773.0, -815.0, 0.0, -736.0, -815.0, 0.0, 204, 0, 204
L -736.0, -815.0, 0.0, -736.0, -805.0, 0.0, 204, 0, 204
L -783.0, -766.0, 0.0, -783.0, -806.0, 0.0, 204, 0, 204
L -783.0, -766.0, -15.0, -784.5, -766.0, -15.0, 178, 102, 255
L -783.0, -766.0, 0.0, -769.0, -766.0, 0.0, 150, 150, 150
L -770.0, -657.0, 0.0, -769.7, -688.0, 0.0, 204, 0, 204
L -769.0, -766.0, 0.0, -769.0, -762.0, 1.0, 150, 150, 150
L -783.0, -735.0, 15.0, -783.0, -738.0, 13.0, 255, 102, 255
L -769.0, -750.0, 7.0, -769.0, -746.0, 9.0, 150, 150, 150
L -783.0, -750.0, 7.0, -783.0, -754.0, 5.0, 255, 102, 255
L -769.0, -750.0, 7.0, -783.0, -750.0, 7.0, 150, 150, 150
L -769.0, -742.0, 11.0, -769.0, -738.0, 13.0, 150, 150, 150
L -783.0, -742.0, 11.0, -783.0, -746.0, 9.0, 255, 102, 255
L -769.0, -742.0, 11.0, -783.0, -742.0, 11.0, 150, 150, 150
L -769.0, -758.0, 3.0, -769.0, -754.0, 5.0, 150, 150, 150
L -783.0, -758.0, 3.0, -783.0, -762.0, 1.0, 255, 102, 255
L -769.0, -758.0, 3.0, -783.0, -758.0, 3.0, 150, 150, 150
L -769.0, -762.0, 1.0, -769.0, -758.0, 3.0, 150, 150, 150
L -783.0, -762.0, 1.0, -783.0, -766.0, 0.0, 255, 102, 255
L -769.0, -762.0, 1.0, -783.0, -762.0, 1.0, 150, 150, 150
L -769.0, -754.0, 5.0, -769.0, -750.0, 7.0, 150, 150, 150
L -783.0, -754.0, 5.0, -783.0, -758.0, 3.0, 255, 102, 255
L -769.0, -754.0, 5.0, -783.0, -754.0, 5.0, 150, 150, 150
L -769.0, -746.0, 9.0, -769.0, -742.0, 11.0, 150, 150, 150
L -783.0, -746.0, 9.0, -783.0, -750.0, 7.0, 255, 102, 255
L -769.0, -746.0, 9.0, -783.0, -746.0, 9.0, 150, 150, 150
L -769.0, -738.0, 13.0, -769.0, -735.0, 15.0, 150, 150, 150
L -783.0, -738.0, 13.0, -783.0, -742.0, 11.0, 255, 102, 255
L -769.0, -738.0, 13.0, -783.0, -738.0, 13.0, 150, 150, 150
L -736.0, -815.0, -15.0, -783.0, -815.0, -15.0, 178, 102, 255
L -736.0, -608.0, 0.0, -736.0, -617.0, 0.0, 204, 0, 204
L -719.0, -617.0, 0.0, -736.0, -617.0, 0.0, 204, 0, 204
L -773.0, -618.0, 0.0, -783.0, -618.0, 0.0, 204, 0, 204
L -773.0, -608.0, 0.0, -773.0, -618.0, 0.0, 204, 0, 204
L -773.0, -608.0, 0.0, -736.0, -608.0, 0.0, 204, 0, 204
L -783.0, -657.0, 0.0, -783.0, -618.0, 0.0, 204, 0, 204
L -819.0, -541.0, -33.0, -819.0, -561.0, -33.0, 102, 0, 204
L -819.0, -541.0, -33.0, -822.0, -541.0, -33.0, 102, 0, 204
L -867.0, -531.0, -33.0, -808.0, -531.0, -33.0, 102, 0, 204
L -822.0, -542.0, -15.0, -822.0, -594.0, -15.0, 178, 102, 255
L -819.0, -594.0, -15.0, -822.0, -594.0, -15.0, 178, 102, 255
L -808.0, -611.0, -15.0, -808.0, -591.0, -15.0, 178, 102, 255
L -808.0, -591.0, -15.0, -819.0, -591.0, -15.0, 150, 150, 150
L -819.0, -594.0, -15.0, -819.0, -591.0, -15.0, 178, 102, 255
L -819.0, -561.0, -33.0, -808.0, -561.0, -33.0, 150, 150, 150
L -808.0, -561.0, -33.0, -808.0, -531.0, -33.0, 102, 0, 204
L -827.0, -563.0, -33.0, -822.0, -563.0, -33.0, 102, 0, 204
L -822.0, -541.0, -33.0, -822.0, -563.0, -33.0, 102, 0, 204
L -857.0, -574.0, -32.0, -867.0, -563.0, -33.0, 102, 0, 204
L -841.0, -574.0, -32.0, -827.0, -563.0, -33.0, 102, 0, 204
L -865.0, -598.0, -32.0, -865.0, -605.0, -32.0, 102, 0, 204
L -865.0, -643.0, -32.0, -834.0, -643.0, -32.0, 102, 0, 204
L -834.0, -598.0, -32.0, -834.0, -605.0, -32.0, 102, 0, 204
L -804.0, -598.0, -32.0, -804.0, -617.0, -32.0, 102, 0, 204
L -804.0, -643.0, -32.0, -830.0, -643.0, -32.0, 102, 0, 204
L -804.0, -598.0, -32.0, -830.0, -598.0, -32.0, 102, 0, 204
L -893.0, -643.0, -32.0, -893.0, -623.0, -32.0, 102, 0, 204
L -868.0, -643.0, -32.0, -893.0, -643.0, -32.0, 102, 0, 204
L -868.0, -598.0, -32.0, -893.0, -598.0, -32.0, 102, 0, 204
L -868.0, -643.0, -32.0, -868.0, -635.0, -32.0, 102, 0, 204
L -834.0, -610.0, -32.0, -834.0, -630.0, -32.0, 102, 0, 204
L -893.0, -617.0, -32.0, -893.0, -598.0, -32.0, 102, 0, 204
L -893.0, -617.0, -32.0, -868.0, -617.0, -32.0, 102, 0, 204
L -868.0, -617.0, -32.0, -868.0, -610.0, -32.0, 102, 0, 204
L -804.0, -623.0, -32.0, -804.0, -643.0, -32.0, 102, 0, 204
L -893.0, -623.0, -32.0, -868.0, -623.0, -32.0, 102, 0, 204
L -865.0, -610.0, -32.0, -865.0, -630.0, -32.0, 102, 0, 204
L -868.0, -605.0, -32.0, -868.0, -598.0, -32.0, 102, 0, 204
L -868.0, -605.0, -32.0, -866.5, -605.0, -32.0, 102, 0, 204
L -834.0, -605.0, -32.0, -832.0, -605.0, -32.0, 102, 0, 204
L -868.0, -610.0, -32.0, -866.5, -610.0, -32.0, 102, 0, 204
L -834.0, -610.0, -32.0, -832.0, -610.0, -32.0, 102, 0, 204
L -830.0, -617.0, -32.0, -804.0, -617.0, -32.0, 102, 0, 204
L -830.0, -598.0, -32.0, -830.0, -605.0, -32.0, 102, 0, 204
L -830.0, -623.0, -32.0, -804.0, -623.0, -32.0, 102, 0, 204
L -830.0, -623.0, -32.0, -830.0, -630.0, -32.0, 102, 0, 204
L -830.0, -610.0, -32.0, -830.0, -617.0, -32.0, 102, 0, 204
L -865.0, -635.0, -32.0, -865.0, -643.0, -32.0, 102, 0, 204
L -834.0, -635.0, -32.0, -834.0, -643.0, -32.0, 102, 0, 204
L -830.0, -635.0, -32.0, -830.0, -643.0, -32.0, 102, 0, 204
L -868.0, -635.0, -32.0, -866.5, -635.0, -32.0, 102, 0, 204
L -834.0, -635.0, -32.0, -832.0, -635.0, -32.0, 102, 0, 204
L -868.0, -630.0, -32.0, -868.0, -623.0, -32.0, 102, 0, 204
L -868.0, -630.0, -32.0, -866.5, -630.0, -32.0, 102, 0, 204
L -834.0, -630.0, -32.0, -832.0, -630.0, -32.0, 102, 0, 204
L -797.0, -718.0, 15.0, -794.0, -718.0, 15.0, 150, 150, 150
L -792.0, -705.0, 15.0, -794.0, -705.0, 15.0, 150, 150, 150
L -792.0, -718.0, 15.0, -790.0, -718.0, 15.0, 150, 150, 150
L -792.0, -705.0, 15.0, -792.0, -718.0, 15.0, 150, 150, 150
L -797.0, -705.0, 15.0, -797.0, -708.0, 15.0, 150, 150, 150
L -792.0, -705.0, 15.0, -790.0, -705.0, 15.0, 150, 150, 150
L -790.0, -718.0, 15.0, -790.0, -705.0, 15.0, 150, 150, 150
L -797.0, -708.0, 15.0, -797.0, -714.0, 15.0, 199, 21, 133
L -815.0, -708.0, 15.0, -815.0, -714.0, 15.0, 199, 21, 133
L -801.0, -705.0, 15.0, -810.0, -705.0, 15.0, 199, 21, 133
L -801.0, -718.0, 15.0, -810.0, -718.0, 15.0, 199, 21, 133
L -797.0, -714.0, 15.0, -797.0, -718.0, 15.0, 150, 150, 150
L -815.0, -714.0, 15.0, -810.0, -718.0, 15.0, 199, 21, 133
L -815.0, -708.0, 15.0, -810.0, -705.0, 15.0, 199, 21, 133
L -801.0, -705.0, 15.0, -797.0, -708.0, 15.0, 199, 21, 133
L -797.0, -714.0, 15.0, -801.0, -718.0, 15.0, 199, 21, 133
L -691.0, -719.0, 0.0, -700.0, -719.0, 0.0, 204, 0, 204
L -700.0, -703.0, 0.0, -691.0, -703.0, 0.0, 204, 0, 204
L -704.0, -707.0, 0.0, -704.0, -715.0, 0.0, 204, 0, 204
L -704.0, -707.0, 0.0, -700.0, -703.0, 0.0, 204, 0, 204
L -704.0, -715.0, 0.0, -700.0, -719.0, 0.0, 204, 0, 204
L -687.0, -707.0, 0.0, -691.0, -703.0, 0.0, 204, 0, 204
L -671.0, -618.0, -15.0, -690.0, -618.0, -15.0, 178, 102, 255
L -736.0, -608.0, -15.0, -736.0, -618.0, -15.0, 178, 102, 255
L -717.0, -618.0, -15.0, -736.0, -618.0, -15.0, 178, 102, 255
L -690.0, -848.0, -15.0, -674.0, -848.0, -15.0, 178, 102, 255
L -674.0, -863.0, -15.0, -695.0, -863.0, -15.0, 178, 102, 255
L -712.0, -863.0, -15.0, -733.0, -863.0, -15.0, 178, 102, 255
L -695.0, -863.0, -15.0, -712.0, -863.0, -15.0, 178, 102, 255
L -736.0, -815.0, -15.0, -736.0, -805.0, -15.0, 178, 102, 255
L -671.0, -805.0, -15.0, -690.0, -805.0, -15.0, 178, 102, 255
L -717.0, -848.0, -15.0, -733.0, -848.0, -15.0, 178, 102, 255
L -736.0, -805.0, -15.0, -717.0, -805.0, -15.0, 178, 102, 255
L -690.0, -618.0, -15.0, -690.0, -591.0, -15.0, 178, 102, 255
L -717.0, -618.0, -15.0, -717.0, -591.0, -15.0, 178, 102, 255
L -717.0, -575.0, -15.0, -733.0, -575.0, -15.0, 178, 102, 255
L -674.0, -575.0, -15.0, -674.0, -560.0, -15.0, 178, 102, 255
L -733.0, -560.0, -15.0, -712.0, -560.0, -15.0, 178, 102, 255
L -712.0, -560.0, -15.0, -674.0, -560.0, -15.0, 178, 102, 255
L -733.0, -575.0, -15.0, -733.0, -560.0, -15.0, 178, 102, 255
L -736.0, -805.0, 0.0, -720.0, -805.0, 0.0, 204, 0, 204
L -720.0, -805.0, 0.0, -717.0, -805.0, 0.0, 204, 0, 204
L -717.0, -805.0, 0.0, -717.0, -848.0, 0.0, 204, 0, 204
L -717.0, -805.0, -15.0, -717.0, -832.0, -15.0, 178, 102, 255
L -690.0, -805.0, 0.0, -690.0, -848.0, 0.0, 204, 0, 204
L -690.0, -805.0, -15.0, -690.0, -832.0, -15.0, 178, 102, 255
L -671.0, -805.0, 0.0, -690.0, -805.0, 0.0, 204, 0, 204
L -690.0, -848.0, 0.0, -690.0, -866.0, 0.0, 204, 0, 204
L -690.0, -879.0, 0.0, -717.0, -879.0, 0.0, 204, 0, 204
L -717.0, -848.0, 0.0, -717.0, -866.0, 0.0, 204, 0, 204
L -719.0, -617.0, 0.0, -719.0, -594.0, 0.0, 204, 0, 204
L -719.0, -594.0, 0.0, -719.0, -557.0, 0.0, 204, 0, 204
L -690.0, -618.0, 0.0, -671.0, -618.0, 0.0, 204, 0, 204
L -690.0, -618.0, 0.0, -690.0, -557.0, 0.0, 204, 0, 204
L -690.0, -832.0, -15.0, -690.0, -845.0, -15.0, 150, 150, 150
L -690.0, -845.0, -15.0, -690.0, -848.0, -15.0, 178, 102, 255
L -717.0, -845.0, -15.0, -717.0, -848.0, -15.0, 178, 102, 255
L -671.0, -879.0, -7.0, -671.0, -866.0, -7.0, 150, 150, 150
L -671.0, -848.0, -7.0, -671.0, -845.0, -7.0, 204, 0, 204
L -671.0, -863.0, -7.0, -671.0, -848.0, -7.0, 204, 0, 204
L -671.0, -845.0, -7.0, -671.0, -832.0, -7.0, 150, 150, 150
L -690.0, -845.0, -15.0, -687.0, -845.0, -14.0, 178, 102, 255
L -690.0, -832.0, -15.0, -687.0, -832.0, -14.0, 178, 102, 255
L -680.0, -832.0, -11.0, -678.0, -832.0, -10.0, 178, 102, 255
L -680.0, -845.0, -11.0, -678.0, -845.0, -10.0, 178, 102, 255
L -680.0, -832.0, -11.0, -680.0, -845.0, -11.0, 150, 150, 150
L -685.0, -832.0, -13.0, -682.0, -832.0, -12.0, 178, 102, 255
L -685.0, -845.0, -13.0, -682.0, -845.0, -12.0, 178, 102, 255
L -685.0, -832.0, -13.0, -685.0, -845.0, -13.0, 150, 150, 150
L -675.0, -832.0, -9.0, -673.0, -832.0, -8.0, 178, 102, 255
L -675.0, -845.0, -9.0, -673.0, -845.0, -8.0, 178, 102, 255
L -675.0, -832.0, -9.0, -675.0, -845.0, -9.0, 150, 150, 150
L -687.0, -832.0, -14.0, -685.0, -832.0, -13.0, 178, 102, 255
L -687.0, -845.0, -14.0, -685.0, -845.0, -13.0, 178, 102, 255
L -687.0, -832.0, -14.0, -687.0, -845.0, -14.0, 150, 150, 150
L -682.0, -832.0, -12.0, -680.0, -832.0, -11.0, 178, 102, 255
L -682.0, -845.0, -12.0, -680.0, -845.0, -11.0, 178, 102, 255
L -682.0, -832.0, -12.0, -682.0, -845.0, -12.0, 150, 150, 150
L -678.0, -832.0, -10.0, -675.0, -832.0, -9.0, 178, 102, 255
L -678.0, -845.0, -10.0, -675.0, -845.0, -9.0, 178, 102, 255
L -678.0, -832.0, -10.0, -678.0, -845.0, -10.0, 150, 150, 150
L -673.0, -832.0, -8.0, -671.0, -832.0, -7.0, 178, 102, 255
L -673.0, -845.0, -8.0, -671.0, -845.0, -7.0, 178, 102, 255
L -673.0, -832.0, -8.0, -673.0, -845.0, -8.0, 150, 150, 150
L -734.0, -879.0, -7.0, -734.0, -866.0, -7.0, 150, 150, 150
L -751.0, -879.0, -7.0, -751.0, -832.0, -7.0, 204, 0, 204
L -734.0, -879.0, -7.0, -751.0, -879.0, -7.0, 204, 0, 204
L -734.0, -866.0, -7.0, -734.0, -845.0, -7.0, 204, 0, 204
L -751.0, -832.0, -7.0, -734.0, -832.0, -7.0, 204, 0, 204
L -734.0, -832.0, -7.0, -731.0, -832.0, -8.0, 178, 102, 255
L -734.0, -845.0, -7.0, -734.0, -832.0, -7.0, 150, 150, 150
L -717.0, -845.0, -15.0, -717.0, -832.0, -15.0, 150, 150, 150
L -717.0, -845.0, -15.0, -719.0, -845.0, -14.0, 178, 102, 255
L -725.0, -832.0, -11.0, -723.0, -832.0, -12.0, 178, 102, 255
L -725.0, -845.0, -11.0, -727.0, -845.0, -10.0, 178, 102, 255
L -725.0, -832.0, -11.0, -725.0, -845.0, -11.0, 150, 150, 150
L -721.0, -832.0, -13.0, -719.0, -832.0, -14.0, 178, 102, 255
L -721.0, -845.0, -13.0, -723.0, -845.0, -12.0, 178, 102, 255
L -721.0, -832.0, -13.0, -721.0, -845.0, -13.0, 150, 150, 150
L -729.0, -832.0, -9.0, -727.0, -832.0, -10.0, 178, 102, 255
L -729.0, -845.0, -9.0, -731.0, -845.0, -8.0, 178, 102, 255
L -729.0, -832.0, -9.0, -729.0, -845.0, -9.0, 150, 150, 150
L -719.0, -832.0, -14.0, -717.0, -832.0, -15.0, 178, 102, 255
L -719.0, -845.0, -14.0, -721.0, -845.0, -13.0, 178, 102, 255
L -719.0, -832.0, -14.0, -719.0, -845.0, -14.0, 150, 150, 150
L -723.0, -832.0, -12.0, -721.0, -832.0, -13.0, 178, 102, 255
L -723.0, -845.0, -12.0, -725.0, -845.0, -11.0, 178, 102, 255
L -723.0, -832.0, -12.0, -723.0, -845.0, -12.0, 150, 150, 150
L -727.0, -832.0, -10.0, -725.0, -832.0, -11.0, 178, 102, 255
L -727.0, -845.0, -10.0, -729.0, -845.0, -9.0, 178, 102, 255
L -727.0, -832.0, -10.0, -727.0, -845.0, -10.0, 150, 150, 150
L -731.0, -832.0, -8.0, -729.0, -832.0, -9.0, 178, 102, 255
L -731.0, -845.0, -8.0, -734.0, -845.0, -7.0, 178, 102, 255
L -731.0, -832.0, -8.0, -731.0, -845.0, -8.0, 150, 150, 150
L -690.0, -879.0, 0.0, -687.0, -879.0, 0.0, 204, 0, 204
L -717.0, -879.0, 0.0, -719.0, -879.0, 0.0, 204, 0, 204
L -671.0, -866.0, -7.0, -671.0, -863.0, -7.0, 204, 0, 204
L -690.0, -866.0, 0.0, -690.0, -879.0, 0.0, 150, 150, 150
L -690.0, -866.0, 0.0, -687.0, -866.0, 0.0, 204, 0, 204
L -717.0, -866.0, 0.0, -717.0, -879.0, 0.0, 150, 150, 150
L -717.0, -866.0, 0.0, -719.0, -866.0, 0.0, 204, 0, 204
L -725.0, -866.0, -3.0, -727.0, -866.0, -4.0, 204, 0, 204
L -725.0, -879.0, -3.0, -727.0, -879.0, -4.0, 204, 0, 204
L -725.0, -866.0, -3.0, -725.0, -879.0, -3.0, 150, 150, 150
L -729.0, -866.0, -5.0, -731.0, -866.0, -6.0, 204, 0, 204
L -729.0, -879.0, -5.0, -731.0, -879.0, -6.0, 204, 0, 204
L -729.0, -866.0, -5.0, -729.0, -879.0, -5.0, 150, 150, 150
L -721.0, -866.0, -1.0, -723.0, -866.0, -2.0, 204, 0, 204
L -721.0, -879.0, -1.0, -723.0, -879.0, -2.0, 204, 0, 204
L -721.0, -866.0, -1.0, -721.0, -879.0, -1.0, 150, 150, 150
L -719.0, -866.0, 0.0, -721.0, -866.0, -1.0, 204, 0, 204
L -719.0, -879.0, 0.0, -721.0, -879.0, -1.0, 204, 0, 204
L -719.0, -866.0, 0.0, -719.0, -879.0, 0.0, 150, 150, 150
L -723.0, -866.0, -2.0, -725.0, -866.0, -3.0, 204, 0, 204
L -723.0, -879.0, -2.0, -725.0, -879.0, -3.0, 204, 0, 204
L -723.0, -866.0, -2.0, -723.0, -879.0, -2.0, 150, 150, 150
L -727.0, -866.0, -4.0, -729.0, -866.0, -5.0, 204, 0, 204
L -727.0, -879.0, -4.0, -729.0, -879.0, -5.0, 204, 0, 204
L -727.0, -866.0, -4.0, -727.0, -879.0, -4.0, 150, 150, 150
L -731.0, -866.0, -6.0, -734.0, -866.0, -7.0, 204, 0, 204
L -731.0, -879.0, -6.0, -734.0, -879.0, -7.0, 204, 0, 204
L -731.0, -866.0, -6.0, -731.0, -879.0, -6.0, 150, 150, 150
L -680.0, -866.0, -3.0, -678.0, -866.0, -4.0, 204, 0, 204
L -680.0, -879.0, -3.0, -678.0, -879.0, -4.0, 204, 0, 204
L -680.0, -866.0, -3.0, -680.0, -879.0, -3.0, 150, 150, 150
L -685.0, -866.0, -1.0, -682.0, -866.0, -2.0, 204, 0, 204
L -685.0, -879.0, -1.0, -682.0, -879.0, -2.0, 204, 0, 204
L -685.0, -866.0, -1.0, -685.0, -879.0, -1.0, 150, 150, 150
L -675.0, -866.0, -5.0, -673.0, -866.0, -6.0, 204, 0, 204
L -675.0, -879.0, -5.0, -673.0, -879.0, -6.0, 204, 0, 204
L -675.0, -866.0, -5.0, -675.0, -879.0, -5.0, 150, 150, 150
L -678.0, -866.0, -4.0, -675.0, -866.0, -5.0, 204, 0, 204
L -678.0, -879.0, -4.0, -675.0, -879.0, -5.0, 204, 0, 204
L -678.0, -866.0, -4.0, -678.0, -879.0, -4.0, 150, 150, 150
L -673.0, -866.0, -6.0, -671.0, -866.0, -7.0, 204, 0, 204
L -673.0, -879.0, -6.0, -671.0, -879.0, -7.0, 204, 0, 204
L -673.0, -866.0, -6.0, -673.0, -879.0, -6.0, 150, 150, 150
L -682.0, -866.0, -2.0, -680.0, -866.0, -3.0, 204, 0, 204
L -682.0, -879.0, -2.0, -680.0, -879.0, -3.0, 204, 0, 204
L -682.0, -866.0, -2.0, -682.0, -879.0, -2.0, 150, 150, 150
L -687.0, -866.0, 0.0, -685.0, -866.0, -1.0, 204, 0, 204
L -687.0, -879.0, 0.0, -685.0, -879.0, -1.0, 204, 0, 204
L -687.0, -866.0, 0.0, -687.0, -879.0, 0.0, 150, 150, 150
L -690.0, -591.0, -15.0, -690.0, -577.0, -15.0, 150, 150, 150
L -717.0, -591.0, -15.0, -717.0, -577.0, -15.0, 150, 150, 150
L -671.0, -591.0, -7.0, -656.0, -591.0, -7.0, 204, 0, 204
L -734.0, -591.0, -7.0, -751.0, -591.0, -7.0, 204, 0, 204
L -734.0, -557.0, -7.0, -734.0, -544.0, -7.0, 150, 150, 150
L -734.0, -591.0, -7.0, -734.0, -577.0, -7.0, 150, 150, 150
L -734.0, -591.0, -7.0, -731.0, -591.0, -8.0, 178, 102, 255
L -671.0, -591.0, -7.0, -673.0, -591.0, -8.0, 178, 102, 255
L -656.0, -544.0, -7.0, -671.0, -544.0, -7.0, 204, 0, 204
L -734.0, -544.0, -7.0, -751.0, -544.0, -7.0, 204, 0, 204
L -698.0, -544.0, -7.0, -709.0, -544.0, -7.0, 0, 0, 255
L -671.0, -591.0, -7.0, -671.0, -577.0, -7.0, 150, 150, 150
L -671.0, -577.0, -7.0, -671.0, -557.0, -7.0, 204, 0, 204
L -734.0, -577.0, -7.0, -734.0, -557.0, -7.0, 204, 0, 204
L -717.0, -577.0, -15.0, -717.0, -575.0, -15.0, 178, 102, 255
L -690.0, -577.0, -15.0, -690.0, -575.0, -15.0, 178, 102, 255
L -690.0, -577.0, -15.0, -687.0, -577.0, -14.0, 178, 102, 255
L -734.0, -577.0, -7.0, -731.0, -577.0, -8.0, 178, 102, 255
L -680.0, -577.0, -11.0, -678.0, -577.0, -10.0, 178, 102, 255
L -680.0, -591.0, -11.0, -682.0, -591.0, -12.0, 178, 102, 255
L -680.0, -577.0, -11.0, -680.0, -591.0, -11.0, 150, 150, 150
L -675.0, -577.0, -9.0, -673.0, -577.0, -8.0, 178, 102, 255
L -675.0, -591.0, -9.0, -678.0, -591.0, -10.0, 178, 102, 255
L -675.0, -577.0, -9.0, -675.0, -591.0, -9.0, 150, 150, 150
L -685.0, -577.0, -13.0, -682.0, -577.0, -12.0, 178, 102, 255
L -685.0, -591.0, -13.0, -687.0, -591.0, -14.0, 178, 102, 255
L -685.0, -577.0, -13.0, -685.0, -591.0, -13.0, 150, 150, 150
L -673.0, -577.0, -8.0, -671.0, -577.0, -7.0, 178, 102, 255
L -673.0, -591.0, -8.0, -675.0, -591.0, -9.0, 178, 102, 255
L -673.0, -577.0, -8.0, -673.0, -591.0, -8.0, 150, 150, 150
L -678.0, -577.0, -10.0, -675.0, -577.0, -9.0, 178, 102, 255
L -678.0, -591.0, -10.0, -680.0, -591.0, -11.0, 178, 102, 255
L -678.0, -577.0, -10.0, -678.0, -591.0, -10.0, 150, 150, 150
L -682.0, -577.0, -12.0, -680.0, -577.0, -11.0, 178, 102, 255
L -682.0, -591.0, -12.0, -685.0, -591.0, -13.0, 178, 102, 255
L -682.0, -577.0, -12.0, -682.0, -591.0, -12.0, 150, 150, 150
L -687.0, -577.0, -14.0, -685.0, -577.0, -13.0, 178, 102, 255
L -687.0, -591.0, -14.0, -690.0, -591.0, -15.0, 178, 102, 255
L -687.0, -577.0, -14.0, -687.0, -591.0, -14.0, 150, 150, 150
L -725.0, -577.0, -11.0, -723.0, -577.0, -12.0, 178, 102, 255
L -725.0, -591.0, -11.0, -723.0, -591.0, -12.0, 178, 102, 255
L -725.0, -577.0, -11.0, -725.0, -591.0, -11.0, 150, 150, 150
L -721.0, -577.0, -13.0, -719.0, -577.0, -14.0, 178, 102, 255
L -721.0, -591.0, -13.0, -719.0, -591.0, -14.0, 178, 102, 255
L -721.0, -577.0, -13.0, -721.0, -591.0, -13.0, 150, 150, 150
L -719.0, -577.0, -14.0, -717.0, -577.0, -15.0, 178, 102, 255
L -719.0, -591.0, -14.0, -717.0, -591.0, -15.0, 178, 102, 255
L -719.0, -577.0, -14.0, -719.0, -591.0, -14.0, 150, 150, 150
L -723.0, -577.0, -12.0, -721.0, -577.0, -13.0, 178, 102, 255
L -723.0, -591.0, -12.0, -721.0, -591.0, -13.0, 178, 102, 255
L -723.0, -577.0, -12.0, -723.0, -591.0, -12.0, 150, 150, 150
L -729.0, -577.0, -9.0, -727.0, -577.0, -10.0, 178, 102, 255
L -729.0, -591.0, -9.0, -727.0, -591.0, -10.0, 178, 102, 255
L -729.0, -577.0, -9.0, -729.0, -591.0, -9.0, 150, 150, 150
L -731.0, -577.0, -8.0, -729.0, -577.0, -9.0, 178, 102, 255
L -731.0, -591.0, -8.0, -729.0, -591.0, -9.0, 178, 102, 255
L -731.0, -577.0, -8.0, -731.0, -591.0, -8.0, 150, 150, 150
L -727.0, -577.0, -10.0, -725.0, -577.0, -11.0, 178, 102, 255
L -727.0, -591.0, -10.0, -725.0, -591.0, -11.0, 178, 102, 255
L -727.0, -577.0, -10.0, -727.0, -591.0, -10.0, 150, 150, 150
L -709.0, -544.0, 0.0, -719.0, -544.0, 0.0, 204, 0, 204
L -690.0, -544.0, 0.0, -709.0, -544.0, 0.0, 204, 0, 204
L -719.0, -544.0, 0.0, -720.0, -544.0, 0.0, 204, 0, 204
L -719.0, -557.0, 0.0, -719.0, -544.0, 0.0, 150, 150, 150
L -690.0, -557.0, 0.0, -690.0, -544.0, 0.0, 150, 150, 150
L -690.0, -544.0, 0.0, -687.0, -544.0, 0.0, 204, 0, 204
L -671.0, -557.0, -7.0, -671.0, -544.0, -7.0, 150, 150, 150
L -690.0, -557.0, 0.0, -687.0, -557.0, 0.0, 204, 0, 204
L -680.0, -557.0, -3.0, -678.0, -557.0, -4.0, 204, 0, 204
L -680.0, -544.0, -3.0, -678.0, -544.0, -4.0, 204, 0, 204
L -680.0, -557.0, -3.0, -680.0, -544.0, -3.0, 150, 150, 150
L -675.0, -557.0, -5.0, -673.0, -557.0, -6.0, 204, 0, 204
L -675.0, -544.0, -5.0, -673.0, -544.0, -6.0, 204, 0, 204
L -675.0, -557.0, -5.0, -675.0, -544.0, -5.0, 150, 150, 150
L -673.0, -557.0, -6.0, -671.0, -557.0, -7.0, 204, 0, 204
L -673.0, -544.0, -6.0, -671.0, -544.0, -7.0, 204, 0, 204
L -673.0, -557.0, -6.0, -673.0, -544.0, -6.0, 150, 150, 150
L -678.0, -557.0, -4.0, -675.0, -557.0, -5.0, 204, 0, 204
L -678.0, -544.0, -4.0, -675.0, -544.0, -5.0, 204, 0, 204
L -678.0, -557.0, -4.0, -678.0, -544.0, -4.0, 150, 150, 150
L -685.0, -557.0, -1.0, -682.0, -557.0, -2.0, 204, 0, 204
L -685.0, -544.0, -1.0, -682.0, -544.0, -2.0, 204, 0, 204
L -685.0, -557.0, -1.0, -685.0, -544.0, -1.0, 150, 150, 150
L -682.0, -557.0, -2.0, -680.0, -557.0, -3.0, 204, 0, 204
L -682.0, -544.0, -2.0, -680.0, -544.0, -3.0, 204, 0, 204
L -682.0, -557.0, -2.0, -682.0, -544.0, -2.0, 150, 150, 150
L -687.0, -557.0, 0.0, -685.0, -557.0, -1.0, 204, 0, 204
L -687.0, -544.0, 0.0, -685.0, -544.0, -1.0, 204, 0, 204
L -687.0, -557.0, 0.0, -687.0, -544.0, 0.0, 150, 150, 150
L -726.0, -557.0, -3.0, -728.0, -557.0, -4.0, 204, 0, 204
L -726.0, -544.0, -3.0, -728.0, -544.0, -4.0, 204, 0, 204
L -726.0, -557.0, -3.0, -726.0, -544.0, -3.0, 150, 150, 150
L -722.0, -557.0, -1.0, -724.0, -557.0, -2.0, 204, 0, 204
L -722.0, -544.0, -1.0, -724.0, -544.0, -2.0, 204, 0, 204
L -722.0, -557.0, -1.0, -722.0, -544.0, -1.0, 150, 150, 150
L -730.0, -557.0, -5.0, -732.0, -557.0, -6.0, 204, 0, 204
L -730.0, -544.0, -5.0, -732.0, -544.0, -6.0, 204, 0, 204
L -730.0, -557.0, -5.0, -730.0, -544.0, -5.0, 150, 150, 150
L -732.0, -557.0, -6.0, -734.0, -557.0, -7.0, 204, 0, 204
L -732.0, -544.0, -6.0, -734.0, -544.0, -7.0, 204, 0, 204
L -732.0, -557.0, -6.0, -732.0, -544.0, -6.0, 150, 150, 150
L -728.0, -557.0, -4.0, -730.0, -557.0, -5.0, 204, 0, 204
L -728.0, -544.0, -4.0, -730.0, -544.0, -5.0, 204, 0, 204
L -728.0, -557.0, -4.0, -728.0, -544.0, -4.0, 150, 150, 150
L -724.0, -557.0, -2.0, -726.0, -557.0, -3.0, 204, 0, 204
L -724.0, -544.0, -2.0, -726.0, -544.0, -3.0, 204, 0, 204
L -724.0, -557.0, -2.0, -724.0, -544.0, -2.0, 150, 150, 150
L -720.0, -557.0, 0.0, -722.0, -557.0, -1.0, 204, 0, 204
L -720.0, -544.0, 0.0, -722.0, -544.0, -1.0, 204, 0, 204
L -720.0, -557.0, 0.0, -720.0, -544.0, 0.0, 150, 150, 150
L -709.0, -560.0, -13.0, -709.0, -544.0, -13.0, 0, 0, 255
L -698.0, -544.0, -13.0, -709.0, -544.0, -13.0, 0, 0, 255
L -709.0, -560.0, -13.0, -698.0, -560.0, -13.0, 0, 0, 255
L -698.0, -544.0, -13.0, -698.0, -560.0, -13.0, 0, 0, 255
L -871.0, -662.0, -15.0, -871.0, -707.0, -15.0, 178, 102, 255
L -767.0, -575.0, 48.0, -767.0, -563.0, 48.0, 0, 204, 204
L -768.0, -563.0, 48.0, -767.0, -563.0, 48.0, 0, 204, 204
L -768.0, -563.0, 48.0, -768.0, -573.0, 48.0, 0, 204, 204
L -903.0, -751.0, 48.0, -903.0, -739.0, 48.0, 150, 150, 150
L -783.0, -864.0, 48.0, -783.0, -871.0, 48.0, 0, 204, 204
L -783.0, -871.0, 48.0, -783.0, -873.0, 47.0, 0, 204, 204
L -770.0, -903.0, 32.0, -767.0, -903.0, 32.0, 0, 0, 0
L -770.0, -871.0, 48.0, -783.0, -871.0, 48.0, 155, 155, 155
L -770.0, -871.0, 48.0, -767.0, -871.0, 48.0, 0, 204, 204
L -770.0, -871.0, 48.0, -770.0, -873.0, 47.0, 0, 204, 204
L -767.0, -927.0, 64.0, -767.0, -915.0, 64.0, 0, 204, 0
L -767.0, -915.0, 64.0, -769.0, -915.0, 64.0, 0, 204, 0
L -769.0, -915.0, 64.0, -769.0, -924.0, 64.0, 0, 204, 0
L -770.0, -903.0, 64.0, -783.0, -903.0, 64.0, 150, 150, 150
L -776.0, -871.0, 80.0, -783.0, -871.0, 80.0, 150, 150, 150
L -783.0, -871.0, 80.0, -783.0, -864.0, 80.0, 102, 255, 102
L -770.0, -871.0, 80.0, -776.0, -871.0, 80.0, 150, 150, 150
L -783.0, -871.0, 80.0, -783.0, -873.0, 79.0, 102, 255, 102
L -770.0, -871.0, 80.0, -770.0, -873.0, 79.0, 102, 255, 102
L -718.0, -903.0, 64.0, -717.0, -903.0, 64.0, 0, 204, 0
L -704.0, -911.0, 64.0, -704.0, -903.0, 64.0, 0, 204, 0
L -704.0, -903.0, 64.0, -704.0, -901.0, 63.0, 0, 204, 0
L -717.0, -871.0, 48.0, -704.0, -871.0, 48.0, 150, 150, 150
L -717.0, -903.0, 64.0, -704.0, -903.0, 64.0, 150, 150, 150
L -717.0, -903.0, 64.0, -717.0, -901.0, 63.0, 0, 204, 0
L -903.0, -688.0, 48.0, -903.0, -685.0, 48.0, 0, 204, 204
L -895.0, -672.0, 48.0, -903.0, -672.0, 48.0, 0, 204, 204
L -935.0, -685.0, 32.0, -935.0, -688.0, 32.0, 0, 0, 0
L -903.0, -685.0, 48.0, -903.0, -672.0, 48.0, 150, 150, 150
L -935.0, -685.0, 32.0, -935.0, -672.0, 32.0, 150, 150, 150
L -903.0, -685.0, 48.0, -905.0, -685.0, 47.0, 0, 204, 204
L -903.0, -672.0, 48.0, -905.0, -672.0, 47.0, 0, 204, 204
L -935.0, -737.0, 64.0, -935.0, -739.0, 64.0, 0, 204, 0
L -943.0, -751.0, 64.0, -935.0, -751.0, 64.0, 0, 204, 0
L -903.0, -739.0, 48.0, -903.0, -735.0, 48.0, 0, 204, 204
L -935.0, -739.0, 64.0, -935.0, -751.0, 64.0, 150, 150, 150
L -935.0, -739.0, 64.0, -933.0, -739.0, 63.0, 0, 204, 0
L -935.0, -751.0, 64.0, -933.0, -751.0, 63.0, 0, 204, 0
L -959.0, -688.0, 80.0, -904.0, -688.0, 80.0, 102, 255, 102
L -904.0, -688.0, 80.0, -904.0, -685.0, 80.0, 102, 255, 102
L -904.0, -685.0, 80.0, -904.0, -672.0, 80.0, 150, 150, 150
L -895.0, -672.0, 80.0, -904.0, -672.0, 80.0, 102, 255, 102
L -935.0, -672.0, 64.0, -933.1, -672.0, 65.0, 102, 255, 102
L -720.0, -546.0, 48.0, -720.0, -552.0, 48.0, 0, 204, 204
L -720.0, -552.0, 48.0, -717.0, -552.0, 48.0, 0, 204, 204
L -704.0, -559.0, 48.0, -704.0, -552.0, 48.0, 0, 204, 204
L -786.0, -613.0, -15.0, -846.0, -613.0, -15.0, 178, 102, 255
L -717.0, -519.0, 32.0, -720.0, -519.0, 32.0, 0, 0, 0
L -717.0, -552.0, 48.0, -704.0, -552.0, 48.0, 155, 155, 155
L -717.0, -552.0, 48.0, -717.0, -549.9, 47.0, 0, 204, 204
L -704.0, -552.0, 48.0, -704.0, -549.9, 47.0, 0, 204, 204
L -704.0, -559.0, 80.0, -704.0, -552.0, 80.0, 102, 255, 102
L -717.0, -552.0, 80.0, -717.0, -549.9, 79.0, 102, 255, 102
L -717.0, -519.0, 64.0, -704.0, -519.0, 64.0, 150, 150, 150
L -704.0, -511.0, 64.0, -704.0, -518.0, 64.0, 0, 204, 0
L -704.0, -518.0, 64.0, -704.0, -519.0, 64.0, 0, 204, 0
L -720.0, -575.0, 64.0, -720.0, -519.0, 64.0, 0, 204, 0
L -717.0, -519.0, 64.0, -720.0, -519.0, 64.0, 0, 204, 0
L -704.0, -552.0, 80.0, -704.0, -549.9, 79.0, 102, 255, 102
L -717.0, -552.0, 80.0, -704.0, -552.0, 80.0, 150, 150, 150
L -767.0, -519.0, 64.0, -770.0, -519.0, 64.0, 0, 204, 0
L -783.0, -511.0, 64.0, -783.0, -519.0, 64.0, 0, 204, 0
L -770.0, -552.0, 48.0, -767.0, -552.0, 48.0, 178, 102, 255
L -770.0, -519.0, 64.0, -770.0, -521.1, 63.0, 0, 204, 0
L -783.0, -519.0, 64.0, -783.0, -521.1, 63.0, 0, 204, 0
L -770.0, -519.0, 64.0, -783.0, -519.0, 64.0, 150, 150, 150
L -783.0, -658.0, -15.0, -783.0, -665.0, -15.0, 205, 133, 63
L -786.0, -658.0, -15.0, -786.0, -665.0, -15.0, 205, 133, 63
L -783.0, -658.0, -15.0, -784.0, -658.0, -15.0, 205, 133, 63
L -783.0, -665.0, -15.0, -784.0, -665.0, -15.0, 205, 133, 63
L -784.0, -669.0, -15.0, -783.0, -669.0, -15.0, 178, 102, 255
L -784.0, -655.0, -15.0, -786.0, -655.0, -15.0, 178, 102, 255
L -784.0, -669.0, -15.0, -784.0, -665.0, -15.0, 205, 133, 63
L -784.0, -658.0, -15.0, -786.0, -658.0, -15.0, 205, 133, 63
L -784.0, -665.0, -15.0, -786.0, -665.0, -15.0, 205, 133, 63
L -784.0, -658.0, -15.0, -784.0, -655.0, -15.0, 205, 133, 63
L -719.0, -848.0, 48.0, -767.0, -848.0, 48.0, 0, 204, 204
L -794.0, -705.0, 15.0, -797.0, -705.0, 15.0, 150, 150, 150
L -794.0, -718.0, 15.0, -792.0, -718.0, 15.0, 150, 150, 150
L -794.0, -705.0, 15.0, -794.0, -718.0, 15.0, 150, 150, 150
L -711.0, -759.9, -18.0, -713.9, -757.0, -18.0, 0, 0, 255
L -713.9, -757.0, -18.0, -714.0, -733.0, -18.0, 0, 0, 255
L -714.0, -733.0, -18.0, -729.9, -717.0, -18.0, 0, 0, 255
L -729.9, -717.0, -18.0, -729.9, -706.5, -18.0, 0, 0, 255
L -729.9, -706.5, -18.0, -714.0, -690.5, -18.0, 0, 0, 255
L -714.0, -690.5, -18.0, -713.9, -666.5, -18.0, 0, 0, 255
L -713.9, -666.5, -18.0, -711.0, -663.5, -18.0, 0, 0, 255
L -711.0, -663.5, -18.0, -706.6, -663.5, -18.0, 0, 0, 255
L -700.9, -663.4, -18.0, -696.5, -663.5, -18.0, 0, 0, 255
L -696.5, -663.5, -18.0, -693.5, -666.5, -18.0, 0, 0, 255
L -693.5, -690.5, -18.0, -677.5, -706.5, -18.0, 0, 0, 255
L -677.5, -706.5, -18.0, -677.5, -717.0, -18.0, 0, 0, 255
L -677.5, -717.0, -18.0, -693.5, -733.0, -18.0, 0, 0, 255
L -693.5, -733.0, -18.0, -693.5, -757.0, -18.0, 0, 0, 255
L -693.5, -757.0, -18.0, -696.5, -759.9, -18.0, 0, 0, 255
L -696.5, -759.9, -18.0, -700.0, -759.9, -18.0, 0, 0, 255
L -711.0, -759.9, -18.0, -707.0, -760.0, -18.0, 0, 0, 255
L -859.0, -660.5, -15.0, -859.0, -662.0, -15.0, 178, 102, 255
L -859.0, -660.5, -15.0, -855.0, -660.5, -15.0, 205, 133, 63
L -855.0, -662.0, -15.0, -855.0, -659.0, -15.0, 205, 133, 63
L -855.0, -662.0, -15.0, -851.0, -662.0, -15.0, 205, 133, 63
L -855.0, -659.0, -15.0, -851.0, -659.0, -15.0, 205, 133, 63
L -851.0, -662.0, -15.0, -851.0, -660.5, -15.0, 205, 133, 63
L -851.0, -660.5, -15.0, -851.0, -659.0, -15.0, 205, 133, 63
L -847.0, -660.5, -15.0, -847.0, -659.0, -15.0, 178, 102, 255
L -851.0, -660.5, -15.0, -847.0, -660.5, -15.0, 205, 133, 63
L -844.0, -751.0, -15.0, -844.0, -778.0, -15.0, 178, 102, 255
L -857.0, -778.0, -15.0, -857.0, -777.0, -15.0, 178, 102, 255
L -857.0, -778.0, -15.0, -852.7, -778.0, -15.0, 205, 133, 63
L -852.7, -779.0, -15.0, -852.7, -777.0, -15.0, 205, 133, 63
L -852.7, -779.0, -15.0, -848.3, -779.0, -15.0, 205, 133, 63
L -852.7, -777.0, -15.0, -848.3, -777.0, -15.0, 205, 133, 63
L -848.3, -779.0, -15.0, -848.3, -778.0, -15.0, 205, 133, 63
L -848.3, -778.0, -15.0, -848.3, -777.0, -15.0, 205, 133, 63
L -844.0, -778.0, -15.0, -844.0, -809.0, -15.0, 178, 102, 255
L -848.3, -778.0, -15.0, -844.0, -778.0, -15.0, 205, 133, 63
L -613.0, -792.5, -15.0, -613.0, -794.0, -15.0, 178, 102, 255
L -613.0, -792.5, -15.0, -609.0, -792.5, -15.0, 205, 133, 63
L -609.0, -794.0, -15.0, -605.0, -794.0, -15.0, 205, 133, 63
L -609.0, -794.0, -15.0, -609.0, -791.0, -15.0, 205, 133, 63
L -605.0, -791.0, -15.0, -609.0, -791.0, -15.0, 205, 133, 63
L -605.0, -794.0, -15.0, -605.0, -792.5, -15.0, 205, 133, 63
L -605.0, -792.5, -15.0, -605.0, -791.0, -15.0, 205, 133, 63
L -601.0, -792.5, -15.0, -601.0, -794.0, -15.0, 178, 102, 255
L -605.0, -792.5, -15.0, -601.0, -792.5, -15.0, 205, 133, 63
L -621.0, -773.0, -15.0, -621.0, -778.0, -15.0, 178, 102, 255
L -586.0, -614.0, -15.0, -566.0, -614.0, -15.0, 178, 102, 255
L -566.0, -619.0, -15.0, -566.0, -614.0, -15.0, 178, 102, 255
L -845.4, -583.6, -33.0, -845.4, -581.2, -33.0, 102, 0, 204
L -853.9, -583.6, -33.0, -853.9, -581.2, -33.0, 102, 0, 204
L -841.0, -584.0, -32.0, -845.4, -583.6, -33.0, 102, 0, 204
L -841.0, -574.0, -32.0, -845.4, -578.8, -33.0, 102, 0, 204
L -853.9, -578.8, -33.0, -857.0, -574.0, -32.0, 102, 0, 204
L -853.9, -583.6, -33.0, -857.0, -584.0, -32.0, 102, 0, 204
L -853.9, -581.2, -33.0, -853.9, -578.8, -33.0, 102, 0, 204
L -853.9, -581.2, -33.0, -851.1, -581.2, -33.0, 205, 133, 63
L -851.1, -583.6, -33.0, -851.1, -578.8, -33.0, 205, 133, 63
L -851.1, -583.6, -33.0, -848.2, -583.6, -33.0, 205, 133, 63
L -851.1, -578.8, -33.0, -848.3, -578.8, -33.0, 205, 133, 63
L -848.2, -583.6, -33.0, -848.2, -581.2, -33.0, 205, 133, 63
L -848.2, -581.2, -33.0, -848.3, -578.8, -33.0, 205, 133, 63
L -845.4, -581.2, -33.0, -845.4, -578.8, -33.0, 102, 0, 204
L -848.2, -581.2, -33.0, -845.4, -581.2, -33.0, 205, 133, 63
L -824.0, -648.0, -15.0, -824.0, -645.0, -15.0, 178, 102, 255
L -817.0, -648.0, -15.0, -824.0, -648.0, -15.0, 178, 102, 255
L -824.0, -707.0, -15.0, -817.0, -707.0, -15.0, 178, 102, 255
L -786.0, -808.0, -15.0, -823.5, -808.0, -15.0, 178, 102, 255
L -821.0, -790.7, -15.0, -821.0, -795.0, -15.0, 178, 102, 255
L -826.0, -790.7, -15.0, -826.0, -723.0, -15.0, 205, 133, 63
L -821.0, -790.7, -15.0, -826.0, -790.7, -15.0, 178, 102, 255
L -826.0, -723.0, -15.0, -826.0, -720.0, -15.0, 178, 102, 255
L -821.0, -723.0, -15.0, -826.0, -723.0, -15.0, 178, 102, 255
L -823.5, -808.0, -15.0, -841.0, -808.0, -15.0, 178, 102, 255
L -826.0, -798.2, -15.0, -826.0, -804.8, -15.0, 205, 133, 63
L -821.0, -798.2, -15.0, -821.0, -804.8, -15.0, 205, 133, 63
L -826.0, -804.8, -15.0, -823.5, -804.8, -15.0, 205, 133, 63
L -821.0, -798.2, -15.0, -823.5, -798.2, -15.0, 205, 133, 63
L -823.5, -795.0, -15.0, -826.0, -795.0, -15.0, 178, 102, 255
L -823.5, -795.0, -15.0, -823.5, -798.2, -15.0, 205, 133, 63
L -823.5, -804.8, -15.0, -821.0, -804.8, -15.0, 205, 133, 63
L -823.5, -798.2, -15.0, -826.0, -798.2, -15.0, 205, 133, 63
L -823.5, -804.8, -15.0, -823.5, -808.0, -15.0, 205, 133, 63
L -693.5, -666.5, -18.0, -693.5, -690.5, -18.0, 0, 0, 255
L -700.7, -561.4, -18.0, -700.9, -663.4, -18.0, 0, 0, 255
L -706.6, -663.5, -18.0, -706.5, -561.4, -18.0, 0, 0, 255
L -700.0, -863.0, -18.0, -700.0, -759.9, -18.0, 0, 0, 255
L -707.0, -863.0, -18.0, -707.0, -760.0, -18.0, 0, 0, 255
L -801.0, -646.5, -15.0, -801.0, -648.0, -15.0, 178, 102, 255
L -801.0, -646.5, -15.0, -797.0, -646.5, -15.0, 205, 133, 63
L -797.0, -648.0, -15.0, -797.0, -645.0, -15.0, 205, 133, 63
L -797.0, -648.0, -15.0, -793.0, -648.0, -15.0, 205, 133, 63
L -797.0, -645.0, -15.0, -793.0, -645.0, -15.0, 205, 133, 63
L -793.0, -648.0, -15.0, -793.0, -646.5, -15.0, 205, 133, 63
L -793.0, -646.5, -15.0, -793.0, -645.0, -15.0, 205, 133, 63
L -789.0, -646.5, -15.0, -789.0, -645.0, -15.0, 178, 102, 255
L -793.0, -646.5, -15.0, -789.0, -646.5, -15.0, 205, 133, 63
L -859.0, -612.0, -15.0, -859.0, -613.0, -15.0, 178, 102, 255
L -859.0, -612.0, -15.0, -854.7, -612.0, -15.0, 205, 133, 63
L -854.7, -611.0, -15.0, -850.3, -611.0, -15.0, 205, 133, 63
L -854.7, -613.0, -15.0, -854.7, -611.0, -15.0, 205, 133, 63
L -850.3, -613.0, -15.0, -854.7, -613.0, -15.0, 205, 133, 63
L -850.3, -613.0, -15.0, -850.3, -612.0, -15.0, 205, 133, 63
L -850.3, -612.0, -15.0, -850.3, -611.0, -15.0, 205, 133, 63
L -846.0, -612.0, -15.0, -846.0, -611.0, -15.0, 178, 102, 255
L -850.3, -612.0, -15.0, -846.0, -612.0, -15.0, 205, 133, 63
L -896.0, -751.0, 80.0, -943.0, -751.0, 80.0, 102, 255, 102
L -947.0, -688.0, 64.0, -959.0, -688.0, 64.0, 0, 204, 0
L -959.0, -688.0, 64.0, -959.0, -735.0, 64.0, 0, 204, 0
L -572.0, -716.0, -15.0, -572.0, -794.0, -15.0, 178, 102, 255
L -601.0, -794.0, -15.0, -572.0, -794.0, -15.0, 178, 102, 255
L -767.0, -927.0, 80.0, -767.0, -871.0, 80.0, 102, 255, 102
L -770.0, -871.0, 80.0, -767.0, -871.0, 80.0, 102, 255, 102
L -720.0, -496.0, 80.0, -720.0, -552.0, 80.0, 102, 255, 102
L -717.0, -552.0, 80.0, -720.0, -552.0, 80.0, 102, 255, 102
L -566.0, -631.7, -15.0, -566.0, -635.3, -15.0, 205, 133, 63
L -564.0, -628.0, -15.0, -566.0, -628.0, -15.0, 178, 102, 255
L -564.0, -628.0, -15.0, -564.0, -631.7, -15.0, 205, 133, 63
L -566.0, -631.7, -15.0, -562.0, -631.7, -15.0, 205, 133, 63
L -566.0, -635.3, -15.0, -564.0, -635.3, -15.0, 205, 133, 63
L -564.0, -635.3, -15.0, -562.0, -635.3, -15.0, 205, 133, 63
L -564.0, -639.0, -15.0, -562.0, -639.0, -15.0, 178, 102, 255
L -564.0, -635.3, -15.0, -564.0, -639.0, -15.0, 205, 133, 63
L -562.0, -631.7, -15.0, -562.0, -635.3, -15.0, 205, 133, 63
L -624.0, -661.3, -15.0, -624.0, -665.7, -15.0, 205, 133, 63
L -622.5, -657.0, -15.0, -621.0, -657.0, -15.0, 178, 102, 255
L -622.5, -657.0, -15.0, -622.5, -661.3, -15.0, 205, 133, 63
L -624.0, -661.3, -15.0, -621.0, -661.3, -15.0, 205, 133, 63
L -624.0, -665.7, -15.0, -622.5, -665.7, -15.0, 205, 133, 63
L -622.5, -665.7, -15.0, -621.0, -665.7, -15.0, 205, 133, 63
L -622.5, -670.0, -15.0, -624.0, -670.0, -15.0, 178, 102, 255
L -622.5, -665.7, -15.0, -622.5, -670.0, -15.0, 205, 133, 63
L -621.0, -661.3, -15.0, -621.0, -665.7, -15.0, 205, 133, 63
L -624.0, -757.0, -15.0, -624.0, -761.0, -15.0, 205, 133, 63
L -622.5, -753.0, -15.0, -624.0, -753.0, -15.0, 178, 102, 255
L -622.5, -753.0, -15.0, -622.5, -757.0, -15.0, 205, 133, 63
L -624.0, -757.0, -15.0, -621.0, -757.0, -15.0, 205, 133, 63
L -624.0, -761.0, -15.0, -622.5, -761.0, -15.0, 205, 133, 63
L -622.5, -761.0, -15.0, -621.0, -761.0, -15.0, 205, 133, 63
L -622.5, -765.0, -15.0, -624.0, -765.0, -15.0, 178, 102, 255
L -622.5, -761.0, -15.0, -622.5, -765.0, -15.0, 205, 133, 63
L -621.0, -757.0, -15.0, -621.0, -761.0, -15.0, 205, 133, 63
L -786.0, -757.3, -15.0, -786.0, -761.7, -15.0, 205, 133, 63
L -784.5, -753.0, -15.0, -786.0, -753.0, -15.0, 178, 102, 255
L -784.5, -753.0, -15.0, -784.5, -757.3, -15.0, 205, 133, 63
L -786.0, -757.3, -15.0, -783.0, -757.3, -15.0, 205, 133, 63
L -786.0, -761.7, -15.0, -784.5, -761.7, -15.0, 205, 133, 63
L -784.5, -761.7, -15.0, -783.0, -761.7, -15.0, 205, 133, 63
L -784.5, -766.0, -15.0, -786.0, -766.0, -15.0, 178, 102, 255
L -784.5, -761.7, -15.0, -784.5, -766.0, -15.0, 205, 133, 63
L -783.0, -757.3, -15.0, -783.0, -761.7, -15.0, 205, 133, 63
L -844.0, -741.7, -15.0, -844.0, -746.3, -15.0, 205, 133, 63
L -842.5, -737.0, -15.0, -844.0, -737.0, -15.0, 178, 102, 255
L -842.5, -737.0, -15.0, -842.5, -741.7, -15.0, 205, 133, 63
L -844.0, -741.7, -15.0, -841.0, -741.7, -15.0, 205, 133, 63
L -844.0, -746.3, -15.0, -842.5, -746.3, -15.0, 205, 133, 63
L -842.5, -746.3, -15.0, -841.0, -746.3, -15.0, 205, 133, 63
L -842.5, -751.0, -15.0, -844.0, -751.0, -15.0, 178, 102, 255
L -842.5, -746.3, -15.0, -842.5, -751.0, -15.0, 205, 133, 63
L -841.0, -741.7, -15.0, -841.0, -746.3, -15.0, 205, 133, 63
L -834.0, -631.7, -32.0, -834.0, -633.3, -32.0, 205, 133, 63
L -832.0, -630.0, -32.0, -830.0, -630.0, -32.0, 102, 0, 204
L -832.0, -630.0, -32.0, -832.0, -631.7, -32.0, 205, 133, 63
L -834.0, -631.7, -32.0, -830.0, -631.7, -32.0, 205, 133, 63
L -834.0, -633.3, -32.0, -832.0, -633.3, -32.0, 205, 133, 63
L -832.0, -633.3, -32.0, -830.0, -633.3, -32.0, 205, 133, 63
L -832.0, -635.0, -32.0, -830.0, -635.0, -32.0, 102, 0, 204
L -832.0, -633.3, -32.0, -832.0, -635.0, -32.0, 205, 133, 63
L -830.0, -631.7, -32.0, -830.0, -633.3, -32.0, 205, 133, 63
L -868.0, -631.7, -32.0, -868.0, -633.3, -32.0, 205, 133, 63
L -866.5, -630.0, -32.0, -865.0, -630.0, -32.0, 102, 0, 204
L -866.5, -630.0, -32.0, -866.5, -631.7, -32.0, 205, 133, 63
L -868.0, -631.7, -32.0, -865.0, -631.7, -32.0, 205, 133, 63
L -868.0, -633.3, -32.0, -866.5, -633.3, -32.0, 205, 133, 63
L -866.5, -633.3, -32.0, -865.0, -633.3, -32.0, 205, 133, 63
L -866.5, -635.0, -32.0, -865.0, -635.0, -32.0, 102, 0, 204
L -866.5, -633.3, -32.0, -866.5, -635.0, -32.0, 205, 133, 63
L -865.0, -631.7, -32.0, -865.0, -633.3, -32.0, 205, 133, 63
L -868.0, -606.7, -32.0, -868.0, -608.3, -32.0, 205, 133, 63
L -866.5, -605.0, -32.0, -865.0, -605.0, -32.0, 102, 0, 204
L -866.5, -605.0, -32.0, -866.5, -606.7, -32.0, 205, 133, 63
L -868.0, -606.7, -32.0, -865.0, -606.7, -32.0, 205, 133, 63
L -868.0, -608.3, -32.0, -866.5, -608.3, -32.0, 205, 133, 63
L -866.5, -608.3, -32.0, -865.0, -608.3, -32.0, 205, 133, 63
L -866.5, -610.0, -32.0, -865.0, -610.0, -32.0, 102, 0, 204
L -866.5, -608.3, -32.0, -866.5, -610.0, -32.0, 205, 133, 63
L -865.0, -606.7, -32.0, -865.0, -608.3, -32.0, 205, 133, 63
L -834.0, -606.7, -32.0, -834.0, -608.3, -32.0, 205, 133, 63
L -832.0, -605.0, -32.0, -830.0, -605.0, -32.0, 102, 0, 204
L -832.0, -605.0, -32.0, -832.0, -606.7, -32.0, 205, 133, 63
L -834.0, -606.7, -32.0, -830.0, -606.7, -32.0, 205, 133, 63
L -834.0, -608.3, -32.0, -832.0, -608.3, -32.0, 205, 133, 63
L -832.0, -608.3, -32.0, -830.0, -608.3, -32.0, 205, 133, 63
L -832.0, -610.0, -32.0, -830.0, -610.0, -32.0, 102, 0, 204
L -832.0, -608.3, -32.0, -832.0, -610.0, -32.0, 205, 133, 63
L -830.0, -606.7, -32.0, -830.0, -608.3, -32.0, 205, 133, 63
L -843.0, -594.9, -15.0, -843.0, -598.0, -15.0, 178, 102, 255
L -839.0, -594.9, -15.0, -839.0, -598.0, -15.0, 178, 102, 255
L -843.0, -594.9, -15.0, -839.0, -594.9, -15.0, 178, 102, 255
L -843.0, -583.9, -15.0, -843.0, -594.9, -15.0, 205, 133, 63
L -839.0, -583.9, -15.0, -839.0, -594.9, -15.0, 205, 133, 63
L -843.0, -583.9, -15.0, -839.0, -583.9, -15.0, 178, 102, 255
L -843.0, -602.3, -15.0, -843.0, -606.7, -15.0, 205, 133, 63
L -841.0, -598.0, -15.0, -843.0, -598.0, -15.0, 178, 102, 255
L -841.0, -598.0, -15.0, -841.0, -602.3, -15.0, 205, 133, 63
L -843.0, -602.3, -15.0, -839.0, -602.3, -15.0, 205, 133, 63
L -843.0, -606.7, -15.0, -841.0, -606.7, -15.0, 205, 133, 63
L -841.0, -606.7, -15.0, -839.0, -606.7, -15.0, 205, 133, 63
L -841.0, -611.0, -15.0, -808.0, -611.0, -15.0, 178, 102, 255
L -841.0, -606.7, -15.0, -841.0, -611.0, -15.0, 205, 133, 63
L -839.0, -602.3, -15.0, -839.0, -606.7, -15.0, 205, 133, 63
L -717.0, -887.0, 56.0, -717.0, -885.0, 55.0, 0, 204, 0
L -704.0, -887.0, 56.0, -704.0, -885.0, 55.0, 0, 204, 0
L -717.0, -887.0, 56.0, -704.0, -887.0, 56.0, 150, 150, 150
L -717.0, -895.0, 60.0, -717.0, -893.0, 59.0, 0, 204, 0
L -704.0, -895.0, 60.0, -704.0, -893.0, 59.0, 0, 204, 0
L -717.0, -895.0, 60.0, -704.0, -895.0, 60.0, 150, 150, 150
L -717.0, -899.0, 62.0, -717.0, -897.0, 61.0, 0, 204, 0
L -704.0, -899.0, 62.0, -704.0, -897.0, 61.0, 0, 204, 0
L -717.0, -899.0, 62.0, -704.0, -899.0, 62.0, 150, 150, 150
L -717.0, -891.0, 58.0, -717.0, -889.0, 57.0, 0, 204, 0
L -704.0, -891.0, 58.0, -704.0, -889.0, 57.0, 0, 204, 0
L -717.0, -891.0, 58.0, -704.0, -891.0, 58.0, 150, 150, 150
L -717.0, -879.0, 52.0, -717.0, -877.0, 51.0, 0, 204, 0
L -704.0, -879.0, 52.0, -704.0, -877.0, 51.0, 0, 204, 0
L -717.0, -879.0, 52.0, -704.0, -879.0, 52.0, 150, 150, 150
L -717.0, -883.0, 54.0, -717.0, -881.0, 53.0, 0, 204, 0
L -704.0, -883.0, 54.0, -704.0, -881.0, 53.0, 0, 204, 0
L -717.0, -883.0, 54.0, -704.0, -883.0, 54.0, 150, 150, 150
L -717.0, -875.0, 50.0, -717.0, -873.0, 49.0, 0, 204, 0
L -704.0, -875.0, 50.0, -704.0, -873.0, 49.0, 0, 204, 0
L -717.0, -875.0, 50.0, -704.0, -875.0, 50.0, 150, 150, 150
L -717.0, -873.0, 49.0, -717.0, -871.0, 48.0, 0, 204, 0
L -704.0, -873.0, 49.0, -704.0, -871.0, 48.0, 0, 204, 0
L -717.0, -873.0, 49.0, -704.0, -873.0, 49.0, 150, 150, 150
L -717.0, -877.0, 51.0, -717.0, -875.0, 50.0, 0, 204, 0
L -704.0, -877.0, 51.0, -704.0, -875.0, 50.0, 0, 204, 0
L -717.0, -877.0, 51.0, -704.0, -877.0, 51.0, 150, 150, 150
L -717.0, -881.0, 53.0, -717.0, -879.0, 52.0, 0, 204, 0
L -704.0, -881.0, 53.0, -704.0, -879.0, 52.0, 0, 204, 0
L -717.0, -881.0, 53.0, -704.0, -881.0, 53.0, 150, 150, 150
L -717.0, -885.0, 55.0, -717.0, -883.0, 54.0, 0, 204, 0
L -704.0, -885.0, 55.0, -704.0, -883.0, 54.0, 0, 204, 0
L -717.0, -885.0, 55.0, -704.0, -885.0, 55.0, 150, 150, 150
L -717.0, -889.0, 57.0, -717.0, -887.0, 56.0, 0, 204, 0
L -704.0, -889.0, 57.0, -704.0, -887.0, 56.0, 0, 204, 0
L -717.0, -889.0, 57.0, -704.0, -889.0, 57.0, 150, 150, 150
L -717.0, -893.0, 59.0, -717.0, -891.0, 58.0, 0, 204, 0
L -704.0, -893.0, 59.0, -704.0, -891.0, 58.0, 0, 204, 0
L -717.0, -893.0, 59.0, -704.0, -893.0, 59.0, 150, 150, 150
L -717.0, -897.0, 61.0, -717.0, -895.0, 60.0, 0, 204, 0
L -704.0, -897.0, 61.0, -704.0, -895.0, 60.0, 0, 204, 0
L -717.0, -897.0, 61.0, -704.0, -897.0, 61.0, 150, 150, 150
L -717.0, -901.0, 63.0, -717.0, -899.0, 62.0, 0, 204, 0
L -704.0, -901.0, 63.0, -704.0, -899.0, 62.0, 0, 204, 0
L -717.0, -901.0, 63.0, -704.0, -901.0, 63.0, 150, 150, 150
L -767.0, -819.0, 33.0, -767.0, -815.0, 32.0, 0, 0, 0
L -767.0, -815.0, 32.0, -807.0, -815.0, 32.0, 0, 0, 0
L -770.0, -887.0, 40.0, -770.0, -889.0, 39.0, 0, 204, 204
L -783.0, -887.0, 40.0, -783.0, -889.0, 39.0, 0, 204, 204
L -770.0, -887.0, 40.0, -783.0, -887.0, 40.0, 155, 155, 155
L -783.0, -895.0, 36.0, -783.0, -897.0, 35.0, 0, 204, 204
L -770.0, -895.0, 36.0, -770.0, -897.0, 35.0, 0, 204, 204
L -783.0, -895.0, 36.0, -770.0, -895.0, 36.0, 155, 155, 155
L -783.0, -899.0, 34.0, -783.0, -901.0, 33.0, 0, 204, 204
L -770.0, -899.0, 34.0, -770.0, -901.0, 33.0, 0, 204, 204
L -783.0, -899.0, 34.0, -770.0, -899.0, 34.0, 155, 155, 155
L -783.0, -879.0, 44.0, -783.0, -881.0, 43.0, 0, 204, 204
L -770.0, -879.0, 44.0, -770.0, -881.0, 43.0, 0, 204, 204
L -783.0, -879.0, 44.0, -770.0, -879.0, 44.0, 155, 155, 155
L -783.0, -875.0, 46.0, -783.0, -877.0, 45.0, 0, 204, 204
L -770.0, -875.0, 46.0, -770.0, -877.0, 45.0, 0, 204, 204
L -783.0, -875.0, 46.0, -770.0, -875.0, 46.0, 155, 155, 155
L -783.0, -873.0, 47.0, -783.0, -875.0, 46.0, 0, 204, 204
L -770.0, -873.0, 47.0, -770.0, -875.0, 46.0, 0, 204, 204
L -783.0, -873.0, 47.0, -770.0, -873.0, 47.0, 155, 155, 155
L -783.0, -877.0, 45.0, -783.0, -879.0, 44.0, 0, 204, 204
L -770.0, -877.0, 45.0, -770.0, -879.0, 44.0, 0, 204, 204
L -783.0, -877.0, 45.0, -770.0, -877.0, 45.0, 155, 155, 155
L -783.0, -883.0, 42.0, -783.0, -885.0, 41.0, 0, 204, 204
L -770.0, -883.0, 42.0, -770.0, -885.0, 41.0, 0, 204, 204
L -783.0, -883.0, 42.0, -770.0, -883.0, 42.0, 155, 155, 155
L -783.0, -881.0, 43.0, -783.0, -883.0, 42.0, 0, 204, 204
L -770.0, -881.0, 43.0, -770.0, -883.0, 42.0, 0, 204, 204
L -783.0, -881.0, 43.0, -770.0, -881.0, 43.0, 155, 155, 155
L -783.0, -885.0, 41.0, -783.0, -887.0, 40.0, 0, 204, 204
L -770.0, -885.0, 41.0, -770.0, -887.0, 40.0, 0, 204, 204
L -783.0, -885.0, 41.0, -770.0, -885.0, 41.0, 155, 155, 155
L -783.0, -891.0, 38.0, -783.0, -893.0, 37.0, 0, 204, 204
L -770.0, -891.0, 38.0, -770.0, -893.0, 37.0, 0, 204, 204
L -783.0, -891.0, 38.0, -770.0, -891.0, 38.0, 155, 155, 155
L -783.0, -889.0, 39.0, -783.0, -891.0, 38.0, 0, 204, 204
L -770.0, -889.0, 39.0, -770.0, -891.0, 38.0, 0, 204, 204
L -783.0, -889.0, 39.0, -770.0, -889.0, 39.0, 155, 155, 155
L -783.0, -893.0, 37.0, -783.0, -895.0, 36.0, 0, 204, 204
L -770.0, -893.0, 37.0, -770.0, -895.0, 36.0, 0, 204, 204
L -783.0, -893.0, 37.0, -770.0, -893.0, 37.0, 155, 155, 155
L -783.0, -897.0, 35.0, -783.0, -899.0, 34.0, 0, 204, 204
L -770.0, -897.0, 35.0, -770.0, -899.0, 34.0, 0, 204, 204
L -783.0, -897.0, 35.0, -770.0, -897.0, 35.0, 155, 155, 155
L -783.0, -901.0, 33.0, -783.0, -903.0, 32.0, 0, 204, 204
L -770.0, -901.0, 33.0, -770.0, -903.0, 32.0, 0, 204, 204
L -783.0, -901.0, 33.0, -770.0, -901.0, 33.0, 155, 155, 155
L -770.0, -887.0, 72.0, -770.0, -889.0, 71.0, 102, 255, 102
L -783.0, -887.0, 72.0, -783.0, -889.0, 71.0, 102, 255, 102
L -770.0, -887.0, 72.0, -783.0, -887.0, 72.0, 150, 150, 150
L -783.0, -895.0, 68.0, -783.0, -897.0, 67.0, 102, 255, 102
L -770.0, -895.0, 68.0, -770.0, -897.0, 67.0, 102, 255, 102
L -783.0, -895.0, 68.0, -770.0, -895.0, 68.0, 150, 150, 150
L -783.0, -899.0, 66.0, -783.0, -901.0, 65.0, 102, 255, 102
L -770.0, -899.0, 66.0, -770.0, -901.0, 65.0, 102, 255, 102
L -783.0, -899.0, 66.0, -770.0, -899.0, 66.0, 150, 150, 150
L -783.0, -901.0, 65.0, -783.0, -903.0, 64.0, 102, 255, 102
L -770.0, -901.0, 65.0, -770.0, -903.0, 64.0, 102, 255, 102
L -783.0, -901.0, 65.0, -770.0, -901.0, 65.0, 150, 150, 150
L -770.0, -897.0, 67.0, -770.0, -899.0, 66.0, 102, 255, 102
L -783.0, -897.0, 67.0, -783.0, -899.0, 66.0, 102, 255, 102
L -770.0, -897.0, 67.0, -783.0, -897.0, 67.0, 150, 150, 150
L -783.0, -891.0, 70.0, -783.0, -893.0, 69.0, 102, 255, 102
L -770.0, -891.0, 70.0, -770.0, -893.0, 69.0, 102, 255, 102
L -783.0, -891.0, 70.0, -770.0, -891.0, 70.0, 150, 150, 150
L -770.0, -893.0, 69.0, -770.0, -895.0, 68.0, 102, 255, 102
L -783.0, -893.0, 69.0, -783.0, -895.0, 68.0, 102, 255, 102
L -770.0, -893.0, 69.0, -783.0, -893.0, 69.0, 150, 150, 150
L -783.0, -889.0, 71.0, -783.0, -891.0, 70.0, 102, 255, 102
L -770.0, -889.0, 71.0, -770.0, -891.0, 70.0, 102, 255, 102
L -783.0, -889.0, 71.0, -770.0, -889.0, 71.0, 150, 150, 150
L -770.0, -879.0, 76.0, -770.0, -881.0, 75.0, 102, 255, 102
L -783.0, -879.0, 76.0, -783.0, -881.0, 75.0, 102, 255, 102
L -770.0, -879.0, 76.0, -783.0, -879.0, 76.0, 150, 150, 150
L -783.0, -883.0, 74.0, -783.0, -885.0, 73.0, 102, 255, 102
L -770.0, -883.0, 74.0, -770.0, -885.0, 73.0, 102, 255, 102
L -783.0, -883.0, 74.0, -770.0, -883.0, 74.0, 150, 150, 150
L -783.0, -875.0, 78.0, -783.0, -877.0, 77.0, 102, 255, 102
L -770.0, -875.0, 78.0, -770.0, -877.0, 77.0, 102, 255, 102
L -783.0, -875.0, 78.0, -770.0, -875.0, 78.0, 150, 150, 150
L -783.0, -873.0, 79.0, -783.0, -875.0, 78.0, 102, 255, 102
L -770.0, -873.0, 79.0, -770.0, -875.0, 78.0, 102, 255, 102
L -783.0, -873.0, 79.0, -770.0, -873.0, 79.0, 150, 150, 150
L -783.0, -877.0, 77.0, -783.0, -879.0, 76.0, 102, 255, 102
L -770.0, -877.0, 77.0, -770.0, -879.0, 76.0, 102, 255, 102
L -783.0, -877.0, 77.0, -770.0, -877.0, 77.0, 150, 150, 150
L -783.0, -881.0, 75.0, -783.0, -883.0, 74.0, 102, 255, 102
L -770.0, -881.0, 75.0, -770.0, -883.0, 74.0, 102, 255, 102
L -783.0, -881.0, 75.0, -770.0, -881.0, 75.0, 150, 150, 150
L -783.0, -885.0, 73.0, -783.0, -887.0, 72.0, 102, 255, 102
L -770.0, -885.0, 73.0, -770.0, -887.0, 72.0, 102, 255, 102
L -783.0, -885.0, 73.0, -770.0, -885.0, 73.0, 150, 150, 150
L -919.0, -685.0, 40.0, -921.0, -685.0, 39.0, 0, 204, 204
L -919.0, -672.0, 40.0, -921.0, -672.0, 39.0, 0, 204, 204
L -919.0, -685.0, 40.0, -919.0, -672.0, 40.0, 150, 150, 150
L -911.0, -685.0, 44.0, -913.0, -685.0, 43.0, 0, 204, 204
L -911.0, -672.0, 44.0, -913.0, -672.0, 43.0, 0, 204, 204
L -911.0, -685.0, 44.0, -911.0, -672.0, 44.0, 150, 150, 150
L -907.0, -685.0, 46.0, -909.0, -685.0, 45.0, 0, 204, 204
L -907.0, -672.0, 46.0, -909.0, -672.0, 45.0, 0, 204, 204
L -907.0, -685.0, 46.0, -907.0, -672.0, 46.0, 150, 150, 150
L -915.0, -685.0, 42.0, -917.0, -685.0, 41.0, 0, 204, 204
L -915.0, -672.0, 42.0, -917.0, -672.0, 41.0, 0, 204, 204
L -915.0, -685.0, 42.0, -915.0, -672.0, 42.0, 150, 150, 150
L -927.0, -685.0, 36.0, -929.0, -685.0, 35.0, 0, 204, 204
L -927.0, -672.0, 36.0, -929.0, -672.0, 35.0, 0, 204, 204
L -927.0, -685.0, 36.0, -927.0, -672.0, 36.0, 150, 150, 150
L -923.0, -685.0, 38.0, -925.0, -685.0, 37.0, 0, 204, 204
L -923.0, -672.0, 38.0, -925.0, -672.0, 37.0, 0, 204, 204
L -923.0, -685.0, 38.0, -923.0, -672.0, 38.0, 150, 150, 150
L -931.0, -685.0, 34.0, -933.0, -685.0, 33.0, 0, 204, 204
L -931.0, -672.0, 34.0, -933.0, -672.0, 33.0, 0, 204, 204
L -931.0, -685.0, 34.0, -931.0, -672.0, 34.0, 150, 150, 150
L -933.0, -685.0, 33.0, -935.0, -685.0, 32.0, 0, 204, 204
L -933.0, -672.0, 33.0, -935.0, -672.0, 32.0, 0, 204, 204
L -933.0, -685.0, 33.0, -933.0, -672.0, 33.0, 150, 150, 150
L -929.0, -685.0, 35.0, -931.0, -685.0, 34.0, 0, 204, 204
L -929.0, -672.0, 35.0, -931.0, -672.0, 34.0, 0, 204, 204
L -929.0, -685.0, 35.0, -929.0, -672.0, 35.0, 150, 150, 150
L -925.0, -685.0, 37.0, -927.0, -685.0, 36.0, 0, 204, 204
L -925.0, -672.0, 37.0, -927.0, -672.0, 36.0, 0, 204, 204
L -925.0, -685.0, 37.0, -925.0, -672.0, 37.0, 150, 150, 150
L -921.0, -685.0, 39.0, -923.0, -685.0, 38.0, 0, 204, 204
L -921.0, -672.0, 39.0, -923.0, -672.0, 38.0, 0, 204, 204
L -921.0, -685.0, 39.0, -921.0, -672.0, 39.0, 150, 150, 150
L -917.0, -685.0, 41.0, -919.0, -685.0, 40.0, 0, 204, 204
L -917.0, -672.0, 41.0, -919.0, -672.0, 40.0, 0, 204, 204
L -917.0, -685.0, 41.0, -917.0, -672.0, 41.0, 150, 150, 150
L -913.0, -685.0, 43.0, -915.0, -685.0, 42.0, 0, 204, 204
L -913.0, -672.0, 43.0, -915.0, -672.0, 42.0, 0, 204, 204
L -913.0, -685.0, 43.0, -913.0, -672.0, 43.0, 150, 150, 150
L -909.0, -685.0, 45.0, -911.0, -685.0, 44.0, 0, 204, 204
L -909.0, -672.0, 45.0, -911.0, -672.0, 44.0, 0, 204, 204
L -909.0, -685.0, 45.0, -909.0, -672.0, 45.0, 150, 150, 150
L -905.0, -685.0, 47.0, -907.0, -685.0, 46.0, 0, 204, 204
L -905.0, -672.0, 47.0, -907.0, -672.0, 46.0, 0, 204, 204
L -905.0, -685.0, 47.0, -905.0, -672.0, 47.0, 150, 150, 150
L -919.5, -685.0, 72.0, -921.4, -685.0, 71.0, 102, 255, 102
L -919.5, -672.0, 72.0, -917.6, -672.0, 73.0, 102, 255, 102
L -919.5, -685.0, 72.0, -919.5, -672.0, 72.0, 150, 150, 150
L -911.8, -685.0, 76.0, -913.7, -685.0, 75.0, 102, 255, 102
L -911.8, -672.0, 76.0, -909.8, -672.0, 77.0, 102, 255, 102
L -911.8, -685.0, 76.0, -911.8, -672.0, 76.0, 150, 150, 150
L -907.9, -685.0, 78.0, -909.8, -685.0, 77.0, 102, 255, 102
L -907.9, -672.0, 78.0, -905.9, -672.0, 79.0, 102, 255, 102
L -907.9, -685.0, 78.0, -907.9, -672.0, 78.0, 150, 150, 150
L -915.6, -685.0, 74.0, -917.6, -685.0, 73.0, 102, 255, 102
L -915.6, -672.0, 74.0, -913.7, -672.0, 75.0, 102, 255, 102
L -915.6, -685.0, 74.0, -915.6, -672.0, 74.0, 150, 150, 150
L -917.6, -685.0, 73.0, -919.5, -685.0, 72.0, 102, 255, 102
L -917.6, -672.0, 73.0, -915.6, -672.0, 74.0, 102, 255, 102
L -917.6, -685.0, 73.0, -917.6, -672.0, 73.0, 150, 150, 150
L -913.7, -685.0, 75.0, -915.6, -685.0, 74.0, 102, 255, 102
L -913.7, -672.0, 75.0, -911.8, -672.0, 76.0, 102, 255, 102
L -913.7, -685.0, 75.0, -913.7, -672.0, 75.0, 150, 150, 150
L -909.8, -685.0, 77.0, -911.8, -685.0, 76.0, 102, 255, 102
L -909.8, -672.0, 77.0, -907.9, -672.0, 78.0, 102, 255, 102
L -909.8, -685.0, 77.0, -909.8, -672.0, 77.0, 150, 150, 150
L -905.9, -685.0, 79.0, -907.9, -685.0, 78.0, 102, 255, 102
L -905.9, -672.0, 79.0, -904.0, -672.0, 80.0, 102, 255, 102
L -905.9, -685.0, 79.0, -905.9, -672.0, 79.0, 150, 150, 150
L -927.2, -685.0, 68.0, -929.2, -685.0, 67.0, 102, 255, 102
L -927.2, -672.0, 68.0, -925.3, -672.0, 69.0, 102, 255, 102
L -927.2, -685.0, 68.0, -927.2, -672.0, 68.0, 150, 150, 150
L -923.4, -685.0, 70.0, -925.3, -685.0, 69.0, 102, 255, 102
L -923.4, -672.0, 70.0, -921.4, -672.0, 71.0, 102, 255, 102
L -923.4, -685.0, 70.0, -923.4, -672.0, 70.0, 150, 150, 150
L -921.4, -685.0, 71.0, -923.4, -685.0, 70.0, 102, 255, 102
L -921.4, -672.0, 71.0, -919.5, -672.0, 72.0, 102, 255, 102
L -921.4, -685.0, 71.0, -921.4, -672.0, 71.0, 150, 150, 150
L -925.3, -685.0, 69.0, -927.2, -685.0, 68.0, 102, 255, 102
L -925.3, -672.0, 69.0, -923.4, -672.0, 70.0, 102, 255, 102
L -925.3, -685.0, 69.0, -925.3, -672.0, 69.0, 150, 150, 150
L -931.1, -685.0, 66.0, -933.1, -685.0, 65.0, 102, 255, 102
L -931.1, -672.0, 66.0, -929.2, -672.0, 67.0, 102, 255, 102
L -931.1, -685.0, 66.0, -931.1, -672.0, 66.0, 150, 150, 150
L -929.2, -685.0, 67.0, -931.1, -685.0, 66.0, 102, 255, 102
L -929.2, -672.0, 67.0, -927.2, -672.0, 68.0, 102, 255, 102
L -929.2, -685.0, 67.0, -929.2, -672.0, 67.0, 150, 150, 150
L -933.1, -685.0, 65.0, -935.0, -685.0, 64.0, 102, 255, 102
L -933.1, -672.0, 65.0, -931.1, -672.0, 66.0, 102, 255, 102
L -933.1, -685.0, 65.0, -933.1, -672.0, 65.0, 150, 150, 150
L -919.0, -739.0, 56.0, -917.0, -739.0, 55.0, 0, 204, 0
L -919.0, -751.0, 56.0, -917.0, -751.0, 55.0, 0, 204, 0
L -919.0, -739.0, 56.0, -919.0, -751.0, 56.0, 150, 150, 150
L -911.0, -739.0, 52.0, -909.0, -739.0, 51.0, 0, 204, 0
L -911.0, -751.0, 52.0, -909.0, -751.0, 51.0, 0, 204, 0
L -911.0, -739.0, 52.0, -911.0, -751.0, 52.0, 150, 150, 150
L -907.0, -739.0, 50.0, -905.0, -739.0, 49.0, 0, 204, 0
L -907.0, -751.0, 50.0, -905.0, -751.0, 49.0, 0, 204, 0
L -907.0, -739.0, 50.0, -907.0, -751.0, 50.0, 150, 150, 150
L -905.0, -739.0, 49.0, -903.0, -739.0, 48.0, 0, 204, 0
L -905.0, -751.0, 49.0, -903.0, -751.0, 48.0, 0, 204, 0
L -905.0, -739.0, 49.0, -905.0, -751.0, 49.0, 150, 150, 150
L -909.0, -739.0, 51.0, -907.0, -739.0, 50.0, 0, 204, 0
L -909.0, -751.0, 51.0, -907.0, -751.0, 50.0, 0, 204, 0
L -909.0, -739.0, 51.0, -909.0, -751.0, 51.0, 150, 150, 150
L -915.0, -739.0, 54.0, -913.0, -739.0, 53.0, 0, 204, 0
L -915.0, -751.0, 54.0, -913.0, -751.0, 53.0, 0, 204, 0
L -915.0, -739.0, 54.0, -915.0, -751.0, 54.0, 150, 150, 150
L -913.0, -739.0, 53.0, -911.0, -739.0, 52.0, 0, 204, 0
L -913.0, -751.0, 53.0, -911.0, -751.0, 52.0, 0, 204, 0
L -913.0, -739.0, 53.0, -913.0, -751.0, 53.0, 150, 150, 150
L -917.0, -739.0, 55.0, -915.0, -739.0, 54.0, 0, 204, 0
L -917.0, -751.0, 55.0, -915.0, -751.0, 54.0, 0, 204, 0
L -917.0, -739.0, 55.0, -917.0, -751.0, 55.0, 150, 150, 150
L -927.0, -739.0, 60.0, -925.0, -739.0, 59.0, 0, 204, 0
L -927.0, -751.0, 60.0, -925.0, -751.0, 59.0, 0, 204, 0
L -927.0, -739.0, 60.0, -927.0, -751.0, 60.0, 150, 150, 150
L -923.0, -739.0, 58.0, -921.0, -739.0, 57.0, 0, 204, 0
L -923.0, -751.0, 58.0, -921.0, -751.0, 57.0, 0, 204, 0
L -923.0, -739.0, 58.0, -923.0, -751.0, 58.0, 150, 150, 150
L -921.0, -739.0, 57.0, -919.0, -739.0, 56.0, 0, 204, 0
L -921.0, -751.0, 57.0, -919.0, -751.0, 56.0, 0, 204, 0
L -921.0, -739.0, 57.0, -921.0, -751.0, 57.0, 150, 150, 150
L -925.0, -739.0, 59.0, -923.0, -739.0, 58.0, 0, 204, 0
L -925.0, -751.0, 59.0, -923.0, -751.0, 58.0, 0, 204, 0
L -925.0, -739.0, 59.0, -925.0, -751.0, 59.0, 150, 150, 150
L -931.0, -739.0, 62.0, -929.0, -739.0, 61.0, 0, 204, 0
L -931.0, -751.0, 62.0, -929.0, -751.0, 61.0, 0, 204, 0
L -931.0, -739.0, 62.0, -931.0, -751.0, 62.0, 150, 150, 150
L -929.0, -739.0, 61.0, -927.0, -739.0, 60.0, 0, 204, 0
L -929.0, -751.0, 61.0, -927.0, -751.0, 60.0, 0, 204, 0
L -929.0, -739.0, 61.0, -929.0, -751.0, 61.0, 150, 150, 150
L -933.0, -739.0, 63.0, -931.0, -739.0, 62.0, 0, 204, 0
L -933.0, -751.0, 63.0, -931.0, -751.0, 62.0, 0, 204, 0
L -933.0, -739.0, 63.0, -933.0, -751.0, 63.0, 150, 150, 150
L -770.0, -535.5, 56.0, -770.0, -537.6, 55.0, 0, 204, 0
L -783.0, -535.5, 56.0, -783.0, -537.6, 55.0, 0, 204, 0
L -770.0, -535.5, 56.0, -783.0, -535.5, 56.0, 150, 150, 150
L -770.0, -527.2, 60.0, -770.0, -529.3, 59.0, 0, 204, 0
L -783.0, -527.2, 60.0, -783.0, -529.3, 59.0, 0, 204, 0
L -770.0, -527.2, 60.0, -783.0, -527.2, 60.0, 150, 150, 150
L -770.0, -523.1, 62.0, -770.0, -525.2, 61.0, 0, 204, 0
L -783.0, -523.1, 62.0, -783.0, -525.2, 61.0, 0, 204, 0
L -770.0, -523.1, 62.0, -783.0, -523.1, 62.0, 150, 150, 150
L -770.0, -521.1, 63.0, -770.0, -523.1, 62.0, 0, 204, 0
L -783.0, -521.1, 63.0, -783.0, -523.1, 62.0, 0, 204, 0
L -770.0, -521.1, 63.0, -783.0, -521.1, 63.0, 150, 150, 150
L -770.0, -525.2, 61.0, -770.0, -527.2, 60.0, 0, 204, 0
L -783.0, -525.2, 61.0, -783.0, -527.2, 60.0, 0, 204, 0
L -770.0, -525.2, 61.0, -783.0, -525.2, 61.0, 150, 150, 150
L -770.0, -531.4, 58.0, -770.0, -533.4, 57.0, 0, 204, 0
L -783.0, -531.4, 58.0, -783.0, -533.4, 57.0, 0, 204, 0
L -770.0, -531.4, 58.0, -783.0, -531.4, 58.0, 150, 150, 150
L -770.0, -529.3, 59.0, -770.0, -531.4, 58.0, 0, 204, 0
L -783.0, -529.3, 59.0, -783.0, -531.4, 58.0, 0, 204, 0
L -770.0, -529.3, 59.0, -783.0, -529.3, 59.0, 150, 150, 150
L -770.0, -533.4, 57.0, -770.0, -535.5, 56.0, 0, 204, 0
L -783.0, -533.4, 57.0, -783.0, -535.5, 56.0, 0, 204, 0
L -770.0, -533.4, 57.0, -783.0, -533.4, 57.0, 150, 150, 150
L -770.0, -543.8, 52.0, -770.0, -545.8, 51.0, 0, 204, 0
L -783.0, -543.8, 52.0, -783.0, -545.8, 51.0, 0, 204, 0
L -770.0, -543.8, 52.0, -783.0, -543.8, 52.0, 150, 150, 150
L -770.0, -539.6, 54.0, -770.0, -541.7, 53.0, 0, 204, 0
L -783.0, -539.6, 54.0, -783.0, -541.7, 53.0, 0, 204, 0
L -770.0, -539.6, 54.0, -783.0, -539.6, 54.0, 150, 150, 150
L -770.0, -537.6, 55.0, -770.0, -539.6, 54.0, 0, 204, 0
L -783.0, -537.6, 55.0, -783.0, -539.6, 54.0, 0, 204, 0
L -770.0, -537.6, 55.0, -783.0, -537.6, 55.0, 150, 150, 150
L -770.0, -541.7, 53.0, -770.0, -543.8, 52.0, 0, 204, 0
L -783.0, -541.7, 53.0, -783.0, -543.8, 52.0, 0, 204, 0
L -770.0, -541.7, 53.0, -783.0, -541.7, 53.0, 150, 150, 150
L -770.0, -547.9, 50.0, -770.0, -549.9, 49.0, 0, 204, 0
L -783.0, -547.9, 50.0, -783.0, -549.9, 49.0, 0, 204, 0
L -770.0, -547.9, 50.0, -783.0, -547.9, 50.0, 150, 150, 150
L -770.0, -545.8, 51.0, -770.0, -547.9, 50.0, 0, 204, 0
L -783.0, -545.8, 51.0, -783.0, -547.9, 50.0, 0, 204, 0
L -770.0, -545.8, 51.0, -783.0, -545.8, 51.0, 150, 150, 150
L -770.0, -549.9, 49.0, -770.0, -552.0, 48.0, 0, 204, 0
L -783.0, -549.9, 49.0, -783.0, -552.0, 48.0, 0, 204, 0
L -770.0, -549.9, 49.0, -783.0, -549.9, 49.0, 150, 150, 150
L -717.0, -535.5, 40.0, -717.0, -533.4, 39.0, 0, 204, 204
L -704.0, -535.5, 40.0, -704.0, -533.4, 39.0, 0, 204, 204
L -717.0, -535.5, 40.0, -704.0, -535.5, 40.0, 155, 155, 155
L -717.0, -543.8, 44.0, -717.0, -541.7, 43.0, 0, 204, 204
L -704.0, -543.8, 44.0, -704.0, -541.7, 43.0, 0, 204, 204
L -717.0, -543.8, 44.0, -704.0, -543.8, 44.0, 155, 155, 155
L -717.0, -547.9, 46.0, -717.0, -545.8, 45.0, 0, 204, 204
L -704.0, -547.9, 46.0, -704.0, -545.8, 45.0, 0, 204, 204
L -717.0, -547.9, 46.0, -704.0, -547.9, 46.0, 155, 155, 155
L -717.0, -549.9, 47.0, -717.0, -547.9, 46.0, 0, 204, 204
L -704.0, -549.9, 47.0, -704.0, -547.9, 46.0, 0, 204, 204
L -717.0, -549.9, 47.0, -704.0, -549.9, 47.0, 155, 155, 155
L -717.0, -545.8, 45.0, -717.0, -543.8, 44.0, 0, 204, 204
L -704.0, -545.8, 45.0, -704.0, -543.8, 44.0, 0, 204, 204
L -717.0, -545.8, 45.0, -704.0, -545.8, 45.0, 155, 155, 155
L -717.0, -539.6, 42.0, -717.0, -537.6, 41.0, 0, 204, 204
L -704.0, -539.6, 42.0, -704.0, -537.6, 41.0, 0, 204, 204
L -717.0, -539.6, 42.0, -704.0, -539.6, 42.0, 155, 155, 155
L -717.0, -541.7, 43.0, -717.0, -539.6, 42.0, 0, 204, 204
L -704.0, -541.7, 43.0, -704.0, -539.6, 42.0, 0, 204, 204
L -717.0, -541.7, 43.0, -704.0, -541.7, 43.0, 155, 155, 155
L -717.0, -537.6, 41.0, -717.0, -535.5, 40.0, 0, 204, 204
L -704.0, -537.6, 41.0, -704.0, -535.5, 40.0, 0, 204, 204
L -717.0, -537.6, 41.0, -704.0, -537.6, 41.0, 155, 155, 155
L -717.0, -527.2, 36.0, -717.0, -525.2, 35.0, 0, 204, 204
L -704.0, -527.2, 36.0, -704.0, -525.2, 35.0, 0, 204, 204
L -717.0, -527.2, 36.0, -704.0, -527.2, 36.0, 155, 155, 155
L -717.0, -531.4, 38.0, -717.0, -529.3, 37.0, 0, 204, 204
L -704.0, -531.4, 38.0, -704.0, -529.3, 37.0, 0, 204, 204
L -717.0, -531.4, 38.0, -704.0, -531.4, 38.0, 155, 155, 155
L -704.0, -533.4, 39.0, -704.0, -531.4, 38.0, 0, 204, 204
L -717.0, -533.4, 39.0, -717.0, -531.4, 38.0, 0, 204, 204
L -704.0, -533.4, 39.0, -717.0, -533.4, 39.0, 155, 155, 155
L -717.0, -529.3, 37.0, -717.0, -527.2, 36.0, 0, 204, 204
L -704.0, -529.3, 37.0, -704.0, -527.2, 36.0, 0, 204, 204
L -717.0, -529.3, 37.0, -704.0, -529.3, 37.0, 155, 155, 155
L -717.0, -523.1, 34.0, -717.0, -521.1, 33.0, 0, 204, 204
L -704.0, -523.1, 34.0, -704.0, -521.1, 33.0, 0, 204, 204
L -717.0, -523.1, 34.0, -704.0, -523.1, 34.0, 155, 155, 155
L -717.0, -525.2, 35.0, -717.0, -523.1, 34.0, 0, 204, 204
L -704.0, -525.2, 35.0, -704.0, -523.1, 34.0, 0, 204, 204
L -717.0, -525.2, 35.0, -704.0, -525.2, 35.0, 155, 155, 155
L -717.0, -521.1, 33.0, -717.0, -519.0, 32.0, 0, 204, 204
L -704.0, -521.1, 33.0, -704.0, -519.0, 32.0, 0, 204, 204
L -717.0, -521.1, 33.0, -704.0, -521.1, 33.0, 155, 155, 155
L -808.0, -591.0, -15.0, -808.0, -589.1, -16.1, 102, 0, 204
L -819.0, -591.0, -15.0, -819.0, -589.1, -16.1, 102, 0, 204
L -819.0, -576.0, -24.0, -819.0, -574.1, -25.1, 102, 0, 204
L -808.0, -576.0, -24.0, -808.0, -574.1, -25.1, 102, 0, 204
L -819.0, -576.0, -24.0, -808.0, -576.0, -24.0, 150, 150, 150
L -819.0, -583.5, -19.5, -819.0, -581.6, -20.6, 102, 0, 204
L -808.0, -583.5, -19.5, -808.0, -581.6, -20.6, 102, 0, 204
L -819.0, -583.5, -19.5, -808.0, -583.5, -19.5, 150, 150, 150
L -808.0, -587.2, -17.2, -808.0, -585.4, -18.4, 102, 0, 204
L -819.0, -587.2, -17.2, -819.0, -585.4, -18.4, 102, 0, 204
L -808.0, -587.2, -17.2, -819.0, -587.2, -17.2, 150, 150, 150
L -819.0, -579.8, -21.8, -819.0, -577.9, -22.9, 102, 0, 204
L -808.0, -579.8, -21.8, -808.0, -577.9, -22.9, 102, 0, 204
L -819.0, -579.8, -21.8, -808.0, -579.8, -21.8, 150, 150, 150
L -808.0, -568.5, -28.5, -808.0, -566.6, -29.6, 102, 0, 204
L -819.0, -568.5, -28.5, -819.0, -566.6, -29.6, 102, 0, 204
L -808.0, -568.5, -28.5, -819.0, -568.5, -28.5, 150, 150, 150
L -819.0, -572.2, -26.2, -819.0, -570.4, -27.4, 102, 0, 204
L -808.0, -572.2, -26.2, -808.0, -570.4, -27.4, 102, 0, 204
L -819.0, -572.2, -26.2, -808.0, -572.2, -26.2, 150, 150, 150
L -808.0, -564.8, -30.8, -808.0, -562.9, -31.9, 102, 0, 204
L -819.0, -564.8, -30.8, -819.0, -562.9, -31.9, 102, 0, 204
L -808.0, -564.8, -30.8, -819.0, -564.8, -30.8, 150, 150, 150
L -819.0, -562.9, -31.9, -819.0, -561.0, -33.0, 102, 0, 204
L -808.0, -562.9, -31.9, -808.0, -561.0, -33.0, 102, 0, 204
L -819.0, -562.9, -31.9, -808.0, -562.9, -31.9, 150, 150, 150
L -808.0, -566.6, -29.6, -808.0, -564.8, -30.8, 102, 0, 204
L -819.0, -566.6, -29.6, -819.0, -564.8, -30.8, 102, 0, 204
L -808.0, -566.6, -29.6, -819.0, -566.6, -29.6, 150, 150, 150
L -819.0, -570.4, -27.4, -819.0, -568.5, -28.5, 102, 0, 204
L -808.0, -570.4, -27.4, -808.0, -568.5, -28.5, 102, 0, 204
L -819.0, -570.4, -27.4, -808.0, -570.4, -27.4, 150, 150, 150
L -808.0, -574.1, -25.1, -808.0, -572.2, -26.2, 102, 0, 204
L -819.0, -574.1, -25.1, -819.0, -572.2, -26.2, 102, 0, 204
L -808.0, -574.1, -25.1, -819.0, -574.1, -25.1, 150, 150, 150
L -819.0, -577.9, -22.9, -819.0, -576.0, -24.0, 102, 0, 204
L -808.0, -577.9, -22.9, -808.0, -576.0, -24.0, 102, 0, 204
L -819.0, -577.9, -22.9, -808.0, -577.9, -22.9, 150, 150, 150
L -808.0, -581.6, -20.6, -808.0, -579.8, -21.8, 102, 0, 204
L -819.0, -581.6, -20.6, -819.0, -579.8, -21.8, 102, 0, 204
L -808.0, -581.6, -20.6, -819.0, -581.6, -20.6, 150, 150, 150
L -819.0, -585.4, -18.4, -819.0, -583.5, -19.5, 102, 0, 204
L -808.0, -585.4, -18.4, -808.0, -583.5, -19.5, 102, 0, 204
L -819.0, -585.4, -18.4, -808.0, -585.4, -18.4, 150, 150, 150
L -819.0, -589.1, -16.1, -819.0, -587.2, -17.2, 102, 0, 204
L -808.0, -589.1, -16.1, -808.0, -587.2, -17.2, 102, 0, 204
L -819.0, -589.1, -16.1, -808.0, -589.1, -16.1, 150, 150, 150
L -717.0, -535.5, 72.0, -717.0, -533.4, 71.0, 102, 255, 102
L -704.0, -535.5, 72.0, -704.0, -533.4, 71.0, 102, 255, 102
L -717.0, -535.5, 72.0, -704.0, -535.5, 72.0, 150, 150, 150
L -717.0, -543.8, 76.0, -717.0, -541.7, 75.0, 102, 255, 102
L -704.0, -543.8, 76.0, -704.0, -541.7, 75.0, 102, 255, 102
L -717.0, -543.8, 76.0, -704.0, -543.8, 76.0, 150, 150, 150
L -717.0, -547.9, 78.0, -717.0, -545.8, 77.0, 102, 255, 102
L -704.0, -547.9, 78.0, -704.0, -545.8, 77.0, 102, 255, 102
L -717.0, -547.9, 78.0, -704.0, -547.9, 78.0, 150, 150, 150
L -717.0, -539.6, 74.0, -717.0, -537.6, 73.0, 102, 255, 102
L -704.0, -539.6, 74.0, -704.0, -537.6, 73.0, 102, 255, 102
L -717.0, -539.6, 74.0, -704.0, -539.6, 74.0, 150, 150, 150
L -717.0, -527.2, 68.0, -717.0, -525.2, 67.0, 102, 255, 102
L -704.0, -527.2, 68.0, -704.0, -525.2, 67.0, 102, 255, 102
L -717.0, -527.2, 68.0, -704.0, -527.2, 68.0, 150, 150, 150
L -717.0, -531.4, 70.0, -717.0, -529.3, 69.0, 102, 255, 102
L -704.0, -531.4, 70.0, -704.0, -529.3, 69.0, 102, 255, 102
L -717.0, -531.4, 70.0, -704.0, -531.4, 70.0, 150, 150, 150
L -717.0, -523.1, 66.0, -717.0, -521.1, 65.0, 102, 255, 102
L -704.0, -523.1, 66.0, -704.0, -521.1, 65.0, 102, 255, 102
L -717.0, -523.1, 66.0, -704.0, -523.1, 66.0, 150, 150, 150
L -717.0, -525.2, 67.0, -717.0, -523.1, 66.0, 102, 255, 102
L -704.0, -525.2, 67.0, -704.0, -523.1, 66.0, 102, 255, 102
L -717.0, -525.2, 67.0, -704.0, -525.2, 67.0, 150, 150, 150
L -717.0, -521.1, 65.0, -717.0, -519.0, 64.0, 102, 255, 102
L -704.0, -521.1, 65.0, -704.0, -519.0, 64.0, 102, 255, 102
L -717.0, -521.1, 65.0, -704.0, -521.1, 65.0, 150, 150, 150
L -717.0, -529.3, 69.0, -717.0, -527.2, 68.0, 102, 255, 102
L -704.0, -529.3, 69.0, -704.0, -527.2, 68.0, 102, 255, 102
L -717.0, -529.3, 69.0, -704.0, -529.3, 69.0, 150, 150, 150
L -717.0, -533.4, 71.0, -717.0, -531.4, 70.0, 102, 255, 102
L -704.0, -533.4, 71.0, -704.0, -531.4, 70.0, 102, 255, 102
L -717.0, -533.4, 71.0, -704.0, -533.4, 71.0, 150, 150, 150
L -717.0, -537.6, 73.0, -717.0, -535.5, 72.0, 102, 255, 102
L -704.0, -537.6, 73.0, -704.0, -535.5, 72.0, 102, 255, 102
L -717.0, -537.6, 73.0, -704.0, -537.6, 73.0, 150, 150, 150
L -717.0, -541.7, 75.0, -717.0, -539.6, 74.0, 102, 255, 102
L -704.0, -541.7, 75.0, -704.0, -539.6, 74.0, 102, 255, 102
L -717.0, -541.7, 75.0, -704.0, -541.7, 75.0, 150, 150, 150
L -717.0, -545.8, 77.0, -717.0, -543.8, 76.0, 102, 255, 102
L -704.0, -545.8, 77.0, -704.0, -543.8, 76.0, 102, 255, 102
L -717.0, -545.8, 77.0, -704.0, -545.8, 77.0, 150, 150, 150
L -717.0, -549.9, 79.0, -717.0, -547.9, 78.0, 102, 255, 102
L -704.0, -549.9, 79.0, -704.0, -547.9, 78.0, 102, 255, 102
L -717.0, -549.9, 79.0, -704.0, -549.9, 79.0, 150, 150, 150
L -706.5, -561.4, -18.0, -700.7, -561.4, -18.0, 0, 0, 255
L -707.0, -863.0, -18.0, -700.0, -863.0, -18.0, 0, 0, 255
L -709.0, -891.0, -7.0, -698.0, -891.0, -7.0, 0, 0, 255
L -698.0, -863.0, -14.0, -698.0, -879.0, -14.0, 0, 0, 255
L -709.0, -863.0, -14.0, -698.0, -863.0, -14.0, 0, 0, 255
L -698.0, -879.0, -14.0, -709.0, -879.0, -14.0, 0, 0, 255
L -709.0, -879.0, -14.0, -709.0, -863.0, -14.0, 0, 0, 255
L -815.0, -735.0, 15.0, -783.0, -735.0, 15.0, 255, 102, 255
L -831.0, -719.0, 0.0, -815.0, -735.0, 0.0, 204, 0, 204
L -831.0, -719.0, 15.0, -815.0, -735.0, 15.0, 255, 102, 255
L -831.0, -703.0, 0.0, -831.0, -719.0, 0.0, 204, 0, 204
L -831.0, -703.0, 15.0, -831.0, -719.0, 15.0, 255, 102, 255
L -815.0, -688.0, 0.0, -831.0, -703.0, 0.0, 204, 0, 204
L -815.0, -688.0, 15.0, -831.0, -703.0, 15.0, 255, 102, 255
L -815.0, -735.0, 0.0, -783.0, -735.0, 0.0, 204, 0, 204
L -769.3, -735.0, 0.0, -769.0, -766.0, 0.0, 204, 0, 204
L -783.0, -735.0, 0.0, -769.3, -735.0, 0.0, 204, 0, 204
L -815.0, -688.0, 0.0, -769.7, -688.0, 0.0, 204, 0, 204
L -815.0, -688.0, 15.0, -783.0, -688.0, 15.0, 255, 102, 255
L -769.0, -688.0, 15.0, -769.0, -735.0, 15.0, 150, 150, 150
L -783.0, -657.0, 0.0, -783.0, -661.2, 2.0, 255, 102, 255
L -783.0, -688.0, 15.0, -769.0, -688.0, 15.0, 150, 150, 150
L -770.0, -657.0, 0.0, -769.9, -660.9, 1.9, 150, 150, 150
L -769.5, -672.5, 7.5, -769.4, -676.4, 9.4, 150, 150, 150
L -783.0, -672.9, 7.7, -783.0, -676.4, 9.4, 255, 102, 255
L -769.5, -672.5, 7.5, -783.0, -672.9, 7.7, 150, 150, 150
L -769.8, -664.8, 3.8, -769.6, -668.6, 5.6, 150, 150, 150
L -783.0, -665.1, 3.9, -783.0, -668.6, 5.6, 255, 102, 255
L -769.8, -664.8, 3.8, -783.0, -665.1, 3.9, 150, 150, 150
L -769.9, -660.9, 1.9, -769.8, -664.8, 3.8, 150, 150, 150
L -783.0, -661.2, 2.0, -783.0, -665.1, 3.9, 255, 102, 255
L -769.9, -660.9, 1.9, -783.0, -661.2, 2.0, 150, 150, 150
L -769.2, -680.2, 11.2, -769.1, -684.1, 13.1, 150, 150, 150
L -783.0, -680.2, 11.2, -783.0, -684.1, 13.1, 255, 102, 255
L -769.2, -680.2, 11.2, -783.0, -680.2, 11.2, 150, 150, 150
L -769.4, -676.4, 9.4, -769.2, -680.2, 11.2, 150, 150, 150
L -783.0, -676.4, 9.4, -783.0, -680.2, 11.2, 255, 102, 255
L -769.4, -676.4, 9.4, -783.0, -676.4, 9.4, 150, 150, 150
L -769.1, -684.1, 13.1, -769.0, -688.0, 15.0, 150, 150, 150
L -783.0, -684.1, 13.1, -783.0, -688.0, 15.0, 255, 102, 255
L -769.1, -684.1, 13.1, -783.0, -684.1, 13.1, 150, 150, 150
L -769.6, -668.6, 5.6, -769.5, -672.5, 7.5, 150, 150, 150
L -783.0, -668.6, 5.6, -783.0, -672.9, 7.7, 255, 102, 255
L -769.6, -668.6, 5.6, -783.0, -668.6, 5.6, 150, 150, 150
