P -1030.0000, 784.0000, 0.0000, 255, 0, 0, 3, Zone_In
P -481.5747, -856.9020, 140.7263, 255, 0, 0, 3, to_The_Feerrott
P -1282.0000, 1139.0000, 0.0000, 255, 0, 0, 2, Succor
P -411.0000, -611.0000, 0.0000, 255, 255, 255, 2, The_Temple_of_Fear
P -339.0000, -117.0000, 0.0000, 255, 255, 255, 2, Graveyard
P -726.0000, 260.0000, 0.0000, 255, 255, 255, 2, Terror_Hourglass
P 64.0000, -304.0000, 0.0000, 255, 255, 255, 2, Small_Hourglass
P 923.0000, -387.0000, 0.0000, 255, 255, 255, 2, Glare_Lord_Hourglass
P -129.0000, 81.0000, 0.0000, 255, 255, 255, 2, Bell
P -6.0000, 737.0000, 0.0000, 255, 255, 255, 2, Broken_Golem_Tower
P 350.0000, -166.0000, 0.0000, 255, 255, 255, 2, Fright_Temple
P 301.0000, 683.0000, 0.0000, 255, 255, 255, 2, Dread_Temple
P 1152.0000, 692.0000, 0.0000, 255, 255, 255, 2, Terror_Temple
P -460.0000, 1026.0000, 0.0000, 255, 255, 255, 2, Boogeyman_House
P -288.0000, 1305.0000, 0.0000, 255, 255, 255, 2, Worry_Wraith_Tower
P -1326.0000, 163.0000, 0.0000, 255, 255, 255, 2, Fiend_House
P 607.0000, 337.0000, 0.0000, 255, 255, 255, 2, Gorgon_Ruins
P 1047.0000, 375.0000, 0.0000, 255, 255, 255, 2, Fright_Finger_House
P 350.0000, -166.0000, 0.0000, 240, 127, 0, 2, Fright_(Raid)
P 301.0000, 683.0000, 0.0000, 240, 127, 0, 2, Dread_(Raid)
P 1152.0000, 692.0000, 0.0000, 240, 127, 0, 2, Terror_(Raid)
P -122.0000, 943.0000, -35.0000, 240, 127, 0, 2, a_dracoliche_(Raid,Roam)
P 43.0000, -1116.0000, -18.0000, 240, 127, 0, 2, Cazic-Thule_(Raid,Roam)
