L -344.0000, -741.0000, 203.0000, -344.0000, -788.0000, 203.0000, 102, 255, 102
L -344.0000, -865.0000, 203.0000, -464.0000, -865.0000, 203.0000, 102, 255, 102
L -1387.0000, 822.0000, 0.0000, -1387.0000, 75.0000, 0.0000, 0, 0, 0
L -1387.0000, -1396.0000, 0.0000, 1426.0000, -1396.0000, 0.0000, 0, 0, 0
L 1426.0000, -1396.0000, 0.0000, 1426.0000, 1393.0000, 0.0000, 0, 0, 0
L 1426.0000, 1393.0000, 0.0000, -1387.0000, 1393.0000, 0.0000, 0, 0, 0
L -1387.0000, 75.0000, 0.0000, -1387.0000, -1396.0000, 0.0000, 0, 0, 0
L -1387.0000, 1393.0000, 0.0000, -1387.0000, 75.0000, 0.0000, 0, 0, 0
L -1338.0000, 86.0000, 0.0000, -1312.0000, 153.0000, 0.0000, 0, 0, 0
L -1312.0000, 153.0000, 0.0000, -1226.0000, 119.0000, 0.0000, 0, 0, 0
L -1226.0000, 119.0000, 0.0000, -1241.0000, 79.0000, 0.0000, 0, 0, 0
L -1241.0000, 79.0000, 0.0000, -1246.0000, 80.0000, 0.0000, 0, 0, 0
L -1246.0000, 80.0000, 0.0000, -1232.0000, 117.0000, 0.0000, 0, 0, 0
L -1232.0000, 117.0000, 0.0000, -1309.0000, 147.0000, 0.0000, 0, 0, 0
L -1309.0000, 147.0000, 0.0000, -1332.0000, 89.0000, 0.0000, 0, 0, 0
L -1332.0000, 89.0000, 0.0000, -1255.0000, 58.0000, 0.0000, 0, 0, 0
L -1255.0000, 58.0000, 0.0000, -1252.0000, 64.0000, 0.0000, 0, 0, 0
L -1252.0000, 64.0000, 0.0000, -1248.0000, 60.0000, 0.0000, 0, 0, 0
L -1248.0000, 60.0000, 0.0000, -1253.0000, 52.0000, 0.0000, 0, 0, 0
L -1253.0000, 52.0000, 0.0000, -1338.0000, 87.0000, 0.0000, 0, 0, 0
L -1150.0000, 44.0000, 2.0000, -1179.0000, 55.0000, 0.0000, 0, 0, 0
L -1179.0000, 55.0000, 0.0000, -1186.0000, 59.0000, 0.0000, 0, 0, 0
L -1186.0000, 59.0000, 0.0000, -1189.0000, 52.0000, 0.0000, 0, 0, 0
L -1189.0000, 52.0000, 0.0000, -1181.0000, 49.0000, 0.0000, 0, 0, 0
L -1181.0000, 49.0000, 0.0000, -1152.0000, 38.0000, 0.0000, 0, 0, 0
L -1152.0000, 38.0000, 0.0000, -1145.0000, 34.0000, 0.0000, 0, 0, 0
L -1145.0000, 34.0000, 0.0000, -1142.0000, 43.0000, 1.0000, 0, 0, 0
L -1142.0000, 43.0000, 1.0000, -1131.0000, 72.0000, 1.0000, 0, 0, 0
L -1131.0000, 72.0000, 1.0000, -1127.0000, 79.0000, 1.0000, 0, 0, 0
L -1127.0000, 79.0000, 1.0000, -1135.0000, 82.0000, 1.0000, 0, 0, 0
L -1135.0000, 82.0000, 1.0000, -1165.0000, 93.0000, 0.0000, 0, 0, 0
L -1165.0000, 93.0000, 0.0000, -1172.0000, 97.0000, 0.0000, 0, 0, 0
L -1172.0000, 97.0000, 0.0000, -1175.0000, 88.0000, 0.0000, 0, 0, 0
L -1175.0000, 88.0000, 0.0000, -1167.0000, 87.0000, 0.0000, 0, 0, 0
L -1167.0000, 87.0000, 0.0000, -1137.0000, 76.0000, 1.0000, 0, 0, 0
L -1137.0000, 76.0000, 1.0000, -1150.0000, 44.0000, 0.0000, 0, 0, 0
L -1170.0000, 64.0000, 2.0000, -1166.0000, 75.0000, 0.0000, 0, 0, 0
L -1166.0000, 75.0000, 0.0000, -1146.0000, 68.0000, 0.0000, 0, 0, 0
L -1146.0000, 68.0000, 0.0000, -1150.0000, 57.0000, 0.0000, 0, 0, 0
L -1150.0000, 57.0000, 0.0000, -1170.0000, 64.0000, 0.0000, 0, 0, 0
L -722.0000, -550.0000, 0.0000, -642.0000, -479.0000, 0.0000, 255, 0, 0
L -642.0000, -479.0000, 0.0000, -610.0000, -466.0000, 0.0000, 255, 0, 0
L -610.0000, -466.0000, 0.0000, -565.0000, -442.0000, 0.0000, 255, 0, 0
L -565.0000, -442.0000, 0.0000, -452.0000, -406.0000, 0.0000, 255, 0, 0
L -452.0000, -406.0000, 0.0000, -333.0000, -409.0000, 0.0000, 255, 0, 0
L -333.0000, -409.0000, 0.0000, -272.0000, -431.0000, 0.0000, 255, 0, 0
L -272.0000, -431.0000, 0.0000, -232.0000, -441.0000, 0.0000, 255, 0, 0
L -232.0000, -441.0000, 0.0000, -162.0000, -488.0000, 0.0000, 255, 0, 0
L -162.0000, -488.0000, 0.0000, -151.0000, -499.0000, 0.0000, 255, 0, 0
L -151.0000, -499.0000, 0.0000, -119.0000, -533.0000, 0.0000, 255, 0, 0
L -119.0000, -533.0000, 0.0000, -78.0000, -578.0000, 0.0000, 255, 0, 0
L -78.0000, -578.0000, 0.0000, -60.0000, -613.0000, 0.0000, 255, 0, 0
L -60.0000, -613.0000, 0.0000, -44.0000, -639.0000, 0.0000, 255, 0, 0
L -44.0000, -639.0000, 0.0000, -33.0000, -665.0000, 0.0000, 255, 0, 0
L -33.0000, -665.0000, 0.0000, -22.0000, -734.0000, 0.0000, 255, 0, 0
L -22.0000, -734.0000, 0.0000, -16.0000, -752.0000, 0.0000, 255, 0, 0
L -16.0000, -752.0000, 0.0000, -10.0000, -817.0000, 0.0000, 255, 0, 0
L -10.0000, -817.0000, 0.0000, -12.0000, -868.0000, 0.0000, 255, 0, 0
L -12.0000, -868.0000, 0.0000, -16.0000, -885.0000, 0.0000, 255, 0, 0
L -16.0000, -885.0000, 0.0000, -22.0000, -903.0000, 0.0000, 255, 0, 0
L -22.0000, -903.0000, 0.0000, -34.0000, -947.0000, 0.0000, 255, 0, 0
L -34.0000, -947.0000, 0.0000, -45.0000, -983.0000, 0.0000, 255, 0, 0
L -45.0000, -983.0000, 0.0000, -52.0000, -996.0000, 0.0000, 255, 0, 0
L -52.0000, -996.0000, 0.0000, -103.0000, -1069.0000, 0.0000, 255, 0, 0
L -103.0000, -1069.0000, 0.0000, -138.0000, -1104.0000, 0.0000, 255, 0, 0
L -138.0000, -1104.0000, 0.0000, -141.0000, -1106.0000, 0.0000, 255, 0, 0
L -141.0000, -1106.0000, 0.0000, -173.0000, -1132.0000, 0.0000, 255, 0, 0
L -173.0000, -1132.0000, 0.0000, -182.0000, -1139.0000, 0.0000, 255, 0, 0
L -182.0000, -1139.0000, 0.0000, -195.0000, -1148.0000, 0.0000, 255, 0, 0
L -195.0000, -1148.0000, 0.0000, -272.0000, -1186.0000, 0.0000, 255, 0, 0
L -272.0000, -1186.0000, 0.0000, -284.0000, -1189.0000, 0.0000, 255, 0, 0
L -284.0000, -1189.0000, 0.0000, -304.0000, -1193.0000, 0.0000, 255, 0, 0
L -304.0000, -1193.0000, 0.0000, -363.0000, -1207.0000, 0.0000, 255, 0, 0
L -363.0000, -1207.0000, 0.0000, -399.0000, -1215.0000, 0.0000, 255, 0, 0
L -399.0000, -1215.0000, 0.0000, -422.0000, -1212.0000, 0.0000, 255, 0, 0
L -422.0000, -1212.0000, 0.0000, -470.0000, -1208.0000, 0.0000, 255, 0, 0
L -470.0000, -1208.0000, 0.0000, -486.0000, -1205.0000, 0.0000, 255, 0, 0
L -486.0000, -1205.0000, 0.0000, -493.0000, -1204.0000, 0.0000, 255, 0, 0
L -493.0000, -1204.0000, 0.0000, -589.0000, -1171.0000, 0.0000, 255, 0, 0
L -589.0000, -1171.0000, 0.0000, -594.0000, -1168.0000, 0.0000, 255, 0, 0
L -594.0000, -1168.0000, 0.0000, -633.0000, -1141.0000, 0.0000, 255, 0, 0
L -633.0000, -1141.0000, 0.0000, -682.0000, -1112.0000, 0.0000, 255, 0, 0
L -682.0000, -1112.0000, 0.0000, -701.0000, -1090.0000, 0.0000, 255, 0, 0
L -701.0000, -1090.0000, 0.0000, -737.0000, -1047.0000, 0.0000, 255, 0, 0
L -737.0000, -1047.0000, 0.0000, -739.0000, -1044.0000, 0.0000, 255, 0, 0
L -739.0000, -1044.0000, 0.0000, -745.0000, -1037.0000, 0.0000, 255, 0, 0
L -745.0000, -1037.0000, 0.0000, -762.0000, -1003.0000, 0.0000, 255, 0, 0
L -762.0000, -1003.0000, 0.0000, -791.0000, -949.0000, 0.0000, 255, 0, 0
L -791.0000, -949.0000, 0.0000, -801.0000, -910.0000, 0.0000, 255, 0, 0
L -801.0000, -910.0000, 0.0000, -814.0000, -850.0000, 0.0000, 255, 0, 0
L -814.0000, -850.0000, 0.0000, -816.0000, -836.0000, 0.0000, 255, 0, 0
L -816.0000, -836.0000, 0.0000, -816.0000, -832.0000, 0.0000, 255, 0, 0
L -816.0000, -832.0000, 0.0000, -812.0000, -746.0000, 0.0000, 255, 0, 0
L -812.0000, -746.0000, 0.0000, -811.0000, -738.0000, 0.0000, 255, 0, 0
L -811.0000, -738.0000, 0.0000, -807.0000, -722.0000, 0.0000, 255, 0, 0
L -807.0000, -722.0000, 0.0000, -795.0000, -682.0000, 0.0000, 255, 0, 0
L -795.0000, -682.0000, 0.0000, -742.0000, -576.0000, 0.0000, 255, 0, 0
L -742.0000, -576.0000, 0.0000, -734.0000, -565.0000, 0.0000, 255, 0, 0
L -734.0000, -565.0000, 0.0000, -722.0000, -550.0000, 0.0000, 255, 0, 0
L -699.0000, -577.0000, 0.0000, -743.0000, -644.0000, 0.0000, 255, 0, 0
L -743.0000, -644.0000, 0.0000, -745.0000, -649.0000, 0.0000, 255, 0, 0
L -745.0000, -649.0000, 0.0000, -755.0000, -673.0000, 0.0000, 255, 0, 0
L -755.0000, -673.0000, 0.0000, -767.0000, -719.0000, 0.0000, 255, 0, 0
L -767.0000, -719.0000, 0.0000, -781.0000, -820.0000, 0.0000, 255, 0, 0
L -781.0000, -820.0000, 0.0000, -783.0000, -844.0000, 0.0000, 255, 0, 0
L -783.0000, -844.0000, 0.0000, -773.0000, -900.0000, 0.0000, 255, 0, 0
L -773.0000, -900.0000, 0.0000, -755.0000, -935.0000, 0.0000, 255, 0, 0
L -755.0000, -935.0000, 0.0000, -732.0000, -984.0000, 0.0000, 255, 0, 0
L -732.0000, -984.0000, 0.0000, -722.0000, -1004.0000, 0.0000, 255, 0, 0
L -722.0000, -1004.0000, 0.0000, -711.0000, -1019.0000, 0.0000, 255, 0, 0
L -711.0000, -1019.0000, 0.0000, -673.0000, -1064.0000, 0.0000, 255, 0, 0
L -673.0000, -1064.0000, 0.0000, -649.0000, -1084.0000, 0.0000, 255, 0, 0
L -649.0000, -1084.0000, 0.0000, -591.0000, -1126.0000, 0.0000, 255, 0, 0
L -591.0000, -1126.0000, 0.0000, -550.0000, -1148.0000, 0.0000, 255, 0, 0
L -550.0000, -1148.0000, 0.0000, -504.0000, -1163.0000, 0.0000, 255, 0, 0
L -504.0000, -1163.0000, 0.0000, -457.0000, -1175.0000, 0.0000, 255, 0, 0
L -457.0000, -1175.0000, 0.0000, -421.0000, -1175.0000, 0.0000, 255, 0, 0
L -421.0000, -1175.0000, 0.0000, -388.0000, -1177.0000, 0.0000, 255, 0, 0
L -388.0000, -1177.0000, 0.0000, -347.0000, -1171.0000, 0.0000, 255, 0, 0
L -347.0000, -1171.0000, 0.0000, -298.0000, -1156.0000, 0.0000, 255, 0, 0
L -298.0000, -1156.0000, 0.0000, -219.0000, -1118.0000, 0.0000, 255, 0, 0
L -219.0000, -1118.0000, 0.0000, -186.0000, -1099.0000, 0.0000, 255, 0, 0
L -186.0000, -1099.0000, 0.0000, -122.0000, -1031.0000, 0.0000, 255, 0, 0
L -122.0000, -1031.0000, 0.0000, -105.0000, -1007.0000, 0.0000, 255, 0, 0
L -105.0000, -1007.0000, 0.0000, -83.0000, -972.0000, 0.0000, 255, 0, 0
L -83.0000, -972.0000, 0.0000, -79.0000, -963.0000, 0.0000, 255, 0, 0
L -79.0000, -963.0000, 0.0000, -69.0000, -923.0000, 0.0000, 255, 0, 0
L -69.0000, -923.0000, 0.0000, -56.0000, -874.0000, 0.0000, 255, 0, 0
L -56.0000, -874.0000, 0.0000, -47.0000, -835.0000, 0.0000, 255, 0, 0
L -47.0000, -835.0000, 0.0000, -46.0000, -812.0000, 0.0000, 255, 0, 0
L -46.0000, -812.0000, 0.0000, -47.0000, -796.0000, 0.0000, 255, 0, 0
L -47.0000, -796.0000, 0.0000, -48.0000, -752.0000, 0.0000, 255, 0, 0
L -48.0000, -752.0000, 0.0000, -55.0000, -720.0000, 0.0000, 255, 0, 0
L -55.0000, -720.0000, 0.0000, -75.0000, -661.0000, 0.0000, 255, 0, 0
L -75.0000, -661.0000, 0.0000, -82.0000, -646.0000, 0.0000, 255, 0, 0
L -82.0000, -646.0000, 0.0000, -90.0000, -633.0000, 0.0000, 255, 0, 0
L -90.0000, -633.0000, 0.0000, -131.0000, -575.0000, 0.0000, 255, 0, 0
L -131.0000, -575.0000, 0.0000, -154.0000, -549.0000, 0.0000, 255, 0, 0
L -154.0000, -549.0000, 0.0000, -170.0000, -532.0000, 0.0000, 255, 0, 0
L -170.0000, -532.0000, 0.0000, -176.0000, -526.0000, 0.0000, 255, 0, 0
L -176.0000, -526.0000, 0.0000, -195.0000, -512.0000, 0.0000, 255, 0, 0
L -195.0000, -512.0000, 0.0000, -239.0000, -484.0000, 0.0000, 255, 0, 0
L -239.0000, -484.0000, 0.0000, -258.0000, -473.0000, 0.0000, 255, 0, 0
L -258.0000, -473.0000, 0.0000, -340.0000, -452.0000, 0.0000, 255, 0, 0
L -340.0000, -452.0000, 0.0000, -428.0000, -440.0000, 0.0000, 255, 0, 0
L -428.0000, -440.0000, 0.0000, -441.0000, -439.0000, 0.0000, 255, 0, 0
L -441.0000, -439.0000, 0.0000, -481.0000, -448.0000, 0.0000, 255, 0, 0
L -481.0000, -448.0000, 0.0000, -509.0000, -455.0000, 0.0000, 255, 0, 0
L -509.0000, -455.0000, 0.0000, -525.0000, -458.0000, 0.0000, 255, 0, 0
L -525.0000, -458.0000, 0.0000, -590.0000, -489.0000, 0.0000, 255, 0, 0
L -590.0000, -489.0000, 0.0000, -612.0000, -497.0000, 0.0000, 255, 0, 0
L -612.0000, -497.0000, 0.0000, -648.0000, -526.0000, 0.0000, 255, 0, 0
L -648.0000, -526.0000, 0.0000, -691.0000, -566.0000, 0.0000, 255, 0, 0
L -691.0000, -566.0000, 0.0000, -745.0000, -649.0000, 0.0000, 255, 0, 0
L -563.0000, -960.0000, 0.0000, -562.0000, -657.0000, 0.0000, 150, 150, 150
L -562.0000, -657.0000, 0.0000, -253.0000, -659.0000, 0.0000, 150, 150, 150
L -253.0000, -659.0000, 0.0000, -269.0000, -710.0000, 0.0000, 150, 150, 150
L -269.0000, -710.0000, 0.0000, -269.0000, -727.0000, 0.0000, 150, 150, 150
L -269.0000, -727.0000, 0.0000, -260.0000, -757.0000, 0.0000, 150, 150, 150
L -260.0000, -757.0000, 0.0000, -259.0000, -769.0000, 0.0000, 150, 150, 150
L -259.0000, -769.0000, 0.0000, -263.0000, -786.0000, 0.0000, 150, 150, 150
L -269.0000, -828.0000, 0.0000, -259.0000, -860.0000, 0.0000, 150, 150, 150
L -259.0000, -860.0000, 0.0000, -263.0000, -917.0000, 0.0000, 150, 150, 150
L -251.0000, -961.0000, 0.0000, -563.0000, -960.0000, 0.0000, 150, 150, 150
L -183.0000, -693.0000, 0.0000, -148.0000, -693.0000, 0.0000, 0, 0, 0
L -243.0000, -1049.0000, 0.0000, -243.0000, -1084.0000, 0.0000, 0, 0, 0
L -627.0000, -1061.0000, 0.0000, -663.0000, -1061.0000, 0.0000, 0, 0, 0
L -663.0000, -1061.0000, 0.0000, -663.0000, -1026.0000, 0.0000, 0, 0, 0
L 353.0000, -179.0000, 0.0000, 333.0000, -179.0000, 0.0000, 0, 0, 0
L 333.0000, -179.0000, 0.0000, 332.0000, -242.0000, 0.0000, 0, 0, 0
L 332.0000, -242.0000, 0.0000, 395.0000, -242.0000, 0.0000, 0, 0, 0
L 395.0000, -242.0000, 0.0000, 395.0000, -178.0000, 0.0000, 0, 0, 0
L 395.0000, -178.0000, 0.0000, 375.0000, -179.0000, 0.0000, 0, 0, 0
L 375.0000, -167.0000, 0.0000, 353.0000, -169.0000, 0.0000, 0, 0, 0
L 353.0000, -169.0000, 0.0000, 353.0000, -189.0000, 0.0000, 0, 0, 0
L 356.0000, -219.0000, 0.0000, 360.0000, -226.0000, 0.0000, 0, 0, 0
L 360.0000, -226.0000, 0.0000, 368.0000, -226.0000, 0.0000, 0, 0, 0
L 368.0000, -226.0000, 0.0000, 372.0000, -219.0000, 0.0000, 0, 0, 0
L 372.0000, -219.0000, 0.0000, 368.0000, -212.0000, 0.0000, 0, 0, 0
L 368.0000, -212.0000, 0.0000, 366.0000, -209.0000, 0.0000, 0, 0, 0
L 366.0000, -209.0000, 0.0000, 370.0000, -207.0000, 0.0000, 0, 0, 0
L 370.0000, -207.0000, 0.0000, 377.0000, -219.0000, 0.0000, 0, 0, 0
L 377.0000, -219.0000, 0.0000, 370.0000, -231.0000, 0.0000, 0, 0, 0
L 370.0000, -231.0000, 0.0000, 356.0000, -230.0000, 0.0000, 0, 0, 0
L 356.0000, -230.0000, 0.0000, 350.0000, -219.0000, 0.0000, 0, 0, 0
L 350.0000, -219.0000, 0.0000, 357.0000, -208.0000, 0.0000, 0, 0, 0
L 357.0000, -208.0000, 0.0000, 361.0000, -207.0000, 0.0000, 0, 0, 0
L 361.0000, -207.0000, 0.0000, 360.0000, -212.0000, 0.0000, 0, 0, 0
L 360.0000, -212.0000, 0.0000, 356.0000, -219.0000, 0.0000, 0, 0, 0
L 353.0000, -189.0000, 0.0000, 343.0000, -189.0000, 0.0000, 0, 0, 0
L 343.0000, -189.0000, 0.0000, 343.0000, -231.0000, 0.0000, 0, 0, 0
L 343.0000, -231.0000, 0.0000, 385.0000, -231.0000, 0.0000, 0, 0, 0
L 385.0000, -231.0000, 0.0000, 385.0000, -188.0000, 0.0000, 0, 0, 0
L 385.0000, -188.0000, 0.0000, 375.0000, -189.0000, 0.0000, 0, 0, 0
L 375.0000, -189.0000, 0.0000, 375.0000, -167.0000, 0.0000, 0, 0, 0
L 822.0000, -307.0000, 0.0000, 774.0000, -347.0000, 0.0000, 0, 0, 0
L 774.0000, -347.0000, 0.0000, 709.0000, -268.0000, 0.0000, 0, 0, 0
L 709.0000, -268.0000, 0.0000, 787.0000, -203.0000, 0.0000, 0, 0, 0
L 787.0000, -203.0000, 0.0000, 832.0000, -256.0000, 0.0000, 0, 0, 0
L 832.0000, -256.0000, 0.0000, 813.0000, -269.0000, 0.0000, 0, 0, 0
L 813.0000, -269.0000, 0.0000, 784.0000, -235.0000, 0.0000, 0, 0, 0
L 784.0000, -235.0000, 0.0000, 741.0000, -271.0000, 0.0000, 0, 0, 0
L 741.0000, -271.0000, 0.0000, 777.0000, -315.0000, 0.0000, 0, 0, 0
L 777.0000, -315.0000, 0.0000, 810.0000, -290.0000, 0.0000, 0, 0, 0
L 809.0000, -263.0000, 0.0000, 895.0000, -365.0000, 0.0000, 0, 0, 0
L 895.0000, -365.0000, 0.0000, 915.0000, -402.0000, 0.0000, 0, 0, 0
L 915.0000, -402.0000, 0.0000, 926.0000, -451.0000, 0.0000, 0, 0, 0
L 926.0000, -451.0000, 0.0000, 971.0000, -471.0000, 0.0000, 0, 0, 0
L 971.0000, -471.0000, 0.0000, 1007.0000, -498.0000, 0.0000, 0, 0, 0
L 1007.0000, -498.0000, 0.0000, 1093.0000, -600.0000, 0.0000, 0, 0, 0
L 1088.0000, -552.0000, 0.0000, 1143.0000, -504.0000, 0.0000, 0, 0, 0
L 1143.0000, -504.0000, 0.0000, 1210.0000, -582.0000, 0.0000, 0, 0, 0
L 1210.0000, -582.0000, 0.0000, 1131.0000, -648.0000, 0.0000, 0, 0, 0
L 1131.0000, -648.0000, 0.0000, 1085.0000, -594.0000, 0.0000, 0, 0, 0
L 1085.0000, -594.0000, 0.0000, 1105.0000, -581.0000, 0.0000, 0, 0, 0
L 1105.0000, -581.0000, 0.0000, 1134.0000, -616.0000, 0.0000, 0, 0, 0
L 1134.0000, -616.0000, 0.0000, 1178.0000, -579.0000, 0.0000, 0, 0, 0
L 1178.0000, -579.0000, 0.0000, 1141.0000, -536.0000, 0.0000, 0, 0, 0
L 1141.0000, -536.0000, 0.0000, 1103.0000, -566.0000, 0.0000, 0, 0, 0
L 1108.0000, -587.0000, 0.0000, 1023.0000, -487.0000, 0.0000, 0, 0, 0
L 1023.0000, -487.0000, 0.0000, 1002.0000, -446.0000, 0.0000, 0, 0, 0
L 1002.0000, -446.0000, 0.0000, 992.0000, -398.0000, 0.0000, 0, 0, 0
L 992.0000, -398.0000, 0.0000, 947.0000, -380.0000, 0.0000, 0, 0, 0
L 947.0000, -380.0000, 0.0000, 910.0000, -353.0000, 0.0000, 0, 0, 0
L 910.0000, -353.0000, 0.0000, 824.0000, -249.0000, 0.0000, 0, 0, 0
L 950.0000, -410.0000, 0.0000, 964.0000, -407.0000, 0.0000, 0, 204, 204
L 964.0000, -407.0000, 0.0000, 975.0000, -420.0000, 0.0000, 0, 204, 204
L 975.0000, -420.0000, 0.0000, 970.0000, -434.0000, 0.0000, 0, 204, 204
L 970.0000, -434.0000, 0.0000, 953.0000, -436.0000, 0.0000, 0, 204, 204
L 953.0000, -436.0000, 0.0000, 944.0000, -425.0000, 0.0000, 0, 204, 204
L 944.0000, -425.0000, 0.0000, 949.0000, -411.0000, 0.0000, 0, 204, 204
L 949.0000, -411.0000, 0.0000, 964.0000, -407.0000, 0.0000, 0, 204, 204
L 1060.0000, 300.0000, 0.0000, 1142.0000, 308.0000, 0.0000, 0, 0, 0
L 1142.0000, 308.0000, 0.0000, 1137.0000, 370.0000, 0.0000, 0, 0, 0
L 1137.0000, 370.0000, 0.0000, 1054.0000, 363.0000, 0.0000, 0, 0, 0
L 1054.0000, 363.0000, 0.0000, 1054.0000, 358.0000, 0.0000, 0, 0, 0
L 1054.0000, 358.0000, 0.0000, 1050.0000, 358.0000, 0.0000, 0, 0, 0
L 1050.0000, 358.0000, 0.0000, 1050.0000, 368.0000, 0.0000, 0, 0, 0
L 1050.0000, 368.0000, 0.0000, 1140.0000, 376.0000, 0.0000, 0, 0, 0
L 1140.0000, 376.0000, 0.0000, 1147.0000, 303.0000, 0.0000, 0, 0, 0
L 1147.0000, 303.0000, 0.0000, 1056.0000, 295.0000, 0.0000, 0, 0, 0
L 1056.0000, 295.0000, 0.0000, 1052.0000, 340.0000, 0.0000, 0, 0, 0
L 1052.0000, 340.0000, 0.0000, 1056.0000, 339.0000, 0.0000, 0, 0, 0
L 1056.0000, 339.0000, 0.0000, 1060.0000, 300.0000, 0.0000, 0, 0, 0
L -379.0000, 1011.0000, 0.0000, -461.0000, 1009.0000, 0.0000, 0, 0, 0
L -461.0000, 1009.0000, 0.0000, -460.0000, 946.0000, 0.0000, 0, 0, 0
L -460.0000, 946.0000, 0.0000, -377.0000, 948.0000, 0.0000, 0, 0, 0
L -377.0000, 948.0000, 0.0000, -377.0000, 954.0000, 0.0000, 0, 0, 0
L -377.0000, 954.0000, 0.0000, -372.0000, 953.0000, 0.0000, 0, 0, 0
L -372.0000, 953.0000, 0.0000, -372.0000, 944.0000, 0.0000, 0, 0, 0
L -372.0000, 944.0000, 0.0000, -464.0000, 941.0000, 0.0000, 0, 0, 0
L -464.0000, 941.0000, 0.0000, -466.0000, 1014.0000, 0.0000, 0, 0, 0
L -466.0000, 1014.0000, 0.0000, -374.0000, 1016.0000, 0.0000, 0, 0, 0
L -374.0000, 1016.0000, 0.0000, -372.0000, 973.0000, 0.0000, 0, 0, 0
L -372.0000, 973.0000, 0.0000, -376.0000, 971.0000, 0.0000, 0, 0, 0
L -376.0000, 971.0000, 0.0000, -379.0000, 1011.0000, 0.0000, 0, 0, 0
L 390.0000, 645.0000, 0.0000, 390.0000, 676.0000, 0.0000, 150, 150, 150
L 390.0000, 676.0000, 0.0000, 308.0000, 675.0000, 0.0000, 150, 150, 150
L 308.0000, 675.0000, 0.0000, 309.0000, 593.0000, 0.0000, 150, 150, 150
L 309.0000, 593.0000, 0.0000, 390.0000, 593.0000, 0.0000, 150, 150, 150
L 390.0000, 593.0000, 0.0000, 388.0000, 623.0000, 0.0000, 150, 150, 150
L 388.0000, 623.0000, 0.0000, 392.0000, 624.0000, 0.0000, 150, 150, 150
L 392.0000, 624.0000, 0.0000, 392.0000, 647.0000, 0.0000, 150, 150, 150
L 392.0000, 647.0000, 0.0000, 389.0000, 646.0000, 0.0000, 150, 150, 150
L 389.0000, 646.0000, 0.0000, 381.0000, 646.0000, 0.0000, 150, 150, 150
L 381.0000, 646.0000, 0.0000, 381.0000, 665.0000, 0.0000, 150, 150, 150
L 381.0000, 665.0000, 0.0000, 318.0000, 666.0000, 0.0000, 150, 150, 150
L 318.0000, 666.0000, 0.0000, 318.0000, 604.0000, 0.0000, 150, 150, 150
L 318.0000, 604.0000, 0.0000, 380.0000, 603.0000, 0.0000, 150, 150, 150
L 380.0000, 603.0000, 0.0000, 381.0000, 623.0000, 0.0000, 150, 150, 150
L 381.0000, 623.0000, 0.0000, 371.0000, 623.0000, 0.0000, 150, 150, 150
L 371.0000, 623.0000, 0.0000, 391.0000, 624.0000, 0.0000, 150, 150, 150
L 371.0000, 623.0000, 0.0000, 370.0000, 613.0000, 0.0000, 150, 150, 150
L 370.0000, 613.0000, 0.0000, 329.0000, 613.0000, 0.0000, 150, 150, 150
L 329.0000, 613.0000, 0.0000, 328.0000, 656.0000, 0.0000, 150, 150, 150
L 328.0000, 656.0000, 0.0000, 370.0000, 656.0000, 0.0000, 150, 150, 150
L 370.0000, 656.0000, 0.0000, 371.0000, 646.0000, 0.0000, 150, 150, 150
L 371.0000, 646.0000, 0.0000, 379.0000, 645.0000, 0.0000, 150, 150, 150
L 341.0000, 623.0000, 0.0000, 347.0000, 623.0000, 0.0000, 150, 150, 150
L 347.0000, 623.0000, 0.0000, 351.0000, 632.0000, 0.0000, 150, 150, 150
L 351.0000, 632.0000, 0.0000, 350.0000, 619.0000, 0.0000, 150, 150, 150
L 350.0000, 619.0000, 0.0000, 338.0000, 619.0000, 0.0000, 150, 150, 150
L 338.0000, 619.0000, 0.0000, 337.0000, 649.0000, 0.0000, 150, 150, 150
L 337.0000, 649.0000, 0.0000, 351.0000, 648.0000, 0.0000, 150, 150, 150
L 351.0000, 648.0000, 0.0000, 351.0000, 637.0000, 0.0000, 150, 150, 150
L 351.0000, 637.0000, 0.0000, 348.0000, 636.0000, 0.0000, 150, 150, 150
L 348.0000, 636.0000, 0.0000, 347.0000, 645.0000, 0.0000, 150, 150, 150
L 347.0000, 645.0000, 0.0000, 341.0000, 645.0000, 0.0000, 150, 150, 150
L 341.0000, 645.0000, 0.0000, 341.0000, 623.0000, 0.0000, 150, 150, 150
L 1190.0000, 582.0000, 0.0000, 1189.0000, 589.0000, 0.0000, 150, 150, 150
L 1189.0000, 589.0000, 0.0000, 1148.0000, 589.0000, 0.0000, 150, 150, 150
L 1148.0000, 589.0000, 0.0000, 1149.0000, 691.0000, 0.0000, 150, 150, 150
L 1149.0000, 691.0000, 0.0000, 1251.0000, 692.0000, 0.0000, 150, 150, 150
L 1251.0000, 692.0000, 0.0000, 1251.0000, 590.0000, 0.0000, 150, 150, 150
L 1251.0000, 590.0000, 0.0000, 1211.0000, 589.0000, 0.0000, 150, 150, 150
L 1211.0000, 589.0000, 0.0000, 1209.0000, 581.0000, 0.0000, 150, 150, 150
L 1209.0000, 581.0000, 0.0000, 1211.0000, 609.0000, 0.0000, 150, 150, 150
L 1211.0000, 609.0000, 0.0000, 1231.0000, 609.0000, 0.0000, 150, 150, 150
L 1231.0000, 609.0000, 0.0000, 1231.0000, 672.0000, 0.0000, 150, 150, 150
L 1231.0000, 672.0000, 0.0000, 1168.0000, 671.0000, 0.0000, 150, 150, 150
L 1168.0000, 671.0000, 0.0000, 1169.0000, 609.0000, 0.0000, 150, 150, 150
L 1169.0000, 609.0000, 0.0000, 1189.0000, 609.0000, 0.0000, 150, 150, 150
L 1189.0000, 589.0000, 0.0000, 1189.0000, 599.0000, 0.0000, 150, 150, 150
L 1189.0000, 599.0000, 0.0000, 1158.0000, 599.0000, 0.0000, 150, 150, 150
L 1158.0000, 599.0000, 0.0000, 1159.0000, 682.0000, 0.0000, 150, 150, 150
L 1159.0000, 682.0000, 0.0000, 1241.0000, 682.0000, 0.0000, 150, 150, 150
L 1241.0000, 682.0000, 0.0000, 1241.0000, 600.0000, 0.0000, 150, 150, 150
L 1241.0000, 600.0000, 0.0000, 1211.0000, 599.0000, 0.0000, 150, 150, 150
L 1211.0000, 599.0000, 0.0000, 1211.0000, 619.0000, 0.0000, 150, 150, 150
L 1211.0000, 619.0000, 0.0000, 1222.0000, 619.0000, 0.0000, 150, 150, 150
L 1222.0000, 619.0000, 0.0000, 1221.0000, 662.0000, 0.0000, 150, 150, 150
L 1221.0000, 662.0000, 0.0000, 1179.0000, 662.0000, 0.0000, 150, 150, 150
L 1179.0000, 662.0000, 0.0000, 1179.0000, 619.0000, 0.0000, 150, 150, 150
L 1179.0000, 619.0000, 0.0000, 1189.0000, 619.0000, 0.0000, 150, 150, 150
L 1189.0000, 619.0000, 0.0000, 1189.0000, 589.0000, 0.0000, 150, 150, 150
L 1211.0000, 649.0000, 0.0000, 1189.0000, 649.0000, 0.0000, 150, 150, 150
L 1189.0000, 649.0000, 0.0000, 1189.0000, 643.0000, 0.0000, 150, 150, 150
L 1189.0000, 643.0000, 0.0000, 1197.0000, 643.0000, 0.0000, 150, 150, 150
L 1197.0000, 643.0000, 0.0000, 1198.0000, 639.0000, 0.0000, 150, 150, 150
L 1198.0000, 639.0000, 0.0000, 1186.0000, 639.0000, 0.0000, 150, 150, 150
L 1186.0000, 639.0000, 0.0000, 1185.0000, 653.0000, 0.0000, 150, 150, 150
L 1185.0000, 653.0000, 0.0000, 1214.0000, 653.0000, 0.0000, 150, 150, 150
L 1214.0000, 653.0000, 0.0000, 1214.0000, 640.0000, 0.0000, 150, 150, 150
L 1214.0000, 640.0000, 0.0000, 1201.0000, 639.0000, 0.0000, 150, 150, 150
L 1201.0000, 639.0000, 0.0000, 1201.0000, 642.0000, 0.0000, 150, 150, 150
L 1201.0000, 642.0000, 0.0000, 1211.0000, 643.0000, 0.0000, 150, 150, 150
L 1211.0000, 643.0000, 0.0000, 1211.0000, 649.0000, 0.0000, 150, 150, 150
L -665.0000, 13.0000, 0.0000, -583.0000, 14.0000, 0.0000, 0, 0, 0
L -583.0000, 14.0000, 0.0000, -583.0000, -87.0000, 0.0000, 0, 0, 0
L -583.0000, -87.0000, 0.0000, -687.0000, -86.0000, 0.0000, 0, 0, 0
L -687.0000, -86.0000, 0.0000, -686.0000, -26.0000, 0.0000, 0, 0, 0
L -686.0000, -26.0000, 0.0000, -683.0000, -24.0000, 0.0000, 0, 0, 0
L -663.0000, -24.0000, 0.0000, -663.0000, -62.0000, 0.0000, 0, 0, 0
L -663.0000, -62.0000, 0.0000, -606.0000, -64.0000, 0.0000, 0, 0, 0
L -606.0000, -64.0000, 0.0000, -606.0000, -7.0000, 0.0000, 0, 0, 0
L -606.0000, -7.0000, 0.0000, -665.0000, -6.0000, 0.0000, 0, 0, 0
L -766.0000, 372.0000, 0.0000, -766.0000, 474.0000, 0.0000, 0, 0, 0
L -766.0000, 474.0000, 0.0000, -664.0000, 474.0000, 0.0000, 0, 0, 0
L -686.0000, 409.0000, 0.0000, -686.0000, 452.0000, 0.0000, 0, 0, 0
L -686.0000, 452.0000, 0.0000, -743.0000, 452.0000, 0.0000, 0, 0, 0
L -743.0000, 452.0000, 0.0000, -743.0000, 395.0000, 0.0000, 0, 0, 0
L -684.0000, 283.0000, 0.0000, -694.0000, 238.0000, 0.0000, 0, 0, 0
L -694.0000, 238.0000, 0.0000, -717.0000, 194.0000, 0.0000, 0, 0, 0
L -717.0000, 194.0000, 0.0000, -695.0000, 151.0000, 0.0000, 0, 0, 0
L -695.0000, 151.0000, 0.0000, -685.0000, 106.0000, 0.0000, 0, 0, 0
L -685.0000, 106.0000, 0.0000, -683.0000, -24.0000, 0.0000, 0, 0, 0
L -665.0000, 106.0000, 0.0000, -655.0000, 150.0000, 0.0000, 0, 0, 0
L -655.0000, 150.0000, 0.0000, -632.0000, 194.0000, 0.0000, 0, 0, 0
L -632.0000, 194.0000, 0.0000, -655.0000, 235.0000, 0.0000, 0, 0, 0
L -655.0000, 235.0000, 0.0000, -665.0000, 281.0000, 0.0000, 0, 0, 0
L -675.0000, 209.0000, 0.0000, -662.0000, 202.0000, 0.0000, 0, 204, 204
L -662.0000, 202.0000, 0.0000, -662.0000, 185.0000, 0.0000, 0, 204, 204
L -662.0000, 185.0000, 0.0000, -674.0000, 178.0000, 0.0000, 0, 204, 204
L -674.0000, 178.0000, 0.0000, -688.0000, 185.0000, 0.0000, 0, 204, 204
L -688.0000, 185.0000, 0.0000, -688.0000, 202.0000, 0.0000, 0, 204, 204
L -688.0000, 202.0000, 0.0000, -676.0000, 209.0000, 0.0000, 0, 204, 204
L 140.0000, -301.0000, 12.0000, 164.0000, -328.0000, 15.0000, 0, 0, 0
L 164.0000, -328.0000, 15.0000, 153.0000, -364.0000, 13.0000, 0, 0, 0
L 153.0000, -364.0000, 13.0000, 117.0000, -371.0000, 15.0000, 0, 0, 0
L 117.0000, -371.0000, 15.0000, 96.0000, -345.0000, 17.0000, 0, 0, 0
L 96.0000, -345.0000, 17.0000, 104.0000, -309.0000, 15.0000, 0, 0, 0
L 104.0000, -309.0000, 15.0000, 140.0000, -301.0000, 12.0000, 0, 0, 0
L 473.0000, -967.0000, 11.0000, 453.0000, -970.0000, 17.0000, 0, 0, 0
L 453.0000, -970.0000, 17.0000, 449.0000, -949.0000, 14.0000, 0, 0, 0
L 449.0000, -949.0000, 14.0000, 469.0000, -946.0000, 10.0000, 0, 0, 0
L 469.0000, -946.0000, 10.0000, 473.0000, -967.0000, 11.0000, 0, 0, 0
L 694.0000, -1315.0000, 7.0000, 710.0000, -1329.0000, 12.0000, 0, 0, 0
L 710.0000, -1329.0000, 12.0000, 697.0000, -1345.0000, 15.0000, 0, 0, 0
L 697.0000, -1345.0000, 15.0000, 680.0000, -1332.0000, 11.0000, 0, 0, 0
L 680.0000, -1332.0000, 11.0000, 694.0000, -1315.0000, 7.0000, 0, 0, 0
L 862.0000, -1003.0000, 77.0000, 861.0000, -966.0000, 75.0000, 0, 0, 0
L 861.0000, -966.0000, 75.0000, 897.0000, -966.0000, 87.0000, 0, 0, 0
L 897.0000, -966.0000, 87.0000, 898.0000, -1002.0000, 88.0000, 0, 0, 0
L 898.0000, -1002.0000, 88.0000, 862.0000, -1003.0000, 77.0000, 0, 0, 0
L 737.0000, -393.0000, 2.0000, 692.0000, -391.0000, 1.0000, 0, 0, 0
L 692.0000, -391.0000, 1.0000, 687.0000, -386.0000, 2.0000, 0, 0, 0
L 687.0000, -386.0000, 2.0000, 695.0000, -376.0000, 1.0000, 0, 0, 0
L 695.0000, -376.0000, 1.0000, 699.0000, -369.0000, 0.0000, 0, 0, 0
L 699.0000, -369.0000, 0.0000, 710.0000, -333.0000, -1.0000, 0, 0, 0
L 710.0000, -333.0000, -1.0000, 727.0000, -336.0000, 0.0000, 0, 0, 0
L 727.0000, -336.0000, 0.0000, 730.0000, -371.0000, 0.0000, 0, 0, 0
L 730.0000, -371.0000, 0.0000, 737.0000, -393.0000, 2.0000, 0, 0, 0
L 737.0000, -393.0000, 2.0000, 733.0000, -395.0000, 2.0000, 0, 0, 0
L 756.0000, -489.0000, 26.0000, 804.0000, -465.0000, 29.0000, 0, 0, 0
L 804.0000, -465.0000, 29.0000, 829.0000, -514.0000, 31.0000, 0, 0, 0
L 829.0000, -514.0000, 31.0000, 779.0000, -538.0000, 29.0000, 0, 0, 0
L 779.0000, -538.0000, 29.0000, 756.0000, -489.0000, 26.0000, 0, 0, 0
L 675.0000, 318.0000, 0.0000, 631.0000, 279.0000, 2.0000, 0, 0, 0
L 631.0000, 279.0000, 2.0000, 614.0000, 300.0000, 6.0000, 0, 0, 0
L 614.0000, 300.0000, 6.0000, 656.0000, 338.0000, 0.0000, 0, 0, 0
L 656.0000, 338.0000, 0.0000, 675.0000, 318.0000, 0.0000, 0, 0, 0
L 615.0000, 476.0000, 0.0000, 610.0000, 467.0000, 0.0000, 0, 0, 0
L 610.0000, 467.0000, 0.0000, 595.0000, 475.0000, 0.0000, 0, 0, 0
L 595.0000, 475.0000, 0.0000, 601.0000, 482.0000, 0.0000, 0, 0, 0
L 601.0000, 482.0000, 0.0000, 615.0000, 476.0000, 0.0000, 0, 0, 0
L 615.0000, 476.0000, 0.0000, 611.0000, 468.0000, 0.0000, 0, 0, 0
L 614.0000, 432.0000, 0.0000, 620.0000, 425.0000, 0.0000, 0, 0, 0
L 620.0000, 425.0000, 0.0000, 611.0000, 417.0000, 0.0000, 0, 0, 0
L 611.0000, 417.0000, 0.0000, 604.0000, 424.0000, 0.0000, 0, 0, 0
L 604.0000, 424.0000, 0.0000, 614.0000, 432.0000, 0.0000, 0, 0, 0
L 590.0000, 453.0000, 0.0000, 584.0000, 459.0000, 0.0000, 0, 0, 0
L 584.0000, 459.0000, 0.0000, 590.0000, 465.0000, 0.0000, 0, 0, 0
L 590.0000, 465.0000, 0.0000, 597.0000, 459.0000, 0.0000, 0, 0, 0
L 597.0000, 459.0000, 0.0000, 590.0000, 453.0000, 0.0000, 0, 0, 0
L 611.0000, 418.0000, 26.0000, 615.0000, 451.0000, 29.0000, 0, 0, 0
L 615.0000, 451.0000, 29.0000, 614.0000, 463.0000, 31.0000, 0, 0, 0
L 614.0000, 463.0000, 31.0000, 612.0000, 470.0000, 31.0000, 0, 0, 0
L 612.0000, 470.0000, 31.0000, 606.0000, 477.0000, 32.0000, 0, 0, 0
L 606.0000, 477.0000, 32.0000, 597.0000, 478.0000, 33.0000, 0, 0, 0
L 597.0000, 478.0000, 33.0000, 589.0000, 465.0000, 31.0000, 0, 0, 0
L 589.0000, 465.0000, 31.0000, 588.0000, 454.0000, 30.0000, 0, 0, 0
L 588.0000, 454.0000, 30.0000, 592.0000, 442.0000, 29.0000, 0, 0, 0
L 592.0000, 442.0000, 29.0000, 607.0000, 421.0000, 27.0000, 0, 0, 0
L 607.0000, 421.0000, 27.0000, 611.0000, 418.0000, 26.0000, 0, 0, 0
L -281.0000, 1241.0000, -13.0000, -281.0000, 1281.0000, -13.0000, 0, 0, 0
L -281.0000, 1281.0000, -13.0000, -240.0000, 1282.0000, -15.0000, 0, 0, 0
L -240.0000, 1282.0000, -15.0000, -240.0000, 1241.0000, -18.0000, 0, 0, 0
L -240.0000, 1241.0000, -18.0000, -256.0000, 1241.0000, -19.0000, 0, 0, 0
L -256.0000, 1241.0000, -19.0000, -256.0000, 1234.0000, -18.0000, 0, 0, 0
L -256.0000, 1234.0000, -18.0000, -234.0000, 1234.0000, -17.0000, 0, 0, 0
L -234.0000, 1234.0000, -17.0000, -235.0000, 1289.0000, -14.0000, 0, 0, 0
L -235.0000, 1289.0000, -14.0000, -288.0000, 1287.0000, -12.0000, 0, 0, 0
L -288.0000, 1287.0000, -12.0000, -287.0000, 1234.0000, -15.0000, 0, 0, 0
L -287.0000, 1234.0000, -15.0000, -266.0000, 1235.0000, -17.0000, 0, 0, 0
L -266.0000, 1235.0000, -17.0000, -266.0000, 1240.0000, -18.0000, 0, 0, 0
L -266.0000, 1240.0000, -18.0000, -281.0000, 1241.0000, -16.0000, 0, 0, 0
L -633.0000, 1376.0000, -2.0000, -601.0000, 1376.0000, -5.0000, 0, 0, 0
L -601.0000, 1376.0000, -5.0000, -601.0000, 1343.0000, -7.0000, 0, 0, 0
L -601.0000, 1343.0000, -7.0000, -614.0000, 1343.0000, -6.0000, 0, 0, 0
L -614.0000, 1343.0000, -6.0000, -615.0000, 1340.0000, -5.0000, 0, 0, 0
L -615.0000, 1340.0000, -5.0000, -596.0000, 1340.0000, -8.0000, 0, 0, 0
L -596.0000, 1340.0000, -8.0000, -597.0000, 1380.0000, -5.0000, 0, 0, 0
L -597.0000, 1380.0000, -5.0000, -637.0000, 1380.0000, -1.0000, 0, 0, 0
L -637.0000, 1380.0000, -1.0000, -638.0000, 1339.0000, -3.0000, 0, 0, 0
L -638.0000, 1339.0000, -3.0000, -620.0000, 1339.0000, -5.0000, 0, 0, 0
L -620.0000, 1339.0000, -5.0000, -621.0000, 1343.0000, -5.0000, 0, 0, 0
L -621.0000, 1343.0000, -5.0000, -633.0000, 1343.0000, -4.0000, 0, 0, 0
L -633.0000, 1343.0000, -4.0000, -633.0000, 1376.0000, -2.0000, 0, 0, 0
L -698.0000, 573.0000, 19.0000, -691.0000, 566.0000, 19.0000, 0, 0, 0
L -691.0000, 566.0000, 19.0000, -704.0000, 556.0000, 20.0000, 0, 0, 0
L -704.0000, 556.0000, 20.0000, -709.0000, 563.0000, 19.0000, 0, 0, 0
L -709.0000, 563.0000, 19.0000, -698.0000, 573.0000, 19.0000, 0, 0, 0
L -658.0000, 553.0000, 17.0000, -649.0000, 553.0000, 17.0000, 0, 0, 0
L -649.0000, 553.0000, 17.0000, -647.0000, 545.0000, 17.0000, 0, 0, 0
L -647.0000, 545.0000, 17.0000, -655.0000, 540.0000, 18.0000, 0, 0, 0
L -655.0000, 540.0000, 18.0000, -658.0000, 553.0000, 17.0000, 0, 0, 0
L -688.0000, 541.0000, 21.0000, -697.0000, 539.0000, 22.0000, 0, 0, 0
L -697.0000, 539.0000, 22.0000, -699.0000, 547.0000, 22.0000, 0, 0, 0
L -699.0000, 547.0000, 22.0000, -690.0000, 550.0000, 21.0000, 0, 0, 0
L -690.0000, 550.0000, 21.0000, -688.0000, 541.0000, 21.0000, 0, 0, 0
L -398.0000, 704.0000, 104.0000, -398.0000, 741.0000, 107.0000, 0, 0, 0
L -398.0000, 741.0000, 107.0000, -362.0000, 741.0000, 106.0000, 0, 0, 0
L -362.0000, 741.0000, 106.0000, -361.0000, 705.0000, 101.0000, 0, 0, 0
L -361.0000, 705.0000, 101.0000, -398.0000, 704.0000, 104.0000, 0, 0, 0
L -27.0000, 724.0000, 22.0000, 30.0000, 724.0000, 23.0000, 0, 0, 0
L 30.0000, 724.0000, 23.0000, 31.0000, 665.0000, 23.0000, 0, 0, 0
L 31.0000, 665.0000, 23.0000, -26.0000, 665.0000, 27.0000, 0, 0, 0
L -26.0000, 665.0000, 27.0000, -27.0000, 724.0000, 22.0000, 0, 0, 0
L -375.0000, 472.0000, 2.0000, -382.0000, 466.0000, 2.0000, 0, 0, 0
L -382.0000, 466.0000, 2.0000, -393.0000, 479.0000, 1.0000, 0, 0, 0
L -393.0000, 479.0000, 1.0000, -386.0000, 484.0000, 1.0000, 0, 0, 0
L -386.0000, 484.0000, 1.0000, -375.0000, 472.0000, 2.0000, 0, 0, 0
L -386.0000, 426.0000, 6.0000, -392.0000, 417.0000, 8.0000, 0, 0, 0
L -392.0000, 417.0000, 8.0000, -408.0000, 425.0000, 4.0000, 0, 0, 0
L -408.0000, 425.0000, 4.0000, -403.0000, 435.0000, 3.0000, 0, 0, 0
L -403.0000, 435.0000, 3.0000, -386.0000, 426.0000, 6.0000, 0, 0, 0
L -415.0000, 446.0000, 1.0000, -415.0000, 454.0000, 1.0000, 0, 0, 0
L -415.0000, 454.0000, 1.0000, -405.0000, 454.0000, 2.0000, 0, 0, 0
L -405.0000, 454.0000, 2.0000, -406.0000, 445.0000, 2.0000, 0, 0, 0
L -406.0000, 445.0000, 2.0000, -415.0000, 446.0000, 1.0000, 0, 0, 0
L -458.0000, 234.0000, -1.0000, -454.0000, 226.0000, -1.0000, 0, 0, 0
L -454.0000, 226.0000, -1.0000, -470.0000, 219.0000, -2.0000, 0, 0, 0
L -470.0000, 219.0000, -2.0000, -473.0000, 228.0000, -3.0000, 0, 0, 0
L -473.0000, 228.0000, -3.0000, -458.0000, 234.0000, -1.0000, 0, 0, 0
L -428.0000, 203.0000, -2.0000, -419.0000, 202.0000, -3.0000, 0, 0, 0
L -419.0000, 202.0000, -3.0000, -419.0000, 191.0000, -4.0000, 0, 0, 0
L -419.0000, 191.0000, -4.0000, -429.0000, 191.0000, -3.0000, 0, 0, 0
L -429.0000, 191.0000, -3.0000, -428.0000, 203.0000, -2.0000, 0, 0, 0
L -462.0000, 199.0000, -2.0000, -469.0000, 201.0000, -2.0000, 0, 0, 0
L -469.0000, 201.0000, -2.0000, -469.0000, 210.0000, -2.0000, 0, 0, 0
L -469.0000, 210.0000, -2.0000, -460.0000, 209.0000, -2.0000, 0, 0, 0
L -460.0000, 209.0000, -2.0000, -462.0000, 199.0000, -2.0000, 0, 0, 0
L -304.0000, 128.0000, -4.0000, -288.0000, 118.0000, -2.0000, 0, 0, 0
L -288.0000, 118.0000, -2.0000, -298.0000, 101.0000, -1.0000, 0, 0, 0
L -298.0000, 101.0000, -1.0000, -314.0000, 112.0000, -3.0000, 0, 0, 0
L -314.0000, 112.0000, -3.0000, -304.0000, 128.0000, -4.0000, 0, 0, 0
L -284.0000, 135.0000, -3.0000, -279.0000, 144.0000, -3.0000, 0, 0, 0
L -279.0000, 144.0000, -3.0000, -275.0000, 142.0000, -3.0000, 0, 0, 0
L -275.0000, 142.0000, -3.0000, -285.0000, 159.0000, -4.0000, 0, 0, 0
L -285.0000, 159.0000, -4.0000, -277.0000, 165.0000, -3.0000, 0, 0, 0
L -277.0000, 165.0000, -3.0000, -262.0000, 142.0000, -2.0000, 0, 0, 0
L -262.0000, 142.0000, -2.0000, -270.0000, 136.0000, -2.0000, 0, 0, 0
L -270.0000, 136.0000, -2.0000, -276.0000, 130.0000, -2.0000, 0, 0, 0
L -276.0000, 130.0000, -2.0000, -284.0000, 135.0000, -3.0000, 0, 0, 0
L -283.0000, 147.0000, -3.0000, -292.0000, 153.0000, -4.0000, 0, 0, 0
L -292.0000, 153.0000, -4.0000, -298.0000, 145.0000, -5.0000, 0, 0, 0
L -298.0000, 145.0000, -5.0000, -289.0000, 138.0000, -3.0000, 0, 0, 0
L -289.0000, 138.0000, -3.0000, -283.0000, 147.0000, -3.0000, 0, 0, 0
L -259.0000, 105.0000, 0.0000, -265.0000, 96.0000, 0.0000, 0, 0, 0
L -265.0000, 96.0000, 0.0000, -273.0000, 101.0000, 0.0000, 0, 0, 0
L -273.0000, 101.0000, 0.0000, -268.0000, 109.0000, 0.0000, 0, 0, 0
L -268.0000, 109.0000, 0.0000, -259.0000, 105.0000, 0.0000, 0, 0, 0
L -268.0000, 91.0000, 0.0000, -275.0000, 83.0000, 0.0000, 0, 0, 0
L -275.0000, 83.0000, 0.0000, -282.0000, 87.0000, 0.0000, 0, 0, 0
L -282.0000, 87.0000, 0.0000, -276.0000, 96.0000, 0.0000, 0, 0, 0
L -276.0000, 96.0000, 0.0000, -268.0000, 91.0000, 0.0000, 0, 0, 0
L -305.0000, 86.0000, 0.0000, -310.0000, 78.0000, 0.0000, 0, 0, 0
L -310.0000, 78.0000, 0.0000, -319.0000, 83.0000, -1.0000, 0, 0, 0
L -319.0000, 83.0000, -1.0000, -314.0000, 92.0000, -1.0000, 0, 0, 0
L -314.0000, 92.0000, -1.0000, -305.0000, 86.0000, 0.0000, 0, 0, 0
L -324.0000, 87.0000, -1.0000, -332.0000, 92.0000, -1.0000, 0, 0, 0
L -332.0000, 92.0000, -1.0000, -327.0000, 100.0000, -2.0000, 0, 0, 0
L -327.0000, 100.0000, -2.0000, -319.0000, 95.0000, -1.0000, 0, 0, 0
L -319.0000, 95.0000, -1.0000, -324.0000, 87.0000, -1.0000, 0, 0, 0
L -337.0000, 130.0000, -5.0000, -348.0000, 152.0000, -7.0000, 0, 0, 0
L -348.0000, 152.0000, -7.0000, -338.0000, 157.0000, -6.0000, 0, 0, 0
L -338.0000, 157.0000, -6.0000, -327.0000, 139.0000, -5.0000, 0, 0, 0
L -327.0000, 139.0000, -5.0000, -322.0000, 146.0000, -5.0000, 0, 0, 0
L -322.0000, 146.0000, -5.0000, -313.0000, 139.0000, -5.0000, 0, 0, 0
L -313.0000, 139.0000, -5.0000, -319.0000, 131.0000, -4.0000, 0, 0, 0
L -319.0000, 131.0000, -4.0000, -324.0000, 134.0000, -5.0000, 0, 0, 0
L -324.0000, 134.0000, -5.0000, -327.0000, 129.0000, -4.0000, 0, 0, 0
L -327.0000, 129.0000, -4.0000, -329.0000, 119.0000, -4.0000, 0, 0, 0
L -329.0000, 119.0000, -4.0000, -338.0000, 120.0000, -4.0000, 0, 0, 0
L -338.0000, 120.0000, -4.0000, -337.0000, 130.0000, -5.0000, 0, 0, 0
L -715.0000, -197.0000, 8.0000, -707.0000, -177.0000, 4.0000, 0, 0, 0
L -707.0000, -177.0000, 4.0000, -700.0000, -179.0000, 2.0000, 0, 0, 0
L -700.0000, -179.0000, 2.0000, -709.0000, -200.0000, 7.0000, 0, 0, 0
L -709.0000, -200.0000, 7.0000, -715.0000, -197.0000, 8.0000, 0, 0, 0
L -657.0000, -179.0000, 1.0000, -638.0000, -177.0000, 0.0000, 0, 0, 0
L -638.0000, -177.0000, 0.0000, -637.0000, -181.0000, 0.0000, 0, 0, 0
L -637.0000, -181.0000, 0.0000, -657.0000, -183.0000, 1.0000, 0, 0, 0
L -635.0000, -156.0000, 0.0000, -634.0000, -148.0000, 0.0000, 0, 0, 0
L -634.0000, -148.0000, 0.0000, -608.0000, -149.0000, 0.0000, 0, 0, 0
L -608.0000, -149.0000, 0.0000, -608.0000, -159.0000, 0.0000, 0, 0, 0
L -608.0000, -159.0000, 0.0000, -635.0000, -156.0000, 0.0000, 0, 0, 0
L -598.0000, -165.0000, 0.0000, -592.0000, -153.0000, 1.0000, 0, 0, 0
L -592.0000, -153.0000, 1.0000, -581.0000, -158.0000, 0.0000, 0, 0, 0
L -581.0000, -158.0000, 0.0000, -587.0000, -170.0000, 1.0000, 0, 0, 0
L -587.0000, -170.0000, 1.0000, -598.0000, -165.0000, 0.0000, 0, 0, 0
L -537.0000, -197.0000, 8.0000, -518.0000, -207.0000, 4.0000, 0, 0, 0
L -518.0000, -207.0000, 4.0000, -529.0000, -227.0000, 9.0000, 0, 0, 0
L -529.0000, -227.0000, 9.0000, -548.0000, -216.0000, 7.0000, 0, 0, 0
L -548.0000, -216.0000, 7.0000, -537.0000, -197.0000, 8.0000, 0, 0, 0
L -496.0000, -298.0000, 15.0000, -489.0000, -298.0000, 14.0000, 0, 0, 0
L -489.0000, -298.0000, 14.0000, -489.0000, -306.0000, 14.0000, 0, 0, 0
L -489.0000, -306.0000, 14.0000, -497.0000, -306.0000, 16.0000, 0, 0, 0
L -497.0000, -306.0000, 16.0000, -496.0000, -298.0000, 15.0000, 0, 0, 0
L -434.0000, -290.0000, 4.0000, -432.0000, -277.0000, 3.0000, 0, 0, 0
L -432.0000, -277.0000, 3.0000, -419.0000, -280.0000, 2.0000, 0, 0, 0
L -419.0000, -280.0000, 2.0000, -421.0000, -292.0000, 2.0000, 0, 0, 0
L -421.0000, -292.0000, 2.0000, -434.0000, -290.0000, 4.0000, 0, 0, 0
L -470.0000, -200.0000, 3.0000, -475.0000, -189.0000, 5.0000, 0, 0, 0
L -475.0000, -189.0000, 5.0000, -464.0000, -183.0000, 6.0000, 0, 0, 0
L -464.0000, -183.0000, 6.0000, -459.0000, -195.0000, 3.0000, 0, 0, 0
L -459.0000, -195.0000, 3.0000, -470.0000, -200.0000, 3.0000, 0, 0, 0
L -502.0000, -177.0000, 11.0000, -500.0000, -169.0000, 12.0000, 0, 0, 0
L -500.0000, -169.0000, 12.0000, -493.0000, -171.0000, 11.0000, 0, 0, 0
L -493.0000, -171.0000, 11.0000, -495.0000, -179.0000, 10.0000, 0, 0, 0
L -495.0000, -179.0000, 10.0000, -503.0000, -176.0000, 11.0000, 0, 0, 0
L -446.0000, -97.0000, 35.0000, -457.0000, -81.0000, 37.0000, 0, 0, 0
L -457.0000, -81.0000, 37.0000, -452.0000, -77.0000, 35.0000, 0, 0, 0
L -452.0000, -77.0000, 35.0000, -440.0000, -91.0000, 34.0000, 0, 0, 0
L -440.0000, -91.0000, 34.0000, -446.0000, -97.0000, 35.0000, 0, 0, 0
L -325.0000, -227.0000, -1.0000, -307.0000, -229.0000, -1.0000, 0, 0, 0
L -307.0000, -229.0000, -1.0000, -309.0000, -246.0000, 0.0000, 0, 0, 0
L -309.0000, -246.0000, 0.0000, -327.0000, -244.0000, 0.0000, 0, 0, 0
L -327.0000, -244.0000, 0.0000, -325.0000, -227.0000, -1.0000, 0, 0, 0
L -280.0000, -282.0000, -1.0000, -260.0000, -290.0000, -1.0000, 0, 0, 0
L -260.0000, -290.0000, -1.0000, -262.0000, -297.0000, 0.0000, 0, 0, 0
L -262.0000, -297.0000, 0.0000, -282.0000, -288.0000, 0.0000, 0, 0, 0
L -282.0000, -288.0000, 0.0000, -280.0000, -282.0000, -1.0000, 0, 0, 0
L -247.0000, -287.0000, -1.0000, -250.0000, -285.0000, -1.0000, 0, 0, 0
L -250.0000, -285.0000, -1.0000, -235.0000, -271.0000, -3.0000, 0, 0, 0
L -235.0000, -271.0000, -3.0000, -232.0000, -274.0000, -3.0000, 0, 0, 0
L -232.0000, -274.0000, -3.0000, -247.0000, -287.0000, -1.0000, 0, 0, 0
L -288.0000, -221.0000, -5.0000, -291.0000, -215.0000, -4.0000, 0, 0, 0
L -291.0000, -215.0000, -4.0000, -284.0000, -211.0000, -6.0000, 0, 0, 0
L -284.0000, -211.0000, -6.0000, -280.0000, -218.0000, -7.0000, 0, 0, 0
L -280.0000, -218.0000, -7.0000, -288.0000, -221.0000, -5.0000, 0, 0, 0
L -381.0000, -118.0000, 11.0000, -384.0000, -110.0000, 14.0000, 0, 0, 0
L -384.0000, -110.0000, 14.0000, -361.0000, -100.0000, 8.0000, 0, 0, 0
L -361.0000, -100.0000, 8.0000, -358.0000, -109.0000, 6.0000, 0, 0, 0
L -358.0000, -109.0000, 6.0000, -381.0000, -118.0000, 11.0000, 0, 0, 0
L -316.0000, -119.0000, -1.0000, -310.0000, -114.0000, -2.0000, 0, 0, 0
L -310.0000, -114.0000, -2.0000, -305.0000, -121.0000, -3.0000, 0, 0, 0
L -305.0000, -121.0000, -3.0000, -312.0000, -125.0000, -2.0000, 0, 0, 0
L -312.0000, -125.0000, -2.0000, -316.0000, -119.0000, -1.0000, 0, 0, 0
L -245.0000, -180.0000, -18.0000, -238.0000, -178.0000, -19.0000, 0, 0, 0
L -238.0000, -178.0000, -19.0000, -237.0000, -186.0000, -18.0000, 0, 0, 0
L -210.0000, -211.0000, -18.0000, -205.0000, -213.0000, -18.0000, 0, 0, 0
L -205.0000, -213.0000, -18.0000, -216.0000, -228.0000, -13.0000, 0, 0, 0
L -216.0000, -228.0000, -13.0000, -219.0000, -225.0000, -14.0000, 0, 0, 0
L -219.0000, -225.0000, -14.0000, -210.0000, -211.0000, -18.0000, 0, 0, 0
L -160.0000, -266.0000, -1.0000, -141.0000, -266.0000, 1.0000, 0, 0, 0
L -141.0000, -266.0000, 1.0000, -141.0000, -271.0000, 1.0000, 0, 0, 0
L -141.0000, -271.0000, 1.0000, -160.0000, -271.0000, 0.0000, 0, 0, 0
L -160.0000, -271.0000, 0.0000, -160.0000, -266.0000, -1.0000, 0, 0, 0
L -84.0000, -328.0000, 11.0000, -88.0000, -328.0000, 11.0000, 0, 0, 0
L -84.0000, -328.0000, 11.0000, -87.0000, -338.0000, 10.0000, 0, 0, 0
L -87.0000, -338.0000, 10.0000, -88.0000, -328.0000, 11.0000, 0, 0, 0
L -90.0000, -391.0000, -1.0000, -74.0000, -396.0000, 0.0000, 0, 0, 0
L -74.0000, -396.0000, 0.0000, -75.0000, -401.0000, 0.0000, 0, 0, 0
L -75.0000, -401.0000, 0.0000, -92.0000, -397.0000, -2.0000, 0, 0, 0
L -92.0000, -397.0000, -2.0000, -90.0000, -391.0000, -1.0000, 0, 0, 0
L 11.0000, -167.0000, -12.0000, 6.0000, -171.0000, -14.0000, 0, 0, 0
L -27.0000, -361.0000, 12.0000, -9.0000, -369.0000, 12.0000, 0, 0, 0
L -9.0000, -369.0000, 12.0000, -11.0000, -373.0000, 11.0000, 0, 0, 0
L -11.0000, -373.0000, 11.0000, -28.0000, -365.0000, 12.0000, 0, 0, 0
L -16.0000, -307.0000, 11.0000, -7.0000, -297.0000, 7.0000, 0, 0, 0
L -7.0000, -297.0000, 7.0000, -2.0000, -301.0000, 8.0000, 0, 0, 0
L -2.0000, -301.0000, 8.0000, -13.0000, -310.0000, 11.0000, 0, 0, 0
L -13.0000, -310.0000, 11.0000, -16.0000, -307.0000, 11.0000, 0, 0, 0
L -65.0000, -262.0000, 3.0000, -82.0000, -248.0000, 2.0000, 0, 0, 0
L -82.0000, -248.0000, 2.0000, -69.0000, -231.0000, -2.0000, 0, 0, 0
L -69.0000, -231.0000, -2.0000, -51.0000, -245.0000, -1.0000, 0, 0, 0
L -51.0000, -245.0000, -1.0000, -65.0000, -262.0000, 3.0000, 0, 0, 0
L -308.0000, -69.0000, 0.0000, -311.0000, -61.0000, 2.0000, 0, 0, 0
L -311.0000, -61.0000, 2.0000, -304.0000, -58.0000, 1.0000, 0, 0, 0
L -304.0000, -58.0000, 1.0000, -301.0000, -66.0000, 0.0000, 0, 0, 0
L -301.0000, -66.0000, 0.0000, -308.0000, -69.0000, 0.0000, 0, 0, 0
L -155.0000, 205.0000, 9.0000, -156.0000, 213.0000, 10.0000, 0, 0, 0
L -156.0000, 213.0000, 10.0000, -137.0000, 215.0000, 16.0000, 0, 0, 0
L -137.0000, 215.0000, 16.0000, -138.0000, 208.0000, 16.0000, 0, 0, 0
L -138.0000, 208.0000, 16.0000, -155.0000, 205.0000, 9.0000, 0, 0, 0
L -215.0000, 60.0000, 4.0000, -212.0000, 54.0000, 4.0000, 0, 0, 0
L -212.0000, 54.0000, 4.0000, -229.0000, 45.0000, 2.0000, 0, 0, 0
L -229.0000, 45.0000, 2.0000, -231.0000, 50.0000, 2.0000, 0, 0, 0
L -231.0000, 50.0000, 2.0000, -215.0000, 60.0000, 4.0000, 0, 0, 0
L -240.0000, -12.0000, 0.0000, -232.0000, -14.0000, 0.0000, 0, 0, 0
L -232.0000, -14.0000, 0.0000, -234.0000, -22.0000, 0.0000, 0, 0, 0
L -234.0000, -22.0000, 0.0000, -242.0000, -19.0000, 0.0000, 0, 0, 0
L -242.0000, -19.0000, 0.0000, -240.0000, -12.0000, 0.0000, 0, 0, 0
L -214.0000, -40.0000, -3.0000, -208.0000, -45.0000, -4.0000, 0, 0, 0
L -208.0000, -45.0000, -4.0000, -213.0000, -51.0000, -4.0000, 0, 0, 0
L -213.0000, -51.0000, -4.0000, -219.0000, -47.0000, -3.0000, 0, 0, 0
L -219.0000, -47.0000, -3.0000, -214.0000, -40.0000, -3.0000, 0, 0, 0
L -188.0000, -79.0000, -11.0000, -180.0000, -77.0000, -10.0000, 0, 0, 0
L -180.0000, -77.0000, -10.0000, -178.0000, -84.0000, -12.0000, 0, 0, 0
L -178.0000, -84.0000, -12.0000, -185.0000, -86.0000, -13.0000, 0, 0, 0
L -185.0000, -86.0000, -13.0000, -188.0000, -79.0000, -11.0000, 0, 0, 0
L -146.0000, -146.0000, -17.0000, -108.0000, -146.0000, -9.0000, 0, 0, 0
L -108.0000, -146.0000, -9.0000, -109.0000, -153.0000, -10.0000, 0, 0, 0
L -109.0000, -153.0000, -10.0000, -145.0000, -154.0000, -18.0000, 0, 0, 0
L -145.0000, -154.0000, -18.0000, -146.0000, -146.0000, -18.0000, 0, 0, 0
L -99.0000, -162.0000, -9.0000, -90.0000, -163.0000, -9.0000, 0, 0, 0
L -90.0000, -163.0000, -9.0000, -90.0000, -188.0000, -7.0000, 0, 0, 0
L -90.0000, -188.0000, -7.0000, -99.0000, -188.0000, -7.0000, 0, 0, 0
L -99.0000, -188.0000, -7.0000, -99.0000, -162.0000, -9.0000, 0, 0, 0
L -122.0000, -56.0000, 0.0000, -74.0000, -96.0000, -2.0000, 0, 0, 0
L -74.0000, -96.0000, -2.0000, -69.0000, -90.0000, -1.0000, 0, 0, 0
L -69.0000, -90.0000, -1.0000, -118.0000, -53.0000, 5.0000, 0, 0, 0
L -118.0000, -53.0000, 5.0000, -122.0000, -56.0000, 0.0000, 0, 0, 0
L -65.0000, -56.0000, 0.0000, -59.0000, -50.0000, 1.0000, 0, 0, 0
L -59.0000, -50.0000, 1.0000, -48.0000, -64.0000, 0.0000, 0, 0, 0
L -48.0000, -64.0000, 0.0000, -54.0000, -68.0000, 0.0000, 0, 0, 0
L -54.0000, -68.0000, 0.0000, -65.0000, -56.0000, 0.0000, 0, 0, 0
L 11.0000, -167.0000, -12.0000, 49.0000, -217.0000, -12.0000, 0, 0, 0
L 49.0000, -217.0000, -12.0000, 42.0000, -221.0000, -12.0000, 0, 0, 0
L 42.0000, -221.0000, -12.0000, 6.0000, -172.0000, -14.0000, 0, 0, 0
L 21.0000, -49.0000, 0.0000, 28.0000, -46.0000, 0.0000, 0, 0, 0
L 28.0000, -46.0000, 0.0000, 25.0000, -15.0000, 1.0000, 0, 0, 0
L 25.0000, -15.0000, 1.0000, -6.0000, -16.0000, 0.0000, 0, 0, 0
L -6.0000, -16.0000, 0.0000, -15.0000, -18.0000, 0.0000, 0, 0, 0
L -15.0000, -18.0000, 0.0000, -15.0000, -9.0000, 1.0000, 0, 0, 0
L -15.0000, -9.0000, 1.0000, -7.0000, -10.0000, 0.0000, 0, 0, 0
L -7.0000, -10.0000, 0.0000, 12.0000, -9.0000, 0.0000, 0, 0, 0
L 12.0000, -9.0000, 0.0000, 24.0000, -7.0000, 1.0000, 0, 0, 0
L 24.0000, -7.0000, 1.0000, 31.0000, -6.0000, 2.0000, 0, 0, 0
L 31.0000, -6.0000, 2.0000, 31.0000, -15.0000, 1.0000, 0, 0, 0
L 31.0000, -15.0000, 1.0000, 33.0000, -36.0000, 1.0000, 0, 0, 0
L 33.0000, -36.0000, 1.0000, 34.0000, -46.0000, 0.0000, 0, 0, 0
L 34.0000, -46.0000, 0.0000, 35.0000, -54.0000, 0.0000, 0, 0, 0
L 35.0000, -54.0000, 0.0000, 27.0000, -54.0000, 0.0000, 0, 0, 0
L 27.0000, -54.0000, 0.0000, -2.0000, -57.0000, 0.0000, 0, 0, 0
L -2.0000, -57.0000, 0.0000, -12.0000, -58.0000, 0.0000, 0, 0, 0
L -12.0000, -58.0000, 0.0000, -12.0000, -50.0000, 0.0000, 0, 0, 0
L -12.0000, -50.0000, 0.0000, -4.0000, -51.0000, 0.0000, 0, 0, 0
L -4.0000, -51.0000, 0.0000, 21.0000, -49.0000, 0.0000, 0, 0, 0
L 0.0000, -39.0000, 0.0000, -1.0000, -26.0000, 0.0000, 0, 0, 0
L -1.0000, -26.0000, 0.0000, 19.0000, -25.0000, 1.0000, 0, 0, 0
L 19.0000, -25.0000, 1.0000, 20.0000, -38.0000, 1.0000, 0, 0, 0
L 20.0000, -38.0000, 1.0000, 0.0000, -39.0000, 0.0000, 0, 0, 0
L 49.0000, 52.0000, 4.0000, 42.0000, 60.0000, 4.0000, 0, 0, 0
L 42.0000, 60.0000, 4.0000, 47.0000, 65.0000, 4.0000, 0, 0, 0
L 47.0000, 65.0000, 4.0000, 54.0000, 57.0000, 5.0000, 0, 0, 0
L 54.0000, 57.0000, 5.0000, 49.0000, 52.0000, 4.0000, 0, 0, 0
L 48.0000, 68.0000, 4.0000, 43.0000, 70.0000, 3.0000, 0, 0, 0
L 43.0000, 70.0000, 3.0000, 45.0000, 76.0000, 3.0000, 0, 0, 0
L 45.0000, 76.0000, 3.0000, 50.0000, 74.0000, 3.0000, 0, 0, 0
L 50.0000, 74.0000, 3.0000, 48.0000, 68.0000, 4.0000, 0, 0, 0
L 59.0000, 83.0000, 5.0000, 64.0000, 84.0000, 5.0000, 0, 0, 0
L 64.0000, 84.0000, 5.0000, 68.0000, 75.0000, 7.0000, 0, 0, 0
L 68.0000, 75.0000, 7.0000, 63.0000, 73.0000, 6.0000, 0, 0, 0
L 63.0000, 73.0000, 6.0000, 59.0000, 83.0000, 5.0000, 0, 0, 0
L -7.0000, 72.0000, 12.0000, 0.0000, 62.0000, 7.0000, 0, 0, 0
L 0.0000, 62.0000, 7.0000, -3.0000, 59.0000, 9.0000, 0, 0, 0
L -3.0000, 59.0000, 9.0000, -11.0000, 69.0000, 14.0000, 0, 0, 0
L -11.0000, 69.0000, 14.0000, -7.0000, 72.0000, 12.0000, 0, 0, 0
L -19.0000, 137.0000, 11.0000, -34.0000, 138.0000, 15.0000, 0, 0, 0
L -34.0000, 138.0000, 15.0000, -34.0000, 144.0000, 14.0000, 0, 0, 0
L -34.0000, 144.0000, 14.0000, -19.0000, 142.0000, 10.0000, 0, 0, 0
L -19.0000, 142.0000, 10.0000, -19.0000, 137.0000, 11.0000, 0, 0, 0
L -17.0000, 337.0000, -5.0000, -10.0000, 340.0000, -6.0000, 0, 0, 0
L -10.0000, 340.0000, -6.0000, -3.0000, 320.0000, -7.0000, 0, 0, 0
L -3.0000, 320.0000, -7.0000, -9.0000, 317.0000, -5.0000, 0, 0, 0
L -9.0000, 317.0000, -5.0000, -17.0000, 337.0000, -5.0000, 0, 0, 0
L 93.0000, 326.0000, -5.0000, 99.0000, 327.0000, -3.0000, 0, 0, 0
L 99.0000, 327.0000, -3.0000, 100.0000, 304.0000, -7.0000, 0, 0, 0
L 100.0000, 304.0000, -7.0000, 92.0000, 304.0000, -9.0000, 0, 0, 0
L 92.0000, 304.0000, -9.0000, 93.0000, 326.0000, -5.0000, 0, 0, 0
L 35.0000, 258.0000, -11.0000, 37.0000, 253.0000, -10.0000, 0, 0, 0
L 37.0000, 253.0000, -10.0000, 4.0000, 233.0000, -1.0000, 0, 0, 0
L 4.0000, 233.0000, -1.0000, 1.0000, 240.0000, -1.0000, 0, 0, 0
L 1.0000, 240.0000, -1.0000, 35.0000, 258.0000, -11.0000, 0, 0, 0
L 77.0000, 176.0000, 0.0000, 65.0000, 147.0000, 0.0000, 0, 0, 0
L 65.0000, 147.0000, 0.0000, 61.0000, 140.0000, 0.0000, 0, 0, 0
L 61.0000, 140.0000, 0.0000, 69.0000, 137.0000, 1.0000, 0, 0, 0
L 69.0000, 137.0000, 1.0000, 71.0000, 145.0000, 1.0000, 0, 0, 0
L 71.0000, 145.0000, 1.0000, 82.0000, 174.0000, 0.0000, 0, 0, 0
L 82.0000, 174.0000, 0.0000, 86.0000, 181.0000, 0.0000, 0, 0, 0
L 86.0000, 181.0000, 0.0000, 77.0000, 184.0000, 0.0000, 0, 0, 0
L 77.0000, 184.0000, 0.0000, 48.0000, 195.0000, 0.0000, 0, 0, 0
L 48.0000, 195.0000, 0.0000, 41.0000, 199.0000, -1.0000, 0, 0, 0
L 41.0000, 199.0000, -1.0000, 38.0000, 191.0000, 0.0000, 0, 0, 0
L 38.0000, 191.0000, 0.0000, 27.0000, 162.0000, 2.0000, 0, 0, 0
L 27.0000, 162.0000, 2.0000, 24.0000, 154.0000, 2.0000, 0, 0, 0
L 24.0000, 154.0000, 2.0000, 31.0000, 151.0000, 1.0000, 0, 0, 0
L 31.0000, 151.0000, 1.0000, 33.0000, 159.0000, 1.0000, 0, 0, 0
L 33.0000, 159.0000, 1.0000, 44.0000, 189.0000, 0.0000, 0, 0, 0
L 44.0000, 189.0000, 0.0000, 77.0000, 176.0000, 0.0000, 0, 0, 0
L 64.0000, 176.0000, 0.0000, 57.0000, 156.0000, 0.0000, 0, 0, 0
L 57.0000, 156.0000, 0.0000, 45.0000, 160.0000, 0.0000, 0, 0, 0
L 45.0000, 160.0000, 0.0000, 53.0000, 180.0000, 0.0000, 0, 0, 0
L 53.0000, 180.0000, 0.0000, 64.0000, 176.0000, 0.0000, 0, 0, 0
L 482.0000, 94.0000, -32.0000, 483.0000, 126.0000, -32.0000, 0, 0, 0
L 483.0000, 126.0000, -32.0000, 485.0000, 133.0000, -32.0000, 0, 0, 0
L 485.0000, 133.0000, -32.0000, 477.0000, 135.0000, -31.0000, 0, 0, 0
L 477.0000, 135.0000, -31.0000, 477.0000, 126.0000, -31.0000, 0, 0, 0
L 477.0000, 126.0000, -31.0000, 476.0000, 94.0000, -33.0000, 0, 0, 0
L 476.0000, 94.0000, -33.0000, 476.0000, 85.0000, -32.0000, 0, 0, 0
L 476.0000, 85.0000, -32.0000, 484.0000, 87.0000, -34.0000, 0, 0, 0
L 484.0000, 87.0000, -34.0000, 515.0000, 86.0000, -33.0000, 0, 0, 0
L 515.0000, 86.0000, -33.0000, 524.0000, 85.0000, -32.0000, 0, 0, 0
L 524.0000, 85.0000, -32.0000, 523.0000, 93.0000, -33.0000, 0, 0, 0
L 523.0000, 93.0000, -33.0000, 523.0000, 125.0000, -31.0000, 0, 0, 0
L 523.0000, 125.0000, -31.0000, 524.0000, 133.0000, -30.0000, 0, 0, 0
L 524.0000, 133.0000, -30.0000, 517.0000, 133.0000, -32.0000, 0, 0, 0
L 517.0000, 133.0000, -32.0000, 518.0000, 125.0000, -32.0000, 0, 0, 0
L 518.0000, 125.0000, -32.0000, 517.0000, 94.0000, -34.0000, 0, 0, 0
L 517.0000, 94.0000, -34.0000, 482.0000, 94.0000, -34.0000, 0, 0, 0
L 493.0000, 98.0000, -34.0000, 494.0000, 120.0000, -34.0000, 0, 0, 0
L 494.0000, 120.0000, -34.0000, 507.0000, 120.0000, -34.0000, 0, 0, 0
L 507.0000, 120.0000, -34.0000, 506.0000, 99.0000, -36.0000, 0, 0, 0
L 506.0000, 99.0000, -36.0000, 494.0000, 99.0000, -36.0000, 0, 0, 0
L 140.0000, 247.0000, 0.0000, 132.0000, 238.0000, 0.0000, 0, 0, 0
L 132.0000, 238.0000, 0.0000, 121.0000, 247.0000, 0.0000, 0, 0, 0
L 121.0000, 247.0000, 0.0000, 132.0000, 256.0000, 0.0000, 0, 0, 0
L 132.0000, 256.0000, 0.0000, 140.0000, 247.0000, 0.0000, 0, 0, 0
L 199.0000, 173.0000, 1.0000, 207.0000, 170.0000, 2.0000, 0, 0, 0
L 207.0000, 170.0000, 2.0000, 203.0000, 163.0000, 2.0000, 0, 0, 0
L 203.0000, 163.0000, 2.0000, 196.0000, 166.0000, 1.0000, 0, 0, 0
L 196.0000, 166.0000, 1.0000, 199.0000, 173.0000, 1.0000, 0, 0, 0
L 245.0000, 192.0000, 4.0000, 244.0000, 198.0000, 6.0000, 0, 0, 0
L 244.0000, 198.0000, 6.0000, 252.0000, 201.0000, 7.0000, 0, 0, 0
L 252.0000, 201.0000, 7.0000, 253.0000, 192.0000, 5.0000, 0, 0, 0
L 253.0000, 192.0000, 5.0000, 245.0000, 192.0000, 4.0000, 0, 0, 0
L 331.0000, 225.0000, 16.0000, 309.0000, 276.0000, 29.0000, 0, 0, 0
L 309.0000, 276.0000, 30.0000, 314.0000, 279.0000, 30.0000, 0, 0, 0
L 314.0000, 279.0000, 30.0000, 337.0000, 227.0000, 16.0000, 0, 0, 0
L 337.0000, 227.0000, 16.0000, 331.0000, 225.0000, 16.0000, 0, 0, 0
L 399.0000, 280.0000, 16.0000, 406.0000, 282.0000, 17.0000, 0, 0, 0
L 406.0000, 282.0000, 17.0000, 408.0000, 275.0000, 16.0000, 0, 0, 0
L 408.0000, 275.0000, 16.0000, 402.0000, 272.0000, 14.0000, 0, 0, 0
L 402.0000, 272.0000, 14.0000, 399.0000, 280.0000, 16.0000, 0, 0, 0
L 423.0000, 225.0000, 7.0000, 440.0000, 232.0000, 11.0000, 0, 0, 0
L 440.0000, 232.0000, 11.0000, 445.0000, 227.0000, 8.0000, 0, 0, 0
L 445.0000, 227.0000, 8.0000, 426.0000, 218.0000, 6.0000, 0, 0, 0
L 426.0000, 218.0000, 6.0000, 423.0000, 225.0000, 7.0000, 0, 0, 0
L 457.0000, 268.0000, 21.0000, 454.0000, 271.0000, 21.0000, 0, 0, 0
L 454.0000, 271.0000, 21.0000, 463.0000, 279.0000, 24.0000, 0, 0, 0
L 463.0000, 279.0000, 24.0000, 467.0000, 275.0000, 24.0000, 0, 0, 0
L 467.0000, 275.0000, 24.0000, 457.0000, 268.0000, 21.0000, 0, 0, 0
L 471.0000, 298.0000, 27.0000, 466.0000, 297.0000, 26.0000, 0, 0, 0
L 466.0000, 297.0000, 26.0000, 466.0000, 309.0000, 25.0000, 0, 0, 0
L 466.0000, 309.0000, 25.0000, 471.0000, 309.0000, 26.0000, 0, 0, 0
L 471.0000, 309.0000, 26.0000, 471.0000, 298.0000, 27.0000, 0, 0, 0
L -657.0000, -183.0000, 1.0000, -657.0000, -179.0000, 1.0000, 0, 0, 0
L -665.0000, -6.0000, 0.0000, -665.0000, 13.0000, 0.0000, 0, 0, 0
L -665.0000, 13.0000, 0.0000, -665.0000, 106.0000, 0.0000, 0, 0, 0
L -665.0000, -24.0000, 0.0000, -665.0000, -6.0000, 0.0000, 0, 0, 0
L -665.0000, -24.0000, 0.0000, -683.0000, -24.0000, 0.0000, 0, 0, 0
L -743.0000, 395.0000, 0.0000, -684.0000, 395.0000, 0.0000, 0, 0, 0
L -684.0000, 395.0000, 0.0000, -684.0000, 372.0000, 0.0000, 0, 0, 0
L -665.0000, 281.0000, 0.0000, -665.0000, 409.0000, 0.0000, 0, 0, 0
L -766.0000, 372.0000, 0.0000, -684.0000, 372.0000, 0.0000, 0, 0, 0
L -684.0000, 372.0000, 0.0000, -684.0000, 283.0000, 0.0000, 0, 0, 0
L -686.0000, 409.0000, 0.0000, -684.0000, 395.0000, 0.0000, 0, 0, 0
L -684.0000, 409.0000, 0.0000, -664.0000, 409.0000, 0.0000, 0, 0, 0
L -664.0000, 474.0000, 0.0000, -664.0000, 409.0000, 0.0000, 0, 0, 0
L -436.0000, -767.0000, 203.0000, -372.0000, -767.0000, 203.0000, 102, 255, 102
L -436.0000, -842.0000, 203.0000, -436.0000, -767.0000, 203.0000, 102, 255, 102
L -372.0000, -842.0000, 203.0000, -436.0000, -842.0000, 203.0000, 102, 255, 102
L -344.0000, -741.0000, 203.0000, -464.0000, -741.0000, 203.0000, 102, 255, 102
L -464.0000, -865.0000, 203.0000, -464.0000, -741.0000, 203.0000, 102, 255, 102
L -263.0000, -917.0000, 0.0000, -251.0000, -917.0000, 0.0000, 150, 150, 150
L -251.0000, -917.0000, 0.0000, -251.0000, -961.0000, 0.0000, 150, 150, 150
L -269.0000, -828.0000, 0.0000, -269.0000, -819.0000, 0.0000, 150, 150, 150
L -263.0000, -786.0000, 0.0000, -263.0000, -788.0000, 0.0000, 150, 150, 150
L -532.0000, -547.0000, 0.0000, -568.0000, -547.0000, 0.0000, 0, 0, 0
L -568.0000, -547.0000, 0.0000, -568.0000, -511.0000, 0.0000, 0, 0, 0
L -568.0000, -511.0000, 0.0000, -532.0000, -511.0000, 0.0000, 0, 0, 0
L -532.0000, -547.0000, 0.0000, -532.0000, -512.0000, 0.0000, 0, 0, 0
L -532.0000, -512.0000, 0.0000, -532.0000, -511.0000, 0.0000, 0, 0, 0
L -627.0000, -1026.0000, 0.0000, -627.0000, -1061.0000, 0.0000, 0, 0, 0
L -627.0000, -1026.0000, 0.0000, -663.0000, -1026.0000, 0.0000, 0, 0, 0
L -207.0000, -1084.0000, 0.0000, -243.0000, -1084.0000, 0.0000, 0, 0, 0
L -207.0000, -1084.0000, 0.0000, -207.0000, -1049.0000, 0.0000, 0, 0, 0
L -243.0000, -1049.0000, 0.0000, -207.0000, -1049.0000, 0.0000, 0, 0, 0
L -183.0000, -693.0000, 0.0000, -183.0000, -728.0000, 0.0000, 0, 0, 0
L -183.0000, -728.0000, 0.0000, -148.0000, -728.0000, 0.0000, 0, 0, 0
L -148.0000, -728.0000, 0.0000, -148.0000, -693.0000, 0.0000, 0, 0, 0
L -126.0000, 72.0000, 39.0000, -70.0000, 71.0000, 39.0000, 0, 0, 0
L -68.0000, 14.0000, 39.0000, -126.0000, 14.0000, 39.0000, 0, 0, 0
L -126.0000, 14.0000, 39.0000, -126.0000, 72.0000, 39.0000, 0, 0, 0
L -70.0000, 71.0000, 39.0000, -68.0000, 14.0000, 39.0000, 0, 0, 0
L -217.0000, -125.0000, -20.0000, -212.0000, -136.0000, -20.0000, 0, 0, 0
L -212.0000, -136.0000, -20.0000, -223.0000, -142.0000, -20.0000, 0, 0, 0
L -223.0000, -142.0000, -20.0000, -229.0000, -132.0000, -20.0000, 0, 0, 0
L -229.0000, -132.0000, -20.0000, -217.0000, -125.0000, -20.0000, 0, 0, 0
L -359.0000, -226.0000, 0.0000, -366.0000, -227.0000, 0.0000, 0, 0, 0
L -366.0000, -227.0000, 0.0000, -367.0000, -205.0000, 0.0000, 0, 0, 0
L -360.0000, -204.0000, 0.0000, -359.0000, -226.0000, 0.0000, 0, 0, 0
L -367.0000, -205.0000, 0.0000, -360.0000, -204.0000, 0.0000, 0, 0, 0
L -292.0000, -265.0000, -2.0000, -284.0000, -264.0000, -2.0000, 0, 0, 0
L -284.0000, -264.0000, -2.0000, -284.0000, -272.0000, -2.0000, 0, 0, 0
L -284.0000, -272.0000, -2.0000, -292.0000, -272.0000, -2.0000, 0, 0, 0
L -292.0000, -272.0000, -2.0000, -292.0000, -265.0000, -2.0000, 0, 0, 0
L -164.0000, -166.0000, -19.0000, -164.0000, -188.0000, -19.0000, 0, 0, 0
L -164.0000, -188.0000, -19.0000, -172.0000, -188.0000, -19.0000, 0, 0, 0
L -164.0000, -166.0000, -19.0000, -171.0000, -166.0000, -19.0000, 0, 0, 0
L -171.0000, -166.0000, -19.0000, -172.0000, -166.0000, -19.0000, 0, 0, 0
L -172.0000, -188.0000, -19.0000, -172.0000, -167.0000, -19.0000, 0, 0, 0
L -172.0000, -167.0000, -19.0000, -172.0000, -166.0000, -19.0000, 0, 0, 0
L -237.0000, -186.0000, -18.0000, -244.0000, -186.0000, -18.0000, 0, 0, 0
L -244.0000, -186.0000, -18.0000, -245.0000, -180.0000, -18.0000, 0, 0, 0
L -28.0000, -365.0000, 12.0000, -27.0000, -361.0000, 12.0000, 0, 0, 0
L -1050.0000, 835.0000, 0.0000, -1041.0000, 808.0000, 0.0000, 150, 150, 150
L -1019.0000, 831.0000, 0.0000, -1050.0000, 835.0000, 0.0000, 150, 150, 150
L -1024.0000, 808.0000, 0.0000, -1019.0000, 831.0000, 0.0000, 150, 150, 150
L -1051.0000, 791.0000, 0.0000, -1051.0000, 801.0000, 0.0000, 199, 21, 133
L -1061.0000, 808.0000, 0.0000, -1061.0000, 785.0000, 0.0000, 150, 150, 150
L -1061.0000, 808.0000, 0.0000, -1041.0000, 808.0000, 0.0000, 150, 150, 150
L -1024.0000, 808.0000, 0.0000, -1006.0000, 808.0000, 0.0000, 150, 150, 150
L -1006.0000, 808.0000, 0.0000, -1006.0000, 785.0000, 0.0000, 150, 150, 150
L -1061.0000, 785.0000, 0.0000, -1006.0000, 785.0000, 0.0000, 150, 150, 150
L -1051.0000, 801.0000, 0.0000, -1015.0000, 801.0000, 0.0000, 199, 21, 133
L -1051.0000, 791.0000, 0.0000, -1015.0000, 791.0000, 0.0000, 199, 21, 133
L -1015.0000, 801.0000, 0.0000, -1015.0000, 791.0000, 0.0000, 199, 21, 133
L -938.0000, 1023.0000, 3.0000, -949.0000, 1005.0000, 3.0000, 0, 0, 0
L -949.0000, 1029.0000, 3.0000, -938.0000, 1023.0000, 3.0000, 0, 0, 0
L -980.0000, 1010.0000, 3.0000, -942.0000, 985.0000, 3.0000, 0, 0, 0
L -950.0000, 1045.0000, 3.0000, -956.0000, 1050.0000, 3.0000, 0, 0, 0
L -943.0000, 995.0000, 3.0000, -970.0000, 1012.0000, 3.0000, 0, 0, 0
L -949.0000, 1005.0000, 3.0000, -959.0000, 1011.0000, 3.0000, 0, 0, 0
L -959.0000, 1011.0000, 3.0000, -949.0000, 1029.0000, 3.0000, 0, 0, 0
L -950.0000, 1045.0000, 3.0000, -970.0000, 1012.0000, 3.0000, 0, 0, 0
L -943.0000, 995.0000, 3.0000, -921.0000, 1027.0000, 3.0000, 0, 0, 0
L -980.0000, 1010.0000, 3.0000, -956.0000, 1050.0000, 3.0000, 0, 0, 0
L -942.0000, 985.0000, 3.0000, -916.0000, 1024.0000, 3.0000, 0, 0, 0
L -916.0000, 1024.0000, 3.0000, -921.0000, 1027.0000, 3.0000, 0, 0, 0
L -372.0000, -767.0000, 203.0000, -372.0000, -796.0000, 203.0000, 102, 255, 102
L -367.0000, -812.0000, 203.0000, -372.0000, -812.0000, 203.0000, 102, 255, 102
L -372.0000, -812.0000, 203.0000, -372.0000, -842.0000, 203.0000, 102, 255, 102
L -367.0000, -796.0000, 203.0000, -372.0000, -796.0000, 203.0000, 102, 255, 102
L -331.0000, -889.0000, 106.0000, -309.0000, -889.0000, 106.0000, 0, 204, 204
L -391.0000, -768.0000, 106.0000, -372.0000, -767.0000, 106.0000, 0, 204, 204
L -278.0000, -676.0000, 106.0000, -278.0000, -788.0000, 106.0000, 0, 204, 204
L -321.0000, -872.0000, 106.0000, -321.0000, -848.0000, 106.0000, 0, 204, 204
L -331.0000, -789.0000, 106.0000, -312.0000, -760.0000, 106.0000, 0, 204, 204
L -410.0000, -768.0000, 106.0000, -409.0000, -792.0000, 106.0000, 0, 204, 204
L -399.0000, -848.0000, 106.0000, -422.0000, -848.0000, 106.0000, 0, 204, 204
L -348.0000, -780.0000, 106.0000, -349.0000, -811.0000, 106.0000, 0, 204, 204
L -428.0000, -731.0000, 106.0000, -428.0000, -768.0000, 106.0000, 0, 204, 204
L -358.0000, -758.0000, 106.0000, -329.0000, -759.0000, 106.0000, 0, 204, 204
L -399.0000, -882.0000, 106.0000, -408.0000, -882.0000, 106.0000, 0, 204, 204
L -409.0000, -792.0000, 106.0000, -450.0000, -792.0000, 106.0000, 0, 204, 204
L -479.0000, -789.0000, 106.0000, -479.0000, -811.0000, 106.0000, 0, 204, 204
L -452.0000, -702.0000, 106.0000, -508.0000, -702.0000, 106.0000, 0, 204, 204
L -482.0000, -908.0000, 106.0000, -482.0000, -861.0000, 106.0000, 0, 204, 204
L -309.0000, -811.0000, 106.0000, -331.0000, -811.0000, 106.0000, 0, 204, 204
L -348.0000, -872.0000, 106.0000, -348.0000, -848.0000, 106.0000, 0, 204, 204
L -518.0000, -788.0000, 106.0000, -479.0000, -789.0000, 106.0000, 0, 204, 204
L -312.0000, -722.0000, 106.0000, -358.0000, -722.0000, 106.0000, 0, 204, 204
L -331.0000, -889.0000, 106.0000, -331.0000, -918.0000, 106.0000, 0, 204, 204
L -533.0000, -932.0000, 106.0000, -278.0000, -931.0000, 106.0000, 0, 204, 204
L -407.0000, -722.0000, 106.0000, -428.0000, -731.0000, 106.0000, 0, 204, 204
L -358.0000, -722.0000, 106.0000, -358.0000, -758.0000, 106.0000, 0, 204, 204
L -508.0000, -740.0000, 106.0000, -518.0000, -750.0000, 106.0000, 0, 204, 204
L -419.0000, -809.0000, 106.0000, -419.0000, -831.0000, 106.0000, 0, 204, 204
L -348.0000, -848.0000, 106.0000, -380.0000, -848.0000, 106.0000, 0, 204, 204
L -372.0000, -722.0000, 106.0000, -407.0000, -722.0000, 106.0000, 0, 204, 204
L -349.0000, -811.0000, 106.0000, -391.0000, -811.0000, 106.0000, 0, 204, 204
L -419.0000, -831.0000, 106.0000, -438.0000, -832.0000, 106.0000, 0, 204, 204
L -329.0000, -759.0000, 106.0000, -348.0000, -780.0000, 106.0000, 0, 204, 204
L -348.0000, -872.0000, 106.0000, -358.0000, -872.0000, 106.0000, 0, 204, 204
L -372.0000, -882.0000, 106.0000, -380.0000, -882.0000, 106.0000, 0, 204, 204
L -399.0000, -848.0000, 106.0000, -399.0000, -882.0000, 106.0000, 0, 204, 204
L -278.0000, -908.0000, 106.0000, -309.0000, -908.0000, 106.0000, 0, 204, 204
L -292.0000, -889.0000, 106.0000, -278.0000, -889.0000, 106.0000, 0, 204, 204
L -358.0000, -918.0000, 106.0000, -331.0000, -918.0000, 106.0000, 0, 204, 204
L -441.0000, -918.0000, 106.0000, -422.0000, -899.0000, 106.0000, 0, 204, 204
L -292.0000, -848.0000, 106.0000, -321.0000, -848.0000, 106.0000, 0, 204, 204
L -312.0000, -760.0000, 106.0000, -312.0000, -722.0000, 106.0000, 0, 204, 204
L -309.0000, -889.0000, 106.0000, -309.0000, -908.0000, 106.0000, 0, 204, 204
L -331.0000, -811.0000, 106.0000, -331.0000, -789.0000, 106.0000, 0, 204, 204
L -278.0000, -908.0000, 106.0000, -278.0000, -931.0000, 106.0000, 0, 204, 204
L -479.0000, -811.0000, 106.0000, -518.0000, -812.0000, 106.0000, 0, 204, 204
L -292.0000, -872.0000, 106.0000, -321.0000, -872.0000, 106.0000, 0, 204, 204
L -508.0000, -702.0000, 106.0000, -508.0000, -740.0000, 106.0000, 0, 204, 204
L -468.0000, -862.0000, 106.0000, -468.0000, -918.0000, 106.0000, 0, 204, 204
L -278.0000, -676.0000, 106.0000, -533.0000, -676.0000, 106.0000, 0, 204, 204
L -408.0000, -918.0000, 106.0000, -372.0000, -918.0000, 106.0000, 0, 204, 204
L -358.0000, -872.0000, 106.0000, -358.0000, -918.0000, 106.0000, 0, 204, 204
L -292.0000, -889.0000, 106.0000, -292.0000, -872.0000, 106.0000, 0, 204, 204
L -422.0000, -899.0000, 106.0000, -422.0000, -848.0000, 106.0000, 0, 204, 204
L -438.0000, -832.0000, 106.0000, -439.0000, -861.0000, 106.0000, 0, 204, 204
L -408.0000, -882.0000, 106.0000, -408.0000, -918.0000, 106.0000, 0, 204, 204
L -308.0000, -782.0000, 106.0000, -309.0000, -811.0000, 106.0000, 0, 204, 204
L -451.0000, -809.0000, 106.0000, -419.0000, -809.0000, 106.0000, 0, 204, 204
L -518.0000, -750.0000, 106.0000, -518.0000, -788.0000, 106.0000, 0, 204, 204
L -428.0000, -768.0000, 106.0000, -410.0000, -768.0000, 106.0000, 0, 204, 204
L -391.0000, -811.0000, 106.0000, -391.0000, -768.0000, 106.0000, 0, 204, 204
L -468.0000, -918.0000, 106.0000, -441.0000, -918.0000, 106.0000, 0, 204, 204
L -380.0000, -882.0000, 106.0000, -380.0000, -848.0000, 106.0000, 0, 204, 204
L -372.0000, -767.0000, 106.0000, -372.0000, -722.0000, 106.0000, 0, 204, 204
L -533.0000, -676.0000, 106.0000, -533.0000, -932.0000, 106.0000, 0, 204, 204
L -482.0000, -861.0000, 106.0000, -451.0000, -809.0000, 106.0000, 0, 204, 204
L -372.0000, -918.0000, 106.0000, -372.0000, -882.0000, 106.0000, 0, 204, 204
L -518.0000, -908.0000, 106.0000, -482.0000, -908.0000, 106.0000, 0, 204, 204
L -292.0000, -848.0000, 106.0000, -292.0000, -782.0000, 106.0000, 0, 204, 204
L -439.0000, -861.0000, 106.0000, -468.0000, -862.0000, 106.0000, 0, 204, 204
L -518.0000, -812.0000, 106.0000, -518.0000, -908.0000, 106.0000, 0, 204, 204
L -292.0000, -782.0000, 106.0000, -308.0000, -782.0000, 106.0000, 0, 204, 204
L -450.0000, -792.0000, 106.0000, -452.0000, -702.0000, 106.0000, 0, 204, 204
L -490.0000, -722.0000, 138.0000, -499.0000, -722.0000, 138.0000, 0, 204, 0
L -491.0000, -738.0000, 138.0000, -499.0000, -738.0000, 138.0000, 0, 204, 0
L -499.0000, -722.0000, 138.0000, -499.0000, -710.0000, 138.0000, 0, 204, 0
L -449.0000, -818.0000, 138.0000, -488.0000, -818.0000, 138.0000, 0, 204, 0
L -488.0000, -854.0000, 138.0000, -471.0000, -854.0000, 138.0000, 0, 204, 0
L -448.0000, -870.0000, 138.0000, -449.0000, -818.0000, 138.0000, 0, 204, 0
L -488.0000, -818.0000, 138.0000, -488.0000, -772.0000, 138.0000, 0, 204, 0
L -431.0000, -779.0000, 138.0000, -432.0000, -870.0000, 138.0000, 0, 204, 0
L -408.0000, -858.0000, 138.0000, -409.0000, -779.0000, 138.0000, 0, 204, 0
L -322.0000, -722.0000, 138.0000, -322.0000, -846.0000, 138.0000, 0, 204, 0
L -332.0000, -888.0000, 138.0000, -488.0000, -888.0000, 138.0000, 0, 204, 0
L -488.0000, -888.0000, 138.0000, -488.0000, -854.0000, 138.0000, 0, 204, 0
L -490.0000, -722.0000, 138.0000, -451.0000, -732.0000, 138.0000, 0, 204, 0
L -471.0000, -870.0000, 138.0000, -471.0000, -854.0000, 138.0000, 0, 204, 0
L -458.0000, -750.0000, 138.0000, -491.0000, -738.0000, 138.0000, 0, 204, 0
L -322.0000, -846.0000, 138.0000, -331.0000, -858.0000, 138.0000, 0, 204, 0
L -419.0000, -761.0000, 138.0000, -418.0000, -722.0000, 138.0000, 0, 204, 0
L -441.0000, -761.0000, 138.0000, -419.0000, -761.0000, 138.0000, 0, 204, 0
L -458.0000, -771.0000, 138.0000, -458.0000, -750.0000, 138.0000, 0, 204, 0
L -471.0000, -870.0000, 138.0000, -448.0000, -870.0000, 138.0000, 0, 204, 0
L -451.0000, -732.0000, 138.0000, -441.0000, -761.0000, 138.0000, 0, 204, 0
L -331.0000, -858.0000, 138.0000, -408.0000, -858.0000, 138.0000, 0, 204, 0
L -488.0000, -772.0000, 138.0000, -458.0000, -771.0000, 138.0000, 0, 204, 0
L -418.0000, -722.0000, 138.0000, -322.0000, -722.0000, 138.0000, 0, 204, 0
L -409.0000, -779.0000, 138.0000, -431.0000, -779.0000, 138.0000, 0, 204, 0
L -332.0000, -888.0000, 138.0000, -332.0000, -870.0000, 138.0000, 0, 204, 0
L -432.0000, -870.0000, 138.0000, -332.0000, -870.0000, 138.0000, 0, 204, 0
L -499.0000, -710.0000, 138.0000, -311.0000, -710.0000, 138.0000, 0, 204, 0
L -314.0000, -898.0000, 138.0000, -500.0000, -896.0000, 138.0000, 0, 204, 0
L -311.0000, -710.0000, 138.0000, -312.0000, -787.0000, 138.0000, 0, 204, 0
L -500.0000, -896.0000, 138.0000, -499.0000, -738.0000, 138.0000, 0, 204, 0
L -268.0000, -818.0000, 0.0000, -269.0000, -819.0000, 0.0000, 150, 150, 150
L -237.0000, -818.0000, 0.0000, -268.0000, -818.0000, 0.0000, 150, 150, 150
L -263.0000, -788.0000, 0.0000, -268.0000, -818.0000, 0.0000, 150, 150, 150
L -237.0000, -788.0000, 0.0000, -263.0000, -788.0000, 0.0000, 150, 150, 150
L -344.0000, -818.0000, 203.0000, -344.0000, -865.0000, 203.0000, 102, 255, 102
L -344.0000, -788.0000, 203.0000, -344.0000, -818.0000, 203.0000, 102, 255, 102
L -278.0000, -818.0000, 106.0000, -278.0000, -889.0000, 106.0000, 0, 204, 204
L -278.0000, -788.0000, 106.0000, -278.0000, -818.0000, 106.0000, 0, 204, 204
L -312.0000, -817.0000, 138.0000, -314.0000, -898.0000, 138.0000, 0, 204, 0
L -312.0000, -787.0000, 138.0000, -312.0000, -817.0000, 138.0000, 0, 204, 0
L -237.0000, -788.0000, 0.0000, -237.0000, -818.0000, 0.0000, 150, 150, 150
L -237.0000, -788.0000, 0.0000, -242.0000, -788.0000, 13.0000, 150, 150, 150
L -278.0000, -818.0000, 106.0000, -272.0000, -818.0000, 92.0000, 150, 150, 150
L -278.0000, -788.0000, 106.0000, -295.0000, -787.0000, 122.0000, 150, 150, 150
L -278.0000, -818.0000, 106.0000, -286.0000, -818.0000, 114.0000, 150, 150, 150
L -312.0000, -817.0000, 138.0000, -316.0000, -817.0000, 146.0000, 150, 150, 150
L -344.0000, -788.0000, 203.0000, -340.0000, -788.0000, 194.0000, 150, 150, 150
L -257.0000, -788.0000, 53.0000, -262.0000, -788.0000, 66.0000, 150, 150, 150
L -257.0000, -818.0000, 53.0000, -252.0000, -818.0000, 39.0000, 150, 150, 150
L -257.0000, -788.0000, 53.0000, -257.0000, -818.0000, 53.0000, 150, 150, 150
L -267.0000, -788.0000, 79.0000, -272.0000, -788.0000, 92.0000, 150, 150, 150
L -267.0000, -818.0000, 79.0000, -262.0000, -818.0000, 66.0000, 150, 150, 150
L -267.0000, -788.0000, 79.0000, -267.0000, -818.0000, 79.0000, 150, 150, 150
L -247.0000, -818.0000, 26.0000, -242.0000, -818.0000, 13.0000, 150, 150, 150
L -247.0000, -788.0000, 26.0000, -252.0000, -788.0000, 39.0000, 150, 150, 150
L -247.0000, -818.0000, 26.0000, -247.0000, -788.0000, 26.0000, 150, 150, 150
L -252.0000, -818.0000, 39.0000, -247.0000, -818.0000, 26.0000, 150, 150, 150
L -252.0000, -788.0000, 39.0000, -257.0000, -788.0000, 53.0000, 150, 150, 150
L -252.0000, -818.0000, 39.0000, -252.0000, -788.0000, 39.0000, 150, 150, 150
L -242.0000, -818.0000, 13.0000, -237.0000, -818.0000, 0.0000, 150, 150, 150
L -242.0000, -788.0000, 13.0000, -247.0000, -788.0000, 26.0000, 150, 150, 150
L -242.0000, -818.0000, 13.0000, -242.0000, -788.0000, 13.0000, 150, 150, 150
L -262.0000, -818.0000, 66.0000, -257.0000, -818.0000, 53.0000, 150, 150, 150
L -262.0000, -788.0000, 66.0000, -267.0000, -788.0000, 79.0000, 150, 150, 150
L -262.0000, -818.0000, 66.0000, -262.0000, -788.0000, 66.0000, 150, 150, 150
L -272.0000, -818.0000, 92.0000, -267.0000, -818.0000, 79.0000, 150, 150, 150
L -272.0000, -788.0000, 92.0000, -278.0000, -788.0000, 106.0000, 150, 150, 150
L -272.0000, -818.0000, 92.0000, -272.0000, -788.0000, 92.0000, 150, 150, 150
L -295.0000, -817.0000, 122.0000, -304.0000, -817.0000, 130.0000, 150, 150, 150
L -295.0000, -787.0000, 122.0000, -303.0000, -787.0000, 130.0000, 150, 150, 150
L -295.0000, -817.0000, 122.0000, -295.0000, -787.0000, 122.0000, 150, 150, 150
L -286.0000, -818.0000, 114.0000, -295.0000, -817.0000, 122.0000, 150, 150, 150
L -286.0000, -818.0000, 114.0000, -286.0000, -787.0000, 114.0000, 150, 150, 150
L -303.0000, -787.0000, 130.0000, -312.0000, -787.0000, 138.0000, 150, 150, 150
L -304.0000, -817.0000, 130.0000, -312.0000, -817.0000, 138.0000, 150, 150, 150
L -303.0000, -787.0000, 130.0000, -304.0000, -817.0000, 130.0000, 150, 150, 150
L -328.0000, -817.0000, 170.0000, -332.0000, -817.0000, 178.0000, 150, 150, 150
L -328.0000, -787.0000, 170.0000, -324.0000, -787.0000, 162.0000, 150, 150, 150
L -328.0000, -817.0000, 170.0000, -328.0000, -787.0000, 170.0000, 150, 150, 150
L -320.0000, -817.0000, 154.0000, -324.0000, -817.0000, 162.0000, 150, 150, 150
L -320.0000, -787.0000, 154.0000, -316.0000, -787.0000, 146.0000, 150, 150, 150
L -320.0000, -817.0000, 154.0000, -320.0000, -787.0000, 154.0000, 150, 150, 150
L -336.0000, -818.0000, 186.0000, -340.0000, -818.0000, 194.0000, 150, 150, 150
L -336.0000, -788.0000, 186.0000, -332.0000, -788.0000, 178.0000, 150, 150, 150
L -336.0000, -818.0000, 186.0000, -336.0000, -788.0000, 186.0000, 150, 150, 150
L -332.0000, -817.0000, 178.0000, -336.0000, -818.0000, 186.0000, 150, 150, 150
L -332.0000, -788.0000, 178.0000, -328.0000, -787.0000, 170.0000, 150, 150, 150
L -332.0000, -817.0000, 178.0000, -332.0000, -788.0000, 178.0000, 150, 150, 150
L -324.0000, -817.0000, 162.0000, -328.0000, -817.0000, 170.0000, 150, 150, 150
L -324.0000, -787.0000, 162.0000, -320.0000, -787.0000, 154.0000, 150, 150, 150
L -324.0000, -817.0000, 162.0000, -324.0000, -787.0000, 162.0000, 150, 150, 150
L -316.0000, -817.0000, 146.0000, -320.0000, -817.0000, 154.0000, 150, 150, 150
L -316.0000, -787.0000, 146.0000, -312.0000, -787.0000, 138.0000, 150, 150, 150
L -316.0000, -817.0000, 146.0000, -316.0000, -787.0000, 146.0000, 150, 150, 150
L -340.0000, -818.0000, 194.0000, -344.0000, -818.0000, 203.0000, 150, 150, 150
L -340.0000, -788.0000, 194.0000, -336.0000, -788.0000, 186.0000, 150, 150, 150
L -340.0000, -818.0000, 194.0000, -340.0000, -788.0000, 194.0000, 150, 150, 150
