L 541.0000, -741.0000, 0.0000, 541.0000, -750.0000, 0.0000, 255, 255, 0
L 535.0000, -741.0000, 0.0000, 541.0000, -741.0000, 0.0000, 255, 255, 0
L 530.0000, -753.0000, 0.0000, 526.0000, -753.0000, 0.0000, 0, 0, 0
L 545.0000, -757.0000, 0.0000, 530.0000, -757.0000, 0.0000, 0, 0, 0
L 545.0000, -751.0000, 0.0000, 545.0000, -757.0000, 0.0000, 0, 0, 0
L 609.0000, -751.0000, 0.0000, 545.0000, -751.0000, 0.0000, 0, 0, 0
L 609.0000, -765.0000, 0.0000, 609.0000, -754.0000, 0.0000, 0, 0, 0
L 573.0000, -765.0000, 0.0000, 609.0000, -765.0000, 0.0000, 0, 0, 0
L 573.0000, -801.0000, 0.0000, 573.0000, -765.0000, 0.0000, 0, 0, 0
L 621.0000, -801.0000, 0.0000, 573.0000, -801.0000, 0.0000, 0, 0, 0
L 621.0000, -751.0000, 0.0000, 621.0000, -754.0000, 0.0000, 0, 0, 0
L 636.0000, -775.0000, 0.0000, 636.0000, -751.0000, 0.0000, 0, 0, 0
L 683.0000, -775.0000, 0.0000, 636.0000, -775.0000, 0.0000, 0, 0, 0
L 683.0000, -716.0000, 0.0000, 683.0000, -775.0000, 0.0000, 0, 0, 0
L 636.0000, -716.0000, 0.0000, 683.0000, -716.0000, 0.0000, 0, 0, 0
L 636.0000, -739.0000, 0.0000, 636.0000, -716.0000, 0.0000, 0, 0, 0
L 609.0000, -739.0000, 0.0000, 636.0000, -739.0000, 0.0000, 0, 0, 0
L 609.0000, -725.0000, 0.0000, 609.0000, -736.0000, 0.0000, 0, 0, 0
L 621.0000, -725.0000, 0.0000, 609.0000, -725.0000, 0.0000, 0, 0, 0
L 621.0000, -737.0000, 0.0000, 621.0000, -725.0000, 0.0000, 0, 0, 0
L 633.0000, -737.0000, 0.0000, 621.0000, -737.0000, 0.0000, 0, 0, 0
L 633.0000, -701.0000, 0.0000, 633.0000, -737.0000, 0.0000, 0, 0, 0
L 598.0000, -701.0000, 0.0000, 633.0000, -701.0000, 0.0000, 0, 0, 0
L 585.0000, -703.0000, 0.0000, 585.0000, -739.0000, 0.0000, 0, 0, 0
L 591.0000, -683.0000, 0.0000, 591.0000, -699.0000, 0.0000, 0, 0, 0
L 587.0000, -683.0000, 0.0000, 591.0000, -683.0000, 0.0000, 0, 0, 0
L 591.0000, -679.0000, 0.0000, 587.0000, -679.0000, 0.0000, 0, 0, 0
L 591.0000, -632.0000, 0.0000, 591.0000, -679.0000, 0.0000, 0, 0, 0
L 585.0000, -632.0000, 0.0000, 591.0000, -632.0000, 0.0000, 0, 0, 0
L 602.0000, -643.0000, 0.0000, 601.0000, -629.0000, 0.0000, 0, 0, 0
L 615.0000, -643.0000, 0.0000, 602.0000, -643.0000, 0.0000, 0, 0, 0
L 616.0000, -656.0000, 0.0000, 615.0000, -643.0000, 0.0000, 0, 0, 0
L 629.0000, -643.0000, 0.0000, 616.0000, -656.0000, 0.0000, 0, 0, 0
L 629.0000, -615.0000, 0.0000, 629.0000, -643.0000, 0.0000, 0, 0, 0
L 601.0000, -601.0000, 0.0000, 615.0000, -573.0000, -7.0000, 0, 0, 0
L 629.0000, -615.0000, 0.0000, 601.0000, -601.0000, 0.0000, 0, 0, 0
L 909.0000, -549.0000, 0.0000, 909.0000, -558.0000, 0.0000, 255, 255, 0
L 915.0000, -549.0000, 0.0000, 909.0000, -549.0000, 0.0000, 255, 255, 0
L 915.0000, -558.0000, 0.0000, 915.0000, -549.0000, 0.0000, 255, 255, 0
L 909.0000, -558.0000, 0.0000, 915.0000, -558.0000, 0.0000, 255, 255, 0
L 901.0000, -569.0000, 0.0000, 923.0000, -569.0000, 0.0000, 0, 0, 0
L 927.0000, -581.0000, 0.0000, 905.0000, -581.0000, 0.0000, 0, 0, 0
L 927.0000, -523.0000, 0.0000, 927.0000, -581.0000, 0.0000, 0, 0, 0
L 889.0000, -499.0000, 0.0000, 889.0000, -606.0000, 0.0000, 0, 0, 0
L 841.0000, -499.0000, 0.0000, 889.0000, -499.0000, 0.0000, 0, 0, 0
L 841.0000, -514.0000, 0.0000, 841.0000, -511.2999, 0.0000, 0, 0, 0
L 728.0000, -545.0000, -3.0000, 713.0000, -489.0000, -8.0000, 0, 0, 0
L 741.0000, -587.0000, 0.0000, 728.0000, -545.0000, -3.0000, 0, 0, 0
L 769.0000, -587.0000, 0.0000, 741.0000, -587.0000, 0.0000, 0, 0, 0
L 782.0000, -574.0000, 10.0000, 769.0000, -587.0000, 0.0000, 0, 0, 0
L 769.0000, -573.0000, 0.0000, 782.0000, -574.0000, 10.0000, 0, 0, 0
L 755.0000, -559.0000, 0.0000, 769.0000, -573.0000, 0.0000, 0, 0, 0
L 767.0000, -559.0000, 0.0000, 755.0000, -559.0000, 0.0000, 0, 0, 0
L 939.0000, -488.0000, 0.0000, 939.0000, -617.0000, 0.0000, 0, 0, 0
L 773.0000, -542.0000, 0.0000, 796.0000, -542.0000, 0.0000, 0, 0, 0
L 755.0000, -546.0000, 0.0000, 767.0000, -546.0000, 0.0000, 0, 0, 0
L 769.0000, -531.0000, 0.0000, 755.0000, -546.0000, 0.0000, 0, 0, 0
L 782.0000, -531.0000, 10.0000, 769.0000, -531.0000, 0.0000, 0, 0, 0
L 769.0000, -518.0000, 0.0000, 782.0000, -531.0000, 10.0000, 0, 0, 0
L 741.0000, -504.0000, 0.0000, 769.0000, -518.0000, 0.0000, 0, 0, 0
L 727.0000, -476.0000, -3.0000, 741.0000, -504.0000, 0.0000, 0, 0, 0
L 713.0000, -475.0000, -7.0000, 727.0000, -476.0000, -3.0000, 0, 0, 0
L 587.0000, -407.0000, 14.0000, 595.0000, -407.0000, 14.0000, 0, 0, 0
L 587.0000, -399.0000, 14.0000, 587.0000, -407.0000, 14.0000, 0, 0, 0
L 595.0000, -399.0000, 14.0000, 587.0000, -399.0000, 14.0000, 0, 0, 0
L 595.0000, -407.0000, 14.0000, 595.0000, -399.0000, 14.0000, 0, 0, 0
L 608.0000, -399.0000, 14.0000, 608.0000, -407.0000, 14.0000, 0, 0, 0
L 616.0000, -399.0000, 14.0000, 608.0000, -399.0000, 14.0000, 0, 0, 0
L 616.0000, -407.0000, 14.0000, 616.0000, -399.0000, 14.0000, 0, 0, 0
L 608.0000, -407.0000, 14.0000, 616.0000, -407.0000, 14.0000, 0, 0, 0
L 593.0000, -431.0000, 27.0000, 593.0000, -440.0000, 27.0000, 255, 255, 0
L 587.0000, -431.0000, 27.0000, 593.0000, -431.0000, 27.0000, 255, 255, 0
L 587.0000, -440.0000, 27.0000, 587.0000, -431.0000, 27.0000, 255, 255, 0
L 593.0000, -440.0000, 27.0000, 587.0000, -440.0000, 27.0000, 255, 255, 0
L 597.0000, -449.0000, 27.0000, 606.0000, -449.0000, 27.0000, 255, 255, 0
L 597.0000, -456.0000, 27.0000, 597.0000, -449.0000, 27.0000, 255, 255, 0
L 606.0000, -456.0000, 27.0000, 597.0000, -456.0000, 27.0000, 255, 255, 0
L 606.0000, -449.0000, 27.0000, 606.0000, -456.0000, 27.0000, 255, 255, 0
L 609.0000, -440.0000, 27.0000, 609.0000, -431.0000, 27.0000, 255, 255, 0
L 616.0000, -440.0000, 27.0000, 609.0000, -440.0000, 27.0000, 255, 255, 0
L 616.0000, -431.0000, 27.0000, 616.0000, -440.0000, 27.0000, 255, 255, 0
L 609.0000, -431.0000, 27.0000, 616.0000, -431.0000, 27.0000, 255, 255, 0
L 627.0000, -425.0000, 28.0000, 627.0000, -427.0000, 26.0000, 0, 204, 0
L 627.0000, -421.0000, 28.0000, 627.0000, -425.0000, 28.0000, 0, 204, 0
L 623.0000, -421.0000, 28.0000, 627.0000, -421.0000, 28.0000, 0, 204, 0
L 623.0000, -447.0000, 28.0000, 623.0000, -421.0000, 28.0000, 0, 204, 0
L 615.0000, -463.0000, 28.0000, 623.0000, -447.0000, 28.0000, 0, 204, 0
L 587.0000, -463.0000, 28.0000, 615.0000, -463.0000, 28.0000, 0, 204, 0
L 580.0000, -447.0000, 28.0000, 587.0000, -463.0000, 28.0000, 0, 204, 0
L 579.0000, -421.0000, 28.0000, 580.0000, -447.0000, 28.0000, 0, 204, 0
L 576.0000, -421.0000, 28.0000, 579.0000, -421.0000, 28.0000, 0, 204, 0
L 576.0000, -425.0000, 28.0000, 576.0000, -421.0000, 28.0000, 0, 204, 0
L 576.0000, -448.0000, 14.0000, 576.0000, -445.0000, 15.0000, 0, 204, 0
L 569.0000, -425.0000, 28.0000, 569.0000, -427.0000, 26.0000, 0, 204, 0
L 569.0000, -420.0000, 28.0000, 569.0000, -425.0000, 28.0000, 0, 204, 0
L 578.0000, -412.0000, 28.0000, 569.0000, -420.0000, 28.0000, 0, 204, 0
L 587.0000, -403.0000, 28.0000, 578.0000, -412.0000, 28.0000, 0, 204, 0
L 615.0000, -403.0000, 28.0000, 587.0000, -403.0000, 28.0000, 0, 204, 0
L 625.0000, -412.0000, 28.0000, 615.0000, -403.0000, 28.0000, 0, 204, 0
L 634.0000, -420.0000, 28.0000, 625.0000, -412.0000, 28.0000, 0, 204, 0
L 634.0000, -425.0000, 28.0000, 634.0000, -420.0000, 28.0000, 0, 204, 0
L 634.0000, -448.0000, 14.0000, 634.0000, -445.0000, 15.0000, 0, 204, 0
L 591.0000, -391.0000, 14.0000, 587.0000, -391.0000, 14.0000, 139, 69, 19
L 467.0000, -499.0000, 0.0000, 467.0000, -490.0000, 0.0000, 0, 0, 0
L 467.0000, -499.0000, 0.0000, 469.0000, -499.0000, 0.0000, 0, 0, 0
L 472.0000, -499.0000, 0.0000, 472.0000, -496.0000, 0.0000, 0, 0, 0
L 472.0000, -496.0000, 0.0000, 476.0000, -496.0000, 0.0000, 0, 0, 0
L 475.0000, -559.0000, 0.0000, 504.0000, -531.0000, -6.0000, 0, 0, 0
L 448.0000, -545.0000, 0.0000, 475.0000, -559.0000, 0.0000, 0, 0, 0
L 448.0000, -532.0000, 0.0000, 448.0000, -545.0000, 0.0000, 0, 0, 0
L 476.0000, -532.0000, 0.0000, 448.0000, -532.0000, 0.0000, 0, 0, 0
L 476.0000, -511.0000, 0.0000, 476.0000, -532.0000, 0.0000, 0, 0, 0
L 472.0000, -511.0000, 0.0000, 476.0000, -511.0000, 0.0000, 0, 0, 0
L 472.0000, -508.0000, 0.0000, 472.0000, -511.0000, 0.0000, 0, 0, 0
L 467.0000, -508.0000, 0.0000, 469.0000, -508.0000, 0.0000, 0, 0, 0
L 467.0000, -517.0000, 0.0000, 467.0000, -508.0000, 0.0000, 0, 0, 0
L 824.0000, -363.0000, -13.0000, 812.7999, -367.2999, -14.0000, 0, 0, 0
L 811.0000, -350.0000, -13.0000, 824.0000, -363.0000, -13.0000, 0, 0, 0
L 811.0000, -335.0000, -13.0000, 811.0000, -350.0000, -13.0000, 0, 0, 0
L 797.0000, -308.0000, -13.0000, 811.0000, -335.0000, -13.0000, 0, 0, 0
L 797.0000, -265.0000, -13.0000, 797.0000, -308.0000, -13.0000, 0, 0, 0
L 839.0000, -265.0000, -13.0000, 797.0000, -265.0000, -13.0000, 0, 0, 0
L 839.0000, -246.0000, -13.0000, 839.0000, -251.0000, -13.0000, 0, 0, 0
L 826.0000, -246.0000, -13.0000, 839.0000, -246.0000, -13.0000, 199, 21, 133
L 826.0000, -252.0000, -13.0000, 826.0000, -250.0000, -13.0000, 0, 0, 0
L 784.0000, -252.0000, -13.0000, 826.0000, -252.0000, -13.0000, 0, 0, 0
L 784.0000, -293.0000, -13.0000, 784.0000, -252.0000, -13.0000, 0, 0, 0
L 769.0000, -308.0000, -13.0000, 784.0000, -293.0000, -13.0000, 0, 0, 0
L 741.0000, -322.0000, -13.0000, 769.0000, -308.0000, -13.0000, 0, 0, 0
L 727.0000, -322.0000, -13.0000, 741.0000, -322.0000, -13.0000, 0, 0, 0
L 713.0000, -308.0000, -13.0000, 727.0000, -322.0000, -13.0000, 0, 0, 0
L 685.0000, -308.0000, -13.0000, 713.0000, -308.0000, -13.0000, 0, 0, 0
L 657.0000, -280.0000, -13.0000, 685.0000, -308.0000, -13.0000, 0, 0, 0
L 617.0000, -280.0000, -13.0000, 618.8999, -280.0000, -13.0000, 0, 0, 0
L 574.0000, -294.0000, -7.0000, 617.0000, -280.0000, -13.0000, 0, 0, 0
L 476.0000, -476.0000, 0.0000, 476.0000, -496.0000, 0.0000, 0, 0, 0
L 503.0000, -503.0000, -6.0000, 503.0000, -517.0000, -6.0000, 0, 0, 0
L 476.0000, -476.0000, 0.0000, 503.0000, -503.0000, -6.0000, 0, 0, 0
L 713.0000, -363.0000, -13.0000, 699.0000, -349.0000, -7.0000, 0, 0, 0
L 742.0000, -363.0000, -13.0000, 713.0000, -363.0000, -13.0000, 0, 0, 0
L 753.7999, -367.2999, -14.0000, 742.0000, -363.0000, -13.0000, 0, 0, 0
L 602.0000, -573.0000, -7.0000, 559.0000, -602.0000, 0.0000, 0, 0, 0
L 559.0000, -602.0000, 0.0000, 546.0000, -602.0000, 0.0000, 0, 0, 0
L 546.0000, -602.0000, 0.0000, 546.0000, -615.0000, 0.0000, 0, 0, 0
L 546.0000, -615.0000, 0.0000, 532.0000, -629.0000, 0.0000, 0, 0, 0
L 532.0000, -629.0000, 0.0000, 532.0000, -643.0000, 0.0000, 0, 0, 0
L 532.0000, -643.0000, 0.0000, 545.0000, -656.0000, 0.0000, 0, 0, 0
L 545.0000, -656.0000, 0.0000, 545.0000, -643.0000, 0.0000, 0, 0, 0
L 545.0000, -643.0000, 0.0000, 559.0000, -629.0000, 0.0000, 0, 0, 0
L 559.0000, -629.0000, 0.0000, 575.0000, -629.0000, 0.0000, 0, 0, 0
L 575.0000, -632.0000, 0.0000, 570.0000, -632.0000, 0.0000, 0, 0, 0
L 570.0000, -632.0000, 0.0000, 570.0000, -679.0000, 0.0000, 0, 0, 0
L 565.0000, -681.0000, 0.0000, 562.1999, -679.7999, -1.3999, 0, 0, 0
L 565.0000, -701.0000, 0.0000, 562.1999, -702.3999, -1.3999, 0, 0, 0
L 543.0000, -717.0000, -11.0000, 535.0000, -717.0000, -11.0000, 0, 0, 0
L 535.0000, -717.0000, -11.0000, 535.0000, -725.0000, -11.0000, 0, 0, 0
L 535.0000, -725.0000, -11.0000, 504.0000, -725.0000, -11.0000, 0, 0, 0
L 504.0000, -725.0000, -11.0000, 504.0000, -717.0000, -11.0000, 0, 0, 0
L 504.0000, -717.0000, -11.0000, 496.0000, -717.0000, -11.0000, 0, 0, 0
L 504.0000, -665.0000, -11.0000, 504.0000, -658.0000, -11.0000, 0, 0, 0
L 504.0000, -658.0000, -11.0000, 535.0000, -658.0000, -11.0000, 0, 0, 0
L 535.0000, -658.0000, -11.0000, 535.0000, -665.0000, -11.0000, 0, 0, 0
L 565.0000, -701.0000, 0.0000, 568.5000, -700.0000, 0.0000, 0, 0, 0
L 526.0000, -738.0000, 0.0000, 526.0000, -753.0000, 0.0000, 0, 0, 0
L 839.0000, -251.0000, -13.0000, 839.0000, -265.0000, -13.0000, 0, 0, 0
L 839.0000, -251.0000, -13.0000, 839.0000, -210.0000, -13.0000, 0, 0, 0
L 826.0000, -250.0000, -13.0000, 826.0000, -246.0000, -13.0000, 0, 0, 0
L 826.0000, -223.0000, -13.0000, 826.0000, -250.0000, -13.0000, 0, 0, 0
L 530.0000, -757.0000, 0.0000, 530.0000, -753.0000, 0.0000, 0, 0, 0
L 545.0000, -734.0000, 0.0000, 530.0000, -734.0000, 0.0000, 0, 0, 0
L 526.0000, -738.0000, 0.0000, 530.0000, -738.0000, 0.0000, 0, 0, 0
L 530.0000, -738.0000, 0.0000, 530.0000, -734.0000, 0.0000, 0, 0, 0
L 541.0000, -750.0000, 0.0000, 535.0000, -750.0000, 0.0000, 255, 255, 0
L 574.0000, -739.0000, 0.0000, 545.0000, -739.0000, 0.0000, 0, 0, 0
L 545.0000, -734.0000, 0.0000, 545.0000, -739.0000, 0.0000, 0, 0, 0
L 585.0000, -739.0000, 0.0000, 597.0000, -739.0000, 0.0000, 0, 0, 0
L 598.0000, -701.0000, 0.0000, 598.0000, -736.0000, 0.0000, 0, 0, 0
L 621.0000, -751.0000, 0.0000, 636.0000, -751.0000, 0.0000, 0, 0, 0
L 570.0000, -679.0000, 0.0000, 573.0000, -679.0000, 0.0000, 0, 0, 0
L 573.0000, -679.0000, 0.0000, 573.0000, -683.0000, 0.0000, 0, 0, 0
L 585.0000, -632.0000, 0.0000, 585.0000, -630.0000, 0.0000, 0, 0, 0
L 601.0000, -629.0000, 0.0000, 585.0000, -629.0000, 0.0000, 0, 0, 0
L 575.0000, -632.0000, 0.0000, 575.0000, -630.0000, 0.0000, 0, 0, 0
L 496.0000, -699.0000, -11.0000, 496.0000, -717.0000, -11.0000, 0, 0, 0
L 484.0000, -699.0000, -11.0000, 496.0000, -699.0000, -11.0000, 0, 0, 0
L 496.0000, -684.0000, -11.0000, 496.0000, -699.0000, -11.0000, 0, 0, 255
L 496.0000, -684.0000, -11.0000, 484.0000, -684.0000, -11.0000, 0, 0, 0
L 541.0000, -699.0000, -11.0000, 496.0000, -699.0000, -11.0000, 0, 0, 255
L 496.0000, -684.0000, -11.0000, 541.0000, -684.0000, -11.0000, 0, 0, 255
L 484.0000, -684.0000, -11.0000, 484.0000, -699.0000, -11.0000, 0, 0, 0
L 541.0000, -684.0000, -11.0000, 541.0000, -699.0000, -11.0000, 0, 0, 255
L 504.0000, -665.0000, -11.0000, 496.0000, -665.0000, -11.0000, 0, 0, 0
L 496.0000, -684.0000, -11.0000, 496.0000, -665.0000, -11.0000, 0, 0, 0
L 543.0000, -717.0000, -11.0000, 543.0000, -712.0000, -11.0000, 0, 0, 0
L 543.0000, -671.0000, -11.0000, 543.0000, -665.0000, -11.0000, 0, 0, 0
L 535.0000, -665.0000, -11.0000, 543.0000, -665.0000, -11.0000, 0, 0, 0
L 587.0000, -679.0000, 0.0000, 587.0000, -683.0000, 0.0000, 0, 0, 0
L 587.0000, -699.0000, 0.0000, 587.0000, -703.0000, 0.0000, 0, 0, 0
L 585.0000, -703.0000, 0.0000, 587.0000, -703.0000, 0.0000, 0, 0, 0
L 574.0000, -739.0000, 0.0000, 574.0000, -699.0000, 0.0000, 0, 0, 0
L 591.0000, -699.0000, 0.0000, 587.0000, -699.0000, 0.0000, 0, 0, 0
L 574.0000, -699.0000, 0.0000, 572.0000, -699.0000, 0.0000, 0, 0, 0
L 841.0000, -591.0000, 0.0000, 866.0000, -591.0000, 0.0000, 0, 0, 0
L 829.0000, -514.0000, 0.0000, 804.0000, -514.0000, 0.0000, 0, 0, 0
L 829.0000, -514.0000, 0.0000, 829.0000, -511.2999, 0.0000, 0, 0, 0
L 939.0000, -488.0000, 0.0000, 903.0000, -488.0000, 0.0000, 0, 0, 0
L 841.0000, -591.0000, 0.0000, 841.0000, -606.0000, 0.0000, 0, 0, 0
L 829.0000, -591.0000, 0.0000, 829.0000, -617.0000, 0.0000, 0, 0, 0
L 939.0000, -617.0000, 0.0000, 903.0000, -617.0000, 0.0000, 0, 0, 0
L 923.0000, -569.0000, 0.0000, 923.0000, -538.0000, 0.0000, 0, 0, 0
L 841.0000, -606.0000, 0.0000, 889.0000, -606.0000, 0.0000, 0, 0, 0
L 901.0000, -606.0000, 0.0000, 903.0000, -606.0000, 0.0000, 0, 0, 0
L 901.0000, -606.0000, 0.0000, 901.0000, -569.0000, 0.0000, 0, 0, 0
L 901.0000, -499.0000, 0.0000, 903.0000, -499.0000, 0.0000, 0, 0, 0
L 923.0000, -538.0000, 0.0000, 901.0000, -538.0000, 0.0000, 0, 0, 0
L 901.0000, -538.0000, 0.0000, 901.0000, -499.0000, 0.0000, 0, 0, 0
L 927.0000, -523.0000, 0.0000, 905.0000, -523.0000, 0.0000, 0, 0, 0
L 609.0000, -455.0000, 14.0000, 616.0000, -461.0000, 14.0000, 150, 150, 150
L 593.0000, -455.0000, 14.0000, 609.0000, -455.0000, 14.0000, 150, 150, 150
L 643.0000, -447.0000, 14.0000, 643.0000, -419.0000, 14.0000, 139, 69, 19
L 587.0000, -461.0000, 14.0000, 593.0000, -455.0000, 14.0000, 150, 150, 150
L 587.0000, -466.0000, 14.0000, 587.0000, -461.0000, 14.0000, 150, 150, 150
L 587.0000, -391.0000, 14.0000, 560.0000, -419.0000, 14.0000, 139, 69, 19
L 587.0000, -475.0000, 14.0000, 615.0000, -475.0000, 14.0000, 139, 69, 19
L 560.0000, -448.0000, 14.0000, 587.0000, -475.0000, 14.0000, 139, 69, 19
L 618.0000, -422.0000, 14.0000, 606.0000, -422.0000, 14.0000, 0, 0, 0
L 616.0000, -466.0000, 14.0000, 634.0000, -448.0000, 14.0000, 0, 0, 0
L 618.0000, -427.0000, 14.0000, 618.0000, -422.0000, 14.0000, 0, 0, 0
L 560.0000, -419.0000, 14.0000, 560.0000, -448.0000, 14.0000, 139, 69, 19
L 616.0000, -461.0000, 14.0000, 616.0000, -466.0000, 14.0000, 150, 150, 150
L 615.0000, -475.0000, 14.0000, 643.0000, -447.0000, 14.0000, 139, 69, 19
L 587.0000, -470.0000, 14.0000, 565.0000, -447.0000, 14.0000, 0, 0, 0
L 638.0000, -447.0000, 14.0000, 615.0000, -470.0000, 14.0000, 0, 0, 0
L 585.0000, -422.0000, 14.0000, 585.0000, -427.0000, 14.0000, 0, 0, 0
L 580.0000, -427.0000, 14.0000, 580.0000, -448.0000, 14.0000, 0, 0, 0
L 596.0000, -422.0000, 14.0000, 585.0000, -422.0000, 14.0000, 0, 0, 0
L 565.0000, -419.0000, 14.0000, 594.0000, -419.0000, 14.0000, 0, 0, 0
L 585.0000, -427.0000, 14.0000, 580.0000, -427.0000, 14.0000, 0, 0, 0
L 609.0000, -419.0000, 14.0000, 638.0000, -419.0000, 14.0000, 0, 0, 0
L 594.0000, -419.0000, 14.0000, 596.0000, -419.0000, 14.0000, 0, 0, 0
L 591.0000, -391.0000, 14.0000, 594.0000, -391.0000, 14.0000, 139, 69, 19
L 610.0000, -391.0000, 14.0000, 615.0000, -391.0000, 14.0000, 139, 69, 19
L 607.0000, -391.0000, 14.0000, 610.0000, -391.0000, 14.0000, 139, 69, 19
L 643.0000, -419.0000, 14.0000, 615.0000, -391.0000, 14.0000, 139, 69, 19
L 606.0000, -422.0000, 14.0000, 606.0000, -420.0000, 14.0000, 0, 0, 0
L 606.0000, -419.0000, 14.0000, 609.0000, -419.0000, 14.0000, 0, 0, 0
L 596.0000, -422.0000, 14.0000, 596.0000, -420.0000, 14.0000, 0, 0, 0
L 565.0000, -447.0000, 14.0000, 565.0000, -419.0000, 14.0000, 0, 0, 0
L 638.0000, -447.0000, 14.0000, 638.0000, -419.0000, 14.0000, 0, 0, 0
L 618.0000, -427.0000, 14.0000, 623.0000, -427.0000, 14.0000, 0, 0, 0
L 615.0000, -470.0000, 14.0000, 587.0000, -470.0000, 14.0000, 0, 0, 0
L 634.0000, -448.0000, 14.0000, 627.0000, -448.0000, 14.0000, 150, 150, 150
L 580.0000, -448.0000, 14.0000, 576.0000, -448.0000, 14.0000, 0, 0, 0
L 623.0000, -448.0000, 14.0000, 623.0000, -427.0000, 14.0000, 0, 0, 0
L 573.0000, -552.0000, -7.0000, 545.0000, -545.0000, -7.0000, 0, 0, 255
L 589.0000, -350.0000, -7.0000, 591.0000, -350.0000, -7.0000, 0, 0, 255
L 517.0000, -518.0000, -7.0000, 532.0000, -489.0000, -7.0000, 0, 0, 255
L 545.0000, -336.0000, -7.0000, 571.0000, -336.0000, -7.0000, 0, 0, 255
L 571.0000, -336.0000, -7.0000, 589.0000, -350.0000, -7.0000, 0, 0, 255
L 545.0000, -545.0000, -7.0000, 517.0000, -518.0000, -7.0000, 0, 0, 255
L 532.0000, -475.0000, -7.0000, 548.0000, -462.0000, -7.0000, 0, 0, 255
L 611.0000, -350.0000, -7.0000, 641.0000, -336.0000, -7.0000, 0, 0, 255
L 548.0000, -405.0000, -7.0000, 546.0000, -377.0000, -7.0000, 0, 0, 255
L 546.0000, -377.0000, -7.0000, 532.0000, -349.0000, -7.0000, 0, 0, 255
L 641.0000, -336.0000, -7.0000, 671.0000, -336.0000, -7.0000, 0, 0, 255
L 532.0000, -447.0000, -7.0000, 548.0000, -462.0000, -7.0000, 0, 0, 255
L 532.0000, -420.0000, -7.0000, 532.0000, -447.0000, -7.0000, 0, 0, 255
L 532.0000, -349.0000, -7.0000, 545.0000, -336.0000, -7.0000, 0, 0, 255
L 548.0000, -405.0000, -7.0000, 532.0000, -420.0000, -7.0000, 0, 0, 255
L 532.0000, -489.0000, -7.0000, 532.0000, -475.0000, -7.0000, 0, 0, 255
L 560.0000, -322.0000, -7.0000, 574.0000, -307.0000, -7.0000, 0, 0, 0
L 560.0000, -322.0000, -7.0000, 545.0000, -336.0000, -7.0000, 0, 0, 0
L 532.0000, -475.0000, -7.0000, 532.0000, -447.0000, -7.0000, 0, 0, 0
L 532.0000, -349.0000, -7.0000, 532.0000, -420.0000, -7.0000, 0, 0, 0
L 685.0000, -420.0000, -7.0000, 669.0000, -405.0000, -7.0000, 0, 0, 255
L 685.0000, -447.0000, -7.0000, 685.0000, -420.0000, -7.0000, 0, 0, 255
L 673.0000, -461.0000, -7.0000, 673.0000, -462.0000, -7.0000, 0, 0, 255
L 685.0000, -447.0000, -7.0000, 673.0000, -461.0000, -7.0000, 0, 0, 255
L 657.0000, -545.0000, -7.0000, 643.0000, -559.0000, -7.0000, 0, 0, 255
L 671.0000, -531.0000, -7.0000, 657.0000, -545.0000, -7.0000, 0, 0, 255
L 685.0000, -489.0000, -7.0000, 671.0000, -517.0000, -7.0000, 0, 0, 255
L 643.0000, -559.0000, -7.0000, 601.0000, -559.0000, -7.0000, 0, 0, 255
L 673.0000, -462.0000, -7.0000, 685.0000, -489.0000, -7.0000, 0, 0, 255
L 671.0000, -517.0000, -7.0000, 671.0000, -531.0000, -7.0000, 0, 0, 255
L 671.0000, -377.0000, -7.0000, 669.0000, -405.0000, -7.0000, 0, 0, 255
L 601.0000, -559.0000, -7.0000, 573.0000, -552.0000, -7.0000, 0, 0, 255
L 685.0000, -349.0000, -7.0000, 671.0000, -377.0000, -7.0000, 0, 0, 255
L 671.0000, -336.0000, -7.0000, 685.0000, -349.0000, -7.0000, 0, 0, 255
L 699.0000, -349.0000, -7.0000, 685.0000, -349.0000, -7.0000, 0, 0, 0
L 574.0000, -307.0000, -7.0000, 574.0000, -294.0000, -7.0000, 0, 0, 0
L 531.0000, -531.0000, -7.0000, 504.0000, -531.0000, -6.0000, 0, 0, 0
L 503.0000, -517.0000, -6.0000, 517.0000, -518.0000, -7.0000, 0, 0, 0
L 643.0000, -559.0000, -7.0000, 615.0000, -573.0000, -7.0000, 0, 0, 0
L 602.0000, -573.0000, -7.0000, 573.0000, -552.0000, -7.0000, 0, 0, 0
L 685.0000, -447.0000, -7.0000, 713.0000, -475.0000, -7.0000, 0, 0, 0
L 713.0000, -489.0000, -7.0000, 685.0000, -489.0000, -7.0000, 0, 0, 0
L 594.0000, -350.0000, -7.0000, 594.0000, -391.0000, 14.0000, 139, 69, 19
L 591.0000, -350.0000, -7.0000, 594.0000, -350.0000, -7.0000, 139, 69, 19
L 591.0000, -350.0000, -7.0000, 591.0000, -391.0000, 14.0000, 139, 69, 19
L 607.0000, -350.0000, -7.0000, 610.0000, -350.0000, -7.0000, 139, 69, 19
L 607.0000, -350.0000, -7.0000, 607.0000, -391.0000, 14.0000, 139, 69, 19
L 610.0000, -350.0000, -7.0000, 611.0000, -350.0000, -7.0000, 0, 0, 255
L 610.0000, -350.0000, -7.0000, 610.0000, -391.0000, 14.0000, 139, 69, 19
L 576.0000, -425.0000, 28.0000, 569.0000, -425.0000, 28.0000, 150, 150, 150
L 576.0000, -448.0000, 14.0000, 569.0000, -448.0000, 14.0000, 150, 150, 150
L 569.0000, -448.0000, 14.0000, 587.0000, -466.0000, 14.0000, 0, 0, 0
L 576.0000, -436.0000, 21.0000, 576.0000, -433.0000, 22.0000, 0, 204, 0
L 569.0000, -436.0000, 21.0000, 569.0000, -439.0000, 19.0000, 0, 204, 0
L 576.0000, -436.0000, 21.0000, 569.0000, -436.0000, 21.0000, 150, 150, 150
L 576.0000, -430.0000, 24.0000, 576.0000, -427.0000, 26.0000, 0, 204, 0
L 569.0000, -430.0000, 24.0000, 569.0000, -433.0000, 22.0000, 0, 204, 0
L 576.0000, -430.0000, 24.0000, 569.0000, -430.0000, 24.0000, 150, 150, 150
L 576.0000, -427.0000, 26.0000, 576.0000, -425.0000, 28.0000, 0, 204, 0
L 569.0000, -427.0000, 26.0000, 569.0000, -430.0000, 24.0000, 0, 204, 0
L 576.0000, -427.0000, 26.0000, 569.0000, -427.0000, 26.0000, 150, 150, 150
L 576.0000, -433.0000, 22.0000, 576.0000, -430.0000, 24.0000, 0, 204, 0
L 569.0000, -433.0000, 22.0000, 569.0000, -436.0000, 21.0000, 0, 204, 0
L 576.0000, -433.0000, 22.0000, 569.0000, -433.0000, 22.0000, 150, 150, 150
L 576.0000, -442.0000, 17.0000, 576.0000, -439.0000, 19.0000, 0, 204, 0
L 569.0000, -442.0000, 17.0000, 569.0000, -445.0000, 15.0000, 0, 204, 0
L 576.0000, -442.0000, 17.0000, 569.0000, -442.0000, 17.0000, 150, 150, 150
L 576.0000, -439.0000, 19.0000, 576.0000, -436.0000, 21.0000, 0, 204, 0
L 569.0000, -439.0000, 19.0000, 569.0000, -442.0000, 17.0000, 0, 204, 0
L 576.0000, -439.0000, 19.0000, 569.0000, -439.0000, 19.0000, 150, 150, 150
L 576.0000, -445.0000, 15.0000, 576.0000, -442.0000, 17.0000, 0, 204, 0
L 569.0000, -445.0000, 15.0000, 569.0000, -448.0000, 14.0000, 0, 204, 0
L 576.0000, -445.0000, 15.0000, 569.0000, -445.0000, 15.0000, 150, 150, 150
L 627.0000, -448.0000, 14.0000, 623.0000, -448.0000, 14.0000, 0, 0, 0
L 627.0000, -425.0000, 28.0000, 634.0000, -425.0000, 28.0000, 150, 150, 150
L 627.0000, -436.0000, 21.0000, 627.0000, -439.0000, 19.0000, 0, 204, 0
L 634.0000, -436.0000, 21.0000, 634.0000, -433.0000, 22.0000, 0, 204, 0
L 627.0000, -436.0000, 21.0000, 634.0000, -436.0000, 21.0000, 150, 150, 150
L 627.0000, -442.0000, 17.0000, 627.0000, -445.0000, 15.0000, 0, 204, 0
L 634.0000, -442.0000, 17.0000, 634.0000, -439.0000, 19.0000, 0, 204, 0
L 627.0000, -442.0000, 17.0000, 634.0000, -442.0000, 17.0000, 150, 150, 150
L 627.0000, -430.0000, 24.0000, 627.0000, -433.0000, 22.0000, 0, 204, 0
L 634.0000, -430.0000, 24.0000, 634.0000, -427.0000, 26.0000, 0, 204, 0
L 627.0000, -430.0000, 24.0000, 634.0000, -430.0000, 24.0000, 150, 150, 150
L 627.0000, -433.0000, 22.0000, 627.0000, -436.0000, 21.0000, 0, 204, 0
L 634.0000, -433.0000, 22.0000, 634.0000, -430.0000, 24.0000, 0, 204, 0
L 627.0000, -433.0000, 22.0000, 634.0000, -433.0000, 22.0000, 150, 150, 150
L 627.0000, -427.0000, 26.0000, 627.0000, -430.0000, 24.0000, 0, 204, 0
L 634.0000, -427.0000, 26.0000, 634.0000, -425.0000, 28.0000, 0, 204, 0
L 627.0000, -427.0000, 26.0000, 634.0000, -427.0000, 26.0000, 150, 150, 150
L 627.0000, -439.0000, 19.0000, 627.0000, -442.0000, 17.0000, 0, 204, 0
L 634.0000, -439.0000, 19.0000, 634.0000, -436.0000, 21.0000, 0, 204, 0
L 627.0000, -439.0000, 19.0000, 634.0000, -439.0000, 19.0000, 150, 150, 150
L 627.0000, -445.0000, 15.0000, 627.0000, -448.0000, 14.0000, 0, 204, 0
L 634.0000, -445.0000, 15.0000, 634.0000, -442.0000, 17.0000, 0, 204, 0
L 627.0000, -445.0000, 15.0000, 634.0000, -445.0000, 15.0000, 150, 150, 150
L 535.0000, -741.0000, 0.0000, 535.0000, -750.0000, 0.0000, 255, 255, 0
L 616.0000, -466.0000, 14.0000, 587.0000, -466.0000, 14.0000, 0, 0, 0
L 348.0000, -508.0000, 0.0000, 341.0000, -508.0000, 0.0000, 255, 255, 0
L 341.0000, -499.0000, 0.0000, 348.0000, -499.0000, 0.0000, 255, 255, 0
L 341.0000, -508.0000, 0.0000, 341.0000, -499.0000, 0.0000, 255, 255, 0
L 340.0000, -515.0000, 0.0000, 347.0000, -521.0000, 0.0000, 0, 0, 0
L 360.0000, -445.0000, 0.0000, 360.0000, -486.0000, 0.0000, 0, 0, 0
L 360.0000, -486.0000, 0.0000, 347.0000, -486.0000, 0.0000, 0, 0, 0
L 371.0000, -450.0000, 0.0000, 371.0000, -445.0000, 0.0000, 0, 0, 0
L 334.0000, -497.0000, 0.0000, 334.0000, -509.0000, 0.0000, 0, 0, 0
L 340.0000, -492.0000, 0.0000, 334.0000, -497.0000, 0.0000, 0, 0, 0
L 357.0000, -469.0000, 0.0000, 357.0000, -445.0000, 0.0000, 0, 0, 0
L 371.0000, -461.0000, 0.0000, 414.0000, -461.0000, 0.0000, 0, 0, 0
L 414.0000, -546.0000, 0.0000, 371.0000, -546.0000, 0.0000, 0, 0, 0
L 463.0000, -469.0000, 0.0000, 463.0000, -434.0000, 0.0000, 0, 0, 0
L 425.0000, -450.0000, 0.0000, 371.0000, -450.0000, 0.0000, 0, 0, 0
L 360.0000, -557.0000, 0.0000, 425.0000, -557.0000, 0.0000, 0, 0, 0
L 334.0000, -509.0000, 0.0000, 340.0000, -515.0000, 0.0000, 0, 0, 0
L 429.0000, -469.0000, 0.0000, 463.0000, -469.0000, 0.0000, 0, 0, 0
L 360.0000, -521.0000, 0.0000, 360.0000, -557.0000, 0.0000, 0, 0, 0
L 347.0000, -486.0000, 0.0000, 340.0000, -492.0000, 0.0000, 0, 0, 0
L 371.0000, -546.0000, 0.0000, 371.0000, -461.0000, 0.0000, 0, 0, 0
L 347.0000, -521.0000, 0.0000, 360.0000, -521.0000, 0.0000, 0, 0, 0
L 357.0000, -442.0000, 0.0000, 357.0000, -436.0000, 0.0000, 205, 133, 63
L 371.0000, -445.0000, 0.0000, 426.0000, -445.0000, 0.0000, 0, 0, 0
L 360.0000, -442.0000, 0.0000, 360.0000, -436.0000, 0.0000, 205, 133, 63
L 360.0000, -436.0000, 0.0000, 358.0000, -436.0000, 0.0000, 205, 133, 63
L 358.0000, -436.0000, 0.0000, 357.0000, -436.0000, 0.0000, 205, 133, 63
L 358.0000, -434.0000, 0.0000, 334.0000, -434.0000, 0.0000, 0, 0, 0
L 358.0000, -436.0000, 0.0000, 358.0000, -434.0000, 0.0000, 205, 133, 63
L 358.0000, -445.0000, 0.0000, 360.0000, -445.0000, 0.0000, 0, 0, 0
L 358.0000, -442.0000, 0.0000, 360.0000, -442.0000, 0.0000, 205, 133, 63
L 358.0000, -445.0000, 0.0000, 358.0000, -442.0000, 0.0000, 205, 133, 63
L 357.0000, -442.0000, 0.0000, 358.0000, -442.0000, 0.0000, 205, 133, 63
L 357.0000, -445.0000, 0.0000, 358.0000, -445.0000, 0.0000, 0, 0, 0
L 463.0000, -434.0000, 0.0000, 426.0000, -434.0000, 0.0000, 0, 0, 0
L 357.0000, -469.0000, 0.0000, 334.0000, -469.0000, 0.0000, 0, 0, 0
L 334.0000, -434.0000, 0.0000, 334.0000, -469.0000, 0.0000, 0, 0, 0
L 429.0000, -469.0000, 0.0000, 429.0000, -445.0000, 0.0000, 0, 0, 0
L 348.0000, -499.0000, 0.0000, 348.0000, -508.0000, 0.0000, 255, 255, 0
L 426.0000, -434.0000, 0.0000, 358.0000, -434.0000, 0.0000, 0, 0, 0
L 424.0000, -436.0000, 0.0000, 424.0000, -442.0000, 0.0000, 205, 133, 63
L 429.0000, -442.0000, 0.0000, 429.0000, -436.0000, 0.0000, 205, 133, 63
L 426.0000, -445.0000, 0.0000, 429.0000, -445.0000, 0.0000, 0, 0, 0
L 426.0000, -445.0000, 0.0000, 426.0000, -442.0000, 0.0000, 205, 133, 63
L 429.0000, -436.0000, 0.0000, 426.0000, -436.0000, 0.0000, 205, 133, 63
L 426.0000, -436.0000, 0.0000, 426.0000, -434.0000, 0.0000, 205, 133, 63
L 426.0000, -436.0000, 0.0000, 424.0000, -436.0000, 0.0000, 205, 133, 63
L 424.0000, -442.0000, 0.0000, 426.0000, -442.0000, 0.0000, 205, 133, 63
L 426.0000, -442.0000, 0.0000, 429.0000, -442.0000, 0.0000, 205, 133, 63
L 467.0000, -505.0000, 0.0000, 467.0000, -501.0000, 0.0000, 205, 133, 63
L 472.0000, -501.0000, 0.0000, 472.0000, -505.0000, 0.0000, 205, 133, 63
L 469.0000, -508.0000, 0.0000, 472.0000, -508.0000, 0.0000, 0, 0, 0
L 469.0000, -499.0000, 0.0000, 472.0000, -499.0000, 0.0000, 0, 0, 0
L 469.0000, -508.0000, 0.0000, 469.0000, -505.0000, 0.0000, 205, 133, 63
L 472.0000, -501.0000, 0.0000, 469.0000, -501.0000, 0.0000, 205, 133, 63
L 469.0000, -501.0000, 0.0000, 469.0000, -499.0000, 0.0000, 205, 133, 63
L 469.0000, -501.0000, 0.0000, 467.0000, -501.0000, 0.0000, 205, 133, 63
L 467.0000, -505.0000, 0.0000, 469.0000, -505.0000, 0.0000, 205, 133, 63
L 469.0000, -505.0000, 0.0000, 472.0000, -505.0000, 0.0000, 205, 133, 63
L 582.0000, -632.0000, 0.0000, 577.0000, -632.0000, 0.0000, 205, 133, 63
L 582.0000, -629.0000, 0.0000, 577.0000, -629.0000, 0.0000, 205, 133, 63
L 585.0000, -630.0000, 0.0000, 585.0000, -629.0000, 0.0000, 0, 0, 0
L 575.0000, -630.0000, 0.0000, 575.0000, -629.0000, 0.0000, 0, 0, 0
L 585.0000, -630.0000, 0.0000, 582.0000, -630.0000, 0.0000, 205, 133, 63
L 577.0000, -632.0000, 0.0000, 577.0000, -630.0000, 0.0000, 205, 133, 63
L 577.0000, -630.0000, 0.0000, 575.0000, -630.0000, 0.0000, 205, 133, 63
L 577.0000, -630.0000, 0.0000, 577.0000, -629.0000, 0.0000, 205, 133, 63
L 582.0000, -632.0000, 0.0000, 582.0000, -630.0000, 0.0000, 205, 133, 63
L 582.0000, -630.0000, 0.0000, 582.0000, -629.0000, 0.0000, 205, 133, 63
L 598.0000, -739.0000, 0.0000, 597.0000, -739.0000, 0.0000, 0, 0, 0
L 606.0000, -739.0000, 0.0000, 600.0000, -739.0000, 0.0000, 205, 133, 63
L 606.0000, -734.0000, 0.0000, 600.0000, -734.0000, 0.0000, 205, 133, 63
L 609.0000, -736.0000, 0.0000, 609.0000, -739.0000, 0.0000, 0, 0, 0
L 598.0000, -736.0000, 0.0000, 598.0000, -739.0000, 0.0000, 0, 0, 0
L 609.0000, -736.0000, 0.0000, 606.0000, -736.0000, 0.0000, 205, 133, 63
L 600.0000, -739.0000, 0.0000, 600.0000, -736.0000, 0.0000, 205, 133, 63
L 600.0000, -736.0000, 0.0000, 598.0000, -736.0000, 0.0000, 205, 133, 63
L 600.0000, -736.0000, 0.0000, 600.0000, -734.0000, 0.0000, 205, 133, 63
L 606.0000, -739.0000, 0.0000, 606.0000, -736.0000, 0.0000, 205, 133, 63
L 606.0000, -736.0000, 0.0000, 606.0000, -734.0000, 0.0000, 205, 133, 63
L 621.0000, -754.0000, 0.0000, 621.0000, -801.0000, 0.0000, 0, 0, 0
L 612.0000, -758.0000, 0.0000, 618.0000, -758.0000, 0.0000, 205, 133, 63
L 618.0000, -751.0000, 0.0000, 612.0000, -751.0000, 0.0000, 205, 133, 63
L 609.0000, -754.0000, 0.0000, 609.0000, -751.0000, 0.0000, 0, 0, 0
L 621.0000, -754.0000, 0.0000, 618.0000, -754.0000, 0.0000, 205, 133, 63
L 612.0000, -758.0000, 0.0000, 612.0000, -754.0000, 0.0000, 205, 133, 63
L 612.0000, -754.0000, 0.0000, 609.0000, -754.0000, 0.0000, 205, 133, 63
L 612.0000, -754.0000, 0.0000, 612.0000, -751.0000, 0.0000, 205, 133, 63
L 618.0000, -758.0000, 0.0000, 618.0000, -754.0000, 0.0000, 205, 133, 63
L 618.0000, -754.0000, 0.0000, 618.0000, -751.0000, 0.0000, 205, 133, 63
L 905.0000, -499.0000, 0.0000, 905.0000, -523.0000, 0.0000, 0, 0, 0
L 905.0000, -581.0000, 0.0000, 905.0000, -606.0000, 0.0000, 0, 0, 0
L 903.0000, -488.0000, 0.0000, 829.0000, -488.0000, 0.0000, 0, 0, 0
L 901.0000, -496.0000, 0.0000, 901.0000, -490.0000, 0.0000, 205, 133, 63
L 905.0000, -496.0000, 0.0000, 905.0000, -490.0000, 0.0000, 205, 133, 63
L 903.0000, -499.0000, 0.0000, 905.0000, -499.0000, 0.0000, 0, 0, 0
L 903.0000, -499.0000, 0.0000, 903.0000, -496.0000, 0.0000, 205, 133, 63
L 905.0000, -490.0000, 0.0000, 903.0000, -490.0000, 0.0000, 205, 133, 63
L 903.0000, -490.0000, 0.0000, 903.0000, -488.0000, 0.0000, 205, 133, 63
L 903.0000, -490.0000, 0.0000, 901.0000, -490.0000, 0.0000, 205, 133, 63
L 901.0000, -496.0000, 0.0000, 903.0000, -496.0000, 0.0000, 205, 133, 63
L 903.0000, -496.0000, 0.0000, 905.0000, -496.0000, 0.0000, 205, 133, 63
L 903.0000, -617.0000, 0.0000, 829.0000, -617.0000, 0.0000, 0, 0, 0
L 901.0000, -608.0000, 0.0000, 901.0000, -614.0000, 0.0000, 205, 133, 63
L 905.0000, -608.0000, 0.0000, 905.0000, -614.0000, 0.0000, 205, 133, 63
L 901.0000, -614.0000, 0.0000, 903.0000, -614.0000, 0.0000, 205, 133, 63
L 901.0000, -608.0000, 0.0000, 903.0000, -608.0000, 0.0000, 205, 133, 63
L 903.0000, -606.0000, 0.0000, 905.0000, -606.0000, 0.0000, 0, 0, 0
L 903.0000, -606.0000, 0.0000, 903.0000, -608.0000, 0.0000, 205, 133, 63
L 903.0000, -614.0000, 0.0000, 905.0000, -614.0000, 0.0000, 205, 133, 63
L 903.0000, -608.0000, 0.0000, 905.0000, -608.0000, 0.0000, 205, 133, 63
L 903.0000, -614.0000, 0.0000, 903.0000, -617.0000, 0.0000, 205, 133, 63
L 773.0000, -542.0000, 0.0000, 773.0000, -548.0000, 0.0000, 0, 0, 0
L 773.0000, -557.0000, 0.0000, 773.0000, -563.0000, 0.0000, 0, 0, 0
L 767.0000, -546.0000, 0.0000, 767.0000, -548.0000, 0.0000, 0, 0, 0
L 767.0000, -548.0000, 0.0000, 770.0000, -548.0000, 0.0000, 0, 0, 0
L 773.0000, -557.0000, 0.0000, 770.0000, -557.0000, 0.0000, 0, 0, 0
L 767.0000, -557.0000, 0.0000, 767.0000, -559.0000, 0.0000, 0, 0, 0
L 767.0000, -550.0000, 0.0000, 767.0000, -554.0000, 0.0000, 205, 133, 63
L 773.0000, -550.0000, 0.0000, 773.0000, -554.0000, 0.0000, 205, 133, 63
L 770.0000, -548.0000, 0.0000, 773.0000, -548.0000, 0.0000, 0, 0, 0
L 770.0000, -557.0000, 0.0000, 767.0000, -557.0000, 0.0000, 0, 0, 0
L 770.0000, -548.0000, 0.0000, 770.0000, -550.0000, 0.0000, 205, 133, 63
L 773.0000, -554.0000, 0.0000, 770.0000, -554.0000, 0.0000, 205, 133, 63
L 770.0000, -554.0000, 0.0000, 770.0000, -557.0000, 0.0000, 205, 133, 63
L 770.0000, -554.0000, 0.0000, 767.0000, -554.0000, 0.0000, 205, 133, 63
L 767.0000, -550.0000, 0.0000, 770.0000, -550.0000, 0.0000, 205, 133, 63
L 770.0000, -550.0000, 0.0000, 773.0000, -550.0000, 0.0000, 205, 133, 63
L 598.0000, -422.0000, 14.0000, 603.0000, -422.0000, 14.0000, 205, 133, 63
L 603.0000, -419.0000, 14.0000, 598.0000, -419.0000, 14.0000, 205, 133, 63
L 606.0000, -420.0000, 14.0000, 606.0000, -419.0000, 14.0000, 0, 0, 0
L 596.0000, -420.0000, 14.0000, 596.0000, -419.0000, 14.0000, 0, 0, 0
L 606.0000, -420.0000, 14.0000, 603.0000, -420.0000, 14.0000, 205, 133, 63
L 598.0000, -422.0000, 14.0000, 598.0000, -420.0000, 14.0000, 205, 133, 63
L 598.0000, -420.0000, 14.0000, 596.0000, -420.0000, 14.0000, 205, 133, 63
L 598.0000, -420.0000, 14.0000, 598.0000, -419.0000, 14.0000, 205, 133, 63
L 603.0000, -422.0000, 14.0000, 603.0000, -420.0000, 14.0000, 205, 133, 63
L 603.0000, -420.0000, 14.0000, 603.0000, -419.0000, 14.0000, 205, 133, 63
L 915.0000, -558.0000, 0.0000, 912.0000, -553.5000, 0.0000, 255, 255, 0
L 915.0000, -549.0000, 0.0000, 912.0000, -553.5000, 0.0000, 255, 255, 0
L 912.0000, -553.5000, 0.0000, 909.0000, -549.0000, 0.0000, 255, 255, 0
L 912.0000, -553.5000, 0.0000, 909.0000, -558.0000, 0.0000, 255, 255, 0
L 348.0000, -508.0000, 0.0000, 344.5000, -503.5000, 0.0000, 255, 255, 0
L 348.0000, -499.0000, 0.0000, 344.5000, -503.5000, 0.0000, 255, 255, 0
L 344.5000, -503.5000, 0.0000, 341.0000, -499.0000, 0.0000, 255, 255, 0
L 344.5000, -503.5000, 0.0000, 341.0000, -508.0000, 0.0000, 255, 255, 0
L 541.0000, -750.0000, 0.0000, 538.0000, -745.5000, 0.0000, 255, 255, 0
L 541.0000, -741.0000, 0.0000, 538.0000, -745.5000, 0.0000, 255, 255, 0
L 538.0000, -745.5000, 0.0000, 535.0000, -741.0000, 0.0000, 255, 255, 0
L 538.0000, -745.5000, 0.0000, 535.0000, -750.0000, 0.0000, 255, 255, 0
L 616.0000, -440.0000, 27.0000, 612.5000, -435.5000, 27.0000, 255, 255, 0
L 616.0000, -431.0000, 27.0000, 612.5000, -435.5000, 27.0000, 255, 255, 0
L 612.5000, -435.5000, 27.0000, 609.0000, -431.0000, 27.0000, 255, 255, 0
L 612.5000, -435.5000, 27.0000, 609.0000, -440.0000, 27.0000, 255, 255, 0
L 606.0000, -456.0000, 27.0000, 601.5000, -452.5000, 27.0000, 255, 255, 0
L 606.0000, -449.0000, 27.0000, 601.5000, -452.5000, 27.0000, 255, 255, 0
L 601.5000, -452.5000, 27.0000, 597.0000, -449.0000, 27.0000, 255, 255, 0
L 601.5000, -452.5000, 27.0000, 597.0000, -456.0000, 27.0000, 255, 255, 0
L 593.0000, -440.0000, 27.0000, 590.0000, -435.5000, 27.0000, 255, 255, 0
L 593.0000, -431.0000, 27.0000, 590.0000, -435.5000, 27.0000, 255, 255, 0
L 590.0000, -435.5000, 27.0000, 587.0000, -431.0000, 27.0000, 255, 255, 0
L 590.0000, -435.5000, 27.0000, 587.0000, -440.0000, 27.0000, 255, 255, 0
L 757.0999, -349.1999, -14.0000, 742.0000, -363.0000, -13.0000, 150, 150, 150
L 757.0999, -349.1999, -14.0000, 731.7999, -350.0999, -13.6999, 150, 150, 150
L 731.7999, -350.0999, -13.6999, 713.0000, -363.0000, -13.0000, 150, 150, 150
L 630.2999, -266.5000, -4.5000, 618.8999, -280.0000, -13.0000, 0, 0, 0
L 630.2999, -266.5000, -4.5000, 643.3999, -266.7999, -4.5000, 0, 0, 0
L 643.3999, -266.7999, -4.5000, 657.0000, -280.0000, -13.0000, 0, 0, 0
L 384.6999, -498.1999, 0.0000, 384.6999, -509.3999, 0.0000, 0, 0, 0
L 805.5999, -582.8999, -4.0000, 805.5999, -563.0000, -4.0000, 150, 150, 150
L 805.5999, -542.0000, -4.0000, 805.5999, -522.6999, -4.0000, 150, 150, 150
L 805.5999, -522.6999, -4.0000, 829.0000, -522.6999, -4.0000, 150, 150, 150
L 842.0000, -522.6999, -4.0000, 865.7999, -522.6999, -4.0000, 150, 150, 150
L 865.7999, -522.6999, -4.0000, 865.7999, -582.8999, -4.0000, 150, 150, 150
L 865.7999, -582.8999, -4.0000, 841.0000, -582.8999, -4.0000, 150, 150, 150
L 829.1999, -582.8999, -4.0000, 805.5999, -582.8999, -4.0000, 150, 150, 150
L 855.5000, -564.7999, -4.0000, 847.3999, -572.6999, -4.0000, 150, 150, 150
L 788.0000, -408.0000, -8.0000, 785.0000, -408.0000, -8.0000, 205, 133, 63
L 785.0000, -412.0000, -8.0000, 785.0000, -405.0000, -8.0000, 205, 133, 63
L 780.0000, -412.0000, -8.0000, 780.0000, -408.0000, -8.0000, 205, 133, 63
L 780.0000, -408.0000, -8.0000, 780.0000, -405.0000, -8.0000, 205, 133, 63
L 780.0000, -408.0000, -8.0000, 778.0000, -408.0000, -8.0000, 205, 133, 63
L 876.7999, -441.0000, -8.0000, 876.7999, -422.6999, -8.0000, 205, 133, 63
L 872.5000, -384.6999, -8.0000, 876.5000, -384.6999, -8.0000, 205, 133, 63
L 876.5000, -384.6999, -8.0000, 876.5000, -377.0000, -8.0000, 205, 133, 63
L 848.0000, -414.0000, -8.0000, 848.0000, -411.0000, -8.0000, 205, 133, 63
L 840.0000, -414.0000, -8.0000, 840.0000, -411.0000, -8.0000, 0, 0, 0
L 851.0000, -414.0000, -8.0000, 848.0000, -414.0000, -8.0000, 205, 133, 63
L 848.0000, -394.0000, -8.0000, 848.0000, -391.0000, -8.0000, 205, 133, 63
L 842.0000, -414.0000, -8.0000, 842.0000, -411.0000, -8.0000, 205, 133, 63
L 848.0000, -418.0000, -8.0000, 848.0000, -414.0000, -8.0000, 205, 133, 63
L 780.0000, -412.0000, -8.0000, 785.0000, -412.0000, -8.0000, 205, 133, 63
L 785.0000, -405.0000, -8.0000, 780.0000, -405.0000, -8.0000, 205, 133, 63
L 842.0000, -418.0000, -8.0000, 842.0000, -414.0000, -8.0000, 205, 133, 63
L 842.0000, -414.0000, -8.0000, 840.0000, -414.0000, -8.0000, 205, 133, 63
L 840.0000, -366.0000, -8.0000, 881.0000, -366.0000, -8.0000, 0, 0, 0
L 883.0000, -409.0000, -8.0000, 883.0000, -411.0000, -8.0000, 0, 0, 0
L 883.0000, -406.0000, -8.0000, 886.0000, -406.0000, -8.0000, 205, 133, 63
L 886.0000, -406.0000, -8.0000, 890.0000, -406.0000, -8.0000, 205, 133, 63
L 886.0000, -402.0000, -8.0000, 883.0000, -402.0000, -8.0000, 205, 133, 63
L 811.0000, -426.0000, -8.0000, 811.0000, -398.0000, -8.0000, 0, 0, 0
L 886.0000, -402.0000, -8.0000, 886.0000, -400.0000, -8.0000, 205, 133, 63
L 840.0000, -394.0000, -8.0000, 840.0000, -366.0000, -8.0000, 0, 0, 0
L 848.0000, -418.0000, -8.0000, 842.0000, -418.0000, -8.0000, 205, 133, 63
L 842.0000, -398.0000, -8.0000, 842.0000, -394.0000, -8.0000, 205, 133, 63
L 866.7999, -422.6999, -8.0000, 866.7999, -418.6999, -8.0000, 205, 133, 63
L 842.0000, -394.0000, -8.0000, 840.0000, -394.0000, -8.0000, 205, 133, 63
L 842.0000, -394.0000, -8.0000, 842.0000, -391.0000, -8.0000, 205, 133, 63
L 851.0000, -394.0000, -8.0000, 848.0000, -394.0000, -8.0000, 205, 133, 63
L 848.0000, -411.0000, -8.0000, 842.0000, -411.0000, -8.0000, 205, 133, 63
L 876.7999, -422.6999, -8.0000, 866.7999, -422.6999, -8.0000, 205, 133, 63
L 848.0000, -391.0000, -8.0000, 842.0000, -391.0000, -8.0000, 205, 133, 63
L 848.0000, -398.0000, -8.0000, 842.0000, -398.0000, -8.0000, 205, 133, 63
L 917.0000, -384.0000, -8.0000, 917.0000, -425.0000, -8.0000, 0, 0, 0
L 811.0000, -426.0000, -8.0000, 797.0000, -426.0000, -8.0000, 0, 0, 0
L 851.0000, -391.0000, -8.0000, 851.0000, -398.0000, -8.0000, 0, 0, 0
L 797.0000, -426.0000, -8.0000, 797.0000, -412.0000, -8.0000, 0, 0, 0
L 797.0000, -405.0000, -8.0000, 788.0000, -405.0000, -8.0000, 0, 0, 0
L 770.0000, -412.0000, -8.0000, 778.0000, -412.0000, -8.0000, 0, 0, 0
L 848.0000, -398.0000, -8.0000, 848.0000, -394.0000, -8.0000, 205, 133, 63
L 881.0000, -445.0000, -8.0000, 866.8999, -445.0000, -8.0000, 0, 0, 0
L 778.0000, -405.0000, -8.0000, 770.5999, -405.0000, -8.0000, 0, 0, 0
L 825.0000, -453.0000, -8.0000, 770.0000, -453.0000, -8.0000, 0, 0, 0
L 851.0000, -411.0000, -8.0000, 851.0000, -418.0000, -8.0000, 0, 0, 0
L 851.0000, -418.0000, -8.0000, 881.0000, -418.0000, -8.0000, 0, 0, 0
L 881.0000, -391.0000, -8.0000, 872.5000, -391.0000, -8.0000, 0, 0, 0
L 770.0000, -453.0000, -8.0000, 770.0000, -412.0000, -8.0000, 0, 0, 0
L 825.0000, -411.0000, -8.0000, 825.0000, -453.0000, -8.0000, 0, 0, 0
L 883.0000, -400.0000, -8.0000, 883.0000, -398.0000, -8.0000, 0, 0, 0
L 778.0000, -412.0000, -8.0000, 778.0000, -405.0000, -8.0000, 0, 0, 0
L 788.0000, -412.0000, -8.0000, 788.0000, -405.0000, -8.0000, 0, 0, 0
L 889.0000, -409.0000, -8.0000, 890.0000, -409.0000, -8.0000, 0, 0, 0
L 890.0000, -384.0000, -8.0000, 917.0000, -384.0000, -8.0000, 0, 0, 0
L 788.0000, -412.0000, -8.0000, 797.0000, -412.0000, -8.0000, 0, 0, 0
L 883.0000, -400.0000, -8.0000, 890.0000, -400.0000, -8.0000, 0, 0, 0
L 890.0000, -409.0000, -8.0000, 890.0000, -425.0000, -8.0000, 0, 0, 0
L 851.0000, -398.0000, -8.0000, 882.0000, -398.0000, -8.0000, 0, 0, 0
L 882.0000, -398.0000, -8.0000, 883.0000, -398.0000, -8.0000, 0, 0, 0
L 881.0000, -418.0000, -8.0000, 881.0000, -445.0000, -8.0000, 0, 0, 0
L 883.0000, -411.0000, -8.0000, 851.0000, -411.0000, -8.0000, 0, 0, 0
L 872.0000, -391.0000, -8.0000, 862.7999, -391.0000, -8.0000, 0, 0, 0
L 840.0000, -411.0000, -8.0000, 825.0000, -411.0000, -8.0000, 0, 0, 0
L 840.0000, -398.0000, -8.0000, 811.0000, -398.0000, -8.0000, 0, 0, 0
L 917.0000, -425.0000, -8.0000, 890.0000, -425.0000, -8.0000, 0, 0, 0
L 840.0000, -398.0000, -8.0000, 840.0000, -394.0000, -8.0000, 0, 0, 0
L 883.0000, -409.0000, -8.0000, 886.0000, -409.0000, -8.0000, 0, 0, 0
L 890.0000, -384.0000, -8.0000, 890.0000, -400.0000, -8.0000, 0, 0, 0
L 881.0000, -366.0000, -8.0000, 881.0000, -391.0000, -8.0000, 0, 0, 0
L 840.0000, -445.0000, -8.0000, 840.0000, -414.0000, -8.0000, 0, 0, 0
L 876.7999, -441.0000, -8.0000, 866.8999, -440.8999, -8.0000, 205, 133, 63
L 796.7999, -438.8999, -8.0000, 818.5999, -438.8999, -8.0000, 205, 133, 63
L 802.5999, -444.6999, -8.0000, 802.5999, -452.8999, -8.0000, 205, 133, 63
L 818.5999, -444.6999, -8.0000, 802.5999, -444.6999, -8.0000, 205, 133, 63
L 818.5999, -438.8999, -8.0000, 818.5999, -444.6999, -8.0000, 205, 133, 63
L 872.5000, -391.0000, -8.0000, 872.0000, -391.0000, -8.0000, 0, 0, 0
L 872.5000, -391.0000, -8.0000, 872.5000, -384.6999, -8.0000, 205, 133, 63
L 886.0000, -409.0000, -8.0000, 889.0000, -409.0000, -8.0000, 0, 0, 0
L 886.0000, -409.0000, -8.0000, 886.0000, -406.0000, -8.0000, 205, 133, 63
L 883.0000, -406.0000, -8.0000, 883.0000, -402.0000, -8.0000, 205, 133, 63
L 876.5000, -377.0000, -8.0000, 862.7999, -377.0000, -8.0000, 205, 133, 63
L 890.0000, -402.0000, -8.0000, 886.0000, -402.0000, -8.0000, 205, 133, 63
L 890.0000, -402.0000, -8.0000, 890.0000, -406.0000, -8.0000, 205, 133, 63
L 796.7999, -438.8999, -8.0000, 796.7999, -452.8999, -8.0000, 205, 133, 63
L 862.7999, -391.0000, -8.0000, 851.0000, -391.0000, -8.0000, 0, 0, 0
L 862.7999, -377.0000, -8.0000, 862.7999, -391.0000, -8.0000, 205, 133, 63
L 770.5999, -405.0000, -8.0000, 770.5999, -393.5000, -8.0000, 0, 0, 0
L 866.8999, -440.8999, -8.0000, 866.8999, -445.0000, -8.0000, 205, 133, 63
L 866.8999, -445.0000, -8.0000, 840.0000, -445.0000, -8.0000, 0, 0, 0
L 797.0000, -393.5000, -8.0000, 799.0000, -390.1999, -8.6999, 0, 0, 0
L 770.5999, -393.5000, -8.0000, 768.5000, -390.1999, -8.6999, 0, 0, 0
L 788.3999, -367.2999, -14.0000, 753.7999, -367.2999, -14.0000, 150, 150, 150
L 788.3999, -367.2999, -14.0000, 812.7999, -367.2999, -14.0000, 150, 150, 150
L 770.5999, -393.5000, -8.0000, 797.0000, -393.5000, -8.0000, 150, 150, 150
L 797.0000, -393.5000, -8.0000, 797.0000, -405.0000, -8.0000, 0, 0, 0
L 762.1999, -380.3999, -11.0000, 760.0999, -377.0999, -11.6999, 0, 0, 0
L 804.8999, -380.3999, -11.0000, 806.8999, -377.0999, -11.6999, 0, 0, 0
L 762.1999, -380.3999, -11.0000, 804.8999, -380.3999, -11.0000, 150, 150, 150
L 808.8999, -373.7999, -12.5000, 810.7999, -370.5000, -13.1999, 0, 0, 0
L 758.0000, -373.7999, -12.5000, 755.8999, -370.5000, -13.1999, 0, 0, 0
L 808.8999, -373.7999, -12.5000, 758.0000, -373.7999, -12.5000, 150, 150, 150
L 766.3999, -386.8999, -9.5000, 764.2999, -383.5999, -10.1999, 0, 0, 0
L 801.0000, -386.8999, -9.5000, 802.8999, -383.5999, -10.1999, 0, 0, 0
L 766.3999, -386.8999, -9.5000, 801.0000, -386.8999, -9.5000, 150, 150, 150
L 802.8999, -383.5999, -10.1999, 804.8999, -380.3999, -11.0000, 0, 0, 0
L 764.2999, -383.5999, -10.1999, 762.1999, -380.3999, -11.0000, 0, 0, 0
L 802.8999, -383.5999, -10.1999, 764.2999, -383.5999, -10.1999, 150, 150, 150
L 799.0000, -390.1999, -8.6999, 801.0000, -386.8999, -9.5000, 0, 0, 0
L 768.5000, -390.1999, -8.6999, 766.3999, -386.8999, -9.5000, 0, 0, 0
L 799.0000, -390.1999, -8.6999, 768.5000, -390.1999, -8.6999, 150, 150, 150
L 806.8999, -377.0999, -11.6999, 808.8999, -373.7999, -12.5000, 0, 0, 0
L 760.0999, -377.0999, -11.6999, 758.0000, -373.7999, -12.5000, 0, 0, 0
L 806.8999, -377.0999, -11.6999, 760.0999, -377.0999, -11.6999, 150, 150, 150
L 755.8999, -370.5000, -13.1999, 753.7999, -367.2999, -14.0000, 0, 0, 0
L 810.7999, -370.5000, -13.1999, 812.7999, -367.2999, -14.0000, 0, 0, 0
L 755.8999, -370.5000, -13.1999, 810.7999, -370.5000, -13.1999, 150, 150, 150
L 618.8999, -280.0000, -13.0000, 657.0000, -280.0000, -13.0000, 150, 150, 150
L 543.0000, -712.0000, -11.0000, 543.0000, -671.0000, -11.0000, 150, 150, 150
L 573.0000, -683.0000, 0.0000, 571.0000, -683.0000, 0.0000, 0, 0, 0
L 571.0000, -683.0000, 0.0000, 568.5000, -682.1999, 0.0000, 0, 0, 0
L 568.0000, -682.0000, 0.0000, 565.0000, -681.0000, 0.0000, 0, 0, 0
L 568.5000, -700.0000, 0.0000, 572.0000, -699.0000, 0.0000, 0, 0, 0
L 568.5000, -682.1999, 0.0000, 568.0000, -682.0000, 0.0000, 0, 0, 0
L 568.5000, -700.0000, 0.0000, 568.5000, -682.1999, 0.0000, 150, 150, 150
L 554.0000, -706.5000, -5.5000, 551.1999, -707.8999, -6.8999, 0, 0, 0
L 554.0000, -676.0000, -5.5000, 551.1999, -674.7999, -6.8999, 0, 0, 0
L 554.0000, -706.5000, -5.5000, 554.0000, -676.0000, -5.5000, 150, 150, 150
L 548.5000, -709.1999, -8.1999, 545.7999, -710.5999, -9.5999, 0, 0, 0
L 548.5000, -673.5000, -8.1999, 545.7999, -672.1999, -9.5999, 0, 0, 0
L 548.5000, -709.1999, -8.1999, 548.5000, -673.5000, -8.1999, 150, 150, 150
L 559.5000, -703.7999, -2.7999, 556.7999, -705.0999, -4.0999, 0, 0, 0
L 559.5000, -678.5000, -2.7999, 556.7999, -677.1999, -4.0999, 0, 0, 0
L 559.5000, -703.7999, -2.7999, 559.5000, -678.5000, -2.7999, 150, 150, 150
L 565.0000, -701.0000, 0.0000, 565.0000, -681.0000, 0.0000, 150, 150, 150
L 562.1999, -702.3999, -1.3999, 559.5000, -703.7999, -2.7999, 0, 0, 0
L 562.1999, -679.7999, -1.3999, 559.5000, -678.5000, -2.7999, 0, 0, 0
L 562.1999, -702.3999, -1.3999, 562.1999, -679.7999, -1.3999, 150, 150, 150
L 556.7999, -705.0999, -4.0999, 554.0000, -706.5000, -5.5000, 0, 0, 0
L 556.7999, -677.1999, -4.0999, 554.0000, -676.0000, -5.5000, 0, 0, 0
L 556.7999, -705.0999, -4.0999, 556.7999, -677.1999, -4.0999, 150, 150, 150
L 551.1999, -707.8999, -6.8999, 548.5000, -709.1999, -8.1999, 0, 0, 0
L 551.1999, -674.7999, -6.8999, 548.5000, -673.5000, -8.1999, 0, 0, 0
L 551.1999, -707.8999, -6.8999, 551.1999, -674.7999, -6.8999, 150, 150, 150
L 545.7999, -710.5999, -9.5999, 543.0000, -712.0000, -11.0000, 0, 0, 0
L 545.7999, -672.1999, -9.5999, 543.0000, -671.0000, -11.0000, 0, 0, 0
L 545.7999, -710.5999, -9.5999, 545.7999, -672.1999, -9.5999, 150, 150, 150
L 442.8999, -474.6999, 0.0000, 442.8999, -482.6999, 0.0000, 0, 0, 0
L 425.0000, -474.6999, 0.0000, 434.8999, -474.6999, 0.0000, 0, 0, 0
L 396.6999, -486.1999, 0.0000, 384.6999, -498.1999, 0.0000, 0, 0, 0
L 384.6999, -509.3999, 0.0000, 396.6999, -521.3999, 0.0000, 0, 0, 0
L 442.8999, -517.0000, 0.0000, 467.0000, -517.0000, 0.0000, 0, 0, 0
L 414.0000, -533.0000, 0.0000, 414.0000, -546.0000, 0.0000, 0, 0, 0
L 414.0000, -461.0000, 0.0000, 414.0000, -474.6999, 0.0000, 0, 0, 0
L 425.0000, -474.6999, 0.0000, 425.0000, -450.0000, 0.0000, 0, 0, 0
L 467.0000, -490.0000, 0.0000, 442.8999, -490.0000, 0.0000, 0, 0, 0
L 425.0000, -557.0000, 0.0000, 425.0000, -533.0000, 0.0000, 0, 0, 0
L 442.8999, -482.6999, 0.0000, 442.8999, -490.0000, 0.0000, 0, 0, 0
L 442.8999, -482.6999, 0.0000, 434.8999, -482.6999, 0.0000, 150, 150, 150
L 434.8999, -474.6999, 0.0000, 442.8999, -474.6999, 0.0000, 0, 0, 0
L 434.8999, -482.6999, 0.0000, 434.8999, -474.6999, 0.0000, 150, 150, 150
L 396.6999, -474.6999, 0.0000, 396.7999, -482.6999, 0.0000, 0, 0, 0
L 404.7999, -482.6999, 0.0000, 396.7999, -482.6999, 0.0000, 150, 150, 150
L 404.7999, -482.6999, 0.0000, 404.7999, -474.6999, 0.0000, 150, 150, 150
L 396.6999, -474.6999, 0.0000, 404.7999, -474.6999, 0.0000, 0, 0, 0
L 404.7999, -474.6999, 0.0000, 414.0000, -474.6999, 0.0000, 0, 0, 0
L 396.6999, -486.1999, 0.0000, 396.7999, -482.6999, 0.0000, 0, 0, 0
L 442.8999, -525.0000, 0.0000, 442.8999, -533.0000, 0.0000, 0, 0, 0
L 434.8999, -533.0000, 0.0000, 442.8999, -533.0000, 0.0000, 0, 0, 0
L 434.8999, -533.0000, 0.0000, 434.8999, -525.0000, 0.0000, 150, 150, 150
L 442.8999, -525.0000, 0.0000, 434.8999, -525.0000, 0.0000, 150, 150, 150
L 434.8999, -533.0000, 0.0000, 425.0000, -533.0000, 0.0000, 0, 0, 0
L 442.8999, -525.0000, 0.0000, 442.8999, -517.0000, 0.0000, 0, 0, 0
L 396.6999, -525.0000, 0.0000, 396.6999, -533.0000, 0.0000, 0, 0, 0
L 396.6999, -525.0000, 0.0000, 404.7999, -525.0000, 0.0000, 150, 150, 150
L 396.6999, -525.0000, 0.0000, 396.6999, -521.3999, 0.0000, 0, 0, 0
L 404.7999, -533.0000, 0.0000, 414.0000, -533.0000, 0.0000, 0, 0, 0
L 397.5999, -529.0000, 0.0000, 398.0000, -530.5999, 0.0000, 0, 0, 0
L 398.0000, -530.5999, 0.0000, 399.1999, -531.6999, 0.0000, 0, 0, 0
L 399.1999, -531.6999, 0.0000, 400.6999, -532.0999, 0.0000, 0, 0, 0
L 400.6999, -532.0999, 0.0000, 402.2999, -531.6999, 0.0000, 0, 0, 0
L 402.2999, -531.6999, 0.0000, 403.3999, -530.5999, 0.0000, 0, 0, 0
L 403.3999, -530.5999, 0.0000, 403.8999, -529.0000, 0.0000, 0, 0, 0
L 403.8999, -529.0000, 0.0000, 403.3999, -527.3999, 0.0000, 0, 0, 0
L 403.3999, -527.3999, 0.0000, 402.2999, -526.2999, 0.0000, 0, 0, 0
L 402.2999, -526.2999, 0.0000, 400.6999, -525.8999, 0.0000, 0, 0, 0
L 400.6999, -525.8999, 0.0000, 399.1999, -526.2999, 0.0000, 0, 0, 0
L 399.1999, -526.2999, 0.0000, 398.0000, -527.3999, 0.0000, 0, 0, 0
L 398.0000, -527.3999, 0.0000, 397.5999, -529.0000, 0.0000, 0, 0, 0
L 396.6999, -533.0000, 0.0000, 404.7999, -533.0000, 0.0000, 0, 0, 0
L 404.7999, -533.0000, 0.0000, 404.7999, -525.0000, 0.0000, 150, 150, 150
L 403.5000, -480.2999, 0.0000, 403.8999, -478.6999, 0.0000, 0, 0, 0
L 398.0000, -480.2999, 0.0000, 399.1999, -481.3999, 0.0000, 0, 0, 0
L 400.6999, -481.7999, 0.0000, 402.2999, -481.3999, 0.0000, 0, 0, 0
L 402.2999, -476.0000, 0.0000, 400.6999, -475.5999, 0.0000, 0, 0, 0
L 402.2999, -481.3999, 0.0000, 403.5000, -480.2999, 0.0000, 0, 0, 0
L 403.5000, -477.0999, 0.0000, 402.2999, -476.0000, 0.0000, 0, 0, 0
L 400.6999, -475.5999, 0.0000, 399.1999, -476.0000, 0.0000, 0, 0, 0
L 399.1999, -481.3999, 0.0000, 400.6999, -481.7999, 0.0000, 0, 0, 0
L 403.8999, -478.6999, 0.0000, 403.5000, -477.0999, 0.0000, 0, 0, 0
L 399.1999, -476.0000, 0.0000, 398.0000, -477.0999, 0.0000, 0, 0, 0
L 398.0000, -477.0999, 0.0000, 397.5999, -478.6999, 0.0000, 0, 0, 0
L 397.5999, -478.6999, 0.0000, 398.0000, -480.2999, 0.0000, 0, 0, 0
L 436.1999, -480.2999, 0.0000, 437.2999, -481.3999, 0.0000, 0, 0, 0
L 441.5999, -480.2999, 0.0000, 442.0000, -478.6999, 0.0000, 0, 0, 0
L 437.2999, -476.0000, 0.0000, 436.1999, -477.0999, 0.0000, 0, 0, 0
L 440.5000, -476.0000, 0.0000, 438.8999, -475.5999, 0.0000, 0, 0, 0
L 440.5000, -481.3999, 0.0000, 441.5999, -480.2999, 0.0000, 0, 0, 0
L 437.2999, -481.3999, 0.0000, 438.8999, -481.7999, 0.0000, 0, 0, 0
L 442.0000, -478.6999, 0.0000, 441.5999, -477.0999, 0.0000, 0, 0, 0
L 438.8999, -481.7999, 0.0000, 440.5000, -481.3999, 0.0000, 0, 0, 0
L 435.7999, -478.6999, 0.0000, 436.1999, -480.2999, 0.0000, 0, 0, 0
L 436.1999, -477.0999, 0.0000, 435.7999, -478.6999, 0.0000, 0, 0, 0
L 441.5999, -477.0999, 0.0000, 440.5000, -476.0000, 0.0000, 0, 0, 0
L 438.8999, -475.5999, 0.0000, 437.2999, -476.0000, 0.0000, 0, 0, 0
L 435.7999, -529.0000, 0.0000, 436.1999, -530.5999, 0.0000, 0, 0, 0
L 440.5000, -526.2999, 0.0000, 438.8999, -525.8999, 0.0000, 0, 0, 0
L 441.5999, -527.3999, 0.0000, 440.5000, -526.2999, 0.0000, 0, 0, 0
L 437.3999, -531.6999, 0.0000, 438.8999, -532.0999, 0.0000, 0, 0, 0
L 438.8999, -532.0999, 0.0000, 440.5000, -531.6999, 0.0000, 0, 0, 0
L 440.5000, -531.6999, 0.0000, 441.5999, -530.5999, 0.0000, 0, 0, 0
L 441.5999, -530.5999, 0.0000, 442.0000, -529.0000, 0.0000, 0, 0, 0
L 442.0000, -529.0000, 0.0000, 441.5999, -527.3999, 0.0000, 0, 0, 0
L 438.8999, -525.8999, 0.0000, 437.3999, -526.2999, 0.0000, 0, 0, 0
L 437.3999, -526.2999, 0.0000, 436.1999, -527.3999, 0.0000, 0, 0, 0
L 436.1999, -527.3999, 0.0000, 435.7999, -529.0000, 0.0000, 0, 0, 0
L 436.1999, -530.5999, 0.0000, 437.3999, -531.6999, 0.0000, 0, 0, 0
L 434.8999, -482.6999, -4.0000, 434.8999, -525.0000, -4.0000, 150, 150, 150
L 434.8999, -482.6999, -4.0000, 404.7999, -482.6999, -4.0000, 150, 150, 150
L 404.7999, -525.0000, -4.0000, 404.7999, -482.6999, -4.0000, 150, 150, 150
L 404.7999, -525.0000, -4.0000, 434.8999, -525.0000, -4.0000, 150, 150, 150
L 414.0000, -474.6999, 0.0000, 425.0000, -474.6999, 0.0000, 150, 150, 150
L 404.7999, -482.6999, -4.0000, 404.7999, -480.6999, -3.0000, 150, 150, 150
L 396.7999, -482.6999, 0.0000, 398.7999, -482.6999, -1.0000, 150, 150, 150
L 396.6999, -525.0000, 0.0000, 398.6999, -525.0000, -1.0000, 150, 150, 150
L 404.7999, -533.0000, 0.0000, 404.7999, -531.0000, -1.0000, 150, 150, 150
L 434.8999, -474.6999, 0.0000, 434.8999, -476.6999, -1.0000, 150, 150, 150
L 434.8999, -482.6999, -4.0000, 436.8999, -482.6999, -3.0000, 150, 150, 150
L 434.8999, -525.0000, -4.0000, 434.8999, -527.0000, -3.0000, 150, 150, 150
L 442.8999, -525.0000, 0.0000, 440.8999, -525.0000, -1.0000, 150, 150, 150
L 414.0000, -533.0000, 0.0000, 425.0000, -533.0000, 0.0000, 150, 150, 150
L 434.8999, -529.0000, -2.0000, 434.8999, -531.0000, -1.0000, 150, 150, 150
L 404.7999, -529.0000, -2.0000, 404.7999, -527.0000, -3.0000, 150, 150, 150
L 434.8999, -529.0000, -2.0000, 404.7999, -529.0000, -2.0000, 150, 150, 150
L 434.8999, -527.0000, -3.0000, 434.8999, -529.0000, -2.0000, 150, 150, 150
L 404.7999, -527.0000, -3.0000, 404.7999, -525.0000, -4.0000, 150, 150, 150
L 434.8999, -527.0000, -3.0000, 404.7999, -527.0000, -3.0000, 150, 150, 150
L 404.7999, -531.0000, -1.0000, 404.7999, -529.0000, -2.0000, 150, 150, 150
L 434.8999, -531.0000, -1.0000, 434.8999, -533.0000, 0.0000, 150, 150, 150
L 404.7999, -531.0000, -1.0000, 434.8999, -531.0000, -1.0000, 150, 150, 150
L 404.7999, -478.6999, -2.0000, 404.7999, -476.6999, -1.0000, 150, 150, 150
L 434.8999, -478.6999, -2.0000, 434.8999, -480.6999, -3.0000, 150, 150, 150
L 404.7999, -478.6999, -2.0000, 434.8999, -478.6999, -2.0000, 150, 150, 150
L 434.8999, -476.6999, -1.0000, 434.8999, -478.6999, -2.0000, 150, 150, 150
L 404.7999, -476.6999, -1.0000, 404.7999, -474.6999, 0.0000, 150, 150, 150
L 434.8999, -476.6999, -1.0000, 404.7999, -476.6999, -1.0000, 150, 150, 150
L 404.7999, -480.6999, -3.0000, 404.7999, -478.6999, -2.0000, 150, 150, 150
L 434.8999, -480.6999, -3.0000, 434.8999, -482.6999, -4.0000, 150, 150, 150
L 404.7999, -480.6999, -3.0000, 434.8999, -480.6999, -3.0000, 150, 150, 150
L 442.8999, -490.0000, 0.0000, 442.8999, -517.0000, 0.0000, 150, 150, 150
L 438.8999, -482.6999, -2.0000, 440.8999, -482.6999, -1.0000, 150, 150, 150
L 438.8999, -525.0000, -2.0000, 436.8999, -525.0000, -3.0000, 150, 150, 150
L 438.8999, -482.6999, -2.0000, 438.8999, -525.0000, -2.0000, 150, 150, 150
L 436.8999, -482.6999, -3.0000, 438.8999, -482.6999, -2.0000, 150, 150, 150
L 436.8999, -525.0000, -3.0000, 434.8999, -525.0000, -4.0000, 150, 150, 150
L 436.8999, -482.6999, -3.0000, 436.8999, -525.0000, -3.0000, 150, 150, 150
L 440.8999, -482.6999, -1.0000, 442.8999, -482.6999, 0.0000, 150, 150, 150
L 440.8999, -525.0000, -1.0000, 438.8999, -525.0000, -2.0000, 150, 150, 150
L 440.8999, -482.6999, -1.0000, 440.8999, -525.0000, -1.0000, 150, 150, 150
L 396.6999, -521.3999, 0.0000, 396.6999, -486.1999, 0.0000, 150, 150, 150
L 400.6999, -525.0000, -2.0000, 402.6999, -525.0000, -3.0000, 150, 150, 150
L 400.7999, -482.6999, -2.0000, 402.7999, -482.6999, -3.0000, 150, 150, 150
L 400.6999, -525.0000, -2.0000, 400.7999, -482.6999, -2.0000, 150, 150, 150
L 402.7999, -482.6999, -3.0000, 404.7999, -482.6999, -4.0000, 150, 150, 150
L 402.6999, -525.0000, -3.0000, 404.7999, -525.0000, -4.0000, 150, 150, 150
L 402.7999, -482.6999, -3.0000, 402.6999, -525.0000, -3.0000, 150, 150, 150
L 398.6999, -525.0000, -1.0000, 400.6999, -525.0000, -2.0000, 150, 150, 150
L 398.7999, -482.6999, -1.0000, 400.7999, -482.6999, -2.0000, 150, 150, 150
L 398.6999, -525.0000, -1.0000, 398.7999, -482.6999, -1.0000, 150, 150, 150
L 829.0000, -511.2999, 0.0000, 829.0000, -488.0000, 0.0000, 0, 0, 0
L 829.0000, -511.2999, 0.0000, 833.0000, -511.2999, 0.0000, 205, 133, 63
L 833.0000, -514.0000, 0.0000, 833.0000, -508.6999, 0.0000, 205, 133, 63
L 833.0000, -508.6999, 0.0000, 837.0000, -508.6999, 0.0000, 205, 133, 63
L 837.0000, -514.0000, 0.0000, 837.0000, -511.2999, 0.0000, 205, 133, 63
L 837.0000, -511.2999, 0.0000, 837.0000, -508.6999, 0.0000, 205, 133, 63
L 841.0000, -511.2999, 0.0000, 841.0000, -499.0000, 0.0000, 0, 0, 0
L 837.0000, -511.2999, 0.0000, 841.0000, -511.2999, 0.0000, 205, 133, 63
L 829.0000, -522.6999, -4.0000, 829.0000, -520.5000, -3.0000, 150, 150, 150
L 842.0000, -522.6999, -4.0000, 841.7999, -520.5000, -3.0000, 150, 150, 150
L 829.0000, -522.6999, -4.0000, 842.0000, -522.6999, -4.0000, 150, 150, 150
L 829.0000, -518.2999, -2.0000, 829.0000, -516.1999, -1.0000, 150, 150, 150
L 841.5000, -518.2999, -2.0000, 841.2999, -516.1999, -1.0000, 150, 150, 150
L 829.0000, -518.2999, -2.0000, 841.5000, -518.2999, -2.0000, 150, 150, 150
L 829.0000, -520.5000, -3.0000, 829.0000, -518.2999, -2.0000, 150, 150, 150
L 841.7999, -520.5000, -3.0000, 841.5000, -518.2999, -2.0000, 150, 150, 150
L 829.0000, -520.5000, -3.0000, 841.7999, -520.5000, -3.0000, 150, 150, 150
L 829.0000, -516.1999, -1.0000, 829.0000, -514.0000, 0.0000, 150, 150, 150
L 841.2999, -516.1999, -1.0000, 841.0000, -514.0000, 0.0000, 0, 0, 0
L 829.0000, -516.1999, -1.0000, 841.2999, -516.1999, -1.0000, 150, 150, 150
L 833.0000, -514.0000, 0.0000, 837.0000, -514.0000, 0.0000, 205, 133, 63
L 796.0000, -514.0000, 0.0000, 796.0000, -522.0000, 0.0000, 0, 0, 0
L 796.0000, -563.0000, 0.0000, 773.0000, -563.0000, 0.0000, 0, 0, 0
L 796.0000, -542.0000, 0.0000, 796.0000, -563.0000, 0.0000, 150, 150, 150
L 796.0000, -563.0000, 0.0000, 796.0000, -583.0000, 0.0000, 0, 0, 0
L 796.0000, -591.0000, 0.0000, 804.0000, -591.0000, 0.0000, 0, 0, 0
L 805.5999, -542.0000, -4.0000, 803.1999, -542.0000, -3.0000, 150, 150, 150
L 805.5999, -563.0000, -4.0000, 803.1999, -563.0000, -3.0000, 150, 150, 150
L 805.5999, -563.0000, -4.0000, 805.5999, -542.0000, -4.0000, 150, 150, 150
L 800.7999, -563.0000, -2.0000, 798.3999, -563.0000, -1.0000, 150, 150, 150
L 800.7999, -542.0000, -2.0000, 798.3999, -542.0000, -1.0000, 150, 150, 150
L 800.7999, -563.0000, -2.0000, 800.7999, -542.0000, -2.0000, 150, 150, 150
L 803.1999, -563.0000, -3.0000, 800.7999, -563.0000, -2.0000, 150, 150, 150
L 803.1999, -542.0000, -3.0000, 800.7999, -542.0000, -2.0000, 150, 150, 150
L 803.1999, -563.0000, -3.0000, 803.1999, -542.0000, -3.0000, 150, 150, 150
L 798.3999, -563.0000, -1.0000, 796.0000, -563.0000, 0.0000, 150, 150, 150
L 798.3999, -542.0000, -1.0000, 796.0000, -542.0000, 0.0000, 150, 150, 150
L 798.3999, -563.0000, -1.0000, 798.3999, -542.0000, -1.0000, 150, 150, 150
L 841.0000, -582.8999, -4.0000, 841.0000, -584.8999, -3.0000, 150, 150, 150
L 829.1999, -582.8999, -4.0000, 829.0999, -584.8999, -3.0000, 150, 150, 150
L 829.0000, -591.0000, 0.0000, 841.0000, -591.0000, 0.0000, 150, 150, 150
L 841.0000, -582.8999, -4.0000, 829.1999, -582.8999, -4.0000, 150, 150, 150
L 829.0999, -586.8999, -2.0000, 829.0000, -589.0000, -1.0000, 150, 150, 150
L 841.0000, -586.8999, -2.0000, 841.0000, -589.0000, -1.0000, 150, 150, 150
L 829.0999, -586.8999, -2.0000, 841.0000, -586.8999, -2.0000, 150, 150, 150
L 829.0000, -589.0000, -1.0000, 829.0000, -591.0000, 0.0000, 150, 150, 150
L 841.0000, -589.0000, -1.0000, 841.0000, -591.0000, 0.0000, 150, 150, 150
L 829.0000, -589.0000, -1.0000, 841.0000, -589.0000, -1.0000, 150, 150, 150
L 829.0999, -584.8999, -3.0000, 829.0999, -586.8999, -2.0000, 150, 150, 150
L 841.0000, -584.8999, -3.0000, 841.0000, -586.8999, -2.0000, 150, 150, 150
L 829.0999, -584.8999, -3.0000, 841.0000, -584.8999, -3.0000, 150, 150, 150
L 855.5000, -564.7999, -4.0000, 855.5000, -552.5000, -4.0000, 150, 150, 150
L 835.5000, -572.6999, 0.0000, 841.5000, -572.6999, 0.0000, 150, 150, 150
L 847.3999, -572.6999, -4.0000, 835.5000, -572.6999, -4.0000, 150, 150, 150
L 855.5000, -558.5999, 0.0000, 855.5000, -552.5000, 0.0000, 150, 150, 150
L 841.5000, -572.6999, 0.0000, 855.5000, -558.5999, 0.0000, 150, 150, 150
L 847.3999, -572.6999, -4.0000, 845.8999, -572.6999, -3.0000, 150, 150, 150
L 855.5000, -564.7999, -4.0000, 855.5000, -563.1999, -3.0000, 150, 150, 150
L 855.5000, -561.6999, -2.0000, 855.5000, -560.1999, -1.0000, 150, 150, 150
L 844.3999, -572.6999, -2.0000, 842.8999, -572.6999, -1.0000, 150, 150, 150
L 855.5000, -561.6999, -2.0000, 844.3999, -572.6999, -2.0000, 150, 150, 150
L 842.8999, -572.6999, -1.0000, 841.5000, -572.6999, 0.0000, 150, 150, 150
L 855.5000, -560.1999, -1.0000, 855.5000, -558.5999, 0.0000, 150, 150, 150
L 842.8999, -572.6999, -1.0000, 855.5000, -560.1999, -1.0000, 150, 150, 150
L 845.8999, -572.6999, -3.0000, 844.3999, -572.6999, -2.0000, 150, 150, 150
L 855.5000, -563.1999, -3.0000, 855.5000, -561.6999, -2.0000, 150, 150, 150
L 845.8999, -572.6999, -3.0000, 855.5000, -563.1999, -3.0000, 150, 150, 150
L 815.5000, -561.6999, -2.0000, 815.5000, -560.1999, -1.0000, 150, 150, 150
L 826.5999, -572.6999, -2.0000, 828.0999, -572.6999, -1.0000, 150, 150, 150
L 829.5999, -572.6999, -0.0000, 815.5000, -558.5999, -0.0000, 150, 150, 150
L 823.5999, -572.6999, -4.0000, 825.0999, -572.6999, -3.0000, 150, 150, 150
L 815.5000, -564.7999, -4.0000, 815.5000, -563.1999, -3.0000, 150, 150, 150
L 823.5999, -572.6999, -4.0000, 835.5000, -572.6999, -4.0000, 150, 150, 150
L 828.0999, -572.6999, -1.0000, 815.5000, -560.1999, -1.0000, 150, 150, 150
L 815.5000, -564.7999, -4.0000, 823.5999, -572.6999, -4.0000, 150, 150, 150
L 825.0999, -572.6999, -3.0000, 826.5999, -572.6999, -2.0000, 150, 150, 150
L 835.5000, -572.6999, 0.0000, 829.5999, -572.6999, -0.0000, 150, 150, 150
L 815.5000, -561.6999, -2.0000, 826.5999, -572.6999, -2.0000, 150, 150, 150
L 815.5000, -563.1999, -3.0000, 815.5000, -561.6999, -2.0000, 150, 150, 150
L 825.0999, -572.6999, -3.0000, 815.5000, -563.1999, -3.0000, 150, 150, 150
L 828.0999, -572.6999, -1.0000, 829.5999, -572.6999, -0.0000, 150, 150, 150
L 815.5000, -564.7999, -4.0000, 815.5000, -552.5000, -4.0000, 150, 150, 150
L 815.5000, -558.5999, -0.0000, 815.5000, -552.5000, -0.0000, 150, 150, 150
L 815.5000, -560.1999, -1.0000, 815.5000, -558.5999, -0.0000, 150, 150, 150
L 841.5000, -532.2999, 0.0000, 855.5000, -546.3999, 0.0000, 150, 150, 150
L 855.5000, -546.3999, 0.0000, 855.5000, -552.5000, 0.0000, 150, 150, 150
L 855.5000, -540.1999, -4.0000, 847.3999, -532.2999, -4.0000, 150, 150, 150
L 855.5000, -540.1999, -4.0000, 855.5000, -552.5000, -4.0000, 150, 150, 150
L 847.3999, -532.2999, -4.0000, 845.8999, -532.2999, -3.0000, 150, 150, 150
L 855.5000, -540.1999, -4.0000, 855.5000, -541.7999, -3.0000, 150, 150, 150
L 835.5000, -532.2999, 0.0000, 841.5000, -532.2999, 0.0000, 150, 150, 150
L 828.0999, -532.2999, -1.0000, 829.5999, -532.2999, -0.0000, 150, 150, 150
L 815.5000, -541.7999, -3.0000, 815.5000, -543.2999, -2.0000, 150, 150, 150
L 845.8999, -532.2999, -3.0000, 844.3999, -532.2999, -2.0000, 150, 150, 150
L 825.0999, -532.2999, -3.0000, 815.5000, -541.7999, -3.0000, 150, 150, 150
L 815.5000, -543.2999, -2.0000, 826.5999, -532.2999, -2.0000, 150, 150, 150
L 855.5000, -543.2999, -2.0000, 855.5000, -544.7999, -1.0000, 150, 150, 150
L 844.3999, -532.2999, -2.0000, 842.8999, -532.2999, -1.0000, 150, 150, 150
L 842.8999, -532.2999, -1.0000, 841.5000, -532.2999, 0.0000, 150, 150, 150
L 815.5000, -546.3999, -0.0000, 815.5000, -552.5000, -0.0000, 150, 150, 150
L 842.8999, -532.2999, -1.0000, 855.5000, -544.7999, -1.0000, 150, 150, 150
L 855.5000, -543.2999, -2.0000, 844.3999, -532.2999, -2.0000, 150, 150, 150
L 847.3999, -532.2999, -4.0000, 835.5000, -532.2999, -4.0000, 150, 150, 150
L 815.5000, -540.1999, -4.0000, 815.5000, -552.5000, -4.0000, 150, 150, 150
L 815.5000, -544.7999, -1.0000, 815.5000, -546.3999, -0.0000, 150, 150, 150
L 829.5999, -532.2999, -0.0000, 815.5000, -546.3999, -0.0000, 150, 150, 150
L 845.8999, -532.2999, -3.0000, 855.5000, -541.7999, -3.0000, 150, 150, 150
L 815.5000, -540.1999, -4.0000, 823.5999, -532.2999, -4.0000, 150, 150, 150
L 835.5000, -532.2999, 0.0000, 829.5999, -532.2999, -0.0000, 150, 150, 150
L 855.5000, -544.7999, -1.0000, 855.5000, -546.3999, 0.0000, 150, 150, 150
L 823.5999, -532.2999, -4.0000, 825.0999, -532.2999, -3.0000, 150, 150, 150
L 825.0999, -532.2999, -3.0000, 826.5999, -532.2999, -2.0000, 150, 150, 150
L 828.0999, -532.2999, -1.0000, 815.5000, -544.7999, -1.0000, 150, 150, 150
L 815.5000, -543.2999, -2.0000, 815.5000, -544.7999, -1.0000, 150, 150, 150
L 826.5999, -532.2999, -2.0000, 828.0999, -532.2999, -1.0000, 150, 150, 150
L 823.5999, -532.2999, -4.0000, 835.5000, -532.2999, -4.0000, 150, 150, 150
L 855.5000, -541.7999, -3.0000, 855.5000, -543.2999, -2.0000, 150, 150, 150
L 815.5000, -540.1999, -4.0000, 815.5000, -541.7999, -3.0000, 150, 150, 150
L 866.8999, -518.0000, 0.0000, 867.2999, -519.5999, 0.0000, 0, 0, 0
L 870.0000, -521.0999, 0.0000, 871.5999, -520.6999, 0.0000, 0, 0, 0
L 873.0999, -518.0000, 0.0000, 872.6999, -516.3999, 0.0000, 0, 0, 0
L 871.5999, -520.6999, 0.0000, 872.6999, -519.5999, 0.0000, 0, 0, 0
L 874.0000, -522.0000, 0.0000, 866.0000, -522.0000, 0.0000, 150, 150, 150
L 868.5000, -520.6999, 0.0000, 870.0000, -521.0999, 0.0000, 0, 0, 0
L 870.0000, -514.8999, 0.0000, 868.5000, -515.2999, 0.0000, 0, 0, 0
L 866.0000, -514.0000, 0.0000, 874.0000, -514.0000, 0.0000, 0, 0, 0
L 872.6999, -516.3999, 0.0000, 871.5999, -515.2999, 0.0000, 0, 0, 0
L 866.0000, -522.0000, 0.0000, 866.0000, -514.0000, 0.0000, 150, 150, 150
L 867.2999, -519.5999, 0.0000, 868.5000, -520.6999, 0.0000, 0, 0, 0
L 872.6999, -519.5999, 0.0000, 873.0999, -518.0000, 0.0000, 0, 0, 0
L 871.5999, -515.2999, 0.0000, 870.0000, -514.8999, 0.0000, 0, 0, 0
L 874.0000, -514.0000, 0.0000, 874.0000, -522.0000, 0.0000, 0, 0, 0
L 868.5000, -515.2999, 0.0000, 867.2999, -516.3999, 0.0000, 0, 0, 0
L 867.2999, -516.3999, 0.0000, 866.8999, -518.0000, 0.0000, 0, 0, 0
L 868.3999, -589.6999, 0.0000, 870.0000, -590.0999, 0.0000, 0, 0, 0
L 873.0999, -587.0000, 0.0000, 872.6999, -585.3999, 0.0000, 0, 0, 0
L 866.8999, -587.0000, 0.0000, 867.2999, -588.5999, 0.0000, 0, 0, 0
L 870.0000, -590.0999, 0.0000, 871.5000, -589.6999, 0.0000, 0, 0, 0
L 871.5000, -589.6999, 0.0000, 872.6999, -588.5999, 0.0000, 0, 0, 0
L 870.0000, -583.8999, 0.0000, 868.3999, -584.2999, 0.0000, 0, 0, 0
L 866.0000, -583.0000, 0.0000, 874.0000, -583.0000, 0.0000, 150, 150, 150
L 866.0000, -591.0000, 0.0000, 866.0000, -583.0000, 0.0000, 150, 150, 150
L 867.2999, -588.5999, 0.0000, 868.3999, -589.6999, 0.0000, 0, 0, 0
L 872.6999, -585.3999, 0.0000, 871.5000, -584.2999, 0.0000, 0, 0, 0
L 872.6999, -588.5999, 0.0000, 873.0999, -587.0000, 0.0000, 0, 0, 0
L 871.5000, -584.2999, 0.0000, 870.0000, -583.8999, 0.0000, 0, 0, 0
L 874.0000, -583.0000, 0.0000, 874.0000, -591.0000, 0.0000, 0, 0, 0
L 868.3999, -584.2999, 0.0000, 867.2999, -585.3999, 0.0000, 0, 0, 0
L 867.2999, -585.3999, 0.0000, 866.8999, -587.0000, 0.0000, 0, 0, 0
L 866.0000, -591.0000, 0.0000, 874.0000, -591.0000, 0.0000, 0, 0, 0
L 803.0999, -587.0000, 0.0000, 802.6999, -585.3999, 0.0000, 0, 0, 0
L 798.3999, -589.6999, 0.0000, 800.0000, -590.0999, 0.0000, 0, 0, 0
L 802.6999, -588.5999, 0.0000, 803.0999, -587.0000, 0.0000, 0, 0, 0
L 800.0000, -590.0999, 0.0000, 801.5000, -589.6999, 0.0000, 0, 0, 0
L 801.5000, -589.6999, 0.0000, 802.6999, -588.5999, 0.0000, 0, 0, 0
L 802.6999, -585.3999, 0.0000, 801.5000, -584.2999, 0.0000, 0, 0, 0
L 801.5000, -584.2999, 0.0000, 800.0000, -583.8999, 0.0000, 0, 0, 0
L 800.0000, -583.8999, 0.0000, 798.3999, -584.2999, 0.0000, 0, 0, 0
L 798.3999, -584.2999, 0.0000, 797.2999, -585.3999, 0.0000, 0, 0, 0
L 797.2999, -585.3999, 0.0000, 796.8999, -587.0000, 0.0000, 0, 0, 0
L 796.8999, -587.0000, 0.0000, 797.2999, -588.5999, 0.0000, 0, 0, 0
L 797.2999, -588.5999, 0.0000, 798.3999, -589.6999, 0.0000, 0, 0, 0
L 796.0000, -583.0000, 0.0000, 804.0000, -583.0000, 0.0000, 150, 150, 150
L 804.0000, -583.0000, 0.0000, 804.0000, -591.0000, 0.0000, 150, 150, 150
L 796.0000, -583.0000, 0.0000, 796.0000, -591.0000, 0.0000, 0, 0, 0
L 804.0000, -591.0000, 0.0000, 829.0000, -591.0000, 0.0000, 0, 0, 0
L 796.8999, -518.0000, 0.0000, 797.2999, -519.5999, 0.0000, 0, 0, 0
L 803.0999, -518.0000, 0.0000, 802.6999, -516.3999, 0.0000, 0, 0, 0
L 798.3999, -520.6999, 0.0000, 800.0000, -521.0999, 0.0000, 0, 0, 0
L 800.0000, -514.8999, 0.0000, 798.3999, -515.2999, 0.0000, 0, 0, 0
L 801.5000, -515.2999, 0.0000, 800.0000, -514.8999, 0.0000, 0, 0, 0
L 800.0000, -521.0999, 0.0000, 801.5000, -520.6999, 0.0000, 0, 0, 0
L 802.6999, -516.3999, 0.0000, 801.5000, -515.2999, 0.0000, 0, 0, 0
L 797.2999, -516.3999, 0.0000, 796.8999, -518.0000, 0.0000, 0, 0, 0
L 797.2999, -519.5999, 0.0000, 798.3999, -520.6999, 0.0000, 0, 0, 0
L 801.5000, -520.6999, 0.0000, 802.6999, -519.5999, 0.0000, 0, 0, 0
L 802.6999, -519.5999, 0.0000, 803.0999, -518.0000, 0.0000, 0, 0, 0
L 798.3999, -515.2999, 0.0000, 797.2999, -516.3999, 0.0000, 0, 0, 0
L 804.0000, -514.0000, 0.0000, 804.0000, -522.0000, 0.0000, 150, 150, 150
L 804.0000, -522.0000, 0.0000, 796.0000, -522.0000, 0.0000, 150, 150, 150
L 804.0000, -514.0000, 0.0000, 796.0000, -514.0000, 0.0000, 0, 0, 0
L 796.0000, -522.0000, 0.0000, 796.0000, -542.0000, 0.0000, 0, 0, 0
L 866.0000, -514.0000, 0.0000, 841.0000, -514.0000, 0.0000, 0, 0, 0
L 874.0000, -522.0000, 0.0000, 874.0000, -583.0000, 0.0000, 0, 0, 0
