L 382.0000, 60.0000, 14.0000, 405.0000, 60.0000, 14.0000, 0, 204, 0
L 382.0000, 83.0000, 14.0000, 382.0000, 60.0000, 14.0000, 0, 204, 0
L 403.0000, 83.0000, 14.0000, 382.0000, 83.0000, 14.0000, 0, 204, 0
L 403.0000, 86.0000, 14.0000, 403.0000, 100.0000, 14.0000, 0, 204, 0
L 382.0000, 86.0000, 14.0000, 403.0000, 86.0000, 14.0000, 0, 204, 0
L 382.0000, 109.0000, 14.0000, 382.0000, 86.0000, 14.0000, 0, 204, 0
L 417.0000, 109.0000, 14.0000, 404.0000, 109.0000, 14.0000, 0, 204, 0
L 417.0000, 44.0000, 14.0000, 417.0000, 109.0000, 14.0000, 0, 204, 0
L 392.0000, 57.0000, 0.0000, 392.0000, 44.0000, 0.0000, 150, 150, 150
L 405.0000, 57.0000, 14.0000, 403.0000, 57.0000, 12.0000, 0, 204, 0
L 714.0000, -349.0000, -13.0000, 727.0000, -350.0000, -13.0000, 199, 21, 133
L 375.0000, -151.0000, 14.0000, 375.0000, -183.0000, 14.0000, 0, 204, 0
L 389.0000, -165.0000, 14.0000, 378.0000, -165.0000, 14.0000, 0, 204, 0
L 389.0000, -142.0000, 14.0000, 389.0000, -165.0000, 14.0000, 0, 204, 0
L 361.0000, -165.0000, 14.0000, 340.0000, -165.0000, 14.0000, 0, 204, 0
L 363.0000, -184.0000, 14.0000, 363.0000, -151.0000, 14.0000, 0, 204, 0
L 389.0000, -193.0000, 14.0000, 362.0000, -193.0000, 14.0000, 0, 204, 0
L 431.0000, -111.0000, 14.0000, 431.0000, -115.0000, 14.0000, 205, 133, 63
L 443.0000, -111.0000, 14.0000, 431.0000, -111.0000, 14.0000, 205, 133, 63
L 443.0000, -100.0000, 14.0000, 443.0000, -111.0000, 14.0000, 205, 133, 63
L 408.0000, -100.0000, 14.0000, 443.0000, -100.0000, 14.0000, 0, 204, 0
L 408.0000, -151.0000, 14.0000, 408.0000, -100.0000, 14.0000, 0, 204, 0
L 459.0000, -151.0000, 14.0000, 408.0000, -151.0000, 14.0000, 0, 204, 0
L 459.0000, -86.0000, 14.0000, 459.0000, -151.0000, 14.0000, 0, 204, 0
L 237.0000, -84.0000, 0.0000, 321.0000, -84.0000, 0.0000, 0, 0, 0
L 237.0000, -55.0000, 0.0000, 237.0000, -84.0000, 0.0000, 0, 0, 0
L 248.0000, -44.0000, 0.0000, 237.0000, -55.0000, 0.0000, 0, 0, 0
L 627.0000, -98.0000, 44.0000, 623.0000, -98.0000, 42.0000, 0, 204, 0
L -265.0000, -55.0000, 0.0000, -207.0000, -55.0000, 0.0000, 0, 0, 0
L -154.0000, -55.0000, 0.0000, -154.0000, 14.0000, 0.0000, 0, 0, 0
L -154.0000, 14.0000, 0.0000, -112.0000, 14.0000, 0.0000, 0, 0, 0
L -112.0000, 14.0000, 0.0000, -112.0000, 18.0000, 0.0000, 0, 0, 0
L -112.0000, 18.0000, 0.0000, -107.0000, 18.0000, 0.0000, 0, 0, 0
L -107.0000, 18.0000, 0.0000, -107.0000, 14.0000, 0.0000, 0, 0, 0
L -107.0000, 14.0000, 0.0000, -83.0000, -13.0000, 0.0000, 0, 0, 0
L -83.0000, -13.0000, 0.0000, -27.0000, -41.0000, 0.0000, 0, 0, 0
L -27.0000, -41.0000, 0.0000, 14.0000, -41.0000, 0.0000, 0, 0, 0
L 14.0000, -41.0000, 0.0000, 42.0000, -55.0000, 0.0000, 0, 0, 0
L 42.0000, -55.0000, 0.0000, 41.0000, -42.0000, 0.0000, 0, 0, 0
L 41.0000, -42.0000, 0.0000, 55.0000, -22.0000, 0.0000, 0, 0, 0
L 55.0000, -22.0000, 0.0000, 55.0000, -17.0000, 0.0000, 0, 0, 0
L 55.0000, 21.0000, 0.0000, 41.0000, 27.0000, 0.0000, 0, 0, 0
L 41.0000, 27.0000, 0.0000, 13.0000, 36.0000, 0.0000, 0, 0, 0
L 14.0000, 41.0000, 0.0000, -28.0000, 27.0000, 0.0000, 0, 0, 0
L -28.0000, 27.0000, 0.0000, -70.0000, 41.0000, 0.0000, 0, 0, 0
L -70.0000, 41.0000, 0.0000, -107.0000, 41.0000, 0.0000, 0, 0, 0
L -107.0000, 41.0000, 0.0000, -107.0000, 37.0000, 0.0000, 0, 0, 0
L -107.0000, 37.0000, 0.0000, -112.0000, 37.0000, 0.0000, 0, 0, 0
L -112.0000, 37.0000, 0.0000, -112.0000, 41.0000, 0.0000, 0, 0, 0
L -112.0000, 41.0000, 0.0000, -181.0000, 41.0000, 0.0000, 0, 0, 0
L -181.0000, 41.0000, 0.0000, -181.0000, -28.0000, 0.0000, 0, 0, 0
L -207.0000, -55.0000, 0.0000, -154.0000, -55.0000, 0.0000, 0, 0, 0
L 55.0000, 17.0000, 0.0000, 55.0000, 21.0000, 0.0000, 0, 0, 0
L 55.0000, 17.0000, 0.0000, 59.0000, 13.0000, 0.0000, 139, 69, 19
L 59.0000, 13.0000, 0.0000, 158.0000, 13.0000, 0.0000, 139, 69, 19
L 158.0000, 13.0000, 0.0000, 158.0000, 27.0000, 0.0000, 0, 0, 0
L 158.0000, 27.0000, 0.0000, 170.0000, 27.0000, 0.0000, 0, 0, 0
L 170.0000, 27.0000, 0.0000, 170.0000, 55.0000, 0.0000, 0, 0, 0
L 170.0000, 55.0000, 0.0000, 175.0000, 55.0000, 0.0000, 0, 0, 0
L 175.0000, 55.0000, 0.0000, 175.0000, 27.0000, 0.0000, 0, 0, 0
L 175.0000, 27.0000, 0.0000, 182.0000, 27.0000, 0.0000, 0, 0, 0
L 182.0000, 27.0000, 0.0000, 196.0000, 41.0000, 0.0000, 0, 0, 0
L 196.0000, 41.0000, 0.0000, 196.0000, 55.0000, 0.0000, 0, 0, 0
L 196.0000, 55.0000, 0.0000, 224.0000, 84.0000, 0.0000, 0, 0, 0
L 224.0000, 84.0000, 0.0000, 224.0000, 111.0000, 0.0000, 0, 0, 0
L 224.0000, 111.0000, 0.0000, 238.0000, 125.0000, 0.0000, 0, 0, 0
L 238.0000, 125.0000, 0.0000, 319.0000, 123.0000, 0.0000, 0, 0, 0
L 319.0000, 123.0000, 0.0000, 321.0000, 123.0000, 0.0000, 0, 0, 0
L 361.0000, 123.0000, 0.0000, 361.0000, 62.0000, 0.0000, 0, 0, 0
L 361.0000, 62.0000, 0.0000, 361.0000, 44.0000, 0.0000, 0, 0, 0
L 361.0000, 44.0000, 0.0000, 338.0000, 44.0000, 0.0000, 0, 0, 0
L 338.0000, 44.0000, 0.0000, 338.0000, 61.0000, 0.0000, 0, 0, 0
L 338.0000, 61.0000, 0.0000, 350.0000, 61.0000, 0.0000, 0, 0, 0
L 350.0000, 61.0000, 0.0000, 350.0000, 62.0000, 0.0000, 0, 0, 0
L 350.0000, 64.0000, 0.0000, 338.0000, 64.0000, 0.0000, 0, 0, 0
L 338.0000, 64.0000, 0.0000, 338.0000, 100.0000, 0.0000, 0, 0, 0
L 336.0000, 109.0000, 0.0000, 345.0000, 109.0000, 0.0000, 205, 133, 63
L 345.0000, 109.0000, 0.0000, 345.0000, 91.0000, 0.0000, 205, 133, 63
L 345.0000, 91.0000, 0.0000, 350.0000, 91.0000, 0.0000, 205, 133, 63
L 350.0000, 91.0000, 0.0000, 350.0000, 114.0000, 0.0000, 205, 133, 63
L 350.0000, 114.0000, 0.0000, 331.0000, 114.0000, 0.0000, 205, 133, 63
L 331.0000, 114.0000, 0.0000, 331.0000, 100.0000, 0.0000, 205, 133, 63
L 331.0000, 100.0000, 0.0000, 324.0000, 100.0000, 0.0000, 0, 0, 0
L 324.0000, 100.0000, 0.0000, 324.0000, 114.0000, 0.0000, 0, 0, 0
L 324.0000, 114.0000, 0.0000, 321.0000, 114.0000, 0.0000, 0, 0, 0
L 321.0000, 111.0000, 0.0000, 321.0000, 97.0000, 0.0000, 0, 0, 0
L 321.0000, 97.0000, 0.0000, 335.0000, 97.0000, 0.0000, 0, 0, 0
L 335.0000, 97.0000, 0.0000, 335.0000, 41.0000, 0.0000, 0, 0, 0
L 420.0000, 41.0000, 0.0000, 420.0000, 83.0000, 0.0000, 0, 0, 0
L 420.0000, 83.0000, 0.0000, 448.0000, 83.0000, 0.0000, 0, 0, 0
L 448.0000, 83.0000, 0.0000, 448.0000, 97.0000, 0.0000, 0, 0, 0
L 450.0000, 100.0000, 0.0000, 446.0000, 100.0000, 0.0000, 0, 0, 0
L 443.0000, 100.0000, 0.0000, 443.0000, 86.0000, 0.0000, 0, 0, 0
L 443.0000, 86.0000, 0.0000, 417.0000, 86.0000, 0.0000, 0, 0, 0
L 405.0000, 86.0000, 0.0000, 405.0000, 69.0000, 0.0000, 205, 133, 63
L 405.0000, 69.0000, 0.0000, 410.0000, 69.0000, 0.0000, 205, 133, 63
L 410.0000, 69.0000, 0.0000, 410.0000, 81.0000, 0.0000, 205, 133, 63
L 410.0000, 81.0000, 0.0000, 417.0000, 81.0000, 0.0000, 205, 133, 63
L 417.0000, 81.0000, 0.0000, 417.0000, 60.0000, 0.0000, 0, 0, 0
L 417.0000, 60.0000, 0.0000, 391.0000, 60.0000, 0.0000, 0, 0, 0
L 392.0000, 44.0000, 0.0000, 380.0000, 44.0000, 0.0000, 0, 0, 0
L 380.0000, 44.0000, 0.0000, 380.0000, 109.0000, 0.0000, 0, 0, 0
L 380.0000, 109.0000, 0.0000, 446.0000, 109.0000, 0.0000, 0, 0, 0
L 450.0000, 109.0000, 0.0000, 461.0000, 111.0000, 0.0000, 0, 0, 0
L 461.0000, 111.0000, 0.0000, 475.0000, 115.0000, 0.0000, 0, 0, 0
L 475.0000, 115.0000, 0.0000, 475.0000, 111.0000, 0.0000, 0, 0, 0
L 475.0000, 111.0000, 0.0000, 503.0000, 41.0000, 0.0000, 0, 0, 0
L 503.0000, 41.0000, 0.0000, 531.0000, 27.0000, 0.0000, 0, 0, 0
L 531.0000, 27.0000, 0.0000, 539.0000, 9.0000, 0.0000, 0, 0, 0
L 539.0000, 9.0000, 0.0000, 553.0000, 11.0000, 0.0000, 0, 0, 0
L 553.0000, 11.0000, 0.0000, 560.0000, 27.0000, 0.0000, 0, 0, 0
L 560.0000, 27.0000, 0.0000, 574.0000, 69.0000, 0.0000, 0, 0, 0
L 574.0000, 69.0000, 0.0000, 579.0000, 69.0000, 0.0000, 0, 0, 0
L 616.0000, 75.0000, -13.0000, 629.0000, 87.0000, -13.0000, 0, 0, 0
L 629.0000, 87.0000, -13.0000, 633.0000, 81.0000, -13.0000, 0, 0, 0
L 633.0000, 81.0000, -13.0000, 653.0000, 81.0000, -13.0000, 0, 0, 0
L 653.0000, 81.0000, -13.0000, 657.0000, 87.0000, -13.0000, 0, 0, 0
L 657.0000, 87.0000, -13.0000, 671.0000, 83.0000, -13.0000, 0, 0, 0
L 671.0000, 83.0000, -13.0000, 684.0000, 70.0000, -13.0000, 0, 0, 0
L 685.0000, -237.0000, -20.0000, 671.0000, -237.0000, -13.0000, 150, 150, 150
L 671.0000, -237.0000, -13.0000, 643.0000, -209.0000, -13.0000, 150, 150, 150
L 643.0000, -209.0000, -13.0000, 629.0000, -181.0000, -13.0000, 150, 150, 150
L 629.0000, -181.0000, -13.0000, 643.0000, -154.0000, -13.0000, 150, 150, 150
L 713.0000, -265.0000, -21.0000, 727.0000, -251.0000, -26.0000, 0, 0, 0
L 713.0000, -266.0000, -13.0000, 685.0000, -307.0000, -13.0000, 0, 0, 0
L 685.0000, -307.0000, -13.0000, 685.0000, -322.0000, -13.0000, 0, 0, 0
L 685.0000, -322.0000, -13.0000, 727.0000, -322.0000, -13.0000, 0, 0, 0
L 727.0000, -322.0000, -13.0000, 727.0000, -377.0000, -13.0000, 0, 0, 0
L 714.0000, -364.0000, -13.0000, 713.0000, -335.0000, -13.0000, 0, 0, 0
L 713.0000, -335.0000, -13.0000, 672.0000, -335.0000, -13.0000, 0, 0, 0
L 672.0000, -335.0000, -13.0000, 672.0000, -307.0000, -13.0000, 0, 0, 0
L 672.0000, -307.0000, -13.0000, 658.0000, -293.0000, -13.0000, 0, 0, 0
L 658.0000, -293.0000, -13.0000, 658.0000, -249.0000, -13.0000, 0, 0, 0
L 655.0000, -249.0000, -13.0000, 655.0000, -251.0000, -13.0000, 0, 0, 0
L 655.0000, -289.0000, -13.0000, 608.0000, -289.0000, -13.0000, 0, 0, 0
L 608.0000, -289.0000, -13.0000, 608.0000, -264.0000, -13.0000, 0, 0, 0
L 608.0000, -264.0000, -13.0000, 608.0000, -259.0000, -13.0000, 0, 0, 0
L 608.0000, -264.0000, -13.0000, 634.0000, -264.0000, -13.0000, 205, 133, 63
L 608.0000, -259.0000, -13.0000, 608.0000, -254.0000, -13.0000, 0, 0, 0
L 608.0000, -254.0000, -13.0000, 646.0000, -254.0000, -13.0000, 0, 0, 0
L 588.0000, -238.0000, -13.0000, 613.0000, -230.0000, -13.0000, 0, 0, 0
L 613.0000, -230.0000, -13.0000, 624.0000, -209.0000, -13.0000, 0, 0, 0
L 624.0000, -209.0000, -13.0000, 614.0000, -193.0000, -13.0000, 0, 0, 0
L 614.0000, -193.0000, -13.0000, 589.0000, -182.0000, -13.0000, 0, 0, 0
L 589.0000, -182.0000, -13.0000, 612.0000, -182.0000, -13.0000, 0, 0, 0
L 612.0000, -182.0000, -13.0000, 612.0000, -168.0000, -13.0000, 0, 0, 0
L 614.0000, -165.0000, -13.0000, 611.0000, -165.0000, -13.0000, 0, 0, 0
L 609.0000, -165.0000, -13.0000, 609.0000, -179.0000, -13.0000, 0, 0, 0
L 609.0000, -179.0000, -13.0000, 572.0000, -179.0000, -13.0000, 0, 0, 0
L 572.0000, -179.0000, -13.0000, 572.0000, -156.0000, -13.0000, 0, 0, 0
L 572.0000, -156.0000, -13.0000, 583.0000, -156.0000, -13.0000, 0, 0, 0
L 583.0000, -156.0000, -13.0000, 583.0000, -170.0000, -13.0000, 0, 0, 0
L 583.0000, -170.0000, -13.0000, 586.0000, -170.0000, -13.0000, 0, 0, 0
L 586.0000, -170.0000, -13.0000, 586.0000, -156.0000, -13.0000, 0, 0, 0
L 586.0000, -156.0000, -13.0000, 591.0000, -156.0000, -13.0000, 0, 0, 0
L 591.0000, -156.0000, -13.0000, 591.0000, -170.0000, -13.0000, 205, 133, 63
L 591.0000, -170.0000, -13.0000, 596.0000, -170.0000, -13.0000, 205, 133, 63
L 596.0000, -170.0000, -13.0000, 596.0000, -156.0000, -13.0000, 205, 133, 63
L 603.0000, -153.0000, -13.0000, 657.0000, -126.0000, -13.0000, 0, 0, 0
L 657.0000, -126.0000, -13.0000, 671.0000, -98.0000, -13.0000, 0, 0, 0
L 671.0000, -98.0000, -13.0000, 678.0000, -98.0000, -13.0000, 0, 0, 0
L 678.0000, -98.0000, -13.0000, 678.0000, -83.0000, -13.0000, 0, 0, 0
L 678.0000, -83.0000, -13.0000, 671.0000, -83.0000, -13.0000, 0, 0, 0
L 671.0000, -83.0000, -13.0000, 658.0000, -73.0000, -13.0000, 0, 0, 0
L 658.0000, -73.0000, -13.0000, 653.0000, -67.0000, -13.0000, 0, 0, 0
L 653.0000, -67.0000, -13.0000, 633.0000, -67.0000, -13.0000, 0, 0, 0
L 633.0000, -67.0000, -13.0000, 629.0000, -73.0000, -13.0000, 0, 0, 0
L 629.0000, -73.0000, -13.0000, 616.0000, -61.0000, -13.0000, 0, 0, 0
L 579.0000, -47.0999, 0.0000, 579.0000, -55.0000, 0.0000, 0, 0, 0
L 579.0000, -55.0000, 0.0000, 573.0000, -55.0000, 0.0000, 0, 0, 0
L 573.0000, -55.0000, 0.0000, 560.0000, -41.0000, 0.0000, 0, 0, 0
L 560.0000, -41.0000, 0.0000, 553.0000, -21.0000, 0.0000, 0, 0, 0
L 553.0000, -21.0000, 0.0000, 539.0000, -29.0000, 0.0000, 0, 0, 0
L 539.0000, -29.0000, 0.0000, 531.0000, -41.0000, 0.0000, 0, 0, 0
L 531.0000, -41.0000, 0.0000, 503.0000, -69.0000, 0.0000, 0, 0, 0
L 503.0000, -69.0000, 0.0000, 475.0000, -83.0000, 1.0000, 0, 0, 0
L 475.0000, -83.0000, 1.0000, 462.0000, -149.0000, 1.0000, 0, 0, 0
L 462.0000, -149.0000, 1.0000, 462.0000, -83.0000, 1.0000, 0, 0, 0
L 462.0000, -83.0000, 1.0000, 461.0000, -83.0000, 0.0000, 0, 0, 0
L 459.0000, -100.0000, 0.0000, 459.0000, -151.0000, 0.0000, 0, 0, 0
L 459.0000, -151.0000, 0.0000, 422.0000, -151.0000, 0.0000, 0, 0, 0
L 417.0000, -151.0000, 0.0000, 412.0000, -151.0000, 0.0000, 0, 0, 0
L 405.0000, -154.0000, 0.0000, 432.0000, -154.0000, 1.0000, 0, 0, 0
L 432.0000, -154.0000, 1.0000, 405.0000, -181.0000, 1.0000, 0, 0, 0
L 405.0000, -181.0000, 1.0000, 392.0000, -181.0000, 1.0000, 0, 0, 0
L 392.0000, -181.0000, 1.0000, 392.0000, -153.0000, 1.0000, 0, 0, 0
L 392.0000, -153.0000, 1.0000, 392.0000, -137.0000, 0.0000, 0, 0, 0
L 392.0000, -137.0000, 0.0000, 389.0000, -137.0000, 0.0000, 0, 0, 0
L 389.0000, -137.0000, 0.0000, 389.0000, -139.0000, 0.0000, 0, 0, 0
L 375.0000, -208.0000, 0.0000, 376.0000, -208.0000, 0.0000, 0, 0, 0
L 378.0000, -208.0000, 0.0000, 378.0000, -196.0000, 0.0000, 0, 0, 0
L 378.0000, -196.0000, 0.0000, 403.0000, -196.0000, 0.0000, 0, 0, 0
L 403.0000, -196.0000, 0.0000, 403.0000, -218.0000, 0.0000, 0, 0, 0
L 403.0000, -218.0000, 0.0000, 427.0000, -218.0000, 0.0000, 0, 0, 0
L 427.0000, -218.0000, 0.0000, 427.0000, -241.0000, 0.0000, 0, 0, 0
L 427.0000, -241.0000, 0.0000, 378.0000, -241.0000, 0.0000, 0, 0, 0
L 378.0000, -217.0000, 0.0000, 376.0000, -217.0000, 0.0000, 0, 0, 0
L 361.0000, -217.0000, 0.0000, 361.0000, -229.0000, 0.0000, 0, 0, 0
L 361.0000, -229.0000, 0.0000, 349.0000, -229.0000, 0.0000, 0, 0, 0
L 349.0000, -229.0000, 0.0000, 349.0000, -241.0000, 0.0000, 0, 0, 0
L 349.0000, -241.0000, 0.0000, 337.0000, -241.0000, 0.0000, 0, 0, 0
L 337.0000, -241.0000, 0.0000, 337.0000, -195.0000, 0.0000, 0, 0, 0
L 337.0000, -195.0000, 0.0000, 361.0000, -195.0000, 0.0000, 0, 0, 0
L 361.0000, -195.0000, 0.0000, 361.0000, -208.0000, 0.0000, 0, 0, 0
L 361.0000, -208.0000, 0.0000, 362.0000, -208.0000, 0.0000, 0, 0, 0
L 364.0000, -208.0000, 0.0000, 364.0000, -179.0000, 0.0000, 0, 0, 0
L 364.0000, -179.0000, 0.0000, 362.0000, -179.0000, 0.0000, 0, 0, 0
L 361.0000, -179.0000, 0.0000, 361.0000, -191.0000, 0.0000, 0, 0, 0
L 361.0000, -191.0000, 0.0000, 337.0000, -191.0000, 0.0000, 0, 0, 0
L 337.0000, -191.0000, 0.0000, 337.0000, -167.0000, 0.0000, 0, 0, 0
L 337.0000, -167.0000, 0.0000, 361.0000, -167.0000, 0.0000, 0, 0, 0
L 361.0000, -165.0000, 0.0000, 338.0000, -165.0000, 0.0000, 0, 0, 0
L 338.0000, -165.0000, 0.0000, 338.0000, -141.0000, 0.0000, 0, 0, 0
L 338.0000, -141.0000, 0.0000, 361.0000, -141.0000, 0.0000, 0, 0, 0
L 361.0000, -141.0000, 0.0000, 361.0000, -154.0000, 0.0000, 0, 0, 0
L 361.0000, -154.0000, 0.0000, 362.0000, -154.0000, 0.0000, 0, 0, 0
L 364.0000, -154.0000, 0.0000, 364.0000, -142.0000, 0.0000, 0, 0, 0
L 364.0000, -142.0000, 0.0000, 375.0000, -142.0000, 0.0000, 0, 0, 0
L 375.0000, -142.0000, 0.0000, 375.0000, -154.0000, 0.0000, 205, 133, 63
L 375.0000, -154.0000, 0.0000, 378.0000, -154.0000, 0.0000, 205, 133, 63
L 378.0000, -154.0000, 0.0000, 378.0000, -142.0000, 0.0000, 205, 133, 63
L 377.0000, -139.0000, 0.0000, 335.0000, -139.0000, 0.0000, 0, 0, 0
L 335.0000, -139.0000, 0.0000, 335.0000, -167.0000, 0.0000, 0, 0, 0
L 335.0000, -167.0000, 0.0000, 322.0000, -153.0000, 0.0000, 0, 0, 0
L 322.0000, -153.0000, 0.0000, 293.0000, -111.0000, 0.0000, 0, 0, 0
L 293.0000, -111.0000, 0.0000, 238.0000, -111.0000, 0.0000, 0, 0, 0
L 238.0000, -111.0000, 0.0000, 224.0000, -97.0000, 0.0000, 0, 0, 0
L 224.0000, -97.0000, 0.0000, 224.0000, -84.0000, 0.0000, 0, 0, 0
L 223.0000, -83.0000, 0.0000, 196.0000, -55.0000, 0.0000, 0, 0, 0
L 196.0000, -55.0000, 0.0000, 196.0000, -41.0000, 0.0000, 0, 0, 0
L 196.0000, -41.0000, 0.0000, 182.0000, -27.0000, 0.0000, 0, 0, 0
L 182.0000, -27.0000, 0.0000, 175.0000, -27.0000, 0.0000, 0, 0, 0
L 175.0000, -27.0000, 0.0000, 175.0000, -55.0000, 0.0000, 0, 0, 0
L 175.0000, -55.0000, 0.0000, 170.0000, -55.0000, 0.0000, 0, 0, 0
L 170.0000, -55.0000, 0.0000, 170.0000, -27.0000, 0.0000, 0, 0, 0
L 170.0000, -27.0000, 0.0000, 158.0000, -27.0000, 0.0000, 0, 0, 0
L 158.0000, -27.0000, 0.0000, 158.0000, -13.0000, 0.0000, 0, 0, 0
L 158.0000, -13.0000, 0.0000, 59.0000, -13.0000, 0.0000, 139, 69, 19
L 59.0000, -13.0000, 0.0000, 55.0000, -17.0000, 0.0000, 139, 69, 19
L 14.0000, 41.0000, 0.0000, 13.0000, 35.0000, 0.0000, 0, 0, 0
L 42.0000, 83.0000, -22.0000, 56.0000, 97.0000, -33.0000, 0, 0, 255
L 56.0000, 97.0000, -33.0000, 84.0000, 97.0000, -33.0000, 0, 0, 255
L 84.0000, 97.0000, -33.0000, 126.0000, 125.0000, -35.0000, 0, 0, 255
L 126.0000, 125.0000, -35.0000, 154.0000, 125.0000, -39.0000, 0, 0, 255
L 154.0000, 125.0000, -39.0000, 209.0000, 97.0000, -47.0000, 0, 0, 255
L 209.0000, 97.0000, -47.0000, 181.0000, 70.0000, -43.0000, 0, 0, 255
L 181.0000, 70.0000, -43.0000, 181.0000, 66.0000, -43.0000, 0, 0, 255
L 181.0000, 66.0000, -43.0000, 154.0000, 66.0000, -39.0000, 0, 0, 255
L 154.0000, 66.0000, -39.0000, 139.0000, 56.0000, -36.0000, 0, 0, 255
L 139.0000, 56.0000, -36.0000, 139.0000, 55.0000, -33.0000, 0, 0, 255
L 139.0000, 55.0000, -33.0000, 139.0000, 41.0000, -33.0000, 0, 0, 255
L 139.0000, 41.0000, -33.0000, 153.0000, 31.0000, -33.0000, 0, 0, 255
L 153.0000, 31.0000, -33.0000, 153.0000, -31.0000, -33.0000, 0, 0, 255
L 153.0000, -31.0000, -33.0000, 139.0000, -41.0000, -33.0000, 0, 0, 255
L 139.0000, -41.0000, -33.0000, 139.0000, -55.0000, -33.0000, 0, 0, 255
L 139.0000, -55.0000, -33.0000, 139.0000, -56.0000, -36.0000, 0, 0, 255
L 139.0000, -56.0000, -36.0000, 154.0000, -66.0000, -39.0000, 0, 0, 255
L 154.0000, -66.0000, -39.0000, 181.0000, -66.0000, -43.0000, 0, 0, 255
L 181.0000, -66.0000, -43.0000, 181.0000, -70.0000, -43.0000, 0, 0, 255
L 181.0000, -70.0000, -43.0000, 209.0000, -97.0000, -47.0000, 0, 0, 255
L 209.0000, -97.0000, -47.0000, 154.0000, -125.0000, -39.0000, 0, 0, 255
L 154.0000, -125.0000, -39.0000, 126.0000, -125.0000, -35.0000, 0, 0, 255
L 126.0000, -125.0000, -35.0000, 84.0000, -97.0000, -33.0000, 0, 0, 255
L 84.0000, -97.0000, -33.0000, 84.0000, -83.0000, -33.0000, 0, 0, 255
L 84.0000, -83.0000, -33.0000, 56.0000, -69.0000, -33.0000, 0, 0, 255
L 56.0000, -69.0000, -33.0000, 42.0000, -55.0000, -22.0000, 0, 0, 255
L 42.0000, -55.0000, -22.0000, 42.0000, -42.0000, -22.0000, 0, 0, 255
L 42.0000, -42.0000, -22.0000, 56.0000, -22.0000, -33.0000, 0, 0, 255
L 56.0000, -22.0000, -33.0000, 59.0000, -26.0000, -33.0000, 0, 0, 255
L 59.0000, -26.0000, -33.0000, 64.0000, -26.0000, -33.0000, 0, 0, 255
L 64.0000, -26.0000, -33.0000, 68.0000, -22.0000, -33.0000, 0, 0, 255
L 68.0000, -22.0000, -33.0000, 68.0000, -17.0000, -33.0000, 0, 0, 255
L 68.0000, -17.0000, -33.0000, 64.0000, -13.0000, -33.0000, 0, 0, 255
L 64.0000, -13.0000, -33.0000, 64.0000, 13.0000, -33.0000, 0, 0, 255
L 64.0000, 13.0000, -33.0000, 68.0000, 17.0000, -33.0000, 0, 0, 255
L 68.0000, 17.0000, -33.0000, 68.0000, 22.0000, -33.0000, 0, 0, 255
L 68.0000, 22.0000, -33.0000, 64.0000, 26.0000, -33.0000, 0, 0, 255
L 64.0000, 26.0000, -33.0000, 59.0000, 26.0000, -33.0000, 0, 0, 255
L 59.0000, 26.0000, -33.0000, 55.0000, 22.0000, -33.0000, 0, 0, 255
L 55.0000, 22.0000, -33.0000, 42.0000, 28.0000, -22.0000, 0, 0, 255
L 42.0000, 28.0000, -22.0000, 42.0000, 83.0000, -22.0000, 0, 0, 255
L 229.0000, 5.0000, 0.0000, 229.0000, -5.0000, 0.0000, 0, 0, 0
L 229.0000, -5.0000, 0.0000, 223.0000, -5.0000, 0.0000, 0, 0, 0
L 223.0000, -5.0000, 0.0000, 223.0000, -14.0000, 0.0000, 0, 0, 0
L 223.0000, -14.0000, 0.0000, 237.0000, -14.0000, 0.0000, 0, 0, 0
L 237.0000, -14.0000, 0.0000, 237.0000, -28.0000, 0.0000, 0, 0, 0
L 237.0000, -28.0000, 0.0000, 249.0000, -30.0000, 0.0000, 0, 0, 0
L 249.0000, -30.0000, 0.0000, 254.0000, -30.0000, 0.0000, 0, 0, 0
L 266.0000, -27.0000, 0.0000, 252.0000, -13.0000, 0.0000, 0, 0, 0
L 252.0000, -13.0000, 0.0000, 252.0000, 13.0000, 0.0000, 0, 0, 0
L 252.0000, 13.0000, 0.0000, 266.0000, 27.0000, 0.0000, 0, 0, 0
L 266.0000, 27.0000, 0.0000, 266.0000, 30.0000, 0.0000, 0, 0, 0
L 266.0000, 30.0000, 0.0000, 254.0000, 30.0000, 0.0000, 0, 0, 0
L 249.0000, 30.0000, 0.0000, 237.0000, 28.0000, 0.0000, 0, 0, 0
L 237.0000, 28.0000, 0.0000, 237.0000, 14.0000, 0.0000, 0, 0, 0
L 237.0000, 14.0000, 0.0000, 223.0000, 14.0000, 0.0000, 0, 0, 0
L 223.0000, 14.0000, 0.0000, 223.0000, 5.0000, 0.0000, 0, 0, 0
L 223.0000, 5.0000, 0.0000, 229.0000, 5.0000, 0.0000, 0, 0, 0
L 248.0000, -39.0000, 0.0000, 254.0000, -39.0000, 0.0000, 0, 0, 0
L 217.0000, -4.0000, -15.0000, 217.0000, -21.0000, -15.0000, 178, 102, 255
L 217.0000, -21.0000, -15.0000, 217.0000, -27.0000, -14.0000, 178, 102, 255
L 217.0000, -27.0000, -14.0000, 211.0000, -27.0000, -14.0000, 178, 102, 255
L 211.0000, -27.0000, -14.0000, 182.0000, -27.0000, -15.0000, 178, 102, 255
L 182.0000, -27.0000, -15.0000, 176.7999, -27.0000, -14.0000, 178, 102, 255
L 176.0000, -13.0000, -19.0000, 182.0000, -14.0000, -21.0000, 150, 150, 150
L 182.0000, -14.0000, -21.0000, 190.0000, -6.0000, -21.0000, 150, 150, 150
L 190.0000, -6.0000, -21.0000, 190.0000, 6.0000, -21.0000, 150, 150, 150
L 190.0000, 6.0000, -21.0000, 182.0000, 14.0000, -21.0000, 150, 150, 150
L 182.0000, 14.0000, -21.0000, 176.0000, 13.0000, -19.0000, 150, 150, 150
L 173.0000, 19.0000, -13.0000, 173.0000, 5.0999, -17.0000, 178, 102, 255
L 173.0000, -5.0999, -17.0000, 173.0000, -19.0000, -13.0000, 178, 102, 255
L 173.0000, -19.0000, -13.0000, 173.0000, -40.0000, -13.0000, 178, 102, 255
L 173.0000, -40.0000, -13.0000, 223.0000, -88.0000, -13.0000, 178, 102, 255
L 223.0000, -88.0000, -13.0000, 223.0000, -111.0000, -13.0000, 178, 102, 255
L 223.0000, -111.0000, -13.0000, 223.0000, -167.0000, 14.0000, 178, 102, 255
L 223.0000, -167.0000, 14.0000, 223.0000, -238.0000, 14.0000, 178, 102, 255
L 223.0000, -238.0000, 14.0000, 365.0000, -238.0000, 42.0000, 178, 102, 255
L 365.0000, -238.0000, 42.0000, 532.0000, -238.0000, 42.0000, 0, 204, 0
L 532.0000, -238.0000, 42.0000, 532.0000, -98.0000, 42.0000, 0, 204, 0
L 532.0000, -98.0000, 42.0000, 623.0000, -98.0000, 42.0000, 0, 204, 0
L 615.8999, -111.0000, 42.0000, 545.0000, -111.0000, 42.0000, 0, 204, 0
L 545.0000, -111.0000, 42.0000, 545.0000, -251.0000, 42.0000, 0, 204, 0
L 545.0000, -251.0000, 42.0000, 391.0000, -251.0000, 42.0000, 0, 204, 0
L 391.0000, -251.0000, 42.0000, 391.0000, -293.0000, 42.0000, 0, 204, 0
L 391.0000, -293.0000, 42.0000, 210.0000, -293.0000, 42.0000, 0, 204, 0
L 210.0000, -293.0000, 42.0000, 210.0000, -209.0000, 42.0000, 0, 204, 0
L 210.0000, -209.0000, 42.0000, 157.0000, -209.0000, 56.0000, 0, 204, 0
L 157.0000, -209.0000, 56.0000, 146.0000, -209.0000, 56.0000, 0, 204, 0
L 146.0000, -209.0000, 56.0000, 146.0000, -177.0000, 56.0000, 0, 204, 0
L 146.0000, -177.0000, 56.0000, 126.0000, -177.0000, 56.0000, 0, 204, 0
L 126.0000, -177.0000, 56.0000, 126.0000, -160.0000, 56.0000, 0, 204, 0
L 126.0000, -160.0000, 56.0000, 130.0000, -160.0000, 56.0000, 0, 204, 0
L 130.0000, -160.0000, 56.0000, 130.0000, -155.0000, 56.0000, 0, 204, 0
L 130.0000, -155.0000, 56.0000, 126.0000, -154.0000, 56.0000, 0, 204, 0
L 126.0000, -154.0000, 56.0000, 153.0000, -154.0000, 56.0000, 0, 204, 0
L 153.0000, -154.0000, 56.0000, 165.0000, -177.0000, 56.0000, 0, 204, 0
L 165.0000, -177.0000, 56.0000, 157.0000, -177.0000, 56.0000, 0, 204, 0
L 157.0000, -177.0000, 56.0000, 157.0000, -196.0000, 56.0000, 0, 204, 0
L 157.0000, -196.0000, 56.0000, 210.0000, -196.0000, 42.0000, 0, 204, 0
L 210.0000, -196.0000, 42.0000, 210.0000, -125.0000, 28.0000, 0, 204, 0
L 210.0000, -125.0000, 28.0000, 212.0000, -111.0000, 28.0000, 0, 204, 0
L 212.0000, -111.0000, 28.0000, 212.0000, -95.0000, 28.0000, 0, 204, 0
L 212.0000, -95.0000, 28.0000, 180.0000, -63.0000, 28.0000, 0, 204, 0
L 180.0000, -63.0000, 28.0000, 154.0000, -63.0000, 28.0000, 0, 204, 0
L 154.0000, -63.0000, 28.0000, 138.0000, -55.0000, 28.0000, 0, 204, 0
L 138.0000, -55.0000, 28.0000, 138.0000, -42.0000, 28.0000, 0, 204, 0
L 138.0000, -42.0000, 28.0000, 154.0000, -32.0000, 28.0000, 0, 204, 0
L 154.0000, -32.0000, 28.0000, 166.0000, -32.0000, 28.0000, 0, 204, 0
L 166.0000, -32.0000, 28.0000, 166.0000, 32.0000, 28.0000, 0, 204, 0
L 166.0000, 32.0000, 28.0000, 154.0000, 32.0000, 28.0000, 0, 204, 0
L 154.0000, 32.0000, 28.0000, 138.0000, 42.0000, 28.0000, 0, 204, 0
L 138.0000, 42.0000, 28.0000, 138.0000, 55.0000, 28.0000, 0, 204, 0
L 138.0000, 55.0000, 28.0000, 154.0000, 63.0000, 28.0000, 0, 204, 0
L 154.0000, 63.0000, 28.0000, 180.0000, 63.0000, 28.0000, 0, 204, 0
L 180.0000, 63.0000, 28.0000, 212.0000, 95.0000, 28.0000, 0, 204, 0
L 212.0000, 95.0000, 28.0000, 212.0000, 112.0000, 28.0000, 0, 204, 0
L 212.0000, 112.0000, 28.0000, 210.0000, 125.0000, 28.0000, 0, 204, 0
L 210.0000, 125.0000, 28.0000, 210.0000, 181.0000, 42.0000, 0, 204, 0
L 210.0000, 181.0000, 42.0000, 210.0000, 209.0000, 42.0000, 0, 204, 0
L 210.0000, 209.0000, 42.0000, 363.0000, 209.0000, 42.0000, 0, 204, 0
L 363.0000, 209.0000, 42.0000, 363.0000, 181.0000, 42.0000, 0, 204, 0
L 363.0000, 181.0000, 42.0000, 649.0000, 181.0000, 42.0000, 0, 204, 0
L 649.0000, 181.0000, 42.0000, 649.0000, 118.0000, 42.0000, 0, 204, 0
L 649.0000, 118.0000, 42.0000, 649.0000, 113.0000, 44.0000, 0, 204, 0
L 649.0000, 113.0000, 44.0000, 649.0000, 107.0000, 44.0000, 0, 204, 0
L 649.0000, 107.0000, 44.0000, 657.0000, 107.0000, 44.0000, 0, 204, 0
L 657.0000, 107.0000, 44.0000, 657.0000, 92.0000, 44.0000, 0, 204, 0
L 657.0000, 92.0000, 44.0000, 653.0000, 92.0000, 44.0000, 0, 204, 0
L 653.0000, 92.0000, 44.0000, 653.0000, -77.0000, 44.0000, 0, 204, 0
L 653.0000, -77.0000, 44.0000, 645.0000, -103.0000, 44.0000, 0, 204, 0
L 645.0000, -103.0000, 44.0000, 632.7999, -109.0999, 44.0000, 0, 204, 0
L 627.0000, -98.0000, 44.0000, 633.0000, -98.0000, 44.0000, 0, 204, 0
L 633.0000, -98.0000, 44.0000, 634.0000, 92.0000, 44.0000, 0, 204, 0
L 634.0000, 92.0000, 44.0000, 630.0000, 92.0000, 44.0000, 0, 204, 0
L 630.0000, 92.0000, 44.0000, 630.0000, 107.0000, 44.0000, 0, 204, 0
L 630.0000, 107.0000, 44.0000, 638.0000, 107.0000, 44.0000, 0, 204, 0
L 638.0000, 107.0000, 44.0000, 638.0000, 113.0000, 44.0000, 0, 204, 0
L 638.0000, 113.0000, 44.0000, 638.0000, 118.0000, 42.0000, 0, 204, 0
L 638.0000, 118.0000, 42.0000, 637.0000, 168.0000, 42.0000, 0, 204, 0
L 637.0000, 168.0000, 42.0000, 336.0000, 168.0000, 42.0000, 0, 204, 0
L 336.0000, 168.0000, 42.0000, 223.0000, 168.0000, 14.0000, 178, 102, 255
L 223.0000, 168.0000, 14.0000, 223.0000, 111.0000, -13.0000, 178, 102, 255
L 223.0000, 111.0000, -13.0000, 223.0000, 88.0000, -13.0000, 178, 102, 255
L 223.0000, 88.0000, -13.0000, 193.0000, 58.0000, -13.0000, 178, 102, 255
L 193.0000, 58.0000, -13.0000, 173.0000, 39.0000, -13.0000, 178, 102, 255
L 173.0000, 39.0000, -13.0000, 173.0000, 19.0000, -13.0000, 178, 102, 255
L 160.0000, -39.0000, -13.0000, 160.0000, -19.0000, -13.0000, 178, 102, 255
L 160.0000, -19.0000, -13.0000, 160.0000, -8.0000, -17.0000, 178, 102, 255
L 160.0000, -8.0000, -17.0000, 160.0000, 7.0000, -17.0000, 178, 102, 255
L 160.0000, 7.0000, -17.0000, 160.0000, 19.0000, -13.0000, 178, 102, 255
L 160.0000, 19.0000, -13.0000, 160.0000, 39.0000, -13.0000, 178, 102, 255
L 160.0000, 39.0000, -13.0000, 184.0000, 67.0000, -13.0000, 178, 102, 255
L 184.0000, 67.0000, -13.0000, 210.0000, 93.0000, -13.0000, 178, 102, 255
L 210.0000, 93.0000, -13.0000, 210.0000, 111.0000, -13.0000, 178, 102, 255
L 210.0000, 111.0000, -13.0000, 210.0000, 167.0000, 14.0000, 178, 102, 255
L 210.0000, 167.0000, 14.0000, 210.0000, 181.0000, 14.0000, 178, 102, 255
L 210.0000, 181.0000, 14.0000, 223.0000, 181.0000, 14.0000, 178, 102, 255
L 223.0000, 181.0000, 14.0000, 335.0000, 181.0000, 42.0000, 178, 102, 255
L 335.0000, 181.0000, 42.0000, 350.0000, 181.0000, 42.0000, 0, 204, 0
L 350.0000, 181.0000, 42.0000, 350.0000, 196.0000, 42.0000, 0, 204, 0
L 350.0000, 196.0000, 42.0000, 223.0000, 196.0000, 42.0000, 0, 204, 0
L 223.0000, 196.0000, 42.0000, 223.0000, 181.0000, 42.0000, 0, 204, 0
L 223.0000, 181.0000, 42.0000, 223.0000, 126.0000, 28.0000, 0, 204, 0
L 223.0000, 126.0000, 28.0000, 221.0000, 111.0000, 28.0000, 0, 204, 0
L 221.0000, 111.0000, 28.0000, 221.0000, 86.0000, 28.0000, 0, 204, 0
L 221.0000, 86.0000, 28.0000, 189.0000, 54.0000, 28.0000, 0, 204, 0
L 189.0000, 54.0000, 28.0000, 189.0000, 40.0000, 28.0000, 0, 204, 0
L 189.0000, 40.0000, 28.0000, 179.0000, 32.0000, 28.0000, 0, 204, 0
L 179.0000, 32.0000, 28.0000, 179.0000, -32.0000, 28.0000, 0, 204, 0
L 179.0000, -32.0000, 28.0000, 189.0000, -42.0000, 28.0000, 0, 204, 0
L 189.0000, -42.0000, 28.0000, 189.0000, -54.0000, 28.0000, 0, 204, 0
L 189.0000, -54.0000, 28.0000, 221.0000, -86.0000, 28.0000, 0, 204, 0
L 221.0000, -86.0000, 28.0000, 221.0000, -112.0000, 28.0000, 0, 204, 0
L 221.0000, -112.0000, 28.0000, 223.0000, -125.0000, 28.0000, 0, 204, 0
L 223.0000, -125.0000, 28.0000, 223.0000, -196.0000, 42.0000, 0, 204, 0
L 223.0000, -196.0000, 42.0000, 223.0000, -280.0000, 42.0000, 0, 204, 0
L 223.0000, -280.0000, 42.0000, 378.0000, -280.0000, 42.0000, 0, 204, 0
L 378.0000, -280.0000, 42.0000, 378.0000, -251.0000, 42.0000, 0, 204, 0
L 378.0000, -251.0000, 42.0000, 363.0000, -251.0000, 42.0000, 0, 204, 0
L 363.0000, -251.0000, 42.0000, 210.0000, -251.0000, 14.0000, 178, 102, 255
L 210.0000, -251.0000, 14.0000, 210.0000, -168.0000, 14.0000, 178, 102, 255
L 210.0000, -168.0000, 14.0000, 210.0000, -111.0000, -13.0000, 178, 102, 255
L 210.0000, -111.0000, -13.0000, 210.0000, -93.0000, -13.0000, 178, 102, 255
L 210.0000, -93.0000, -13.0000, 184.0000, -67.0000, -13.0000, 178, 102, 255
L 184.0000, -67.0000, -13.0000, 160.0000, -39.0000, -13.0000, 178, 102, 255
L 293.0000, 69.0000, 0.0000, 293.0000, 58.0000, 0.0000, 0, 0, 0
L 293.0000, 58.0000, 0.0000, 293.0000, 55.0000, 0.0000, 0, 0, 0
L 322.0000, -25.0000, 8.0000, 335.0000, -13.0000, 8.0000, 0, 0, 0
L 335.0000, -13.0000, 8.0000, 335.0000, 13.0000, 8.0000, 0, 0, 0
L 322.0000, -25.0000, 8.0000, 321.0000, -27.0000, 11.0000, 0, 0, 0
L 321.0000, -27.0000, 11.0000, 307.0000, -41.0000, 3.0000, 0, 0, 0
L 307.0000, -41.0000, 3.0000, 307.0000, -55.0000, 0.0000, 0, 0, 0
L 321.0000, 27.0000, 11.0000, 307.0000, 41.0000, 0.0000, 0, 0, 0
L 266.0000, 39.0000, 0.0000, 254.0000, 39.0000, 0.0000, 0, 0, 0
L 248.0000, 44.0000, 0.0000, 237.0000, 55.0000, 0.0000, 0, 0, 0
L 237.0000, 55.0000, 0.0000, 237.0000, 81.0000, 0.0000, 0, 0, 0
L 237.0000, 81.0000, 0.0000, 237.0000, 84.0000, 0.0000, 0, 0, 0
L 237.0000, 84.0000, 0.0000, 237.0000, 98.0000, 0.0000, 0, 0, 0
L 237.0000, 98.0000, 0.0000, 294.0000, 98.0000, 0.0000, 0, 0, 0
L 294.0000, 98.0000, 0.0000, 294.0000, 84.0000, 0.0000, 0, 0, 0
L 294.0000, 84.0000, 0.0000, 322.0000, 42.0000, 0.0000, 0, 0, 0
L 322.0000, 42.0000, 0.0000, 336.0000, 28.0000, 0.0000, 0, 0, 0
L 336.0000, 28.0000, 0.0000, 363.0000, -4.0000, 0.0000, 0, 0, 0
L 363.0000, -4.0000, 0.0000, 363.0000, 16.0000, 0.0000, 0, 0, 0
L 363.0000, 16.0000, 0.0000, 366.0000, 16.0000, 0.0000, 0, 0, 0
L 366.0000, 16.0000, 0.0000, 366.0000, 13.0000, 0.0000, 0, 0, 0
L 366.0000, -11.0000, 0.0000, 379.0000, -11.0000, 0.0000, 0, 0, 0
L 379.0000, -11.0000, 0.0000, 389.0000, -11.0000, 0.0000, 0, 0, 0
L 389.0000, -11.0000, 0.0000, 389.0000, 11.0000, 0.0000, 0, 0, 0
L 389.0000, 11.0000, 0.0000, 375.0000, 11.0000, 0.0000, 0, 0, 0
L 375.0000, 11.0000, 0.0000, 375.0000, 13.0000, 0.0000, 0, 0, 0
L 392.0000, -12.0000, 0.0000, 405.0000, 13.0000, 1.0000, 0, 0, 0
L 405.0000, 13.0000, 1.0000, 433.0000, 28.0000, 0.0000, 0, 0, 0
L 433.0000, 28.0000, 0.0000, 433.0000, 70.0000, 0.0000, 0, 0, 0
L 433.0000, 70.0000, 0.0000, 447.0000, 70.0000, 0.0000, 0, 0, 0
L 450.0000, 72.0000, 0.0000, 450.0000, 69.0000, 0.0000, 0, 0, 0
L 450.0000, 67.0000, 0.0000, 436.0000, 67.0000, 0.0000, 0, 0, 0
L 436.0000, 67.0000, 0.0000, 436.0000, 56.0000, 0.0000, 0, 0, 0
L 436.0000, 56.0000, 0.0000, 447.0000, 56.0000, 0.0000, 0, 0, 0
L 462.0000, 56.0000, 0.0000, 462.0000, 39.0000, 0.0000, 0, 0, 0
L 462.0000, 39.0000, 0.0000, 459.0000, 39.0000, 0.0000, 0, 0, 0
L 459.0000, 39.0000, 0.0000, 459.0000, 53.0000, 0.0000, 0, 0, 0
L 459.0000, 53.0000, 0.0000, 447.0000, 53.0000, 0.0000, 205, 133, 63
L 436.0000, 53.0000, 0.0000, 436.0000, 28.0000, 0.0000, 0, 0, 0
L 473.0000, 67.0000, 0.0000, 459.0000, 67.0000, 0.0000, 0, 0, 0
L 459.0000, 67.0000, 0.0000, 459.0000, 69.0000, 0.0000, 0, 0, 0
L 462.0000, 70.0000, 0.0000, 476.0000, 70.0000, 0.0000, 0, 0, 0
L 476.0000, 70.0000, 0.0000, 476.0000, 28.0000, 0.0000, 0, 0, 0
L 476.0000, 28.0000, 0.0000, 503.0000, 0.0000, 0.0000, 0, 0, 0
L 503.0000, 0.0000, 0.0000, 511.0000, -2.0000, 0.0000, 0, 0, 0
L 511.0000, -25.0000, 0.0000, 503.0000, -28.0000, 0.0000, 0, 0, 0
L 503.0000, -28.0000, 0.0000, 476.0000, -56.0000, 0.0000, 0, 0, 0
L 476.0000, -56.0000, 0.0000, 433.0000, -70.0000, 0.0000, 0, 0, 0
L 433.0000, -70.0000, 0.0000, 405.0000, -55.0000, 1.0000, 0, 0, 0
L 405.0000, -55.0000, 1.0000, 391.0000, -34.0000, 1.0000, 0, 0, 0
L 391.0000, -34.0000, 1.0000, 364.0000, -55.0000, 1.0000, 0, 0, 0
L 364.0000, -55.0000, 1.0000, 391.0000, -55.0000, 1.0000, 0, 0, 0
L 391.0000, -55.0000, 1.0000, 392.0000, -98.0000, 0.0000, 0, 0, 0
L 392.0000, -98.0000, 0.0000, 364.0000, -98.0000, 0.0000, 0, 0, 0
L 364.0000, -98.0000, 0.0000, 364.0000, -126.0000, 0.0000, 0, 0, 0
L 361.0000, -123.0000, 0.0000, 333.0000, -123.0000, 0.0000, 0, 0, 0
L 361.0000, -123.0000, 0.0000, 361.0000, -112.0000, 0.0000, 0, 0, 0
L 361.0000, -112.0000, 0.0000, 361.0000, -95.0000, 0.0000, 0, 0, 0
L 361.0000, -95.0000, 0.0000, 389.0000, -95.0000, 0.0000, 0, 0, 0
L 389.0000, -95.0000, 0.0000, 389.0000, -58.0000, 0.0000, 0, 0, 0
L 389.0000, -58.0000, 0.0000, 338.0000, -58.0000, 0.0000, 0, 0, 0
L 345.0000, -107.0000, 0.0000, 345.0000, -83.0000, 0.0000, 205, 133, 63
L 345.0000, -83.0000, 0.0000, 349.0000, -79.0000, 0.0000, 205, 133, 63
L 349.0000, -79.0000, 0.0000, 373.0000, -79.0000, 0.0000, 205, 133, 63
L 373.0000, -79.0000, 0.0000, 373.0000, -74.0000, 0.0000, 205, 133, 63
L 373.0000, -74.0000, 0.0000, 349.0000, -74.0000, 0.0000, 205, 133, 63
L 349.0000, -74.0000, 0.0000, 349.0000, -69.0000, 0.0000, 205, 133, 63
L 349.0000, -69.0000, 0.0000, 377.0000, -69.0000, 0.0000, 205, 133, 63
L 377.0000, -69.0000, 0.0000, 377.0000, -84.0000, 0.0000, 205, 133, 63
L 377.0000, -84.0000, 0.0000, 350.0000, -84.0000, 0.0000, 205, 133, 63
L 335.0000, -112.0000, 0.0000, 335.0000, -84.0000, 0.0000, 0, 0, 0
L 338.0000, -67.0000, -13.0000, 338.0000, -68.0000, -13.0000, 178, 102, 255
L 338.0000, -93.0000, -13.0000, 361.0000, -93.0000, -13.0000, 178, 102, 255
L 361.0000, -93.0000, -13.0000, 361.0000, -70.0000, -13.0000, 178, 102, 255
L 364.0000, -79.0000, -13.0000, 375.0000, -79.0000, -13.0000, 178, 102, 255
L 375.0000, -79.0000, -13.0000, 375.0000, -56.0000, -13.0000, 178, 102, 255
L 347.0000, -70.0000, -13.0000, 347.0000, -68.0000, -13.0000, 178, 102, 255
L 361.0000, -67.0000, -13.0000, 361.0000, -65.0000, -13.0000, 178, 102, 255
L 436.0000, 28.0000, 0.0000, 473.0000, 28.0000, 0.0000, 0, 0, 0
L 473.0000, 67.0000, 0.0000, 473.0000, 28.0000, 0.0000, 0, 0, 0
L 608.0000, -259.0000, -13.0000, 634.0000, -259.0000, -13.0000, 205, 133, 63
L 634.0000, -264.0000, -13.0000, 634.0000, -259.0000, -13.0000, 205, 133, 63
L 658.0000, -249.0000, -13.0000, 655.0000, -249.0000, -13.0000, 0, 0, 0
L 599.0000, -249.0000, -13.0000, 588.0000, -238.0000, -13.0000, 0, 0, 0
L 646.0000, -249.0000, -13.0000, 599.0000, -249.0000, -13.0000, 0, 0, 0
L 646.0000, -254.0000, -13.0000, 646.0000, -251.0000, -13.0000, 0, 0, 0
L 335.0000, 41.0000, 0.0000, 364.0000, 41.0000, 0.0000, 0, 0, 0
L 364.0000, 97.0000, 0.0000, 377.0000, 97.0000, 0.0000, 0, 0, 0
L 364.0000, 97.0000, 0.0000, 364.0000, 41.0000, 0.0000, 0, 0, 0
L 336.0000, 109.0000, 0.0000, 336.0000, 100.0000, 0.0000, 205, 133, 63
L 338.0000, 100.0000, 0.0000, 336.0000, 100.0000, 0.0000, 0, 0, 0
L 616.0000, -61.0000, -13.0000, 612.3999, -59.2999, -11.3999, 0, 0, 0
L 616.0000, 75.0000, -13.0000, 612.3999, 73.2999, -11.3999, 0, 0, 0
L 448.0000, -115.0000, 14.0000, 431.0000, -115.0000, 14.0000, 205, 133, 63
L 461.0000, -83.0000, 0.0000, 405.0000, -83.0000, 0.0000, 0, 0, 0
L 408.0000, -100.0000, 0.0000, 408.0000, -86.0000, 0.0000, 0, 0, 0
L 405.0000, -83.0000, 0.0000, 405.0000, -97.0000, 0.0000, 0, 0, 0
L 403.0000, -100.0000, 0.0000, 405.0000, -100.0000, 0.0000, 0, 0, 0
L 422.0000, -123.0000, 0.0000, 417.0000, -123.0000, 0.0000, 205, 133, 63
L 405.0000, -112.0000, 0.0000, 405.0000, -154.0000, 0.0000, 0, 0, 0
L 408.0000, -123.0000, 0.0000, 408.0000, -109.0000, 0.0000, 0, 0, 0
L 412.0000, -151.0000, 0.0000, 412.0000, -123.0000, 0.0000, 0, 0, 0
L 408.0000, -109.0000, 0.0000, 405.0000, -109.0000, 0.0000, 0, 0, 0
L 412.0000, -123.0000, 0.0000, 408.0000, -123.0000, 0.0000, 0, 0, 0
L 422.0000, -151.0000, 0.0000, 422.0000, -123.0000, 0.0000, 205, 133, 63
L 432.0000, -86.0000, 0.0000, 432.0000, -97.0000, 0.0000, 150, 150, 150
L 417.0000, -123.0000, 0.0000, 417.0000, -151.0000, 0.0000, 205, 133, 63
L 408.0000, -86.0000, 0.0000, 432.0000, -86.0000, 0.0000, 0, 0, 0
L 432.0000, -97.0000, 0.0000, 429.0000, -97.0000, 0.0000, 0, 0, 0
L 459.0000, -100.0000, 0.0000, 429.0000, -100.0000, 0.0000, 0, 0, 0
L 429.0000, -100.0000, 0.0000, 429.0000, -97.0000, 0.0000, 0, 0, 0
L 459.0000, -86.0000, 14.0000, 448.0000, -86.0000, 14.0000, 0, 204, 0
L 448.0000, -97.0000, 14.0000, 448.0000, -86.0000, 14.0000, 150, 150, 150
L 448.0000, -97.0000, 14.0000, 446.0000, -97.0000, 12.0000, 0, 204, 0
L 448.0000, -86.0000, 14.0000, 446.0000, -86.0000, 12.0000, 0, 204, 0
L 440.0000, -97.0000, 7.0000, 438.0000, -97.0000, 5.0000, 0, 204, 0
L 440.0000, -86.0000, 7.0000, 438.0000, -86.0000, 5.0000, 0, 204, 0
L 440.0000, -97.0000, 7.0000, 440.0000, -86.0000, 7.0000, 150, 150, 150
L 444.0000, -97.0000, 10.0000, 442.0000, -97.0000, 8.0000, 0, 204, 0
L 444.0000, -86.0000, 10.0000, 442.0000, -86.0000, 8.0000, 0, 204, 0
L 444.0000, -97.0000, 10.0000, 444.0000, -86.0000, 10.0000, 150, 150, 150
L 436.0000, -97.0000, 3.0000, 434.0000, -97.0000, 1.0000, 0, 204, 0
L 436.0000, -86.0000, 3.0000, 434.0000, -86.0000, 1.0000, 0, 204, 0
L 436.0000, -97.0000, 3.0000, 436.0000, -86.0000, 3.0000, 150, 150, 150
L 434.0000, -97.0000, 1.0000, 432.0000, -97.0000, 0.0000, 0, 204, 0
L 434.0000, -86.0000, 1.0000, 432.0000, -86.0000, 0.0000, 0, 204, 0
L 434.0000, -97.0000, 1.0000, 434.0000, -86.0000, 1.0000, 150, 150, 150
L 438.0000, -97.0000, 5.0000, 436.0000, -97.0000, 3.0000, 0, 204, 0
L 438.0000, -86.0000, 5.0000, 436.0000, -86.0000, 3.0000, 0, 204, 0
L 438.0000, -97.0000, 5.0000, 438.0000, -86.0000, 5.0000, 150, 150, 150
L 446.0000, -97.0000, 12.0000, 444.0000, -97.0000, 10.0000, 0, 204, 0
L 446.0000, -86.0000, 12.0000, 444.0000, -86.0000, 10.0000, 0, 204, 0
L 446.0000, -97.0000, 12.0000, 446.0000, -86.0000, 12.0000, 150, 150, 150
L 442.0000, -97.0000, 8.0000, 440.0000, -97.0000, 7.0000, 0, 204, 0
L 442.0000, -86.0000, 8.0000, 440.0000, -86.0000, 7.0000, 0, 204, 0
L 442.0000, -97.0000, 8.0000, 442.0000, -86.0000, 8.0000, 150, 150, 150
L 321.0000, -84.0000, 0.0000, 321.0000, -126.0000, 0.0000, 0, 0, 0
L 324.0000, -84.0000, 0.0000, 324.0000, -109.0000, 0.0000, 0, 0, 0
L 324.0000, -109.0000, 0.0000, 324.0000, -124.0000, 0.0000, 0, 0, 0
L 364.0000, -126.0000, 0.0000, 333.0000, -126.0000, 0.0000, 0, 0, 0
L 324.0000, -126.0000, 0.0000, 321.0000, -126.0000, 0.0000, 0, 0, 0
L 333.0000, -123.0000, 0.0000, 333.0000, -124.0000, 0.0000, 0, 0, 0
L 330.0000, -126.0000, 0.0000, 326.0000, -126.0000, 0.0000, 205, 133, 63
L 330.0000, -123.0000, 0.0000, 326.0000, -123.0000, 0.0000, 205, 133, 63
L 330.0000, -126.0000, 0.0000, 330.0000, -124.0000, 0.0000, 205, 133, 63
L 326.0000, -126.0000, 0.0000, 326.0000, -124.0000, 0.0000, 205, 133, 63
L 333.0000, -124.0000, 0.0000, 333.0000, -126.0000, 0.0000, 0, 0, 0
L 324.0000, -124.0000, 0.0000, 324.0000, -126.0000, 0.0000, 0, 0, 0
L 333.0000, -124.0000, 0.0000, 330.0000, -124.0000, 0.0000, 205, 133, 63
L 330.0000, -124.0000, 0.0000, 330.0000, -123.0000, 0.0000, 205, 133, 63
L 326.0000, -124.0000, 0.0000, 326.0000, -123.0000, 0.0000, 205, 133, 63
L 326.0000, -124.0000, 0.0000, 324.0000, -124.0000, 0.0000, 205, 133, 63
L 338.0000, -58.0000, 0.0000, 338.0000, -107.0000, 0.0000, 0, 0, 0
L 345.0000, -107.0000, 0.0000, 338.0000, -107.0000, 0.0000, 205, 133, 63
L 335.0000, -112.0000, 0.0000, 338.0000, -112.0000, 0.0000, 0, 0, 0
L 350.0000, -84.0000, 0.0000, 350.0000, -112.0000, 0.0000, 205, 133, 63
L 364.0000, -79.0000, -13.0000, 364.0000, -65.0000, -13.0000, 178, 102, 255
L 364.0000, -65.0000, -13.0000, 362.0000, -65.0000, -13.0000, 178, 102, 255
L 362.0000, -65.0000, -13.0000, 361.0000, -65.0000, -13.0000, 178, 102, 255
L 362.0000, -65.0000, -13.0000, 362.0000, -62.0000, -13.0000, 205, 133, 63
L 361.0000, -62.0000, -13.0000, 361.0000, -58.0000, -13.0000, 205, 133, 63
L 364.0000, -62.0000, -13.0000, 364.0000, -58.0000, -13.0000, 205, 133, 63
L 361.0000, -62.0000, -13.0000, 362.0000, -62.0000, -13.0000, 205, 133, 63
L 362.0000, -62.0000, -13.0000, 364.0000, -62.0000, -13.0000, 205, 133, 63
L 361.0000, -58.0000, -13.0000, 362.0000, -58.0000, -13.0000, 205, 133, 63
L 362.0000, -58.0000, -13.0000, 362.0000, -56.0000, -13.0000, 205, 133, 63
L 362.0000, -58.0000, -13.0000, 364.0000, -58.0000, -13.0000, 205, 133, 63
L 338.0000, -68.0000, -13.0000, 338.0000, -93.0000, -13.0000, 178, 102, 255
L 361.0000, -70.0000, -13.0000, 347.0000, -70.0000, -13.0000, 178, 102, 255
L 361.0000, -67.0000, -13.0000, 347.0000, -67.0000, -13.0000, 178, 102, 255
L 344.0000, -70.0000, -13.0000, 340.0000, -70.0000, -13.0000, 205, 133, 63
L 344.0000, -67.0000, -13.0000, 340.0000, -67.0000, -13.0000, 205, 133, 63
L 344.0000, -70.0000, -13.0000, 344.0000, -68.0000, -13.0000, 205, 133, 63
L 340.0000, -70.0000, -13.0000, 340.0000, -68.0000, -13.0000, 205, 133, 63
L 347.0000, -68.0000, -13.0000, 347.0000, -67.0000, -13.0000, 178, 102, 255
L 338.0000, -68.0000, -13.0000, 340.0000, -68.0000, -13.0000, 205, 133, 63
L 344.0000, -68.0000, -13.0000, 344.0000, -67.0000, -13.0000, 205, 133, 63
L 340.0000, -68.0000, -13.0000, 340.0000, -67.0000, -13.0000, 205, 133, 63
L 344.0000, -68.0000, -13.0000, 347.0000, -68.0000, -13.0000, 205, 133, 63
L 324.0000, -84.0000, 0.0000, 335.0000, -84.0000, 0.0000, 150, 150, 150
L 324.0000, -70.0000, -13.0000, 335.0000, -70.0000, -13.0000, 150, 150, 150
L 324.0000, -70.0000, -13.0000, 324.0000, -56.0000, -13.0000, 178, 102, 255
L 375.0000, -56.0000, -13.0000, 362.0000, -56.0000, -13.0000, 178, 102, 255
L 362.0000, -56.0000, -13.0000, 324.0000, -56.0000, -13.0000, 178, 102, 255
L 338.0000, -67.0000, -13.0000, 335.0000, -67.0000, -13.0000, 178, 102, 255
L 335.0000, -70.0000, -13.0000, 335.0000, -67.0000, -13.0000, 178, 102, 255
L 335.0000, -84.0000, 0.0000, 335.0000, -82.0000, -1.0000, 178, 102, 255
L 324.0000, -84.0000, 0.0000, 324.0000, -82.0000, -1.0000, 178, 102, 255
L 324.0000, -77.0000, -6.0000, 324.0000, -75.0000, -8.0000, 178, 102, 255
L 335.0000, -77.0000, -6.0000, 335.0000, -75.0000, -8.0000, 178, 102, 255
L 324.0000, -77.0000, -6.0000, 335.0000, -77.0000, -6.0000, 150, 150, 150
L 324.0000, -80.0000, -3.0000, 324.0000, -78.0000, -4.0000, 178, 102, 255
L 335.0000, -80.0000, -3.0000, 335.0000, -78.0000, -4.0000, 178, 102, 255
L 324.0000, -80.0000, -3.0000, 335.0000, -80.0000, -3.0000, 150, 150, 150
L 324.0000, -73.0000, -9.0000, 324.0000, -71.0000, -11.0000, 178, 102, 255
L 335.0000, -73.0000, -9.0000, 335.0000, -71.0000, -11.0000, 178, 102, 255
L 324.0000, -73.0000, -9.0000, 335.0000, -73.0000, -9.0000, 150, 150, 150
L 324.0000, -71.0000, -11.0000, 324.0000, -70.0000, -13.0000, 178, 102, 255
L 335.0000, -71.0000, -11.0000, 335.0000, -70.0000, -13.0000, 178, 102, 255
L 324.0000, -71.0000, -11.0000, 335.0000, -71.0000, -11.0000, 150, 150, 150
L 324.0000, -75.0000, -8.0000, 324.0000, -73.0000, -9.0000, 178, 102, 255
L 335.0000, -75.0000, -8.0000, 335.0000, -73.0000, -9.0000, 178, 102, 255
L 324.0000, -75.0000, -8.0000, 335.0000, -75.0000, -8.0000, 150, 150, 150
L 324.0000, -78.0000, -4.0000, 324.0000, -77.0000, -6.0000, 178, 102, 255
L 335.0000, -78.0000, -4.0000, 335.0000, -77.0000, -6.0000, 178, 102, 255
L 324.0000, -78.0000, -4.0000, 335.0000, -78.0000, -4.0000, 150, 150, 150
L 324.0000, -82.0000, -1.0000, 324.0000, -80.0000, -3.0000, 178, 102, 255
L 335.0000, -82.0000, -1.0000, 335.0000, -80.0000, -3.0000, 178, 102, 255
L 324.0000, -82.0000, -1.0000, 335.0000, -82.0000, -1.0000, 150, 150, 150
L 403.0000, 83.0000, 14.0000, 403.0000, 69.0000, 14.0000, 0, 204, 0
L 405.0000, 57.0000, 14.0000, 405.0000, 44.0000, 14.0000, 150, 150, 150
L 417.0000, 44.0000, 14.0000, 405.0000, 44.0000, 14.0000, 0, 204, 0
L 392.0000, 57.0000, 0.0000, 389.0000, 57.0000, 0.0000, 0, 0, 0
L 391.0000, 60.0000, 0.0000, 389.0000, 60.0000, 0.0000, 0, 0, 0
L 389.0000, 60.0000, 0.0000, 389.0000, 57.0000, 0.0000, 0, 0, 0
L 377.0000, 97.0000, 0.0000, 377.0000, 41.0000, 0.0000, 0, 0, 0
L 420.0000, 41.0000, 0.0000, 377.0000, 41.0000, 0.0000, 0, 0, 0
L 405.0000, 44.0000, 14.0000, 403.0000, 44.0000, 12.0000, 0, 204, 0
L 398.0000, 57.0000, 7.0000, 396.0000, 57.0000, 5.0000, 0, 204, 0
L 398.0000, 44.0000, 7.0000, 396.0000, 44.0000, 5.0000, 0, 204, 0
L 398.0000, 57.0000, 7.0000, 398.0000, 44.0000, 7.0000, 150, 150, 150
L 401.0000, 44.0000, 10.0000, 400.0000, 44.0000, 8.0000, 0, 204, 0
L 401.0000, 57.0000, 10.0000, 400.0000, 57.0000, 8.0000, 0, 204, 0
L 401.0000, 44.0000, 10.0000, 401.0000, 57.0000, 10.0000, 150, 150, 150
L 395.0000, 44.0000, 3.0000, 393.0000, 44.0000, 1.0000, 0, 204, 0
L 395.0000, 57.0000, 3.0000, 393.0000, 57.0000, 1.0000, 0, 204, 0
L 395.0000, 44.0000, 3.0000, 395.0000, 57.0000, 3.0000, 150, 150, 150
L 393.0000, 44.0000, 1.0000, 392.0000, 44.0000, 0.0000, 0, 204, 0
L 393.0000, 57.0000, 1.0000, 392.0000, 57.0000, 0.0000, 0, 204, 0
L 393.0000, 44.0000, 1.0000, 393.0000, 57.0000, 1.0000, 150, 150, 150
L 396.0000, 44.0000, 5.0000, 395.0000, 44.0000, 3.0000, 0, 204, 0
L 396.0000, 57.0000, 5.0000, 395.0000, 57.0000, 3.0000, 0, 204, 0
L 396.0000, 44.0000, 5.0000, 396.0000, 57.0000, 5.0000, 150, 150, 150
L 400.0000, 44.0000, 8.0000, 398.0000, 44.0000, 7.0000, 0, 204, 0
L 400.0000, 57.0000, 8.0000, 398.0000, 57.0000, 7.0000, 0, 204, 0
L 400.0000, 44.0000, 8.0000, 400.0000, 57.0000, 8.0000, 150, 150, 150
L 403.0000, 44.0000, 12.0000, 401.0000, 44.0000, 10.0000, 0, 204, 0
L 403.0000, 57.0000, 12.0000, 401.0000, 57.0000, 10.0000, 0, 204, 0
L 403.0000, 44.0000, 12.0000, 403.0000, 57.0000, 12.0000, 150, 150, 150
L 340.0000, -193.0000, 14.0000, 340.0000, -169.0000, 14.0000, 0, 204, 0
L 340.0000, -142.0000, 14.0000, 362.0000, -142.0000, 14.0000, 0, 204, 0
L 340.0000, -169.0000, 14.0000, 361.0000, -169.0000, 14.0000, 0, 204, 0
L 340.0000, -165.0000, 14.0000, 340.0000, -142.0000, 14.0000, 0, 204, 0
L 361.0000, -165.0000, 14.0000, 361.0000, -151.0000, 14.0000, 0, 204, 0
L 361.0000, -169.0000, 14.0000, 361.0000, -184.0000, 14.0000, 0, 204, 0
L 363.0000, -184.0000, 14.0000, 362.0000, -184.0000, 14.0000, 0, 204, 0
L 361.0000, -167.0000, 0.0000, 361.0000, -169.0000, 0.0000, 0, 0, 0
L 361.0000, -162.0000, 0.0000, 361.0000, -165.0000, 0.0000, 0, 0, 0
L 364.0000, -169.0000, 0.0000, 362.0000, -169.0000, 0.0000, 0, 0, 0
L 361.0000, -162.0000, 0.0000, 362.0000, -162.0000, 0.0000, 0, 0, 0
L 364.0000, -169.0000, 0.0000, 364.0000, -162.0000, 0.0000, 0, 0, 0
L 378.0000, -165.0000, 14.0000, 378.0000, -151.0000, 14.0000, 0, 204, 0
L 361.0000, -151.0000, 14.0000, 362.0000, -151.0000, 14.0000, 0, 204, 0
L 375.0000, -151.0000, 14.0000, 376.0000, -151.0000, 14.0000, 0, 204, 0
L 389.0000, -166.0000, 0.0000, 378.0000, -166.0000, 0.0000, 150, 150, 150
L 375.0000, -163.0000, 0.0000, 375.0000, -208.0000, 0.0000, 0, 0, 0
L 378.0000, -163.0000, 0.0000, 378.0000, -166.0000, 0.0000, 0, 0, 0
L 375.0000, -163.0000, 0.0000, 378.0000, -163.0000, 0.0000, 0, 0, 0
L 389.0000, -183.0000, 14.0000, 389.0000, -193.0000, 14.0000, 0, 204, 0
L 380.0000, -183.0000, 14.0000, 389.0000, -183.0000, 14.0000, 150, 150, 150
L 375.0000, -183.0000, 14.0000, 378.0000, -183.0000, 14.0000, 0, 204, 0
L 378.0000, -183.0000, 14.0000, 380.0000, -183.0000, 14.0000, 150, 150, 150
L 378.0000, -166.0000, 0.0000, 378.0000, -168.0000, 1.0000, 0, 204, 0
L 389.0000, -166.0000, 0.0000, 389.0000, -168.0000, 1.0000, 0, 204, 0
L 378.0000, -174.0000, 7.0000, 378.0000, -176.0000, 8.0000, 0, 204, 0
L 389.0000, -174.0000, 7.0000, 389.0000, -176.0000, 8.0000, 0, 204, 0
L 378.0000, -174.0000, 7.0000, 389.0000, -174.0000, 7.0000, 150, 150, 150
L 378.0000, -178.0000, 10.0000, 378.0000, -180.0000, 12.0000, 0, 204, 0
L 389.0000, -178.0000, 10.0000, 389.0000, -180.0000, 12.0000, 0, 204, 0
L 378.0000, -178.0000, 10.0000, 389.0000, -178.0000, 10.0000, 150, 150, 150
L 378.0000, -170.0000, 3.0000, 378.0000, -172.0000, 5.0000, 0, 204, 0
L 389.0000, -170.0000, 3.0000, 389.0000, -172.0000, 5.0000, 0, 204, 0
L 378.0000, -170.0000, 3.0000, 389.0000, -170.0000, 3.0000, 150, 150, 150
L 378.0000, -172.0000, 5.0000, 378.0000, -174.0000, 7.0000, 0, 204, 0
L 389.0000, -172.0000, 5.0000, 389.0000, -174.0000, 7.0000, 0, 204, 0
L 378.0000, -172.0000, 5.0000, 389.0000, -172.0000, 5.0000, 150, 150, 150
L 378.0000, -168.0000, 1.0000, 378.0000, -170.0000, 3.0000, 0, 204, 0
L 389.0000, -168.0000, 1.0000, 389.0000, -170.0000, 3.0000, 0, 204, 0
L 378.0000, -168.0000, 1.0000, 389.0000, -168.0000, 1.0000, 150, 150, 150
L 378.0000, -176.0000, 8.0000, 378.0000, -178.0000, 10.0000, 0, 204, 0
L 389.0000, -176.0000, 8.0000, 389.0000, -178.0000, 10.0000, 0, 204, 0
L 378.0000, -176.0000, 8.0000, 389.0000, -176.0000, 8.0000, 150, 150, 150
L 378.0000, -180.0000, 12.0000, 378.0000, -183.0000, 14.0000, 0, 204, 0
L 389.0000, -180.0000, 12.0000, 389.0000, -183.0000, 14.0000, 0, 204, 0
L 378.0000, -180.0000, 12.0000, 389.0000, -180.0000, 12.0000, 150, 150, 150
L 224.0000, -84.0000, 0.0000, 223.0000, -83.0000, 0.0000, 0, 0, 0
L 335.0000, 13.0000, 8.0000, 321.0000, 27.0000, 11.0000, 0, 0, 0
L 251.0000, -30.0000, -15.0000, 252.5000, -30.0000, -15.0000, 178, 102, 255
L 254.0000, -14.0000, -15.0000, 254.0000, -30.0000, -15.0000, 178, 102, 255
L 254.0000, -41.0000, -15.0000, 254.0000, -55.0000, -15.0000, 178, 102, 255
L 251.0000, -41.0000, -15.0000, 252.5000, -41.0000, -15.0000, 178, 102, 255
L 254.0000, 0.0000, -15.0000, 254.0000, 30.0000, -15.0000, 178, 102, 255
L 251.0000, 30.0000, -15.0000, 252.5000, 30.0000, -15.0000, 178, 102, 255
L 295.0000, 0.0000, -15.0000, 295.0000, -55.0000, -15.0000, 178, 102, 255
L 295.0000, 14.0000, -15.0000, 267.0000, 14.0000, -15.0000, 178, 102, 255
L 295.0000, -55.0000, -15.0000, 254.0000, -55.0000, -15.0000, 178, 102, 255
L 282.0000, 0.0000, -15.0000, 295.0000, 0.0000, -15.0000, 178, 102, 255
L 295.0000, 55.0000, -15.0000, 295.0000, 14.0000, -15.0000, 178, 102, 255
L 251.0000, 30.0000, -15.0000, 251.0000, -30.0000, -15.0000, 178, 102, 255
L 281.0000, -14.0000, -15.0000, 282.0000, 0.0000, -15.0000, 178, 102, 255
L 267.0000, 14.0000, -15.0000, 267.0000, 0.0000, -15.0000, 178, 102, 255
L 254.0000, -14.0000, -15.0000, 281.0000, -14.0000, -15.0000, 178, 102, 255
L 267.0000, 0.0000, -15.0000, 254.0000, 0.0000, -15.0000, 178, 102, 255
L 224.0000, -13.0000, -15.0000, 224.0000, -4.0000, -15.0000, 178, 102, 255
L 238.0000, -13.0000, -15.0000, 224.0000, -13.0000, -15.0000, 178, 102, 255
L 224.0000, -4.0000, -15.0000, 217.0000, -4.0000, -15.0000, 178, 102, 255
L 217.0000, 27.0000, -15.0000, 217.0000, 21.0000, -15.0000, 178, 102, 255
L 224.0000, 13.0000, -15.0000, 238.0000, 13.0000, -15.0000, 178, 102, 255
L 217.0000, 4.0000, -15.0000, 224.0000, 4.0000, -15.0000, 178, 102, 255
L 224.0000, 4.0000, -15.0000, 224.0000, 13.0000, -15.0000, 178, 102, 255
L 211.0000, 27.0000, -15.0000, 217.0000, 27.0000, -15.0000, 178, 102, 255
L 176.0000, 27.0000, -15.0000, 211.0000, 27.0000, -15.0000, 178, 102, 255
L 217.0000, 21.0000, -15.0000, 217.0000, 4.0000, -15.0000, 178, 102, 255
L 238.0000, 13.0000, -15.0000, 238.0000, 69.0000, -15.0000, 178, 102, 255
L 248.0000, 69.0000, -15.0000, 238.0000, 69.0000, -15.0000, 178, 102, 255
L 251.0000, 41.0000, -15.0000, 252.5000, 41.0000, -15.0000, 178, 102, 255
L 248.0000, 69.0000, -15.0000, 251.0000, 69.0000, -15.0000, 178, 102, 255
L 254.0000, 55.0000, -15.0000, 254.0000, 41.0000, -15.0000, 178, 102, 255
L 254.0000, 55.0000, -15.0000, 295.0000, 55.0000, -15.0000, 178, 102, 255
L 251.0000, 41.0000, -15.0000, 251.0000, 57.0000, -15.0000, 178, 102, 255
L 251.0000, 57.0000, -15.0000, 251.0000, 69.0000, -15.0000, 150, 150, 150
L 280.0000, 69.0000, 0.0000, 293.0000, 69.0000, 0.0000, 0, 0, 0
L 280.0000, 57.0000, 0.0000, 276.0000, 57.0000, -1.0000, 178, 102, 255
L 280.0000, 69.0000, 0.0000, 276.0000, 69.0000, -1.0000, 178, 102, 255
L 265.0000, 57.0000, -7.0000, 261.0000, 57.0000, -9.0000, 178, 102, 255
L 265.0000, 69.0000, -7.0000, 261.0000, 69.0000, -9.0000, 178, 102, 255
L 265.0000, 57.0000, -7.0000, 265.0000, 69.0000, -7.0000, 150, 150, 150
L 272.0000, 57.0000, -3.0000, 269.0000, 57.0000, -5.0000, 178, 102, 255
L 272.0000, 69.0000, -3.0000, 269.0000, 69.0000, -5.0000, 178, 102, 255
L 272.0000, 57.0000, -3.0000, 272.0000, 69.0000, -3.0000, 150, 150, 150
L 276.0000, 57.0000, -1.0000, 272.0000, 57.0000, -3.0000, 178, 102, 255
L 276.0000, 69.0000, -1.0000, 272.0000, 69.0000, -3.0000, 178, 102, 255
L 276.0000, 57.0000, -1.0000, 276.0000, 69.0000, -1.0000, 150, 150, 150
L 269.0000, 57.0000, -5.0000, 265.0000, 57.0000, -7.0000, 178, 102, 255
L 269.0000, 69.0000, -5.0000, 265.0000, 69.0000, -7.0000, 178, 102, 255
L 269.0000, 57.0000, -5.0000, 269.0000, 69.0000, -5.0000, 150, 150, 150
L 258.0000, 57.0000, -11.0000, 254.0000, 57.0000, -13.0000, 178, 102, 255
L 258.0000, 69.0000, -11.0000, 254.0000, 69.0000, -13.0000, 178, 102, 255
L 258.0000, 57.0000, -11.0000, 258.0000, 69.0000, -11.0000, 150, 150, 150
L 261.0000, 57.0000, -9.0000, 258.0000, 57.0000, -11.0000, 178, 102, 255
L 261.0000, 69.0000, -9.0000, 258.0000, 69.0000, -11.0000, 178, 102, 255
L 261.0000, 57.0000, -9.0000, 261.0000, 69.0000, -9.0000, 150, 150, 150
L 254.0000, 57.0000, -13.0000, 251.0000, 57.0000, -15.0000, 178, 102, 255
L 254.0000, 69.0000, -13.0000, 251.0000, 69.0000, -15.0000, 178, 102, 255
L 254.0000, 57.0000, -13.0000, 254.0000, 69.0000, -13.0000, 150, 150, 150
L 280.0000, 69.0000, 0.0000, 280.0000, 57.0000, 0.0000, 150, 150, 150
L 280.0000, 57.0000, 0.0000, 280.0000, 55.0000, 0.0000, 0, 0, 0
L 280.0000, 55.0000, 0.0000, 279.0000, 55.0000, 0.0000, 0, 0, 0
L 279.0000, 55.0000, 0.0000, 266.0000, 55.0000, 0.0000, 0, 0, 0
L 266.0000, 55.0000, 0.0000, 266.0000, 41.0000, 0.0000, 0, 0, 0
L 266.0000, 41.0000, 0.0000, 266.0000, 39.0000, 0.0000, 0, 0, 0
L 307.0000, 41.0000, 0.0000, 307.0000, 55.0000, 0.0000, 0, 0, 0
L 307.0000, 55.0000, 0.0000, 293.0000, 55.0000, 0.0000, 0, 0, 0
L 293.0000, -58.0000, 0.0000, 293.0000, -69.0000, 0.0000, 0, 0, 0
L 307.0000, -55.0000, 0.0000, 293.0000, -55.0000, 0.0000, 0, 0, 0
L 293.0000, -55.0000, 0.0000, 293.0000, -58.0000, 0.0000, 0, 0, 0
L 266.0000, -27.0000, 0.0000, 266.0000, -30.0000, 0.0000, 0, 0, 0
L 266.0000, -39.0000, 0.0000, 266.0000, -55.0000, 0.0000, 0, 0, 0
L 280.0000, -55.0000, 0.0000, 266.0000, -55.0000, 0.0000, 0, 0, 0
L 251.0000, -69.0000, -15.0000, 238.0000, -69.0000, -15.0000, 178, 102, 255
L 238.0000, -13.0000, -15.0000, 238.0000, -69.0000, -15.0000, 178, 102, 255
L 251.0000, -41.0000, -15.0000, 251.0000, -58.0000, -15.0000, 178, 102, 255
L 293.0000, -69.0000, 0.0000, 280.0000, -69.0000, 0.0000, 0, 0, 0
L 280.0000, -58.0000, 0.0000, 280.0000, -69.0000, 0.0000, 150, 150, 150
L 280.0000, -55.0000, 0.0000, 280.0000, -58.0000, 0.0000, 0, 0, 0
L 251.0000, -58.0000, -15.0000, 251.0000, -69.0000, -15.0000, 150, 150, 150
L 251.0000, -58.0000, -15.0000, 254.0000, -58.0000, -13.0000, 178, 102, 255
L 251.0000, -69.0000, -15.0000, 254.0000, -69.0000, -13.0000, 178, 102, 255
L 265.0000, -69.0000, -7.0000, 269.0000, -69.0000, -5.0000, 178, 102, 255
L 265.0000, -58.0000, -7.0000, 269.0000, -58.0000, -5.0000, 178, 102, 255
L 265.0000, -69.0000, -7.0000, 265.0000, -58.0000, -7.0000, 150, 150, 150
L 272.0000, -69.0000, -3.0000, 276.0000, -69.0000, -1.0000, 178, 102, 255
L 272.0000, -58.0000, -3.0000, 276.0000, -58.0000, -1.0000, 178, 102, 255
L 272.0000, -69.0000, -3.0000, 272.0000, -58.0000, -3.0000, 150, 150, 150
L 258.0000, -69.0000, -11.0000, 261.0000, -69.0000, -9.0000, 178, 102, 255
L 258.0000, -58.0000, -11.0000, 261.0000, -58.0000, -9.0000, 178, 102, 255
L 258.0000, -69.0000, -11.0000, 258.0000, -58.0000, -11.0000, 150, 150, 150
L 254.0000, -69.0000, -13.0000, 258.0000, -69.0000, -11.0000, 178, 102, 255
L 254.0000, -58.0000, -13.0000, 258.0000, -58.0000, -11.0000, 178, 102, 255
L 254.0000, -69.0000, -13.0000, 254.0000, -58.0000, -13.0000, 150, 150, 150
L 261.0000, -69.0000, -9.0000, 265.0000, -69.0000, -7.0000, 178, 102, 255
L 261.0000, -58.0000, -9.0000, 265.0000, -58.0000, -7.0000, 178, 102, 255
L 261.0000, -69.0000, -9.0000, 261.0000, -58.0000, -9.0000, 150, 150, 150
L 269.0000, -69.0000, -5.0000, 272.0000, -69.0000, -3.0000, 178, 102, 255
L 269.0000, -58.0000, -5.0000, 272.0000, -58.0000, -3.0000, 178, 102, 255
L 269.0000, -69.0000, -5.0000, 269.0000, -58.0000, -5.0000, 150, 150, 150
L 276.0000, -69.0000, -1.0000, 280.0000, -69.0000, 0.0000, 178, 102, 255
L 276.0000, -58.0000, -1.0000, 280.0000, -58.0000, 0.0000, 178, 102, 255
L 276.0000, -69.0000, -1.0000, 276.0000, -58.0000, -1.0000, 150, 150, 150
L 713.0000, -266.0000, -13.0000, 713.0000, -265.0000, -21.0000, 0, 0, 0
L 331.0000, 100.0000, 0.0000, 336.0000, 100.0000, 0.0000, 0, 0, 0
L 352.0000, 64.0000, 0.0000, 358.0000, 64.0000, 0.0000, 205, 133, 63
L 352.0000, 61.0000, 0.0000, 358.0000, 61.0000, 0.0000, 205, 133, 63
L 350.0000, 62.0000, 0.0000, 350.0000, 64.0000, 0.0000, 0, 0, 0
L 361.0000, 62.0000, 0.0000, 358.0000, 62.0000, 0.0000, 205, 133, 63
L 352.0000, 61.0000, 0.0000, 352.0000, 62.0000, 0.0000, 205, 133, 63
L 352.0000, 62.0000, 0.0000, 350.0000, 62.0000, 0.0000, 205, 133, 63
L 352.0000, 62.0000, 0.0000, 352.0000, 64.0000, 0.0000, 205, 133, 63
L 358.0000, 61.0000, 0.0000, 358.0000, 62.0000, 0.0000, 205, 133, 63
L 358.0000, 62.0000, 0.0000, 358.0000, 64.0000, 0.0000, 205, 133, 63
L 319.0000, 114.0000, 0.0000, 319.0000, 111.0000, 0.0000, 0, 0, 0
L 321.0000, 111.0000, 0.0000, 319.0000, 111.0000, 0.0000, 0, 0, 0
L 321.0000, 123.0000, 0.0000, 361.0000, 123.0000, 0.0000, 0, 0, 0
L 319.0000, 116.0000, 0.0000, 319.0000, 120.0000, 0.0000, 205, 133, 63
L 324.0000, 116.0000, 0.0000, 324.0000, 120.0000, 0.0000, 205, 133, 63
L 321.0000, 114.0000, 0.0000, 319.0000, 114.0000, 0.0000, 0, 0, 0
L 321.0000, 114.0000, 0.0000, 321.0000, 116.0000, 0.0000, 205, 133, 63
L 319.0000, 120.0000, 0.0000, 321.0000, 120.0000, 0.0000, 205, 133, 63
L 321.0000, 120.0000, 0.0000, 321.0000, 123.0000, 0.0000, 205, 133, 63
L 321.0000, 120.0000, 0.0000, 324.0000, 120.0000, 0.0000, 205, 133, 63
L 324.0000, 116.0000, 0.0000, 321.0000, 116.0000, 0.0000, 205, 133, 63
L 321.0000, 116.0000, 0.0000, 319.0000, 116.0000, 0.0000, 205, 133, 63
L 448.0000, 97.0000, 0.0000, 450.0000, 97.0000, 0.0000, 0, 0, 0
L 450.0000, 100.0000, 0.0000, 450.0000, 97.0000, 0.0000, 0, 0, 0
L 443.0000, 102.0000, 0.0000, 443.0000, 106.0000, 0.0000, 205, 133, 63
L 450.0000, 102.0000, 0.0000, 450.0000, 106.0000, 0.0000, 205, 133, 63
L 446.0000, 100.0000, 0.0000, 443.0000, 100.0000, 0.0000, 0, 0, 0
L 446.0000, 109.0000, 0.0000, 450.0000, 109.0000, 0.0000, 0, 0, 0
L 446.0000, 100.0000, 0.0000, 446.0000, 102.0000, 0.0000, 205, 133, 63
L 450.0000, 106.0000, 0.0000, 446.0000, 106.0000, 0.0000, 205, 133, 63
L 446.0000, 106.0000, 0.0000, 446.0000, 109.0000, 0.0000, 205, 133, 63
L 446.0000, 106.0000, 0.0000, 443.0000, 106.0000, 0.0000, 205, 133, 63
L 443.0000, 102.0000, 0.0000, 446.0000, 102.0000, 0.0000, 205, 133, 63
L 446.0000, 102.0000, 0.0000, 450.0000, 102.0000, 0.0000, 205, 133, 63
L 459.0000, 56.0000, 0.0000, 462.0000, 56.0000, 0.0000, 0, 0, 0
L 459.0000, 53.0000, 0.0000, 459.0000, 56.0000, 0.0000, 0, 0, 0
L 447.0000, 56.0000, 0.0000, 459.0000, 56.0000, 0.0000, 205, 133, 63
L 447.0000, 53.0000, 0.0000, 436.0000, 53.0000, 0.0000, 0, 0, 0
L 447.0000, 56.0000, 0.0000, 447.0000, 53.0000, 0.0000, 0, 0, 0
L 459.0000, 72.0000, 0.0000, 462.0000, 72.0000, 0.0000, 0, 0, 0
L 462.0000, 70.0000, 0.0000, 462.0000, 72.0000, 0.0000, 0, 0, 0
L 450.0000, 72.0000, 0.0000, 447.0000, 72.0000, 0.0000, 0, 0, 0
L 447.0000, 70.0000, 0.0000, 447.0000, 72.0000, 0.0000, 0, 0, 0
L 456.0000, 67.0000, 0.0000, 452.0000, 67.0000, 0.0000, 205, 133, 63
L 456.0000, 72.0000, 0.0000, 452.0000, 72.0000, 0.0000, 205, 133, 63
L 459.0000, 69.0000, 0.0000, 459.0000, 72.0000, 0.0000, 0, 0, 0
L 450.0000, 69.0000, 0.0000, 450.0000, 67.0000, 0.0000, 0, 0, 0
L 459.0000, 69.0000, 0.0000, 456.0000, 69.0000, 0.0000, 205, 133, 63
L 452.0000, 67.0000, 0.0000, 452.0000, 69.0000, 0.0000, 205, 133, 63
L 452.0000, 69.0000, 0.0000, 450.0000, 69.0000, 0.0000, 205, 133, 63
L 452.0000, 69.0000, 0.0000, 452.0000, 72.0000, 0.0000, 205, 133, 63
L 456.0000, 72.0000, 0.0000, 456.0000, 69.0000, 0.0000, 205, 133, 63
L 456.0000, 69.0000, 0.0000, 456.0000, 67.0000, 0.0000, 205, 133, 63
L 378.0000, 14.0000, 0.0000, 378.0000, 16.0000, 0.0000, 0, 0, 0
L 375.0000, 16.0000, 0.0000, 378.0000, 16.0000, 0.0000, 0, 0, 0
L 392.0000, -12.0000, 0.0000, 392.0000, 14.0000, 0.0000, 0, 0, 0
L 378.0000, 14.0000, 0.0000, 392.0000, 14.0000, 0.0000, 0, 0, 0
L 366.0000, 13.0000, 0.0000, 366.0000, -11.0000, 0.0000, 0, 0, 0
L 372.0000, 11.0000, 0.0000, 368.0000, 11.0000, 0.0000, 205, 133, 63
L 372.0000, 16.0000, 0.0000, 368.0000, 16.0000, 0.0000, 205, 133, 63
L 375.0000, 13.0000, 0.0000, 375.0000, 16.0000, 0.0000, 0, 0, 0
L 366.0000, 13.0000, 0.0000, 368.0000, 13.0000, 0.0000, 205, 133, 63
L 372.0000, 11.0000, 0.0000, 372.0000, 13.0000, 0.0000, 205, 133, 63
L 372.0000, 13.0000, 0.0000, 375.0000, 13.0000, 0.0000, 205, 133, 63
L 372.0000, 13.0000, 0.0000, 372.0000, 16.0000, 0.0000, 205, 133, 63
L 368.0000, 11.0000, 0.0000, 368.0000, 13.0000, 0.0000, 205, 133, 63
L 368.0000, 13.0000, 0.0000, 368.0000, 16.0000, 0.0000, 205, 133, 63
L 655.0000, -251.0000, -13.0000, 655.0000, -289.0000, -13.0000, 0, 0, 0
L 648.0000, -254.0000, -13.0000, 652.0000, -254.0000, -13.0000, 205, 133, 63
L 648.0000, -249.0000, -13.0000, 652.0000, -249.0000, -13.0000, 205, 133, 63
L 646.0000, -251.0000, -13.0000, 646.0000, -249.0000, -13.0000, 0, 0, 0
L 655.0000, -251.0000, -13.0000, 652.0000, -251.0000, -13.0000, 205, 133, 63
L 648.0000, -254.0000, -13.0000, 648.0000, -251.0000, -13.0000, 205, 133, 63
L 648.0000, -251.0000, -13.0000, 646.0000, -251.0000, -13.0000, 205, 133, 63
L 648.0000, -251.0000, -13.0000, 648.0000, -249.0000, -13.0000, 205, 133, 63
L 652.0000, -254.0000, -13.0000, 652.0000, -251.0000, -13.0000, 205, 133, 63
L 652.0000, -251.0000, -13.0000, 652.0000, -249.0000, -13.0000, 205, 133, 63
L 612.0000, -168.0000, -13.0000, 614.0000, -167.0000, -13.0000, 0, 0, 0
L 614.0000, -167.0000, -13.0000, 614.0000, -165.0000, -13.0000, 0, 0, 0
L 591.0000, -156.0000, -13.0000, 596.0000, -156.0000, -13.0000, 0, 0, 0
L 614.0000, -156.0000, -13.0000, 614.0000, -153.0000, -13.0000, 0, 0, 0
L 596.0000, -156.0000, -13.0000, 611.0000, -156.0000, -13.0000, 0, 0, 0
L 603.0000, -153.0000, -13.0000, 614.0000, -153.0000, -13.0000, 0, 0, 0
L 611.0000, -165.0000, -13.0000, 609.0000, -165.0000, -13.0000, 0, 0, 0
L 611.0000, -156.0000, -13.0000, 614.0000, -156.0000, -13.0000, 0, 0, 0
L 611.0000, -165.0000, -13.0000, 611.0000, -162.0000, -13.0000, 205, 133, 63
L 614.0000, -162.0000, -13.0000, 614.0000, -158.0000, -13.0000, 205, 133, 63
L 609.0000, -162.0000, -13.0000, 609.0000, -158.0000, -13.0000, 205, 133, 63
L 609.0000, -162.0000, -13.0000, 611.0000, -162.0000, -13.0000, 205, 133, 63
L 611.0000, -162.0000, -13.0000, 614.0000, -162.0000, -13.0000, 205, 133, 63
L 614.0000, -158.0000, -13.0000, 611.0000, -158.0000, -13.0000, 205, 133, 63
L 611.0000, -158.0000, -13.0000, 611.0000, -156.0000, -13.0000, 205, 133, 63
L 611.0000, -158.0000, -13.0000, 609.0000, -158.0000, -13.0000, 205, 133, 63
L 417.0000, -151.0000, 0.0000, 422.0000, -151.0000, 0.0000, 0, 0, 0
L 380.0000, -137.0000, 0.0000, 377.0000, -137.0000, 0.0000, 0, 0, 0
L 377.0000, -139.0000, 0.0000, 377.0000, -137.0000, 0.0000, 0, 0, 0
L 375.0000, -142.0000, 0.0000, 378.0000, -142.0000, 0.0000, 0, 0, 0
L 378.0000, -142.0000, 0.0000, 380.0000, -142.0000, 0.0000, 0, 0, 0
L 380.0000, -137.0000, 0.0000, 380.0000, -139.0000, 0.0000, 0, 0, 0
L 389.0000, -139.0000, 0.0000, 389.0000, -166.0000, 0.0000, 0, 0, 0
L 382.0000, -142.0000, 0.0000, 386.0000, -142.0000, 0.0000, 205, 133, 63
L 386.0000, -137.0000, 0.0000, 382.0000, -137.0000, 0.0000, 205, 133, 63
L 380.0000, -139.0000, 0.0000, 380.0000, -142.0000, 0.0000, 0, 0, 0
L 389.0000, -139.0000, 0.0000, 386.0000, -139.0000, 0.0000, 205, 133, 63
L 382.0000, -142.0000, 0.0000, 382.0000, -139.0000, 0.0000, 205, 133, 63
L 382.0000, -139.0000, 0.0000, 380.0000, -139.0000, 0.0000, 205, 133, 63
L 382.0000, -139.0000, 0.0000, 382.0000, -137.0000, 0.0000, 205, 133, 63
L 386.0000, -142.0000, 0.0000, 386.0000, -139.0000, 0.0000, 205, 133, 63
L 386.0000, -139.0000, 0.0000, 386.0000, -137.0000, 0.0000, 205, 133, 63
L 338.0000, -112.0000, 0.0000, 350.0000, -112.0000, 0.0000, 205, 133, 63
L 338.0000, -107.0000, 0.0000, 338.0000, -112.0000, 0.0000, 0, 0, 0
L 405.0000, -97.0000, 0.0000, 403.0000, -97.0000, 0.0000, 0, 0, 0
L 405.0000, -112.0000, 0.0000, 403.0000, -112.0000, 0.0000, 0, 0, 0
L 403.0000, -109.0000, 0.0000, 403.0000, -112.0000, 0.0000, 0, 0, 0
L 403.0000, -100.0000, 0.0000, 403.0000, -97.0000, 0.0000, 0, 0, 0
L 408.0000, -102.0000, 0.0000, 408.0000, -106.0000, 0.0000, 205, 133, 63
L 403.0000, -106.0000, 0.0000, 403.0000, -102.0000, 0.0000, 205, 133, 63
L 405.0000, -109.0000, 0.0000, 403.0000, -109.0000, 0.0000, 0, 0, 0
L 405.0000, -100.0000, 0.0000, 408.0000, -100.0000, 0.0000, 0, 0, 0
L 405.0000, -109.0000, 0.0000, 405.0000, -106.0000, 0.0000, 205, 133, 63
L 408.0000, -102.0000, 0.0000, 405.0000, -102.0000, 0.0000, 205, 133, 63
L 405.0000, -102.0000, 0.0000, 405.0000, -100.0000, 0.0000, 205, 133, 63
L 405.0000, -102.0000, 0.0000, 403.0000, -102.0000, 0.0000, 205, 133, 63
L 403.0000, -106.0000, 0.0000, 405.0000, -106.0000, 0.0000, 205, 133, 63
L 405.0000, -106.0000, 0.0000, 408.0000, -106.0000, 0.0000, 205, 133, 63
L 448.0000, -97.0000, 14.0000, 448.0000, -100.0000, 14.0000, 0, 204, 0
L 448.0000, -114.0000, 14.0000, 448.0000, -115.0000, 14.0000, 205, 133, 63
L 448.0000, -100.0000, 14.0000, 448.0000, -114.0000, 14.0000, 205, 133, 63
L 443.0000, -100.0000, 14.0000, 448.0000, -100.0000, 14.0000, 0, 204, 0
L 417.0000, 86.0000, 0.0000, 405.0000, 86.0000, 0.0000, 205, 133, 63
L 417.0000, 81.0000, 0.0000, 417.0000, 86.0000, 0.0000, 0, 0, 0
L 403.0000, 100.0000, 14.0000, 404.0000, 100.0000, 14.0000, 0, 204, 0
L 406.0000, 100.0000, 14.0000, 406.0000, 69.0000, 14.0000, 0, 204, 0
L 403.0000, 69.0000, 14.0000, 405.0000, 69.0000, 14.0000, 0, 204, 0
L 405.0000, 60.0000, 14.0000, 406.0000, 60.0000, 14.0000, 0, 204, 0
L 405.0000, 57.0000, 14.0000, 406.0000, 57.0000, 14.0000, 0, 204, 0
L 406.0000, 57.0000, 14.0000, 406.0000, 60.0000, 14.0000, 0, 204, 0
L 404.0000, 109.0000, 14.0000, 382.0000, 109.0000, 14.0000, 0, 204, 0
L 403.0000, 102.0000, 14.0000, 403.0000, 106.0000, 14.0000, 205, 133, 63
L 406.0000, 102.0000, 14.0000, 406.0000, 106.0000, 14.0000, 205, 133, 63
L 404.0000, 100.0000, 14.0000, 406.0000, 100.0000, 14.0000, 0, 204, 0
L 404.0000, 100.0000, 14.0000, 404.0000, 102.0000, 14.0000, 205, 133, 63
L 403.0000, 106.0000, 14.0000, 404.0000, 106.0000, 14.0000, 205, 133, 63
L 404.0000, 106.0000, 14.0000, 404.0000, 109.0000, 14.0000, 205, 133, 63
L 404.0000, 106.0000, 14.0000, 406.0000, 106.0000, 14.0000, 205, 133, 63
L 403.0000, 102.0000, 14.0000, 404.0000, 102.0000, 14.0000, 205, 133, 63
L 404.0000, 102.0000, 14.0000, 406.0000, 102.0000, 14.0000, 205, 133, 63
L 403.0000, 66.0000, 14.0000, 403.0000, 62.0000, 14.0000, 205, 133, 63
L 406.0000, 66.0000, 14.0000, 406.0000, 62.0000, 14.0000, 205, 133, 63
L 405.0000, 69.0000, 14.0000, 406.0000, 69.0000, 14.0000, 0, 204, 0
L 405.0000, 60.0000, 14.0000, 405.0000, 62.0000, 14.0000, 205, 133, 63
L 403.0000, 66.0000, 14.0000, 405.0000, 66.0000, 14.0000, 205, 133, 63
L 405.0000, 66.0000, 14.0000, 405.0000, 69.0000, 14.0000, 205, 133, 63
L 405.0000, 66.0000, 14.0000, 406.0000, 66.0000, 14.0000, 205, 133, 63
L 403.0000, 62.0000, 14.0000, 405.0000, 62.0000, 14.0000, 205, 133, 63
L 405.0000, 62.0000, 14.0000, 406.0000, 62.0000, 14.0000, 205, 133, 63
L 483.0000, -8.0000, -3.0000, 497.0000, -8.0000, -3.0000, 0, 0, 0
L 424.0000, 3.0000, -3.0000, 435.0000, 3.0000, -3.0000, 0, 0, 0
L 483.0000, 3.0000, -3.0000, 483.0000, -8.0000, -3.0000, 0, 0, 0
L 483.0000, -19.0000, -3.0000, 483.0000, -31.0000, -3.0000, 0, 0, 0
L 424.0000, -8.0000, -3.0000, 424.0000, -7.0000, -3.0000, 0, 0, 0
L 435.0000, -31.0000, -3.0000, 424.0000, -31.0000, -3.0000, 0, 0, 0
L 435.0000, 3.0000, -3.0000, 436.0000, 3.0000, -3.0000, 0, 0, 0
L 471.0000, 3.0000, -3.0000, 483.0000, 3.0000, -3.0000, 0, 0, 0
L 483.0000, -31.0000, -3.0000, 471.0000, -31.0000, -3.0000, 0, 0, 0
L 424.0000, -20.0000, -3.0000, 424.0000, -19.0000, -3.0000, 0, 0, 0
L 436.0000, -31.0000, -3.0000, 435.0000, -31.0000, -3.0000, 0, 0, 0
L 424.0000, -19.0000, -3.0000, 424.0000, -8.0000, -3.0000, 0, 0, 0
L 424.0000, -7.0000, -3.0000, 424.0000, 3.0000, -3.0000, 0, 0, 0
L 424.0000, -31.0000, -3.0000, 424.0000, -20.0000, -3.0000, 0, 0, 0
L 497.0000, -10.0000, -3.0000, 497.0000, -8.0000, -3.0000, 205, 133, 63
L 497.0000, -19.0000, -3.0000, 483.0000, -19.0000, -3.0000, 0, 0, 0
L 495.0000, -10.0000, -3.0000, 495.0000, -16.0000, -3.0000, 205, 133, 63
L 495.0000, -10.0000, -3.0000, 499.0000, -10.0000, -3.0000, 205, 133, 63
L 497.0000, -19.0000, -3.0000, 497.0000, -16.0000, -3.0000, 205, 133, 63
L 495.0000, -16.0000, -3.0000, 499.0000, -16.0000, -3.0000, 205, 133, 63
L 499.0000, -10.0000, -3.0000, 499.0000, -16.0000, -3.0000, 205, 133, 63
L 497.0000, -8.0000, -3.0000, 511.0000, -8.0000, -3.0000, 0, 0, 0
L 471.0000, -31.0000, -3.0000, 436.0000, -31.0000, -3.0000, 0, 0, 0
L 436.0000, 3.0000, -3.0000, 471.0000, 3.0000, -3.0000, 0, 0, 0
L 511.0000, -19.0000, -3.0000, 511.0000, -8.0000, -3.0000, 0, 0, 0
L 511.0000, -19.0000, -3.0000, 497.0000, -19.0000, -3.0000, 0, 0, 0
L 511.0000, -8.0000, -3.0000, 523.0000, -8.0000, -3.0000, 150, 150, 150
L 523.0000, -8.0000, -3.0000, 523.0000, -19.0000, -3.0000, 150, 150, 150
L 511.0000, -19.0000, -3.0000, 523.0000, -19.0000, -3.0000, 150, 150, 150
L 523.0000, -19.0000, -3.0000, 523.0000, -20.0000, -2.0000, 150, 150, 150
L 523.0000, -8.0000, -3.0000, 523.0000, -6.0000, -2.0000, 150, 150, 150
L 511.0000, -19.0000, -3.0000, 511.0000, -20.0000, -2.0000, 0, 0, 0
L 511.0000, -25.0000, 0.0000, 523.0000, -25.0000, 0.0000, 150, 150, 150
L 511.0000, -8.0000, -3.0000, 511.0000, -6.0000, -2.0000, 0, 0, 0
L 511.0000, -2.0000, 0.0000, 523.0000, -2.0000, 0.0000, 150, 150, 150
L 511.0000, -22.0000, -1.0000, 511.0000, -23.0000, 0.0000, 0, 0, 0
L 523.0000, -22.0000, -1.0000, 523.0000, -23.0000, 0.0000, 150, 150, 150
L 511.0000, -22.0000, -1.0000, 523.0000, -22.0000, -1.0000, 150, 150, 150
L 511.0000, -23.0000, 0.0000, 511.0000, -25.0000, 0.0000, 0, 0, 0
L 523.0000, -23.0000, 0.0000, 523.0000, -25.0000, 0.0000, 150, 150, 150
L 511.0000, -23.0000, 0.0000, 523.0000, -23.0000, 0.0000, 150, 150, 150
L 511.0000, -20.0000, -2.0000, 511.0000, -22.0000, -1.0000, 0, 0, 0
L 523.0000, -20.0000, -2.0000, 523.0000, -22.0000, -1.0000, 150, 150, 150
L 511.0000, -20.0000, -2.0000, 523.0000, -20.0000, -2.0000, 150, 150, 150
L 511.0000, -5.0000, -1.0000, 511.0000, -3.0000, 0.0000, 0, 0, 0
L 523.0000, -5.0000, -1.0000, 523.0000, -3.0000, 0.0000, 150, 150, 150
L 511.0000, -5.0000, -1.0000, 523.0000, -5.0000, -1.0000, 150, 150, 150
L 511.0000, -6.0000, -2.0000, 511.0000, -5.0000, -1.0000, 0, 0, 0
L 523.0000, -6.0000, -2.0000, 523.0000, -5.0000, -1.0000, 150, 150, 150
L 511.0000, -6.0000, -2.0000, 523.0000, -6.0000, -2.0000, 150, 150, 150
L 511.0000, -3.0000, 0.0000, 511.0000, -2.0000, 0.0000, 0, 0, 0
L 523.0000, -3.0000, 0.0000, 523.0000, -2.0000, 0.0000, 150, 150, 150
L 511.0000, -3.0000, 0.0000, 523.0000, -3.0000, 0.0000, 150, 150, 150
L 523.0000, -25.0000, 0.0000, 523.0000, -2.0000, 0.0000, 150, 150, 150
L 378.0000, -217.0000, 0.0000, 378.0000, -241.0000, 0.0000, 0, 0, 0
L 376.0000, -217.0000, 0.0000, 362.0000, -217.0000, 0.0000, 0, 0, 0
L 375.0000, -210.0000, 0.0000, 375.0000, -214.0000, 0.0000, 205, 133, 63
L 378.0000, -210.0000, 0.0000, 378.0000, -214.0000, 0.0000, 205, 133, 63
L 378.0000, -214.0000, 0.0000, 376.0000, -214.0000, 0.0000, 205, 133, 63
L 375.0000, -210.0000, 0.0000, 376.0000, -210.0000, 0.0000, 205, 133, 63
L 376.0000, -208.0000, 0.0000, 378.0000, -208.0000, 0.0000, 0, 0, 0
L 376.0000, -208.0000, 0.0000, 376.0000, -210.0000, 0.0000, 205, 133, 63
L 376.0000, -214.0000, 0.0000, 375.0000, -214.0000, 0.0000, 205, 133, 63
L 376.0000, -210.0000, 0.0000, 378.0000, -210.0000, 0.0000, 205, 133, 63
L 376.0000, -214.0000, 0.0000, 376.0000, -217.0000, 0.0000, 205, 133, 63
L 361.0000, -210.0000, 0.0000, 361.0000, -214.0000, 0.0000, 205, 133, 63
L 364.0000, -210.0000, 0.0000, 364.0000, -214.0000, 0.0000, 205, 133, 63
L 364.0000, -214.0000, 0.0000, 362.0000, -214.0000, 0.0000, 205, 133, 63
L 364.0000, -210.0000, 0.0000, 362.0000, -210.0000, 0.0000, 205, 133, 63
L 362.0000, -208.0000, 0.0000, 364.0000, -208.0000, 0.0000, 0, 0, 0
L 362.0000, -217.0000, 0.0000, 361.0000, -217.0000, 0.0000, 0, 0, 0
L 362.0000, -208.0000, 0.0000, 362.0000, -210.0000, 0.0000, 205, 133, 63
L 362.0000, -214.0000, 0.0000, 361.0000, -214.0000, 0.0000, 205, 133, 63
L 362.0000, -210.0000, 0.0000, 361.0000, -210.0000, 0.0000, 205, 133, 63
L 362.0000, -214.0000, 0.0000, 362.0000, -217.0000, 0.0000, 205, 133, 63
L 364.0000, -171.0000, 0.0000, 364.0000, -176.0000, 0.0000, 205, 133, 63
L 361.0000, -176.0000, 0.0000, 361.0000, -171.0000, 0.0000, 205, 133, 63
L 364.0000, -171.0000, 0.0000, 362.0000, -171.0000, 0.0000, 205, 133, 63
L 364.0000, -176.0000, 0.0000, 362.0000, -176.0000, 0.0000, 205, 133, 63
L 362.0000, -179.0000, 0.0000, 361.0000, -179.0000, 0.0000, 0, 0, 0
L 362.0000, -169.0000, 0.0000, 361.0000, -169.0000, 0.0000, 0, 0, 0
L 362.0000, -179.0000, 0.0000, 362.0000, -176.0000, 0.0000, 205, 133, 63
L 362.0000, -171.0000, 0.0000, 361.0000, -171.0000, 0.0000, 205, 133, 63
L 362.0000, -176.0000, 0.0000, 361.0000, -176.0000, 0.0000, 205, 133, 63
L 362.0000, -171.0000, 0.0000, 362.0000, -169.0000, 0.0000, 205, 133, 63
L 364.0000, -156.0000, 0.0000, 364.0000, -160.0000, 0.0000, 205, 133, 63
L 361.0000, -160.0000, 0.0000, 361.0000, -156.0000, 0.0000, 205, 133, 63
L 362.0000, -154.0000, 0.0000, 364.0000, -154.0000, 0.0000, 0, 0, 0
L 362.0000, -162.0000, 0.0000, 364.0000, -162.0000, 0.0000, 0, 0, 0
L 362.0000, -154.0000, 0.0000, 362.0000, -156.0000, 0.0000, 205, 133, 63
L 364.0000, -160.0000, 0.0000, 362.0000, -160.0000, 0.0000, 205, 133, 63
L 362.0000, -160.0000, 0.0000, 362.0000, -162.0000, 0.0000, 205, 133, 63
L 362.0000, -160.0000, 0.0000, 361.0000, -160.0000, 0.0000, 205, 133, 63
L 364.0000, -156.0000, 0.0000, 362.0000, -156.0000, 0.0000, 205, 133, 63
L 362.0000, -156.0000, 0.0000, 361.0000, -156.0000, 0.0000, 205, 133, 63
L 643.0000, -182.0000, -20.0000, 643.0000, -154.0000, -13.0000, 0, 0, 255
L 695.0000, -238.0000, -23.0000, 685.0000, -237.0000, -20.0000, 0, 0, 255
L 695.0000, -238.0000, -23.0000, 727.0000, -251.0000, -26.0000, 0, 0, 255
L 685.0000, 41.0000, -13.0000, 697.0000, 46.0000, -13.0000, 127, 64, 0
L 697.0000, 46.0000, -13.0000, 697.0000, 65.0000, -13.0000, 127, 64, 0
L 697.0000, 65.0000, -13.0000, 695.0000, 70.0000, -13.0000, 127, 64, 0
L 684.0000, 70.0000, -13.0000, 695.0000, 70.0000, -13.0000, 127, 64, 0
L 657.0000, -209.0000, -20.0000, 643.0000, -182.0000, -20.0000, 0, 0, 255
L 685.0000, -237.0000, -20.0000, 657.0000, -209.0000, -20.0000, 0, 0, 255
L 248.0000, 39.0000, 0.0000, 248.0000, 41.0000, 0.0000, 0, 0, 0
L 248.0000, 41.0000, 0.0000, 248.0000, 44.0000, 0.0000, 0, 0, 0
L 248.0000, -39.0000, 0.0000, 248.0000, -44.0000, 0.0000, 0, 0, 0
L 254.0000, 39.0000, 0.0000, 248.0000, 39.0000, 0.0000, 0, 0, 0
L 254.0000, 30.0000, 0.0000, 249.0000, 30.0000, 0.0000, 0, 0, 0
L 255.0000, 36.0000, 0.0000, 255.0000, 32.0000, 0.0000, 205, 133, 63
L 252.0000, 36.0000, 0.0000, 252.0000, 32.0000, 0.0000, 205, 133, 63
L 254.0000, 39.0000, 0.0000, 254.0000, 36.0000, 0.0000, 205, 133, 63
L 255.0000, 32.0000, 0.0000, 254.0000, 32.0000, 0.0000, 205, 133, 63
L 254.0000, 32.0000, 0.0000, 254.0000, 30.0000, 0.0000, 205, 133, 63
L 254.0000, 32.0000, 0.0000, 252.0000, 32.0000, 0.0000, 205, 133, 63
L 252.0000, 36.0000, 0.0000, 254.0000, 36.0000, 0.0000, 205, 133, 63
L 254.0000, 36.0000, 0.0000, 255.0000, 36.0000, 0.0000, 205, 133, 63
L 254.0000, -39.0000, 0.0000, 266.0000, -39.0000, 0.0000, 0, 0, 0
L 254.0000, -30.0000, 0.0000, 266.0000, -30.0000, 0.0000, 0, 0, 0
L 255.0000, -32.0000, 0.0000, 255.0000, -36.0000, 0.0000, 205, 133, 63
L 252.0000, -32.0000, 0.0000, 252.0000, -36.0000, 0.0000, 205, 133, 63
L 252.0000, -32.0000, 0.0000, 254.0000, -32.0000, 0.0000, 205, 133, 63
L 255.0000, -36.0000, 0.0000, 254.0000, -36.0000, 0.0000, 205, 133, 63
L 254.0000, -30.0000, 0.0000, 254.0000, -32.0000, 0.0000, 205, 133, 63
L 254.0000, -32.0000, 0.0000, 255.0000, -32.0000, 0.0000, 205, 133, 63
L 254.0000, -36.0000, 0.0000, 252.0000, -36.0000, 0.0000, 205, 133, 63
L 254.0000, -36.0000, 0.0000, 254.0000, -39.0000, 0.0000, 205, 133, 63
L 362.0000, -193.0000, 14.0000, 340.0000, -193.0000, 14.0000, 0, 204, 0
L 363.0000, -186.0000, 14.0000, 363.0000, -190.0000, 14.0000, 205, 133, 63
L 361.0000, -186.0000, 14.0000, 361.0000, -190.0000, 14.0000, 205, 133, 63
L 363.0000, -186.0000, 14.0000, 362.0000, -186.0000, 14.0000, 205, 133, 63
L 363.0000, -190.0000, 14.0000, 362.0000, -190.0000, 14.0000, 205, 133, 63
L 362.0000, -184.0000, 14.0000, 361.0000, -184.0000, 14.0000, 0, 204, 0
L 362.0000, -184.0000, 14.0000, 362.0000, -186.0000, 14.0000, 205, 133, 63
L 362.0000, -186.0000, 14.0000, 361.0000, -186.0000, 14.0000, 205, 133, 63
L 362.0000, -190.0000, 14.0000, 361.0000, -190.0000, 14.0000, 205, 133, 63
L 362.0000, -190.0000, 14.0000, 362.0000, -193.0000, 14.0000, 205, 133, 63
L 362.0000, -142.0000, 14.0000, 376.0000, -142.0000, 14.0000, 0, 204, 0
L 363.0000, -148.0000, 14.0000, 363.0000, -144.0000, 14.0000, 205, 133, 63
L 361.0000, -148.0000, 14.0000, 361.0000, -144.0000, 14.0000, 205, 133, 63
L 361.0000, -144.0000, 14.0000, 362.0000, -144.0000, 14.0000, 205, 133, 63
L 363.0000, -148.0000, 14.0000, 362.0000, -148.0000, 14.0000, 205, 133, 63
L 362.0000, -151.0000, 14.0000, 363.0000, -151.0000, 14.0000, 0, 204, 0
L 362.0000, -151.0000, 14.0000, 362.0000, -148.0000, 14.0000, 205, 133, 63
L 362.0000, -144.0000, 14.0000, 363.0000, -144.0000, 14.0000, 205, 133, 63
L 362.0000, -148.0000, 14.0000, 361.0000, -148.0000, 14.0000, 205, 133, 63
L 362.0000, -144.0000, 14.0000, 362.0000, -142.0000, 14.0000, 205, 133, 63
L 376.0000, -142.0000, 14.0000, 389.0000, -142.0000, 14.0000, 0, 204, 0
L 378.0000, -148.0000, 14.0000, 378.0000, -144.0000, 14.0000, 205, 133, 63
L 375.0000, -148.0000, 14.0000, 375.0000, -144.0000, 14.0000, 205, 133, 63
L 375.0000, -144.0000, 14.0000, 376.0000, -144.0000, 14.0000, 205, 133, 63
L 375.0000, -148.0000, 14.0000, 376.0000, -148.0000, 14.0000, 205, 133, 63
L 376.0000, -151.0000, 14.0000, 378.0000, -151.0000, 14.0000, 0, 204, 0
L 376.0000, -151.0000, 14.0000, 376.0000, -148.0000, 14.0000, 205, 133, 63
L 376.0000, -144.0000, 14.0000, 378.0000, -144.0000, 14.0000, 205, 133, 63
L 376.0000, -148.0000, 14.0000, 378.0000, -148.0000, 14.0000, 205, 133, 63
L 376.0000, -144.0000, 14.0000, 376.0000, -142.0000, 14.0000, 205, 133, 63
L 632.7999, -109.0999, 44.0000, 623.6999, -109.0999, 43.0000, 0, 204, 0
L 623.6999, -109.0999, 43.0000, 615.8999, -111.0000, 42.0000, 0, 204, 0
L 173.0000, 5.0999, -17.0000, 173.0000, -5.0999, -17.0000, 255, 255, 0
L 176.7999, -5.0999, -17.0000, 174.8999, -5.0999, -17.0000, 178, 102, 255
L 173.0000, 5.0999, -17.0000, 174.8999, 5.0999, -17.0000, 178, 102, 255
L 176.7999, -5.0999, -17.0000, 176.7999, -27.0000, -14.0000, 178, 102, 255
L 176.0000, 5.0999, -17.0000, 176.0000, 27.0000, -15.0000, 178, 102, 255
L 174.8999, -5.0999, -17.0000, 173.0000, -5.0999, -17.0000, 178, 102, 255
L 174.8999, 5.0999, -17.0000, 176.0000, 5.0999, -17.0000, 178, 102, 255
L 174.8999, -5.0999, -17.0000, 174.8999, 5.0999, -17.0000, 255, 255, 0
L 251.0000, 37.2999, -15.0000, 251.0000, 33.6999, -15.0000, 205, 133, 63
L 252.5000, 41.0000, -15.0000, 254.0000, 41.0000, -15.0000, 178, 102, 255
L 252.5000, 41.0000, -15.0000, 252.5000, 37.2999, -15.0000, 205, 133, 63
L 251.0000, 37.2999, -15.0000, 254.0000, 37.2999, -15.0000, 205, 133, 63
L 251.0000, 33.6999, -15.0000, 252.5000, 33.6999, -15.0000, 205, 133, 63
L 252.5000, 33.6999, -15.0000, 254.0000, 33.6999, -15.0000, 205, 133, 63
L 252.5000, 30.0000, -15.0000, 254.0000, 30.0000, -15.0000, 178, 102, 255
L 252.5000, 33.6999, -15.0000, 252.5000, 30.0000, -15.0000, 205, 133, 63
L 254.0000, 37.2999, -15.0000, 254.0000, 33.6999, -15.0000, 205, 133, 63
L 251.0000, -33.6999, -15.0000, 251.0000, -37.2999, -15.0000, 205, 133, 63
L 252.5000, -30.0000, -15.0000, 254.0000, -30.0000, -15.0000, 178, 102, 255
L 252.5000, -30.0000, -15.0000, 252.5000, -33.6999, -15.0000, 205, 133, 63
L 251.0000, -33.6999, -15.0000, 254.0000, -33.6999, -15.0000, 205, 133, 63
L 251.0000, -37.2999, -15.0000, 252.5000, -37.2999, -15.0000, 205, 133, 63
L 252.5000, -37.2999, -15.0000, 254.0000, -37.2999, -15.0000, 205, 133, 63
L 252.5000, -41.0000, -15.0000, 254.0000, -41.0000, -15.0000, 178, 102, 255
L 252.5000, -37.2999, -15.0000, 252.5000, -41.0000, -15.0000, 205, 133, 63
L 254.0000, -33.6999, -15.0000, 254.0000, -37.2999, -15.0000, 205, 133, 63
L 672.5999, -27.7999, -29.8999, 672.5999, -0.0999, -29.8999, 0, 0, 255
L 672.5999, -0.0999, -29.8999, 686.5999, 41.5999, -29.8999, 0, 0, 255
L 654.1999, 16.8999, -14.0000, 633.2999, 16.8999, -14.0000, 0, 0, 0
L 633.2999, 16.8999, -14.0000, 628.8999, 10.2999, -14.0000, 0, 0, 0
L 628.8999, 10.2999, -14.0000, 628.8999, 3.6999, -14.0000, 0, 0, 0
L 628.8999, 3.6999, -14.0000, 633.2999, -2.8999, -14.0000, 0, 0, 0
L 633.2999, -2.8999, -14.0000, 654.1999, -2.8999, -14.0000, 0, 0, 0
L 654.1999, -2.8999, -14.0000, 658.5999, 3.6999, -14.0000, 0, 0, 0
L 658.5999, 3.6999, -14.0000, 658.5999, 10.2999, -14.0000, 0, 0, 0
L 658.5999, 10.2999, -14.0000, 654.1999, 16.8999, -14.0000, 0, 0, 0
L 587.0999, -47.0999, 0.0000, 579.0000, -47.0999, 0.0000, 0, 0, 0
L 578.8999, 61.0999, 0.0000, 578.8999, 69.0999, 0.0000, 0, 0, 0
L 578.8999, 61.0999, 0.0000, 587.0999, 61.0999, 0.0000, 0, 0, 0
L -207.0000, -55.0000, 0.0000, -207.0000, -28.0000, 0.0000, 199, 21, 133
L -181.0000, -28.0000, 0.0000, -207.0000, -28.0000, 0.0000, 0, 0, 0
L -207.0000, -28.0000, 0.0000, -238.0000, -28.0000, 0.0000, 0, 0, 0
L 654.1999, 58.8999, -14.0000, 633.2999, 58.8999, -14.0000, 0, 0, 0
L 628.8999, 52.1999, -14.0000, 628.8999, 45.6999, -14.0000, 0, 0, 0
L 633.2999, 58.8999, -14.0000, 628.8999, 52.1999, -14.0000, 0, 0, 0
L 658.5999, 45.6999, -14.0000, 658.5999, 52.1999, -14.0000, 0, 0, 0
L 658.5999, 52.1999, -14.0000, 654.1999, 58.8999, -14.0000, 0, 0, 0
L 633.2999, 39.0999, -14.0000, 654.1999, 39.0999, -14.0000, 0, 0, 0
L 628.8999, 45.6999, -14.0000, 633.2999, 39.0999, -14.0000, 0, 0, 0
L 654.1999, 39.0999, -14.0000, 658.5999, 45.6999, -14.0000, 0, 0, 0
L 628.8999, -31.6999, -14.0000, 628.8999, -38.2999, -14.0000, 0, 0, 0
L 633.2999, -25.0999, -14.0000, 628.8999, -31.6999, -14.0000, 0, 0, 0
L 658.5999, -31.6999, -14.0000, 654.1999, -25.0999, -14.0000, 0, 0, 0
L 633.2999, -44.8999, -14.0000, 654.1999, -44.8999, -14.0000, 0, 0, 0
L 628.8999, -38.2999, -14.0000, 633.2999, -44.8999, -14.0000, 0, 0, 0
L 654.1999, -44.8999, -14.0000, 658.5999, -38.2999, -14.0000, 0, 0, 0
L 658.5999, -38.2999, -14.0000, 658.5999, -31.6999, -14.0000, 0, 0, 0
L 654.1999, -25.0999, -14.0000, 633.2999, -25.0999, -14.0000, 0, 0, 0
L 616.0000, -61.0000, -13.0000, 616.0000, 75.0000, -13.0000, 150, 150, 150
L 587.0999, -47.0999, 0.0000, 587.0999, 61.0999, 0.0000, 150, 150, 150
L 601.5000, -54.0000, -6.5000, 597.8999, -52.2999, -4.8999, 0, 0, 0
L 601.5000, 68.0000, -6.5000, 597.8999, 66.2999, -4.8999, 0, 0, 0
L 601.5000, -54.0000, -6.5000, 601.5000, 68.0000, -6.5000, 150, 150, 150
L 608.7999, -57.5000, -9.7999, 605.1999, -55.7999, -8.0999, 0, 0, 0
L 608.7999, 71.5000, -9.7999, 605.1999, 69.7999, -8.0999, 0, 0, 0
L 608.7999, -57.5000, -9.7999, 608.7999, 71.5000, -9.7999, 150, 150, 150
L 594.2999, -50.5999, -3.1999, 590.6999, -48.7999, -1.5999, 0, 0, 0
L 594.2999, 64.5999, -3.1999, 590.6999, 62.7999, -1.5999, 0, 0, 0
L 594.2999, -50.5999, -3.1999, 594.2999, 64.5999, -3.1999, 150, 150, 150
L 590.6999, -48.7999, -1.5999, 587.0999, -47.0999, 0.0000, 0, 0, 0
L 590.6999, 62.7999, -1.5999, 587.0999, 61.0999, 0.0000, 0, 0, 0
L 590.6999, -48.7999, -1.5999, 590.6999, 62.7999, -1.5999, 150, 150, 150
L 597.8999, -52.2999, -4.8999, 594.2999, -50.5999, -3.1999, 0, 0, 0
L 597.8999, 66.2999, -4.8999, 594.2999, 64.5999, -3.1999, 0, 0, 0
L 597.8999, -52.2999, -4.8999, 597.8999, 66.2999, -4.8999, 150, 150, 150
L 605.1999, -55.7999, -8.0999, 601.5000, -54.0000, -6.5000, 0, 0, 0
L 605.1999, 69.7999, -8.0999, 601.5000, 68.0000, -6.5000, 0, 0, 0
L 605.1999, -55.7999, -8.0999, 605.1999, 69.7999, -8.0999, 150, 150, 150
L 612.3999, 73.2999, -11.3999, 608.7999, 71.5000, -9.7999, 0, 0, 0
L 612.3999, -59.2999, -11.3999, 608.7999, -57.5000, -9.7999, 0, 0, 0
L 612.3999, 73.2999, -11.3999, 612.3999, -59.2999, -11.3999, 150, 150, 150
L 725.0000, 54.0000, -29.8999, 713.0000, 41.0000, -29.8999, 0, 0, 255
L 695.0000, 70.0000, -29.8999, 697.0000, 65.0000, -29.8999, 0, 0, 255
L 697.0000, 65.0000, -29.8999, 697.0000, 46.0000, -29.8999, 0, 0, 255
L 700.0000, 83.0000, -29.8999, 727.0000, 125.0000, -29.8999, 0, 0, 255
L 697.0000, 46.0000, -29.8999, 686.5999, 41.5999, -29.8999, 0, 0, 255
L 684.0000, 70.0000, -29.8999, 695.0000, 70.0000, -29.8999, 0, 0, 255
L 684.0000, 70.0000, -29.8999, 700.0000, 83.0000, -29.8999, 0, 0, 255
L 825.0000, 111.0000, -29.8999, 825.0000, 98.0000, -29.8999, 0, 0, 255
L 727.0000, 125.0000, -29.8999, 755.0000, 125.0000, -29.8999, 0, 0, 255
L 755.0000, 125.0000, -29.8999, 769.0000, 153.0000, -29.8999, 0, 0, 255
L 825.0000, 98.0000, -29.8999, 797.0000, 70.0000, -29.8999, 0, 0, 255
L 797.0000, 70.0000, -29.8999, 783.0000, 70.0000, -29.8999, 0, 0, 255
L 811.0000, 139.0000, -29.8999, 825.0000, 111.0000, -29.8999, 0, 0, 255
L 783.0000, 70.0000, -29.8999, 769.0000, 84.0000, -29.8999, 0, 0, 255
L 783.0000, 153.0000, -29.8999, 811.0000, 139.0000, -29.8999, 0, 0, 255
L 769.0000, 153.0000, -29.8999, 783.0000, 153.0000, -29.8999, 0, 0, 255
L 713.0000, 41.0000, -29.8999, 699.0000, 0.0000, -29.8999, 0, 0, 255
L 783.0000, -126.0000, -29.8999, 797.0000, -140.0000, -29.8999, 0, 0, 255
L 699.0000, -27.0000, -29.8999, 699.0000, -28.0000, -29.8999, 0, 0, 255
L 727.0000, -70.0000, -29.8999, 783.0000, -126.0000, -29.8999, 0, 0, 255
L 699.0000, -28.0000, -29.8999, 727.0000, -70.0000, -29.8999, 0, 0, 255
L 699.0000, 0.0000, -29.8999, 699.0000, -27.0000, -29.8999, 0, 0, 255
L 755.0000, 84.0000, -29.8999, 725.0000, 54.0000, -29.8999, 0, 0, 255
L 769.0000, 84.0000, -29.8999, 755.0000, 84.0000, -29.8999, 0, 0, 255
L 797.0000, -140.0000, -29.8999, 797.0000, -181.0000, -29.8999, 0, 0, 255
L 671.0000, -125.0000, -29.8999, 643.0000, -154.0000, -29.8999, 0, 0, 255
L 657.0000, -209.0000, -29.8999, 685.0000, -237.0000, -29.8999, 0, 0, 255
L 783.0000, -223.0000, -29.8999, 768.0000, -237.0000, -29.8999, 0, 0, 255
L 727.0000, -251.0000, -29.8999, 695.0000, -238.0000, -29.8999, 0, 0, 255
L 797.0000, -181.0000, -29.8999, 783.0000, -223.0000, -29.8999, 0, 0, 255
L 768.0000, -237.0000, -29.8999, 727.0000, -251.0000, -29.8999, 0, 0, 255
L 643.0000, -154.0000, -29.8999, 643.0000, -182.0000, -29.8999, 0, 0, 255
L 643.0000, -182.0000, -29.8999, 657.0000, -209.0000, -29.8999, 0, 0, 255
L 695.0000, -238.0000, -29.8999, 685.0000, -237.0000, -29.8999, 0, 0, 255
L 688.7999, -97.3999, -14.0000, 694.6999, -111.7999, -14.0000, 0, 0, 0
L 688.7999, -83.0999, -14.0000, 688.7999, -97.3999, -14.0000, 0, 0, 0
L 694.6999, -83.0999, -14.0000, 688.7999, -83.0999, -14.0000, 0, 0, 0
L 671.0000, -125.0000, -29.8999, 694.6999, -111.7999, -29.8999, 0, 0, 255
L 694.6999, -111.7999, -14.0000, 700.6999, -98.0000, -14.0000, 0, 0, 0
L 694.6999, -111.7999, -29.8999, 700.6999, -98.0000, -29.8999, 0, 0, 255
L 700.6999, -98.0000, -29.8999, 672.5999, -27.7999, -29.8999, 0, 0, 255
L 700.6999, -98.0000, -14.0000, 694.6999, -83.0999, -14.0000, 0, 0, 0
L 727.0000, -251.0000, -29.8999, 727.0000, -251.0000, -26.0000, 0, 0, 255
