P -997.2964, -459.5021, 61.3133, 255, 0, 0, 3, to_Kurn`s_Tower
P 168.5805, 1892.7022, -131.3962, 255, 0, 0, 3, to_Kaesora
P -3600.6660, 2649.2451, 4.0946, 255, 0, 0, 3, to_Cabilis_East
P -4016.6931, -1409.4583, 0.0008, 255, 0, 0, 3, to_The_Warsliks_Woods
P -1130.3908, 3223.5239, 8.6258, 255, 0, 0, 3, to_The_Swamp_of_No_Hope
P 1067.1933, 2046.0147, 35.7275, 255, 0, 0, 3, to_The_Emerald_Jungle
P -1845.8908, 3010.4499, 8.6268, 255, 0, 0, 3, to_The_Plane_of_Knowledge_(Click_Book)
P -1617.0000, 1684.0000, 0.0000, 255, 0, 0, 2, Succor
P -3305.0000, 2261.0000, 44.2820, 0, 128, 0, 2, Klok_Canip_(Weapons)
P -3351.0000, 2361.0000, 38.3445, 0, 128, 0, 2, Klok_Tugin_(Armor)
P -2984.0000, 2463.0000, 44.3133, 0, 128, 0, 2, Klok_Acet_(Merchant)
P -3294.0000, 2652.0000, 44.2820, 0, 128, 0, 2, Klok_Naman_(Merchant)
P -2748.2412, -3190.0920, -146.4787, 0, 0, 0, 2, The_Tangrin_(ENC:1.0)
P -1163.8078, -1065.2707, -53.5811, 0, 0, 0, 2, Rasaku_Scalerunner
P -1165.6004, 883.0180, -77.1574, 0, 0, 0, 2, Karunku_Trogue
P -2235.0312, 396.8134, -92.6674, 0, 0, 0, 2, Loransizz_Slizz
P -263.2774, 1943.4284, -54.8221, 0, 0, 0, 2, Pendle_Dashinger
P 369.1245, 1381.7537, -53.5825, 0, 0, 0, 2, Oracle_Vauris
P -45.8771, 1962.2802, -48.2826, 0, 0, 0, 2, Commander_Koth_(Roam)
P -193.6408, -1930.5711, -51.0490, 0, 0, 0, 2, Zikana_Do`Rak
P 20.2398, -2035.2564, -174.9991, 0, 0, 0, 2, Gharg_Oberbord
P -1199.2564, -1968.3095, -156.9571, 0, 0, 0, 2, Oracle_Qulin
P -3634.9343, -2103.5295, -157.8524, 0, 0, 0, 2, Mardic_Crimsonsteel
P -1797.0655, -1173.2894, -53.9379, 0, 0, 0, 2, Trooper_Drix
P -2820.6325, 2904.9885, 119.8924, 0, 0, 0, 2, Hierophant_Liyx
P -3188.3022, 2486.6633, 45.4348, 0, 0, 0, 2, Warlord_Zyzz
P -2198.2414, 364.5719, -49.8339, 0, 0, 0, 2, Burynai-bane_Spider
P -301.1551, -1099.6042, -56.3415, 127, 64, 0, 2, Burynai_Cutter_(Hunter,Roam)
P -994.9286, 1286.5534, -77.1897, 127, 64, 0, 2, Carrion_Queen_(Hunter,Roam,HS)
P -577.8039, 75.7431, -56.3415, 127, 64, 0, 2, Iksar_Dakoit_(Hunter,Roam)
P -3184.8613, -693.3672, -27.8256, 127, 64, 0, 2, Scaled_Prowler_(Hunter,Roam)
P -2656.7871, -1288.6197, -9.3711, 127, 64, 0, 2, Scaled_Prowler_(Hunter,Roam)
P -3426.1638, 1654.9566, 11.0856, 127, 64, 0, 2, Scaled_Prowler_(Hunter,Roam)
P -464.1941, 1888.7005, -54.6156, 127, 64, 0, 2, Scourgetail_Scorpion_(Hunter,Roam)
P 376.0302, 334.0367, -26.1675, 127, 64, 0, 2, Scourgetail_Scorpion_(Hunter,Roam)
P -1352.3502, 1881.1009, -17.3328, 0, 0, 0, 2, Mallagan_Vergoo
