P -208.0000, -82.0000, 0.0000, 255, 0, 0, 3, to_The_Iceclad_Ocean_(ZI)
P -798.0000, -641.0000, 0.0000, 255, 0, 0, 3, to_The_Iceclad_Ocean
P 9.0000, -1173.0000, 0.0000, 255, 0, 0, 3, to_The_Iceclad_Ocean
P 179.0000, -156.0000, 0.0000, 255, 0, 0, 3, to_The_Iceclad_Ocean
P 306.0000, -1197.0000, 0.0000, 255, 0, 0, 3, to_The_Iceclad_Ocean
P -33.3454, -247.5900, 351.8455, 255, 0, 0, 3, to_The_Iceclad_Ocean
P -511.7576, -1154.0557, 65.2831, 255, 0, 0, 3, to_The_Iceclad_Ocean
P -200.0000, -120.0000, 0.0000, 255, 0, 0, 2, Succor
P -669.0000, -1172.0000, 0.0000, 255, 255, 0, 2, D
P -170.0000, -755.0000, 174.9383, 255, 255, 0, 2, D
P -181.0000, -981.0000, 0.0000, 255, 255, 0, 2, D_(click_torch)
P -186.0000, -1173.0000, 0.0000, 255, 255, 0, 2, E
P 100.0000, -160.0000, 0.0000, 255, 255, 0, 2, E
P 85.4065, -608.8153, 215.2205, 255, 255, 0, 2, F
P 320.0000, -717.3170, 10.3144, 255, 255, 0, 2, F
P 390.0000, -1311.0000, 0.0000, 255, 255, 0, 2, G
P 442.0000, -175.0000, 0.0000, 255, 255, 0, 2, G
P 370.0000, -290.0000, 0.0000, 255, 255, 0, 2, F
P -669.0000, -40.0000, 0.0000, 255, 255, 0, 2, B
P -616.0000, -669.0000, 0.0000, 255, 255, 0, 2, C
P -672.1991, -746.4454, 72.2831, 255, 255, 0, 2, C
P -240.0000, -476.0000, 0.0000, 255, 255, 0, 2, A
P -169.0000, -477.0000, 0.0000, 255, 255, 0, 2, B
P -27.0000, -240.0000, 0.0000, 255, 255, 0, 2, A
P 400.3542, -533.3671, 23.3125, 255, 255, 0, 2, H
P -10.0000, -65.0000, 303.1902, 255, 255, 0, 2, H
P -614.8275, -653.4154, 21.5189, 240, 240, 240, 2, Three_Toothed_Key_(from_angry_librarian)
P -665.8180, -1163.3931, 79.9706, 240, 240, 240, 2, Frosty_Key
P 396.6620, -399.1338, 21.0019, 127, 64, 0, 2, Vhal_Sera_(Hunter)
P -22.2904, -436.5890, 351.8454, 0, 0, 0, 2, Advisor_Svartmane
P -199.2820, -980.2077, 184.9298, 127, 64, 0, 2, Cara_Omica_(Hunter)
P -172.7789, -1168.7316, 189.9393, 240, 240, 240, 2, Small_rusty_key
P 33.3585, -375.6198, 214.9080, 0, 0, 0, 2, Dark_Huntress
P 520.2194, -855.3614, 0.0019, 240, 240, 0, 2, TRAP
P 263.3285, -1129.8262, -10.9979, 240, 240, 0, 2, TRAP
P 318.4761, -981.8851, 0.0019, 240, 240, 0, 2, TRAP
P 345.7837, -918.2904, 0.0019, 0, 0, 0, 2, Incoherent_spirit
P 357.2558, -1126.5972, 0.0019, 0, 0, 240, 1, GS:_Vial_of_Boiling_Acid
P -93.8791, -899.6992, 174.9403, 127, 64, 0, 2, Amontehepna_(Hunter)
P -628.8985, -804.1950, 71.9706, 127, 64, 0, 2, an_angry_chef_(Hunter)
P 146.7985, -431.3308, 214.9080, 127, 64, 0, 2, Daman_(Hunter)
P 147.5413, -544.9468, 214.9080, 127, 64, 0, 2, The_Head_Usher_(Hunter,Roam,HS)
P 35.7548, -998.0550, 174.9393, 127, 64, 0, 2, maggot_infested_flesh_(Hunter,Roam)
P -228.0503, -748.8054, 175.3852, 127, 64, 0, 2, Narmak_Berreka_(Hunter)
P 158.3317, -429.4732, 214.9080, 127, 64, 0, 2, Nosja_(Hunter)
P -78.0000, -261.0000, 0.0000, 127, 64, 0, 2, Xalgoti_(Hunter)
P 555.4118, -239.9455, -11.3654, 127, 64, 0, 2, Zorglim_the_Dead_(Hunter)
P -786.0015, -327.2439, 20.3144, 127, 64, 0, 2, an_angry_librarian_(Hunter)
P -872.5546, -562.9888, 20.3144, 240, 240, 0, 2, Secret_Door_(click_bookcase)
P -619.2118, -1071.0368, 72.2831, 0, 0, 0, 2, Armored_Presence
P -36.8277, -292.1368, 303.1892, 240, 240, 0, 2, TRAP
P 20.5773, -293.1689, 303.1892, 240, 240, 0, 2, TRAP
P 157.6549, -297.3451, 215.2205, 127, 64, 0, 2, an_enraged_relative_(Hunter)
P 18.7520, -789.2337, 303.1892, 127, 64, 0, 2, Tserrina_Syl`Tor_(Hunter)
P -5.3240, -570.1504, 302.8767, 240, 240, 0, 2, Fake_Wall
