P -2355.0075, -1956.8612, 17.9621, 255, 0, 0, 3, to_The_Twilight_Sea
P 1005.5858, 2094.9916, -311.9989, 255, 0, 0, 3, to_Echo_Caverns
P 1005.0000, 2140.0000, 0.0000, 255, 0, 0, 2, Succor
P -1277.4140, -1135.3972, -482.9977, 0, 0, 240, 1, GS:_Cryptic_Page
P 889.5038, 1273.0573, -288.0374, 255, 255, 255, 2, Shadow_Haven_Outpost
P -462.0000, -32.0000, 0.0000, 255, 255, 255, 2, Bandit_Camp
P 45.0000, -646.0000, 0.0000, 255, 255, 255, 2, Mushroom_Huts
P 238.0000, -456.0000, 0.0000, 255, 255, 255, 2, Bandit_Camp
P 206.0000, -354.0000, 0.0000, 255, 255, 255, 2, Bandit_Camp
P 424.0000, -373.0000, 0.0000, 255, 255, 255, 2, Tarmok_Village
P 613.0000, 169.0000, 0.0000, 255, 255, 255, 2, Tarmok_Huts
P 451.0000, -234.0000, 0.0000, 255, 255, 255, 2, Tarmok_Huts
P -463.0000, -276.0000, 0.0000, 255, 255, 255, 2, Bandit_Camp
P -2158.6625, -1904.2769, -0.5000, 0, 0, 0, 2, Scout_Halmia_(BST:epic)
P -525.5909, -654.2539, -221.1066, 0, 0, 0, 2, Lupot_Nukla_(SHM:1.5)
P 482.7345, -501.9901, -263.9749, 0, 128, 128, 2, Caller_Murkin_(Quest)
P 464.5766, -508.6387, -262.6756, 0, 128, 128, 2, Caller_Groo_(Quest)
P 450.8071, -497.8549, -264.2489, 0, 128, 128, 2, Caller_Torgwal_(Quest)
P 575.6770, 1166.1513, -279.8348, 0, 128, 128, 2, Ebben_Quickblade_(Quest)
P 637.7132, 1250.9780, -281.8415, 0, 128, 128, 2, Rolktim_Cogtop_(Quest)
P 559.9524, 1221.3809, -279.5846, 0, 128, 128, 2, Driggles_Sparkwaddle_(Quest)
P 602.0000, 1008.0000, -281.9989, 255, 210, 0, 2, Narvak_(Banker)
P 646.0000, 192.0000, -263.9989, 0, 128, 0, 2, Trader_Snugrut_(Merchant)
P 472.0000, 953.0000, -286.9910, 0, 128, 0, 2, Thom_(Merchant)
P 538.0000, 1192.0000, -275.9989, 0, 128, 0, 2, Jolly_(Bar)
P 993.0000, 1213.0000, -281.9989, 0, 128, 0, 2, Cen_(Merchant)
P 927.0000, 1662.0000, -287.9989, 0, 128, 0, 2, Samfort_(Merchant)
P 988.0000, 1479.0000, -281.2489, 0, 128, 0, 2, Jasan_(Weapons)
P 956.0000, 1507.0000, -281.2489, 0, 128, 0, 2, Esti_(Merchant)
P 847.0000, 1317.0000, -275.9989, 0, 128, 0, 2, Thar_(Merchant)
P 794.9478, 1450.9591, -281.9159, 0, 128, 0, 2, Rebecca_Cabbageleaf_(Merchant)
P 781.0000, 1420.0000, -281.2489, 128, 128, 128, 2, Rictor_Asmot_(GM_Rogue)
P 1104.3205, -1033.1416, -382.4498, 127, 64, 0, 2, Chakiza_(Hunter)
P 1096.0395, -1031.5675, -383.7012, 127, 64, 0, 2, Chakno_(Hunter)
P 1151.1979, -214.2673, -379.9141, 127, 64, 0, 2, Katcha_(Hunter)
P -719.0000, -788.0000, -222.0000, 127, 64, 0, 2, Shuddering_Fungus_(Hunter)
P -622.9674, -731.6814, -261.6635, 127, 64, 0, 2, Shuddering_Fungus_(Hunter)
P -680.3688, -660.0846, -255.4184, 127, 64, 0, 2, Shuddering_Fungus_(Hunter)
P -614.5117, -797.0082, -262.4631, 127, 64, 0, 2, Shuddering_Fungus_(Hunter)
P 1156.0917, -160.0558, -383.6636, 127, 64, 0, 2, Takacha_(Hunter)
P 1543.1599, -591.6873, -382.4479, 127, 64, 0, 2, Tiako_(Hunter)
P 1574.9636, -589.8154, -382.7185, 127, 64, 0, 2, Tuchako_(Hunter)
P -1361.2720, -2264.8122, -311.9971, 240, 240, 240, 2, Shik`nar_Den
P -867.9584, -323.4995, -273.1315, 240, 240, 240, 2, Glowater_Pond
