P 754.0000, -1542.0000, 39.0000, 255, 0, 0, 3, to_The_Tenebrous_Mountains
P 1213.0000, 1790.0000, 33.0000, 255, 0, 0, 3, to_Hollowshade_Moor
P -1942.0000, -865.0000, -271.0000, 255, 0, 0, 3, to_Acrylia_Caverns
P 1020.0000, 950.0000, 17.0000, 255, 0, 0, 2, Succor
P -126.0000, -949.0000, 0.0000, 255, 255, 255, 2, Bandit_Camp
P 1211.0000, 887.0000, -2.0000, 255, 210, 0, 2, Hanarah_(Banker)
P 1201.0000, 482.0000, 0.0000, 0, 128, 0, 2, Hamarr_(Merchant)
P 1161.0000, 485.0000, 0.0000, 0, 128, 0, 2, Chirri_(Merchant)
P 1409.0000, -38.0000, 129.0000, 0, 0, 0, 2, Grimling_Colonel
P 185.0000, 687.0000, 0.0000, 0, 0, 0, 2, Sonus
P 354.0000, 728.0000, 1.0000, 0, 0, 0, 2, Sonus
P 314.0000, 69.0000, -40.0000, 0, 0, 0, 2, Sonus
P 370.0000, -363.0000, 44.0000, 0, 0, 0, 2, Sonus
P 69.0000, 227.0000, -19.0000, 0, 0, 0, 2, Sonus
P -596.0000, -592.0000, -5.0000, 127, 64, 0, 2, Avisiris_(Hunter)
P 239.0000, -709.0000, -6.0000, 127, 64, 0, 2, Avisiris_(Hunter)
P -1609.0000, -312.0000, -152.0000, 127, 64, 0, 2, Highpriest_Giplish_(Hunter)
P -1403.0000, -766.0000, -82.0000, 127, 64, 0, 2, Spymaster_Gephes_(Hunter)
P -1431.0000, 115.0000, -152.0000, 127, 64, 0, 2, Spiritmaster_Ugreth_(Hunter)
P -1139.0000, -505.0000, -116.0000, 127, 64, 0, 2, Corrupter_Ahgra_(Hunter)
P -1228.0000, 851.0000, -7.0000, 127, 64, 0, 2, Avisiris_(Hunter)
P 746.5958, -362.0155, -9.0133, 0, 0, 0, 2, Arcanist_Ukigit
P -74.3082, -345.2587, -8.7610, 0, 0, 0, 2, Warblood_Sindrig
P -532.5442, -563.9520, -1.3120, 0, 0, 0, 1, Camp_2,_Grimling_Gruntling
P -535.9807, 690.6361, -29.2551, 0, 0, 0, 2, Officer_Grugaht
P 874.9646, -1299.6196, 59.1116, 0, 0, 0, 2, Prospector_Keykis
P 1028.8505, -1195.5402, 30.4870, 0, 0, 0, 2, Agent_Tiesh
P 750.7655, -1100.5500, 144.1255, 0, 0, 0, 2, Lieutenant_Venris
P 958.3201, -1161.4400, 35.8471, 240, 240, 240, 2, Vah_Shir_Camp
