L 520.0000, -603.0000, -9.0000, 510.0000, -610.0000, -9.0000, 0, 0, 0
L 549.0000, -590.0000, -9.0000, 520.0000, -603.0000, -9.0000, 0, 0, 0
L 579.0000, -609.0000, -9.0000, 549.0000, -590.0000, -9.0000, 0, 0, 0
L 569.0000, -629.0000, -9.0000, 579.0000, -609.0000, -9.0000, 0, 0, 0
L 539.0000, -629.0000, -9.0000, 569.0000, -629.0000, -9.0000, 0, 0, 0
L 519.0000, -623.0000, -9.0000, 539.0000, -629.0000, -9.0000, 0, 0, 0
L 510.0000, -629.0000, -9.0000, 519.0000, -623.0000, -9.0000, 0, 0, 0
L 497.0000, -637.0000, -11.0000, 510.0000, -629.0000, -9.0000, 0, 0, 0
L 459.0000, -630.0000, -11.0000, 452.0000, -637.0000, -11.0000, 150, 150, 150
L 485.0000, -630.0000, -11.0000, 459.0000, -630.0000, -11.0000, 150, 150, 150
L 497.0000, -637.0000, -11.0000, 485.0000, -630.0000, -11.0000, 150, 150, 150
L 497.0000, -641.0000, -13.0000, 497.0000, -637.0000, -11.0000, 0, 0, 0
L 459.0000, -636.0000, -13.0000, 452.0000, -641.0000, -13.0000, 150, 150, 150
L 485.0000, -634.0000, -13.0000, 459.0000, -636.0000, -13.0000, 150, 150, 150
L 497.0000, -641.0000, -13.0000, 485.0000, -634.0000, -13.0000, 150, 150, 150
L 497.0000, -645.0000, -13.0000, 497.0000, -641.0000, -13.0000, 0, 0, 0
L 485.0000, -649.0000, -13.0000, 497.0000, -645.0000, -13.0000, 0, 0, 0
L 479.0000, -649.0000, -13.0000, 485.0000, -649.0000, -13.0000, 0, 0, 0
L 479.0000, -655.0000, -13.0000, 479.0000, -649.0000, -13.0000, 0, 0, 0
L 470.0000, -655.0000, -13.0000, 479.0000, -655.0000, -13.0000, 0, 0, 0
L 470.0000, -649.0000, -13.0000, 470.0000, -655.0000, -13.0000, 0, 0, 0
L 459.0000, -649.0000, -13.0000, 470.0000, -649.0000, -13.0000, 0, 0, 0
L 452.0000, -645.0000, -13.0000, 459.0000, -649.0000, -13.0000, 0, 0, 0
L 452.0000, -637.0000, -11.0000, 452.0000, -641.0000, -13.0000, 0, 0, 0
L 440.0000, -629.0000, -9.0000, 452.0000, -637.0000, -11.0000, 0, 0, 0
L 420.0000, -619.0000, -9.0000, 440.0000, -629.0000, -9.0000, 0, 0, 0
L 420.0000, -599.0000, -9.0000, 420.0000, -619.0000, -9.0000, 0, 0, 0
L 410.0000, -585.0000, -9.0000, 420.0000, -599.0000, -9.0000, 0, 0, 0
L 410.0000, -580.0000, -9.0000, 410.0000, -585.0000, -9.0000, 0, 0, 0
L 419.0000, -570.0000, -9.0000, 410.0000, -580.0000, -9.0000, 0, 0, 0
L 419.0000, -578.0000, -9.0000, 419.0000, -570.0000, -9.0000, 0, 0, 0
L 429.0000, -579.0000, -9.0000, 419.0000, -578.0000, -9.0000, 0, 0, 0
L 445.0000, -582.0000, -9.0000, 429.0000, -579.0000, -9.0000, 0, 0, 0
L 449.0000, -589.0000, -9.0000, 445.0000, -582.0000, -9.0000, 0, 0, 0
L 439.0000, -599.0000, -9.0000, 449.0000, -589.0000, -9.0000, 0, 0, 0
L 439.0000, -608.0000, -9.0000, 439.0000, -599.0000, -9.0000, 0, 0, 0
L 459.0000, -590.0000, -9.0000, 439.0000, -608.0000, -9.0000, 0, 0, 0
L 440.0000, -547.0000, -9.0000, 459.0000, -590.0000, -9.0000, 0, 0, 0
L 440.0000, -543.0000, -9.0000, 440.0000, -547.0000, -9.0000, 0, 0, 0
L 419.0000, -551.0000, -9.0000, 440.0000, -543.0000, -9.0000, 0, 0, 0
L 413.0000, -563.0000, -9.0000, 419.0000, -551.0000, -9.0000, 0, 0, 0
L 384.0000, -569.0000, -9.0000, 413.0000, -563.0000, -9.0000, 0, 0, 0
L 384.0000, -569.0000, -9.0000, 384.0000, -560.0000, -9.0000, 127, 64, 0
L 379.0000, -555.0000, -9.0000, 384.0000, -555.0000, -9.0000, 127, 64, 0
L 379.0000, -561.0000, -9.0000, 379.0000, -555.0000, -9.0000, 127, 64, 0
L 358.0000, -571.0000, -9.0000, 379.0000, -561.0000, -9.0000, 127, 64, 0
L 358.0000, -567.0000, -9.0000, 358.0000, -572.0000, -9.0000, 127, 64, 0
L 353.0000, -567.0000, -9.0000, 358.0000, -567.0000, -9.0000, 127, 64, 0
L 353.0000, -577.0000, -9.0000, 353.0000, -572.0000, -9.0000, 127, 64, 0
L 340.0000, -553.0000, -9.0000, 353.0000, -577.0000, -9.0000, 0, 0, 0
L 329.0000, -549.0000, -9.0000, 340.0000, -553.0000, -9.0000, 0, 0, 0
L 329.0000, -571.0000, -9.0000, 329.0000, -549.0000, -9.0000, 0, 0, 0
L 319.0000, -575.0000, -9.0000, 329.0000, -571.0000, -9.0000, 0, 0, 0
L 300.0000, -572.0000, -5.0000, 319.0000, -575.0000, -9.0000, 0, 0, 0
L 300.0000, -529.0000, -9.0000, 300.0000, -572.0000, -5.0000, 0, 0, 0
L 308.0000, -521.0000, -9.0000, 300.0000, -529.0000, -9.0000, 0, 0, 0
L 380.0000, -514.0000, -4.0000, 384.0000, -512.0000, -9.0000, 0, 0, 0
L 357.0000, -510.0000, -4.0000, 380.0000, -514.0000, -4.0000, 0, 0, 0
L 357.0000, -510.0000, -4.0000, 353.0000, -512.0000, -4.0000, 0, 0, 0
L 353.0000, -517.0000, -5.0000, 353.0000, -518.0000, -6.0000, 127, 64, 0
L 353.0000, -512.0000, -4.0000, 353.0000, -517.0000, -5.0000, 0, 0, 0
L 319.0000, -520.0000, -9.0000, 308.0000, -521.0000, -9.0000, 0, 0, 0
L 329.0000, -529.0000, -9.0000, 319.0000, -520.0000, -9.0000, 0, 0, 0
L 339.0000, -530.0000, -9.0000, 329.0000, -529.0000, -9.0000, 0, 0, 0
L 353.0000, -512.0000, -4.0000, 339.0000, -530.0000, -9.0000, 0, 0, 0
L 357.0000, -522.0000, -9.0000, 353.0000, -522.0000, -9.0000, 127, 64, 0
L 358.0000, -518.0000, -9.0000, 357.0000, -522.0000, -9.0000, 127, 64, 0
L 379.0000, -523.0000, -9.0000, 358.0000, -518.0000, -9.0000, 127, 64, 0
L 379.0000, -526.0000, -9.0000, 379.0000, -523.0000, -9.0000, 127, 64, 0
L 384.0000, -512.0000, -9.0000, 384.0000, -523.0000, -9.0000, 127, 64, 0
L 392.0000, -515.0000, -9.0000, 384.0000, -512.0000, -9.0000, 0, 0, 0
L 390.0000, -519.0000, -9.0000, 392.0000, -515.0000, -9.0000, 0, 0, 0
L 395.0000, -525.0000, -9.0000, 390.0000, -519.0000, -9.0000, 0, 0, 0
L 400.0000, -524.0000, -9.0000, 395.0000, -525.0000, -9.0000, 0, 0, 0
L 403.0000, -542.0000, -9.0000, 400.0000, -524.0000, -9.0000, 0, 0, 0
L 419.0000, -532.0000, -9.0000, 403.0000, -542.0000, -9.0000, 0, 0, 0
L 428.0000, -524.0000, -9.0000, 419.0000, -532.0000, -9.0000, 0, 0, 0
L 428.0000, -524.0000, -9.0000, 440.0000, -522.0000, -9.0000, 0, 0, 0
L 440.0000, -507.0000, -9.0000, 440.0000, -522.0000, -9.0000, 0, 0, 0
L 460.0000, -479.0000, -9.0000, 440.0000, -507.0000, -9.0000, 0, 0, 0
L 451.0000, -473.0000, -9.0000, 460.0000, -479.0000, -9.0000, 0, 0, 0
L 439.0000, -485.0000, -9.0000, 451.0000, -473.0000, -9.0000, 0, 0, 0
L 432.0000, -487.0000, -9.0000, 439.0000, -485.0000, -9.0000, 0, 0, 0
L 430.0000, -483.0000, -9.0000, 432.0000, -487.0000, -9.0000, 0, 0, 0
L 426.0000, -481.0000, -9.0000, 430.0000, -483.0000, -9.0000, 0, 0, 0
L 411.0000, -481.0000, -9.0000, 426.0000, -481.0000, -9.0000, 0, 0, 0
L 402.0000, -479.0000, -9.0000, 411.0000, -481.0000, -9.0000, 0, 0, 0
L 394.0000, -473.0000, -9.0000, 402.0000, -479.0000, -9.0000, 0, 0, 0
L 386.0000, -461.0000, -9.0000, 394.0000, -473.0000, -9.0000, 0, 0, 0
L 384.0000, -449.0000, -9.0000, 386.0000, -461.0000, -9.0000, 0, 0, 0
L 382.0000, -445.0000, -9.0000, 384.0000, -449.0000, -9.0000, 0, 0, 0
L 376.0000, -437.0000, -9.0000, 382.0000, -445.0000, -9.0000, 0, 0, 0
L 376.0000, -427.0000, -9.0000, 376.0000, -437.0000, -9.0000, 0, 0, 0
L 381.0000, -421.0000, -9.0000, 376.0000, -427.0000, -9.0000, 0, 0, 0
L 399.0000, -420.0000, -9.0000, 381.0000, -421.0000, -9.0000, 0, 0, 0
L 405.0000, -427.0000, -9.0000, 399.0000, -420.0000, -9.0000, 0, 0, 0
L 403.0000, -437.0000, -9.0000, 405.0000, -427.0000, -9.0000, 0, 0, 0
L 399.0000, -445.0000, -9.0000, 403.0000, -437.0000, -9.0000, 0, 0, 0
L 401.0000, -450.0000, -9.0000, 399.0000, -445.0000, -9.0000, 0, 0, 0
L 411.0000, -438.0000, -9.0000, 401.0000, -450.0000, -9.0000, 0, 0, 0
L 413.0000, -445.0000, -9.0000, 411.0000, -438.0000, -9.0000, 0, 0, 0
L 418.0000, -447.0000, -10.0000, 413.0000, -445.0000, -9.0000, 0, 0, 0
L 418.0000, -436.0000, -11.0000, 418.0000, -447.0000, -10.0000, 0, 0, 0
L 425.0000, -438.0000, -11.0000, 418.0000, -436.0000, -11.0000, 0, 0, 0
L 425.0000, -450.0000, -9.0000, 425.0000, -438.0000, -11.0000, 0, 0, 0
L 429.0000, -450.0000, -9.0000, 425.0000, -450.0000, -9.0000, 0, 0, 0
L 432.0000, -442.0000, -9.0000, 429.0000, -450.0000, -9.0000, 0, 0, 0
L 432.0000, -441.0000, -9.0000, 432.0000, -442.0000, -9.0000, 127, 64, 0
L 435.0000, -447.0000, -9.0000, 432.0000, -441.0000, -9.0000, 0, 0, 0
L 439.0000, -470.0000, -9.0000, 435.0000, -447.0000, -9.0000, 0, 0, 0
L 460.0000, -449.0000, -9.0000, 439.0000, -470.0000, -9.0000, 0, 0, 0
L 450.0000, -434.0000, -3.0000, 460.0000, -449.0000, -9.0000, 0, 0, 0
L 430.0000, -425.0000, 0.0000, 450.0000, -434.0000, -3.0000, 0, 0, 0
L 249.0000, -620.0000, -29.0000, 249.0000, -609.0000, -28.0000, 0, 0, 0
L 300.0000, -679.0000, -17.0000, 329.0000, -689.0000, -10.0000, 0, 0, 0
L 279.0000, -679.0000, -26.0000, 300.0000, -679.0000, -17.0000, 0, 0, 0
L 260.0000, -679.0000, -29.0000, 279.0000, -679.0000, -26.0000, 0, 0, 0
L 240.0000, -669.0000, -29.0000, 260.0000, -679.0000, -29.0000, 0, 0, 0
L 228.0000, -640.0000, -29.0000, 222.0000, -643.0000, -29.0000, 150, 150, 150
L 227.0000, -635.0000, -29.0000, 228.0000, -640.0000, -29.0000, 150, 150, 150
L 225.0000, -646.0000, -29.0000, 240.0000, -669.0000, -29.0000, 0, 0, 0
L 224.0000, -646.0000, -29.0000, 218.0000, -636.0000, -29.0000, 0, 0, 0
L 230.0000, -636.0000, -29.0000, 222.0000, -633.0000, -29.0000, 150, 150, 150
L 235.0000, -628.0000, -29.0000, 230.0000, -636.0000, -29.0000, 150, 150, 150
L 230.0000, -622.0000, -29.0000, 235.0000, -628.0000, -29.0000, 150, 150, 150
L 222.0000, -625.0000, -29.0000, 230.0000, -622.0000, -29.0000, 150, 150, 150
L 222.0000, -633.0000, -29.0000, 222.0000, -625.0000, -29.0000, 150, 150, 150
L 218.0000, -636.0000, -29.0000, 222.0000, -633.0000, -29.0000, 150, 150, 150
L 210.0000, -619.0000, -29.0000, 218.0000, -636.0000, -29.0000, 0, 0, 0
L 210.0000, -589.0000, -25.0000, 210.0000, -619.0000, -29.0000, 0, 0, 0
L 200.0000, -579.0000, -22.0000, 210.0000, -589.0000, -25.0000, 0, 0, 0
L 190.0000, -559.0000, -20.0000, 200.0000, -579.0000, -22.0000, 0, 0, 0
L 190.0000, -497.0000, -20.0000, 170.0000, -482.0000, -10.0000, 150, 150, 150
L 180.0000, -539.0000, -14.0000, 190.0000, -559.0000, -20.0000, 0, 0, 0
L 170.0000, -509.0000, -10.0000, 180.0000, -539.0000, -14.0000, 0, 0, 0
L 163.0000, -309.0000, 22.0000, 163.0000, -318.0000, 22.0000, 127, 64, 0
L 166.0000, -311.0000, 22.0000, 163.0000, -309.0000, 22.0000, 127, 64, 0
L 166.0000, -311.0000, 22.0000, 174.0000, -309.0000, 22.0000, 127, 64, 0
L 176.0000, -318.0000, 22.0000, 174.0000, -309.0000, 22.0000, 127, 64, 0
L 163.0000, -318.0000, 22.0000, 176.0000, -318.0000, 22.0000, 127, 64, 0
L 180.0000, -299.0000, 19.0000, 182.0000, -302.0000, 20.0000, 150, 150, 150
L 199.0000, -319.0000, 21.0000, 182.0000, -302.0000, 20.0000, 150, 150, 150
L 183.0000, -319.0000, 22.0000, 199.0000, -319.0000, 21.0000, 0, 204, 0
L 179.0000, -329.0000, 22.0000, 183.0000, -319.0000, 22.0000, 0, 204, 0
L 159.0000, -329.0000, 20.0000, 157.0000, -332.0000, 14.0000, 0, 204, 0
L 179.0000, -329.0000, 22.0000, 159.0000, -329.0000, 20.0000, 0, 204, 0
L 157.0000, -320.0000, 18.0000, 157.0000, -324.0000, 16.0000, 0, 204, 0
L 144.0000, -320.0000, 18.0000, 144.0000, -324.0000, 16.0000, 0, 204, 0
L 157.0000, -320.0000, 18.0000, 144.0000, -320.0000, 18.0000, 150, 150, 150
L 157.0000, -324.0000, 16.0000, 157.0000, -328.0000, 14.0000, 0, 204, 0
L 144.0000, -324.0000, 16.0000, 157.0000, -324.0000, 16.0000, 150, 150, 150
L 471.0000, -182.0000, 14.0000, 471.0000, -236.0000, 14.0000, 0, 0, 0
L 467.0000, -182.0000, 14.0000, 471.0000, -182.0000, 14.0000, 0, 0, 0
L 467.0000, -178.0000, 14.0000, 467.0000, -182.0000, 14.0000, 0, 0, 0
L 450.0000, -178.0000, 14.0000, 467.0000, -178.0000, 14.0000, 150, 150, 150
L 450.0000, -182.0000, 14.0000, 450.0000, -178.0000, 14.0000, 0, 0, 0
L 446.0000, -182.0000, 14.0000, 450.0000, -182.0000, 14.0000, 0, 0, 0
L 446.0000, -253.0000, 14.0000, 446.0000, -240.0000, 14.0000, 0, 0, 0
L 446.0000, -240.0000, 14.0000, 429.0000, -234.0000, 10.0000, 0, 0, 0
L 429.0000, -234.0000, 10.0000, 429.0000, -267.0000, 10.0000, 150, 150, 150
L 420.0000, -240.0000, 10.0000, 429.0000, -234.0000, 10.0000, 0, 0, 0
L 419.0000, -270.0000, 0.0000, 420.0000, -269.0000, 10.0000, 0, 0, 0
L 420.0000, -269.0000, 10.0000, 420.0000, -240.0000, 10.0000, 0, 0, 0
L 449.0000, -300.0000, 0.0000, 449.0000, -329.0000, 0.0000, 150, 150, 150
L 439.0000, -290.0000, 0.0000, 449.0000, -300.0000, 0.0000, 150, 150, 150
L 429.0000, -284.0000, 0.0000, 439.0000, -290.0000, 0.0000, 150, 150, 150
L 419.0000, -270.0000, 0.0000, 429.0000, -284.0000, 0.0000, 150, 150, 150
L 410.0000, -284.0000, 0.0000, 419.0000, -270.0000, 0.0000, 0, 0, 0
L 410.0000, -289.0000, 0.0000, 410.0000, -284.0000, 0.0000, 0, 0, 0
L 390.0000, -347.0000, 0.0000, 410.0000, -289.0000, 0.0000, 0, 0, 0
L 390.0000, -359.0000, 0.0000, 390.0000, -347.0000, 0.0000, 0, 0, 0
L 380.0000, -379.0000, 0.0000, 390.0000, -359.0000, 0.0000, 0, 0, 0
L 369.0000, -391.0000, 0.0000, 380.0000, -379.0000, 0.0000, 0, 0, 0
L 350.0000, -429.0000, 0.0000, 369.0000, -391.0000, 0.0000, 0, 0, 0
L 340.0000, -440.0000, 3.0000, 350.0000, -429.0000, 0.0000, 0, 0, 0
L 329.0000, -460.0000, 0.0000, 340.0000, -440.0000, 3.0000, 0, 0, 0
L 309.0000, -460.0000, 0.0000, 329.0000, -460.0000, 0.0000, 0, 0, 0
L 289.0000, -430.0000, -9.0000, 309.0000, -460.0000, 0.0000, 0, 0, 0
L 270.0000, -430.0000, -9.0000, 289.0000, -430.0000, -9.0000, 0, 0, 0
L 262.0000, -447.0000, -9.0000, 270.0000, -430.0000, -9.0000, 0, 0, 0
L 248.0000, -461.0000, -9.0000, 262.0000, -447.0000, -9.0000, 0, 0, 0
L 248.0000, -464.0000, -9.0000, 248.0000, -461.0000, -9.0000, 0, 0, 0
L 236.0000, -464.0000, -6.0000, 248.0000, -464.0000, -9.0000, 0, 0, 0
L 230.0000, -469.0000, -6.0000, 236.0000, -464.0000, -6.0000, 0, 0, 0
L 229.0000, -472.0000, -9.0000, 230.0000, -469.0000, -6.0000, 0, 0, 0
L 210.0000, -404.0000, -9.0000, 210.0000, -399.0000, -9.0000, 127, 64, 0
L 205.0000, -404.0000, -9.0000, 210.0000, -404.0000, -9.0000, 127, 64, 0
L 210.0000, -399.0000, -9.0000, 205.0000, -399.0000, -9.0000, 127, 64, 0
L 234.0000, -380.0000, -9.0000, 229.0000, -380.0000, -9.0000, 127, 64, 0
L 234.0000, -375.0000, -9.0000, 234.0000, -380.0000, -9.0000, 127, 64, 0
L 234.0000, -399.0000, -9.0000, 234.0000, -404.0000, -9.0000, 127, 64, 0
L 229.0000, -399.0000, -9.0000, 234.0000, -399.0000, -9.0000, 127, 64, 0
L 229.0000, -404.0000, -9.0000, 229.0000, -399.0000, -9.0000, 127, 64, 0
L 234.0000, -404.0000, -9.0000, 229.0000, -404.0000, -9.0000, 127, 64, 0
L 205.0000, -375.0000, -9.0000, 210.0000, -375.0000, -9.0000, 127, 64, 0
L 205.0000, -380.0000, -9.0000, 205.0000, -375.0000, -9.0000, 127, 64, 0
L 210.0000, -380.0000, -9.0000, 205.0000, -380.0000, -9.0000, 127, 64, 0
L 210.0000, -375.0000, -9.0000, 210.0000, -380.0000, -9.0000, 127, 64, 0
L 259.0000, -380.0000, -9.0000, 257.0000, -376.0000, -10.0000, 0, 0, 0
L 279.0000, -380.0000, -9.0000, 259.0000, -380.0000, -9.0000, 0, 0, 0
L 280.0000, -370.0000, -9.0000, 279.0000, -380.0000, -9.0000, 0, 0, 0
L 319.0000, -370.0000, -9.0000, 280.0000, -370.0000, -9.0000, 0, 0, 0
L 319.0000, -409.0000, -9.0000, 319.0000, -370.0000, -9.0000, 0, 0, 0
L 280.0000, -409.0000, -9.0000, 319.0000, -409.0000, -9.0000, 0, 0, 0
L 280.0000, -399.0000, -9.0000, 280.0000, -409.0000, -9.0000, 0, 0, 0
L 259.0000, -399.0000, -9.0000, 280.0000, -399.0000, -9.0000, 0, 0, 0
L 255.0000, -419.0000, -10.0000, 259.0000, -399.0000, -9.0000, 0, 0, 0
L 227.0000, -461.0000, -9.0000, 241.0000, -461.0000, -10.0000, 0, 0, 0
L 214.0000, -461.0000, -9.0000, 200.0000, -461.0000, -10.0000, 0, 0, 0
L 211.0000, -469.0000, -6.0000, 214.0000, -471.0000, -9.0000, 0, 0, 0
L 168.0000, -427.0000, -9.0000, 166.0000, -430.0000, -9.0000, 0, 0, 0
L 165.0000, -425.0000, -8.0000, 168.0000, -427.0000, -8.0000, 0, 0, 0
L 161.0000, -428.0000, -9.0000, 166.0000, -430.0000, -9.0000, 0, 0, 0
L 165.0000, -425.0000, -9.0000, 161.0000, -428.0000, -9.0000, 0, 0, 0
L 205.0000, -464.0000, -6.0000, 211.0000, -469.0000, -6.0000, 0, 0, 0
L 194.0000, -464.0000, -9.0000, 205.0000, -464.0000, -6.0000, 0, 0, 0
L 195.0000, -461.0000, -7.0000, 194.0000, -464.0000, -9.0000, 0, 0, 0
L 193.0000, -450.0000, -7.0000, 195.0000, -461.0000, -7.0000, 0, 0, 0
L 189.0000, -448.0000, -7.0000, 193.0000, -450.0000, -7.0000, 0, 0, 0
L 169.0000, -420.0000, -9.0000, 189.0000, -448.0000, -7.0000, 0, 0, 0
L 130.0000, -430.0000, -9.0000, 169.0000, -420.0000, -9.0000, 0, 0, 0
L 110.0000, -440.0000, -8.0000, 130.0000, -430.0000, -9.0000, 0, 0, 0
L 99.0000, -430.0000, -6.0000, 110.0000, -440.0000, -8.0000, 0, 0, 0
L 89.0000, -400.0000, -4.0000, 99.0000, -430.0000, -6.0000, 0, 0, 0
L 99.0000, -379.0000, 2.0000, 89.0000, -400.0000, -4.0000, 0, 0, 0
L 119.0000, -359.0000, 0.0000, 99.0000, -379.0000, 2.0000, 0, 0, 0
L 133.0000, -347.0000, 0.0000, 136.0000, -341.0000, 2.0000, 0, 204, 0
L 129.0000, -347.0000, 0.0000, 133.0000, -347.0000, 0.0000, 0, 204, 0
L 139.0000, -359.0000, 4.0000, 147.0000, -347.0000, 4.0000, 0, 204, 0
L 129.0000, -359.0000, 2.0000, 139.0000, -359.0000, 4.0000, 0, 204, 0
L 119.0000, -359.0000, 0.0000, 129.0000, -359.0000, 2.0000, 0, 204, 0
L 138.0000, -320.0000, -13.0000, 127.0000, -319.0000, 0.0000, 0, 0, 0
L 146.0000, -317.0000, 18.0000, 138.0000, -320.0000, -13.0000, 0, 0, 0
L 149.0000, -309.0000, -13.0000, 146.0000, -317.0000, 18.0000, 0, 0, 0
L 160.0000, -299.0000, -13.0000, 149.0000, -309.0000, -13.0000, 0, 0, 0
L 180.0000, -299.0000, -13.0000, 160.0000, -299.0000, -13.0000, 0, 0, 0
L 210.0000, -329.0000, -13.0000, 180.0000, -299.0000, -13.0000, 0, 0, 0
L 239.0000, -339.0000, -13.0000, 210.0000, -329.0000, -13.0000, 0, 0, 0
L 270.0000, -319.0000, -13.0000, 239.0000, -339.0000, -13.0000, 0, 0, 0
L 279.0000, -309.0000, -13.0000, 269.0000, -319.0000, -13.0000, 0, 0, 0
L 279.0000, -299.0000, -13.0000, 279.0000, -309.0000, -13.0000, 0, 0, 0
L 275.0000, -290.0000, -13.0000, 279.0000, -299.0000, -13.0000, 0, 0, 0
L 269.0000, -280.0000, -13.0000, 275.0000, -290.0000, -13.0000, 0, 0, 0
L 269.0000, -270.0000, -11.0000, 269.0000, -280.0000, -13.0000, 0, 0, 0
L 248.0000, -261.0000, -5.0000, 269.0000, -270.0000, -11.0000, 0, 0, 0
L 10.0000, -309.0000, 0.0000, 0.0000, -294.0000, 1.0000, 0, 0, 0
L 41.0000, -325.0000, 0.0000, 39.0000, -325.0000, 0.0000, 150, 150, 150
L 20.0000, -319.0000, 0.0000, 10.0000, -309.0000, 0.0000, 0, 0, 0
L 20.0000, -333.0000, 0.0000, 20.0000, -319.0000, 0.0000, 0, 0, 0
L 27.0000, -333.0000, 0.0000, 20.0000, -333.0000, 0.0000, 150, 150, 150
L 27.0000, -329.0000, 0.0000, 27.0000, -333.0000, 0.0000, 150, 150, 150
L 32.0000, -329.0000, 1.0000, 27.0000, -329.0000, 0.0000, 150, 150, 150
L 37.0000, -325.0000, 0.0000, 32.0000, -329.0000, 1.0000, 150, 150, 150
L 54.0000, -335.0000, 0.0000, 41.0000, -325.0000, 0.0000, 150, 150, 150
L 54.0000, -350.0000, 0.0000, 54.0000, -335.0000, 0.0000, 150, 150, 150
L 132.0000, -343.0000, 0.0000, 135.0000, -343.0000, 0.0000, 0, 0, 255
L 130.0000, -324.0000, 0.0000, 132.0000, -343.0000, 0.0000, 0, 0, 255
L 127.0000, -319.0000, 0.0000, 130.0000, -324.0000, 0.0000, 0, 0, 255
L 133.0000, -309.0000, 0.0000, 127.0000, -319.0000, 0.0000, 0, 0, 255
L 152.0000, -291.0000, 0.0000, 133.0000, -309.0000, 0.0000, 0, 0, 255
L 153.0000, -286.0000, 9.0000, 152.0000, -291.0000, 0.0000, 0, 0, 255
L 205.0000, -286.0000, 2.0000, 197.0000, -286.0000, 8.0000, 127, 64, 0
L 177.0000, -287.0000, 11.0000, 190.0000, -286.0000, 9.0000, 127, 64, 0
L 149.0000, -286.0000, 8.0000, 153.0000, -286.0000, 9.0000, 127, 64, 0
L 157.0000, -253.0000, 10.0000, 149.0000, -258.0000, 8.0000, 127, 64, 0
L 181.0000, -254.0000, 11.0000, 173.0000, -253.0000, 10.0000, 127, 64, 0
L 202.0000, -250.0000, 9.0000, 191.0000, -252.0000, 10.0000, 127, 64, 0
L 209.0000, -253.0000, 7.0000, 202.0000, -250.0000, 9.0000, 127, 64, 0
L 220.0000, -250.0000, 2.0000, 209.0000, -253.0000, 7.0000, 127, 64, 0
L 205.0000, -286.0000, 2.0000, 220.0000, -286.0000, 2.0000, 127, 64, 0
L 160.0000, -247.0000, 3.0000, 157.0000, -253.0000, 10.0000, 0, 0, 255
L 169.0000, -239.0000, 1.0000, 160.0000, -247.0000, 3.0000, 0, 0, 255
L 174.0000, -233.0000, 0.0000, 169.0000, -239.0000, 1.0000, 0, 0, 255
L 181.0000, -229.0000, 0.0000, 174.0000, -233.0000, 0.0000, 0, 0, 255
L 179.0000, -220.0000, 0.0000, 181.0000, -229.0000, 0.0000, 0, 0, 255
L 170.0000, -210.0000, 0.0000, 179.0000, -220.0000, 0.0000, 0, 0, 255
L 150.0000, -210.0000, 0.0000, 170.0000, -210.0000, 0.0000, 0, 0, 255
L 139.0000, -220.0000, 0.0000, 150.0000, -210.0000, 0.0000, 0, 0, 255
L 131.0000, -233.0000, 0.0000, 139.0000, -220.0000, 0.0000, 0, 0, 255
L 120.0000, -240.0000, 2.0000, 131.0000, -233.0000, 0.0000, 0, 0, 255
L 189.0000, -190.0000, 0.0000, 160.0000, -190.0000, -2.0000, 0, 0, 0
L 79.0000, -199.0000, 0.0000, 69.0000, -219.0000, 0.0000, 0, 0, 0
L 79.0000, -180.0000, 0.0000, 79.0000, -199.0000, 0.0000, 0, 0, 0
L 0.0000, -240.0000, 0.0000, 0.0000, -265.0000, 5.0000, 0, 0, 0
L 20.0000, -230.0000, 0.0000, 0.0000, -240.0000, 0.0000, 0, 0, 0
L 50.0000, -200.0000, 0.0000, 20.0000, -230.0000, 0.0000, 0, 0, 0
L 50.0000, -169.0000, 0.0000, 50.0000, -200.0000, 0.0000, 0, 0, 0
L 30.0000, -159.0000, 9.0000, 50.0000, -169.0000, 0.0000, 0, 0, 0
L 9.0000, -139.0000, -1.0000, 30.0000, -159.0000, 9.0000, 0, 0, 0
L -32.0000, -49.0000, 0.0000, -32.0000, -55.0000, 0.0000, 0, 0, 0
L -29.0000, -49.0000, 0.0000, -32.0000, -49.0000, 0.0000, 0, 0, 0
L -27.0000, -55.0000, 0.0000, -29.0000, -49.0000, 0.0000, 0, 0, 0
L -19.0000, -62.0000, 0.0000, -27.0000, -55.0000, 0.0000, 0, 0, 0
L -19.0000, -80.0000, 0.0000, -19.0000, -62.0000, 0.0000, 0, 0, 0
L -29.0000, -80.0000, 0.0000, -19.0000, -80.0000, 0.0000, 0, 0, 0
L -40.0000, -70.0000, 0.0000, -29.0000, -80.0000, 0.0000, 0, 0, 0
L -40.0000, -59.0000, 0.0000, -40.0000, -70.0000, 0.0000, 0, 0, 0
L -32.0000, -55.0000, 0.0000, -40.0000, -59.0000, 0.0000, 0, 0, 0
L 29.0000, -20.0000, 9.0000, 19.0000, -10.0000, 0.0000, 0, 0, 0
L 33.0000, -29.0000, 11.0000, 29.0000, -20.0000, 9.0000, 0, 0, 0
L 25.0000, -47.0000, 7.0000, 33.0000, -29.0000, 11.0000, 0, 0, 0
L 19.0000, -49.0000, 0.0000, 25.0000, -47.0000, 7.0000, 0, 0, 0
L 109.0000, -129.0000, -1.0000, 89.0000, -139.0000, 0.0000, 0, 0, 0
L 122.0000, -118.0000, -6.0000, 109.0000, -129.0000, -1.0000, 0, 0, 0
L 0.0000, -139.0000, -4.0000, 9.0000, -139.0000, -1.0000, 0, 0, 0
L -29.0000, -129.0000, -1.0000, 0.0000, -139.0000, -4.0000, 0, 0, 0
L 89.0000, -169.0000, 0.0000, 79.0000, -180.0000, 0.0000, 0, 0, 0
L 89.0000, -139.0000, 0.0000, 89.0000, -169.0000, 0.0000, 0, 0, 0
L -39.0000, -109.0000, 2.0000, -29.0000, -129.0000, -1.0000, 0, 0, 0
L -59.0000, -99.0000, 0.0000, -39.0000, -109.0000, 2.0000, 0, 0, 0
L -69.0000, -89.0000, 0.0000, -59.0000, -99.0000, 0.0000, 0, 0, 0
L -89.0000, -81.0000, 0.0000, -69.0000, -89.0000, 0.0000, 0, 0, 0
L -99.0000, -69.0000, 0.0000, -89.0000, -81.0000, 0.0000, 0, 0, 0
L -89.0000, -50.0000, 0.0000, -80.0000, -50.0000, 0.0000, 0, 0, 0
L -89.0000, -50.0000, 0.0000, -99.0000, -69.0000, 0.0000, 0, 0, 0
L -68.0000, -60.0000, 0.0000, -80.0000, -50.0000, 0.0000, 0, 0, 0
L -60.0000, -70.0000, 0.0000, -68.0000, -60.0000, 0.0000, 0, 0, 0
L -59.0000, -51.0000, 0.0000, -60.0000, -70.0000, 0.0000, 0, 0, 0
L -61.0000, -42.0000, 0.0000, -59.0000, -51.0000, 0.0000, 0, 0, 0
L -49.0000, -30.0000, 0.0000, -61.0000, -42.0000, 0.0000, 0, 0, 0
L -19.0000, -10.0000, 0.0000, -49.0000, -30.0000, 0.0000, 0, 0, 0
L -9.0000, 38.0000, 0.0000, -19.0000, -10.0000, 0.0000, 0, 0, 0
L -9.0000, 90.0000, 0.0000, -9.0000, 38.0000, 0.0000, 0, 0, 0
L 19.0000, -80.0000, 0.0000, 59.0000, -100.0000, 0.0000, 0, 0, 0
L 3.0000, -80.0000, 0.0000, 0.0000, -76.0000, 0.0000, 0, 0, 0
L 3.0000, -80.0000, 0.0000, 19.0000, -80.0000, 0.0000, 0, 0, 0
L 0.0000, -60.0000, 0.0000, 0.0000, -76.0000, 0.0000, 0, 0, 0
L 3.0000, -56.0000, 0.0000, 0.0000, -60.0000, 0.0000, 0, 0, 0
L 19.0000, -49.0000, 0.0000, 3.0000, -56.0000, 0.0000, 0, 0, 0
L 9.0000, 38.0000, 0.0000, 19.0000, -10.0000, 0.0000, 0, 0, 0
L 9.0000, 109.0000, 0.0000, 9.0000, 38.0000, 0.0000, 0, 0, 0
L -40.0000, 109.0000, 0.0000, 9.0000, 109.0000, 0.0000, 0, 0, 0
L -59.0000, 90.0000, 0.0000, -9.0000, 90.0000, 0.0000, 0, 0, 0
L -40.0000, 124.0000, 0.0000, -58.0000, 124.0000, 0.0000, 199, 21, 133
L -59.0000, 113.0000, 0.0000, -59.0000, 90.0000, 0.0000, 0, 0, 0
L -58.0000, 124.0000, 0.0000, -59.0000, 113.0000, 0.0000, 0, 0, 0
L -40.0000, 109.0000, 0.0000, -40.0000, 124.0000, 0.0000, 0, 0, 0
L 138.0000, -110.0000, 0.0000, 135.0000, -108.0000, 1.0000, 205, 133, 63
L 135.0000, -108.0000, 1.0000, 129.0000, -104.0000, 0.0000, 205, 133, 63
L 129.0000, -104.0000, 0.0000, 129.0000, -95.0000, 0.0000, 205, 133, 63
L 129.0000, -95.0000, 0.0000, 131.0000, -91.0000, 0.0000, 205, 133, 63
L 131.0000, -91.0000, 0.0000, 137.0000, -89.0000, 0.0000, 205, 133, 63
L 137.0000, -89.0000, 0.0000, 119.0000, -80.0000, 0.0000, 0, 0, 0
L 119.0000, -80.0000, 0.0000, 111.0000, -70.0000, 0.0000, 0, 0, 0
L 111.0000, -70.0000, 0.0000, 119.0000, -50.0000, 0.0000, 0, 0, 0
L 119.0000, -50.0000, 0.0000, 113.0000, -40.0000, 0.0000, 0, 0, 0
L 80.0000, -40.0000, 0.0000, 90.0000, -30.0000, 1.0000, 0, 0, 0
L 90.0000, -30.0000, 1.0000, 99.0000, -30.0000, 1.0000, 0, 0, 0
L 99.0000, -30.0000, 1.0000, 113.0000, -40.0000, 0.0000, 0, 0, 0
L 80.0000, -40.0000, 0.0000, 79.0000, -9.0000, 0.0000, 0, 0, 0
L 79.0000, -9.0000, 0.0000, 87.0000, -9.0000, 0.0000, 0, 0, 0
L 93.0000, 19.0000, 0.0000, 109.0000, 19.0000, 3.0000, 0, 0, 0
L 109.0000, 19.0000, 3.0000, 119.0000, 9.0000, 4.0000, 0, 0, 0
L 119.0000, 9.0000, 4.0000, 119.0000, -3.0000, 4.0000, 0, 0, 0
L 119.0000, -3.0000, 4.0000, 109.0000, -5.0000, 1.0000, 0, 0, 0
L 87.0000, -9.0000, 0.0000, 109.0000, -5.0000, 1.0000, 0, 0, 0
L 93.0000, 19.0000, 0.0000, 70.0000, 19.0000, 0.0000, 0, 0, 0
L 70.0000, 19.0000, 0.0000, 60.0000, 9.0000, 0.0000, 0, 0, 0
L 60.0000, 9.0000, 0.0000, 60.0000, -19.0000, 0.0000, 0, 0, 0
L 60.0000, -19.0000, 0.0000, 62.0000, -40.0000, 0.0000, 0, 0, 0
L 62.0000, -40.0000, 0.0000, 60.0000, -49.0000, 0.0000, 0, 0, 0
L 60.0000, -49.0000, 0.0000, 80.0000, -59.0000, 0.0000, 0, 0, 0
L 80.0000, -59.0000, 0.0000, 86.0000, -69.0000, 0.0000, 0, 0, 0
L 86.0000, -69.0000, 0.0000, 90.0000, -90.0000, 0.0000, 0, 0, 0
L 90.0000, -90.0000, 0.0000, 71.0000, -99.0000, 0.0000, 0, 0, 0
L 137.0000, -89.0000, 0.0000, 138.0000, -110.0000, 0.0000, 0, 0, 0
L 68.0000, -268.0000, 0.0000, 77.0000, -268.0000, 3.0000, 150, 150, 150
L 77.0000, -267.0000, 3.0000, 69.0000, -230.0000, 0.0000, 0, 0, 0
L 69.0000, -230.0000, 0.0000, 69.0000, -219.0000, 0.0000, 0, 0, 0
L 68.0000, -268.0000, 0.0000, 68.0000, -277.0000, 0.0000, 150, 150, 150
L 68.0000, -277.0000, 0.0000, 76.0000, -277.0000, 4.0000, 150, 150, 150
L 0.0000, -265.0000, 5.0000, 28.0000, -265.0000, 0.0000, 0, 0, 0
L 28.0000, -265.0000, 0.0000, 30.0000, -270.0000, -1.0000, 0, 0, 0
L 30.0000, -270.0000, -1.0000, 0.0000, -270.0000, -1.0000, 0, 0, 0
L 0.0000, -289.0000, 0.0000, 30.0000, -289.0000, -1.0000, 0, 0, 0
L 30.0000, -289.0000, -1.0000, 32.0000, -294.0000, 1.0000, 0, 0, 0
L 0.0000, -294.0000, 1.0000, 32.0000, -294.0000, 1.0000, 0, 0, 0
L 76.0000, -277.0000, 4.0000, 76.0000, -283.0000, 0.0000, 0, 0, 0
L 76.0000, -283.0000, 0.0000, 80.0000, -285.0000, 0.0000, 0, 0, 0
L 80.0000, -285.0000, 0.0000, 85.0000, -284.0000, 0.0000, 0, 0, 0
L 85.0000, -284.0000, 0.0000, 87.0000, -280.0000, 0.0000, 0, 0, 0
L 87.0000, -280.0000, 0.0000, 99.0000, -280.0000, 0.0000, 0, 0, 0
L 99.0000, -280.0000, 0.0000, 106.0000, -268.0000, 0.0000, 0, 0, 0
L 105.0000, -270.0000, 0.0000, 105.0000, -276.0000, 0.0000, 150, 150, 150
L 105.0000, -276.0000, 0.0000, 113.0000, -276.0000, 1.0000, 150, 150, 150
L 113.0000, -276.0000, 1.0000, 113.0000, -268.0000, 1.0000, 150, 150, 150
L 113.0000, -268.0000, 1.0000, 106.0000, -268.0000, 0.0000, 150, 150, 150
L 106.0000, -268.0000, 0.0000, 120.0000, -240.0000, 2.0000, 0, 0, 0
L 120.0000, -240.0000, 2.0000, 120.0000, -219.0000, 0.0000, 0, 0, 0
L 120.0000, -219.0000, 0.0000, 130.0000, -209.0000, -2.0000, 0, 0, 0
L 130.0000, -209.0000, -2.0000, 130.0000, -200.0000, -2.0000, 0, 0, 0
L 130.0000, -200.0000, -2.0000, 160.0000, -190.0000, -2.0000, 0, 0, 0
L 189.0000, -190.0000, 0.0000, 199.0000, -200.0000, -1.0000, 0, 0, 0
L 199.0000, -200.0000, -1.0000, 199.0000, -210.0000, -1.0000, 0, 0, 0
L 189.0000, -219.0000, -2.0000, 199.0000, -210.0000, -1.0000, 0, 0, 255
L 189.0000, -219.0000, -2.0000, 189.0000, -229.0000, -1.0000, 0, 0, 255
L 189.0000, -229.0000, -1.0000, 196.0000, -241.0000, 0.0000, 0, 0, 255
L 196.0000, -241.0000, 0.0000, 202.0000, -250.0000, 9.0000, 0, 0, 255
L 80.0000, -430.0000, -6.0000, 90.0000, -449.0000, -8.0000, 0, 0, 0
L 90.0000, -449.0000, -8.0000, 130.0000, -469.0000, -9.0000, 0, 0, 0
L 130.0000, -469.0000, -9.0000, 170.0000, -509.0000, -10.0000, 0, 0, 0
L 80.0000, -430.0000, -6.0000, 70.0000, -419.0000, -4.0000, 0, 0, 0
L 70.0000, -419.0000, -4.0000, 70.0000, -400.0000, -4.0000, 0, 0, 0
L 70.0000, -400.0000, -4.0000, 60.0000, -380.0000, 0.0000, 0, 0, 0
L 60.0000, -380.0000, 0.0000, 50.0000, -359.0000, 6.0000, 0, 0, 0
L 50.0000, -359.0000, 6.0000, 40.0000, -350.0000, 2.0000, 0, 0, 0
L 42.0000, -351.0000, 2.0000, 49.0000, -351.0000, 2.0000, 150, 150, 150
L 49.0000, -351.0000, 2.0000, 49.0000, -348.0000, 2.0000, 150, 150, 150
L 49.0000, -348.0000, 2.0000, 40.0000, -350.0000, 2.0000, 150, 150, 150
L 40.0000, -350.0000, 2.0000, 29.0000, -339.0000, 2.0000, 0, 0, 0
L 29.0000, -339.0000, 2.0000, 20.0000, -333.0000, 0.0000, 0, 0, 0
L 39.0000, -325.0000, 0.0000, 38.0000, -325.0000, 0.0000, 150, 150, 150
L 39.0000, -325.0000, 0.0000, 50.0000, -335.0000, 2.0000, 150, 150, 150
L 50.0000, -335.0000, 2.0000, 50.0000, -338.0000, 2.0000, 150, 150, 150
L 50.0000, -338.0000, 2.0000, 50.0000, -347.0000, 2.0000, 150, 150, 150
L 50.0000, -347.0000, 2.0000, 54.0000, -350.0000, 0.0000, 150, 150, 150
L 32.0000, -332.0000, 2.0000, 36.0000, -329.0000, 2.0000, 150, 150, 150
L 38.0000, -325.0000, 0.0000, 37.0000, -325.0000, 0.0000, 150, 150, 150
L 36.0000, -329.0000, 2.0000, 38.0000, -325.0000, 0.0000, 150, 150, 150
L 32.0000, -332.0000, 2.0000, 32.0000, -329.0000, 1.0000, 150, 150, 150
L 223.0000, -196.0000, 0.0000, 219.0000, -200.0000, 0.0000, 0, 0, 0
L 219.0000, -200.0000, 0.0000, 199.0000, -210.0000, -1.0000, 0, 0, 0
L 223.0000, -196.0000, 0.0000, 230.0000, -200.0000, 0.0000, 0, 0, 0
L 230.0000, -200.0000, 0.0000, 237.0000, -197.0000, 0.0000, 0, 0, 0
L 237.0000, -197.0000, 0.0000, 238.0000, -194.0000, 0.0000, 0, 0, 0
L 238.0000, -194.0000, 0.0000, 239.0000, -190.0000, 0.0000, 0, 0, 0
L 239.0000, -190.0000, 0.0000, 251.0000, -200.0000, 0.0000, 0, 0, 0
L 251.0000, -200.0000, 0.0000, 269.0000, -209.0000, 0.0000, 0, 0, 255
L 269.0000, -209.0000, 0.0000, 272.0000, -212.0000, 0.0000, 0, 0, 255
L 272.0000, -212.0000, 0.0000, 277.0000, -211.0000, 0.0000, 0, 0, 255
L 277.0000, -211.0000, 0.0000, 277.0000, -207.0000, 0.0000, 0, 0, 255
L 277.0000, -207.0000, 0.0000, 284.0000, -201.0000, 0.0000, 0, 0, 255
L 284.0000, -201.0000, 0.0000, 290.0000, -208.0000, 0.0000, 0, 0, 255
L 290.0000, -208.0000, 0.0000, 289.0000, -214.0000, 0.0000, 0, 0, 255
L 289.0000, -214.0000, 0.0000, 283.0000, -216.0000, 0.0000, 0, 0, 255
L 283.0000, -216.0000, 0.0000, 283.0000, -235.0000, 0.0000, 0, 0, 255
L 283.0000, -235.0000, 0.0000, 271.0000, -245.0000, 0.0000, 0, 0, 0
L 271.0000, -245.0000, 0.0000, 269.0000, -249.0000, 0.0000, 0, 0, 0
L 269.0000, -249.0000, 0.0000, 248.0000, -261.0000, -5.0000, 0, 0, 0
L 251.0000, -200.0000, 0.0000, 259.0000, -190.0000, 0.0000, 0, 0, 255
L 259.0000, -190.0000, 0.0000, 290.0000, -190.0000, 0.0000, 0, 0, 255
L 290.0000, -190.0000, 0.0000, 287.0000, -196.0000, 0.0000, 0, 0, 255
L 287.0000, -196.0000, 0.0000, 289.0000, -202.0000, 0.0000, 0, 0, 255
L 289.0000, -202.0000, 0.0000, 294.0000, -201.0000, 0.0000, 0, 0, 255
L 294.0000, -201.0000, 0.0000, 299.0000, -200.0000, 0.0000, 0, 0, 255
L 299.0000, -200.0000, 0.0000, 290.0000, -190.0000, 0.0000, 0, 0, 255
L 300.0000, -154.0000, 4.0000, 324.0000, -164.0000, 4.0000, 0, 204, 0
L 324.0000, -164.0000, 4.0000, 324.0000, -147.0000, 4.0000, 0, 204, 0
L 324.0000, -147.0000, 4.0000, 317.0000, -145.0000, 4.0000, 0, 204, 0
L 317.0000, -145.0000, 4.0000, 307.0000, -147.0000, 4.0000, 0, 204, 0
L 307.0000, -147.0000, 4.0000, 292.0000, -137.0000, 4.0000, 0, 204, 0
L 292.0000, -137.0000, 4.0000, 285.0000, -115.0000, 4.0000, 0, 204, 0
L 285.0000, -115.0000, 4.0000, 273.0000, -115.0000, 4.0000, 0, 204, 0
L 273.0000, -115.0000, 4.0000, 269.0000, -131.0000, 4.0000, 0, 204, 0
L 269.0000, -131.0000, 4.0000, 269.0000, -144.0000, 4.0000, 0, 204, 0
L 256.0000, -143.0000, 4.0000, 255.0000, -129.0000, 4.0000, 0, 204, 0
L 255.0000, -129.0000, 4.0000, 243.0000, -129.0000, 4.0000, 0, 204, 0
L 243.0000, -129.0000, 4.0000, 235.0000, -141.0000, 4.0000, 0, 204, 0
L 235.0000, -141.0000, 4.0000, 216.0000, -141.0000, 4.0000, 0, 204, 0
L 216.0000, -141.0000, 4.0000, 210.0000, -130.0000, 4.0000, 0, 204, 0
L 210.0000, -130.0000, 4.0000, 210.0000, -121.0000, 4.0000, 0, 204, 0
L 210.0000, -112.0000, 4.0000, 210.0000, -121.0000, 4.0000, 0, 204, 0
L 210.0000, -112.0000, 4.0000, 216.0000, -102.0000, 4.0000, 0, 204, 0
L 216.0000, -102.0000, 4.0000, 235.0000, -102.0000, 4.0000, 0, 204, 0
L 235.0000, -102.0000, 4.0000, 244.0000, -112.0000, 4.0000, 0, 204, 0
L 244.0000, -112.0000, 4.0000, 256.0000, -112.0000, 4.0000, 0, 204, 0
L 256.0000, -112.0000, 4.0000, 274.0000, -94.0000, 4.0000, 0, 204, 0
L 274.0000, -94.0000, 4.0000, 286.0000, -90.0000, 4.0000, 0, 204, 0
L 286.0000, -90.0000, 4.0000, 302.0000, -82.0000, 4.0000, 0, 204, 0
L 302.0000, -82.0000, 4.0000, 323.0000, -78.0000, 4.0000, 0, 204, 0
L 323.0000, -78.0000, 4.0000, 350.0000, -84.0000, 4.0000, 0, 204, 0
L 350.0000, -84.0000, 4.0000, 350.0000, -74.0000, 4.0000, 0, 204, 0
L 350.0000, -74.0000, 4.0000, 366.0000, -62.0000, 4.0000, 0, 204, 0
L 366.0000, -62.0000, 4.0000, 376.0000, -57.0000, 4.0000, 0, 204, 0
L 376.0000, -57.0000, 4.0000, 376.0000, -44.0000, 4.0000, 0, 204, 0
L 376.0000, -44.0000, 4.0000, 401.0000, -36.0000, 4.0000, 0, 204, 0
L 401.0000, -36.0000, 4.0000, 415.0000, -53.0000, 4.0000, 0, 204, 0
L 415.0000, -53.0000, 4.0000, 401.0000, -73.0000, 4.0000, 0, 204, 0
L 401.0000, -73.0000, 4.0000, 375.0000, -75.0000, 4.0000, 0, 204, 0
L 375.0000, -75.0000, 4.0000, 365.0000, -79.0000, 4.0000, 0, 204, 0
L 365.0000, -79.0000, 4.0000, 365.0000, -92.0000, 4.0000, 0, 204, 0
L 365.0000, -92.0000, 4.0000, 377.0000, -107.0000, 4.0000, 0, 204, 0
L 377.0000, -107.0000, 4.0000, 383.0000, -125.0000, 4.0000, 0, 204, 0
L 383.0000, -125.0000, 4.0000, 377.0000, -137.0000, 4.0000, 0, 204, 0
L 377.0000, -137.0000, 4.0000, 365.0000, -147.0000, 4.0000, 0, 204, 0
L 365.0000, -147.0000, 4.0000, 337.0000, -147.0000, 4.0000, 0, 204, 0
L 337.0000, -147.0000, 4.0000, 337.0000, -163.0000, 4.0000, 0, 204, 0
L 337.0000, -163.0000, 4.0000, 329.0000, -180.0000, 4.0000, 0, 204, 0
L 329.0000, -180.0000, 4.0000, 327.0000, -195.0000, 4.0000, 0, 204, 0
L 327.0000, -195.0000, 4.0000, 319.0000, -209.0000, 3.0000, 0, 204, 0
L 319.0000, -209.0000, 3.0000, 299.0000, -239.0000, 3.0000, 0, 204, 0
L 299.0000, -239.0000, 3.0000, 289.0000, -239.0000, 0.0000, 0, 204, 0
L 289.0000, -239.0000, 0.0000, 309.0000, -210.0000, 0.0000, 0, 0, 255
L 309.0000, -210.0000, 0.0000, 299.0000, -200.0000, 0.0000, 0, 0, 255
L 289.0000, -239.0000, 0.0000, 283.0000, -235.0000, 0.0000, 0, 204, 0
L 205.0000, -286.0000, 2.0000, 204.0000, -290.0000, 2.0000, 0, 0, 255
L 203.0000, -296.0000, 1.0000, 203.0000, -300.0000, 1.0000, 0, 0, 255
L 203.0000, -300.0000, 1.0000, 219.0000, -309.0000, 0.0000, 0, 0, 255
L 219.0000, -309.0000, 0.0000, 240.0000, -309.0000, 0.0000, 0, 0, 255
L 240.0000, -309.0000, 0.0000, 249.0000, -299.0000, 1.0000, 0, 0, 255
L 249.0000, -299.0000, 1.0000, 249.0000, -289.0000, 1.0000, 0, 0, 255
L 249.0000, -289.0000, 1.0000, 243.0000, -279.0000, 1.0000, 0, 0, 255
L 243.0000, -279.0000, 1.0000, 240.0000, -270.0000, 0.0000, 0, 0, 255
L 240.0000, -263.0000, 0.0000, 240.0000, -270.0000, 0.0000, 0, 0, 255
L 204.0000, -290.0000, 2.0000, 203.0000, -296.0000, 1.0000, 0, 0, 255
L 135.0000, -343.0000, 0.0000, 150.0000, -344.0000, 6.0000, 150, 150, 150
L 150.0000, -344.0000, 6.0000, 147.0000, -347.0000, 4.0000, 0, 204, 0
L 136.0000, -341.0000, 2.0000, 153.0000, -340.0000, 8.0000, 150, 150, 150
L 153.0000, -340.0000, 8.0000, 150.0000, -344.0000, 6.0000, 0, 204, 0
L 137.0000, -338.0000, 4.0000, 155.0000, -336.0000, 10.0000, 150, 150, 150
L 155.0000, -336.0000, 10.0000, 157.0000, -332.0000, 14.0000, 0, 204, 0
L 155.0000, -336.0000, 10.0000, 153.0000, -340.0000, 8.0000, 0, 204, 0
L 157.0000, -332.0000, 14.0000, 140.0000, -333.0000, 8.0000, 150, 150, 150
L 157.0000, -328.0000, 14.0000, 142.0000, -328.0000, 12.0000, 150, 150, 150
L 157.0000, -328.0000, 14.0000, 157.0000, -332.0000, 14.0000, 0, 204, 0
L 430.0000, -425.0000, 0.0000, 419.0000, -419.0000, 0.0000, 0, 0, 0
L 419.0000, -419.0000, 0.0000, 389.0000, -409.0000, 0.0000, 0, 0, 0
L 389.0000, -409.0000, 0.0000, 379.0000, -409.0000, 0.0000, 0, 0, 0
L 379.0000, -409.0000, 0.0000, 369.0000, -429.0000, 0.0000, 0, 0, 0
L 369.0000, -429.0000, 0.0000, 359.0000, -459.0000, 0.0000, 0, 0, 0
L 359.0000, -459.0000, 0.0000, 349.0000, -469.0000, 0.0000, 0, 0, 0
L 349.0000, -469.0000, 0.0000, 308.0000, -490.0000, 0.0000, 0, 0, 0
L 308.0000, -490.0000, 0.0000, 289.0000, -509.0000, -9.0000, 0, 0, 0
L 289.0000, -509.0000, -9.0000, 269.0000, -519.0000, -10.0000, 0, 0, 0
L 269.0000, -519.0000, -10.0000, 259.0000, -549.0000, -13.0000, 0, 0, 0
L 259.0000, -549.0000, -13.0000, 249.0000, -559.0000, -16.0000, 0, 0, 0
L 249.0000, -559.0000, -16.0000, 239.0000, -590.0000, -26.0000, 0, 0, 0
L 249.0000, -609.0000, -28.0000, 239.0000, -590.0000, -26.0000, 0, 0, 0
L 249.0000, -620.0000, -29.0000, 259.0000, -640.0000, -29.0000, 0, 0, 0
L 259.0000, -640.0000, -29.0000, 279.0000, -650.0000, -24.0000, 0, 0, 0
L 329.0000, -659.0000, -10.0000, 329.0000, -642.0000, -10.0000, 0, 0, 255
L 329.0000, -642.0000, -10.0000, 340.0000, -619.0000, -14.0000, 0, 0, 255
L 340.0000, -619.0000, -14.0000, 370.0000, -619.0000, -14.0000, 0, 0, 255
L 370.0000, -619.0000, -14.0000, 379.0000, -639.0000, -14.0000, 0, 0, 255
L 379.0000, -639.0000, -15.0000, 369.0000, -659.0000, -9.0000, 127, 64, 0
L 299.0000, -650.0000, -17.0000, 310.0000, -639.0000, -10.0000, 0, 0, 0
L 310.0000, -639.0000, -10.0000, 330.0000, -610.0000, -10.0000, 0, 0, 0
L 330.0000, -610.0000, -10.0000, 379.0000, -610.0000, -10.0000, 0, 0, 0
L 389.0000, -639.0000, -10.0000, 379.0000, -639.0000, -14.0000, 127, 64, 0
L 379.0000, -610.0000, -10.0000, 389.0000, -639.0000, -10.0000, 0, 0, 0
L 389.0000, -639.0000, -10.0000, 399.0000, -660.0000, -9.0000, 127, 64, 0
L 398.0000, -689.0000, -9.0000, 389.0000, -709.0000, -9.0000, 127, 64, 0
L 389.0000, -709.0000, -9.0000, 379.0000, -709.0000, -8.0000, 127, 64, 0
L 379.0000, -709.0000, -8.0000, 369.0000, -688.0000, -9.0000, 127, 64, 0
L 329.0000, -659.0000, -10.0000, 369.0000, -659.0000, -9.0000, 127, 64, 0
L 329.0000, -689.0000, -10.0000, 332.0000, -689.0000, -10.0000, 0, 0, 255
L 390.0000, -664.0000, -9.0000, 329.0000, -663.0000, -10.0000, 127, 64, 0
L 329.0000, -663.0000, -10.0000, 329.0000, -659.0000, -10.0000, 127, 64, 0
L 329.0000, -689.0000, -10.0000, 329.0000, -685.0000, -10.0000, 127, 64, 0
L 329.0000, -685.0000, -10.0000, 389.0000, -685.0000, -9.0000, 127, 64, 0
L 389.0000, -685.0000, -9.0000, 390.0000, -689.0000, -9.0000, 127, 64, 0
L 449.0000, -689.0000, -9.0000, 460.0000, -683.0000, -9.0000, 0, 0, 0
L 460.0000, -683.0000, -9.0000, 519.0000, -683.0000, -9.0000, 0, 0, 0
L 519.0000, -683.0000, -9.0000, 539.0000, -699.0000, 0.0000, 0, 0, 0
L 390.0000, -689.0000, -9.0000, 398.0000, -689.0000, -9.0000, 0, 0, 0
L 439.0000, -689.0000, -9.0000, 449.0000, -689.0000, -9.0000, 0, 0, 0
L 539.0000, -699.0000, 0.0000, 595.0000, -699.0000, 0.0000, 0, 0, 0
L 595.0000, -650.0000, 0.0000, 539.0000, -650.0000, 0.0000, 0, 0, 0
L 539.0000, -650.0000, 0.0000, 520.0000, -665.0000, -9.0000, 0, 0, 0
L 520.0000, -665.0000, -9.0000, 459.0000, -665.0000, -9.0000, 0, 0, 0
L 459.0000, -665.0000, -9.0000, 449.0000, -660.0000, -9.0000, 0, 0, 0
L 449.0000, -660.0000, -9.0000, 439.0000, -660.0000, -9.0000, 0, 0, 0
L 439.0000, -660.0000, -9.0000, 399.0000, -660.0000, -9.0000, 0, 0, 0
L 390.0000, -660.0000, -9.0000, 390.0000, -664.0000, -9.0000, 127, 64, 0
L 595.0000, -650.0000, 0.0000, 595.0000, -659.0000, -6.0000, 0, 0, 0
L 573.0000, -665.0000, -9.0000, 571.0000, -665.0000, -9.0000, 127, 64, 0
L 563.0000, -665.0000, -9.0000, 561.0000, -665.0000, -9.0000, 127, 64, 0
L 563.0000, -665.0000, -9.0000, 553.0000, -665.0000, -9.0000, 127, 64, 0
L 553.0000, -665.0000, -9.0000, 551.0000, -665.0000, -9.0000, 127, 64, 0
L 553.0000, -665.0000, -9.0000, 543.0000, -665.0000, -9.0000, 127, 64, 0
L 543.0000, -665.0000, -9.0000, 541.0000, -665.0000, -9.0000, 127, 64, 0
L 543.0000, -665.0000, -9.0000, 539.0000, -665.0000, -9.0000, 127, 64, 0
L 571.0000, -665.0000, -9.0000, 563.0000, -665.0000, -9.0000, 127, 64, 0
L 583.0000, -665.0000, -9.0000, 581.0000, -665.0000, -9.0000, 127, 64, 0
L 595.0000, -689.0000, -6.0000, 595.0000, -699.0000, 0.0000, 0, 0, 0
L 589.0000, -683.0000, -9.0000, 629.0000, -689.0000, 0.0000, 0, 0, 0
L 629.0000, -689.0000, 0.0000, 649.0000, -669.0000, 0.0000, 0, 0, 0
L 649.0000, -669.0000, 0.0000, 649.0000, -649.0000, 0.0000, 0, 0, 0
L 649.0000, -649.0000, 0.0000, 651.0000, -646.0000, 0.0000, 0, 0, 0
L 628.0000, -646.0000, 0.0000, 630.0000, -649.0000, 0.0000, 0, 0, 0
L 630.0000, -649.0000, 0.0000, 619.0000, -660.0000, 0.0000, 0, 0, 0
L 619.0000, -660.0000, 0.0000, 595.0000, -659.0000, -6.0000, 0, 0, 0
L 628.0000, -646.0000, 0.0000, 620.0000, -629.0000, 8.0000, 0, 0, 0
L 659.0000, -630.0000, 8.0000, 651.0000, -646.0000, 0.0000, 0, 0, 0
L 659.0000, -630.0000, 8.0000, 659.0000, -593.0000, 10.0000, 0, 0, 0
L 709.0000, -587.0000, 8.0000, 727.0000, -577.0000, 8.0000, 0, 0, 0
L 710.0000, -568.0000, 8.0000, 710.0000, -520.0000, 8.0000, 0, 0, 0
L 710.0000, -520.0000, 8.0000, 759.0000, -490.0000, 8.0000, 0, 0, 0
L 759.0000, -490.0000, 8.0000, 819.0000, -490.0000, 8.0000, 0, 0, 0
L 819.0000, -509.0000, 8.0000, 759.0000, -509.0000, 8.0000, 0, 0, 0
L 759.0000, -509.0000, 8.0000, 727.0000, -541.0000, 8.0000, 0, 0, 0
L 727.0000, -541.0000, 8.0000, 727.0000, -577.0000, 8.0000, 0, 0, 0
L 659.0000, -570.0000, 10.0000, 649.0000, -560.0000, 10.0000, 0, 0, 0
L 649.0000, -560.0000, 10.0000, 629.0000, -560.0000, 10.0000, 0, 0, 0
L 629.0000, -560.0000, 10.0000, 619.0000, -570.0000, 10.0000, 0, 0, 0
L 619.0000, -570.0000, 10.0000, 611.0000, -568.0000, 8.0000, 0, 0, 0
L 611.0000, -585.0000, 8.0000, 570.0000, -569.0000, 8.0000, 0, 0, 0
L 570.0000, -569.0000, 8.0000, 540.0000, -558.0000, 8.0000, 0, 0, 0
L 540.0000, -558.0000, 8.0000, 540.0000, -500.0000, 8.0000, 0, 0, 0
L 540.0000, -500.0000, 8.0000, 575.0000, -496.0000, 8.0000, 0, 0, 0
L 575.0000, -496.0000, 8.0000, 597.0000, -496.0000, 10.0000, 0, 0, 0
L 597.0000, -515.0000, 10.0000, 575.0000, -515.0000, 8.0000, 0, 0, 0
L 575.0000, -515.0000, 8.0000, 559.0000, -519.0000, 8.0000, 0, 0, 0
L 559.0000, -519.0000, 8.0000, 559.0000, -550.0000, 8.0000, 0, 0, 0
L 559.0000, -550.0000, 8.0000, 569.0000, -550.0000, 8.0000, 0, 0, 0
L 611.0000, -568.0000, 8.0000, 569.0000, -550.0000, 8.0000, 0, 0, 0
L 600.0000, -492.0000, 10.0000, 615.0000, -484.0000, 10.0000, 0, 0, 0
L 615.0000, -484.0000, 10.0000, 637.0000, -484.0000, 10.0000, 0, 0, 0
L 637.0000, -484.0000, 10.0000, 638.0000, -508.0000, 10.0000, 0, 0, 0
L 638.0000, -508.0000, 10.0000, 655.0000, -508.0000, 10.0000, 0, 0, 0
L 655.0000, -508.0000, 10.0000, 655.0000, -527.0000, 10.0000, 0, 0, 0
L 655.0000, -527.0000, 10.0000, 615.0000, -527.0000, 10.0000, 0, 0, 0
L 615.0000, -527.0000, 10.0000, 602.0000, -521.0000, 10.0000, 0, 0, 0
L 619.0000, -593.0000, 10.0000, 620.0000, -629.0000, 8.0000, 0, 0, 0
L 637.0000, -563.0000, 10.0000, 633.0000, -563.0000, 10.0000, 150, 150, 150
L 633.0000, -563.0000, 10.0000, 631.0000, -567.0000, 10.0000, 150, 150, 150
L 631.0000, -567.0000, 10.0000, 633.0000, -568.0000, 10.0000, 150, 150, 150
L 646.0000, -568.0000, 10.0000, 648.0000, -567.0000, 10.0000, 150, 150, 150
L 648.0000, -567.0000, 10.0000, 646.0000, -563.0000, 10.0000, 150, 150, 150
L 646.0000, -563.0000, 10.0000, 641.0000, -563.0000, 10.0000, 150, 150, 150
L 641.0000, -563.0000, 10.0000, 637.0000, -563.0000, 10.0000, 150, 150, 150
L 633.0000, -568.0000, 10.0000, 646.0000, -568.0000, 10.0000, 150, 150, 150
L 646.0000, -568.0000, 10.0000, 641.0000, -566.0000, 10.0000, 150, 150, 150
L 641.0000, -566.0000, 10.0000, 637.0000, -566.0000, 10.0000, 150, 150, 150
L 637.0000, -566.0000, 10.0000, 633.0000, -568.0000, 10.0000, 150, 150, 150
L 819.0000, -490.0000, 8.0000, 839.0000, -478.0000, 2.0000, 0, 0, 0
L 839.0000, -478.0000, 2.0000, 839.0000, -493.0000, 10.0000, 255, 0, 0
L 839.0000, -513.0000, 10.0000, 839.0000, -537.0000, 0.0000, 255, 0, 0
L 839.0000, -537.0000, 0.0000, 819.0000, -509.0000, 8.0000, 0, 0, 0
L 839.0000, -513.0000, 10.0000, 849.0000, -512.0000, 9.0000, 255, 0, 0
L 849.0000, -512.0000, 9.0000, 866.0000, -514.0000, 9.0000, 255, 0, 0
L 866.0000, -514.0000, 9.0000, 879.0000, -511.0000, 10.0000, 255, 0, 0
L 879.0000, -511.0000, 10.0000, 879.0000, -520.0000, 10.0000, 255, 0, 0
L 879.0000, -520.0000, 10.0000, 898.0000, -530.0000, 10.0000, 255, 0, 0
L 898.0000, -530.0000, 10.0000, 903.0000, -531.0000, 11.0000, 255, 0, 0
L 903.0000, -531.0000, 11.0000, 911.0000, -537.0000, 9.0000, 255, 0, 0
L 911.0000, -537.0000, 9.0000, 924.0000, -533.0000, 9.0000, 255, 0, 0
L 924.0000, -533.0000, 9.0000, 932.0000, -529.0000, 10.0000, 255, 0, 0
L 932.0000, -529.0000, 10.0000, 949.0000, -527.0000, 10.0000, 255, 0, 0
L 839.0000, -493.0000, 10.0000, 851.0000, -493.0000, 10.0000, 255, 0, 0
L 851.0000, -493.0000, 10.0000, 867.0000, -495.0000, 9.0000, 255, 0, 0
L 867.0000, -495.0000, 9.0000, 879.0000, -493.0000, 11.0000, 255, 0, 0
L 879.0000, -493.0000, 11.0000, 879.0000, -485.0000, 10.0000, 255, 0, 0
L 879.0000, -485.0000, 10.0000, 893.0000, -479.0000, 10.0000, 255, 0, 0
L 893.0000, -479.0000, 10.0000, 903.0000, -475.0000, 10.0000, 255, 0, 0
L 903.0000, -475.0000, 10.0000, 923.0000, -471.0000, 10.0000, 255, 0, 0
L 923.0000, -471.0000, 10.0000, 944.0000, -486.0000, 10.0000, 255, 0, 0
L 944.0000, -486.0000, 10.0000, 949.0000, -493.0000, 10.0000, 255, 0, 0
L 839.0000, -478.0000, 2.0000, 867.0000, -471.0000, 4.0000, 0, 0, 0
L 867.0000, -471.0000, 4.0000, 879.0000, -464.0000, 4.0000, 0, 0, 0
L 879.0000, -464.0000, 4.0000, 904.0000, -448.0000, 3.0000, 0, 0, 0
L 904.0000, -448.0000, 3.0000, 919.0000, -440.0000, 3.0000, 0, 0, 0
L 919.0000, -440.0000, 3.0000, 931.0000, -442.0000, 3.0000, 0, 0, 0
L 931.0000, -442.0000, 3.0000, 949.0000, -456.0000, 6.0000, 0, 0, 0
L 949.0000, -456.0000, 6.0000, 959.0000, -487.0000, 8.0000, 0, 0, 0
L 959.0000, -487.0000, 8.0000, 949.0000, -493.0000, 10.0000, 255, 0, 0
L 959.0000, -487.0000, 8.0000, 975.0000, -498.0000, 10.0000, 0, 0, 0
L 975.0000, -498.0000, 10.0000, 998.0000, -493.0000, 10.0000, 0, 0, 0
L 998.0000, -493.0000, 10.0000, 1000.0000, -473.0000, 10.0000, 0, 0, 0
L 1000.0000, -473.0000, 10.0000, 1010.0000, -457.0000, 10.0000, 0, 0, 0
L 1010.0000, -457.0000, 10.0000, 1002.0000, -447.0000, 10.0000, 0, 0, 0
L 1002.0000, -447.0000, 10.0000, 1002.0000, -422.0000, 10.0000, 0, 0, 0
L 1002.0000, -422.0000, 10.0000, 1009.0000, -412.0000, 10.0000, 0, 0, 0
L 1009.0000, -412.0000, 10.0000, 1029.0000, -412.0000, 10.0000, 0, 0, 0
L 1029.0000, -412.0000, 10.0000, 1039.0000, -422.0000, 10.0000, 0, 0, 0
L 1039.0000, -422.0000, 10.0000, 1039.0000, -447.0000, 10.0000, 0, 0, 0
L 1039.0000, -447.0000, 10.0000, 1027.0000, -459.0000, 10.0000, 0, 0, 0
L 1027.0000, -459.0000, 10.0000, 1017.0000, -474.0000, 10.0000, 0, 0, 0
L 1017.0000, -474.0000, 10.0000, 1017.0000, -493.0000, 10.0000, 0, 0, 0
L 1017.0000, -493.0000, 10.0000, 1015.0000, -501.0000, 10.0000, 0, 0, 0
L 1015.0000, -501.0000, 10.0000, 997.0000, -513.0000, 10.0000, 0, 0, 0
L 997.0000, -513.0000, 10.0000, 987.0000, -517.0000, 10.0000, 0, 0, 0
L 987.0000, -517.0000, 10.0000, 975.0000, -519.0000, 10.0000, 0, 0, 0
L 975.0000, -519.0000, 10.0000, 959.0000, -531.0000, 9.0000, 0, 0, 0
L 959.0000, -531.0000, 9.0000, 949.0000, -527.0000, 10.0000, 255, 0, 0
L 959.0000, -531.0000, 9.0000, 949.0000, -551.0000, 12.0000, 0, 0, 0
L 949.0000, -551.0000, 12.0000, 939.0000, -559.0000, 13.0000, 0, 0, 0
L 939.0000, -559.0000, 13.0000, 903.0000, -569.0000, 9.0000, 0, 0, 0
L 903.0000, -569.0000, 9.0000, 879.0000, -559.0000, 9.0000, 0, 0, 0
L 879.0000, -559.0000, 9.0000, 865.0000, -545.0000, 8.0000, 0, 0, 0
L 865.0000, -545.0000, 8.0000, 839.0000, -537.0000, 0.0000, 0, 0, 0
L 332.0000, -689.0000, -10.0000, 330.0000, -709.0000, -17.0000, 0, 0, 0
L 330.0000, -709.0000, -17.0000, 350.0000, -729.0000, -18.0000, 0, 0, 0
L 350.0000, -729.0000, -18.0000, 369.0000, -739.0000, -19.0000, 0, 0, 0
L 369.0000, -739.0000, -19.0000, 379.0000, -729.0000, -19.0000, 0, 0, 0
L 379.0000, -729.0000, -19.0000, 379.0000, -709.0000, -8.0000, 0, 0, 0
L 279.0000, -650.0000, -24.0000, 299.0000, -650.0000, -17.0000, 0, 0, 0
L 299.0000, -650.0000, -17.0000, 329.0000, -659.0000, -10.0000, 0, 0, 0
L 245.0000, -505.0000, -9.0000, 250.0000, -505.0000, -9.0000, 150, 150, 150
L 250.0000, -505.0000, -9.0000, 250.0000, -510.0000, -16.0000, 150, 150, 150
L 245.0000, -505.0000, -9.0000, 246.0000, -514.0000, -18.0000, 150, 150, 150
L 230.0000, -523.0000, -9.0000, 225.0000, -525.0000, -9.0000, 150, 150, 150
L 225.0000, -525.0000, -9.0000, 225.0000, -530.0000, -10.0000, 150, 150, 150
L 210.0000, -530.0000, -25.0000, 208.0000, -527.0000, -25.0000, 150, 150, 150
L 230.0000, -530.0000, -25.0000, 246.0000, -514.0000, -18.0000, 150, 150, 150
L 246.0000, -514.0000, -18.0000, 250.0000, -510.0000, -16.0000, 150, 150, 150
L 225.0000, -530.0000, -10.0000, 229.0000, -530.0000, -25.0000, 150, 150, 150
L 230.0000, -523.0000, -9.0000, 230.0000, -530.0000, -25.0000, 150, 150, 150
L 194.0000, -491.0000, -9.0000, 189.0000, -491.0000, -9.0000, 150, 150, 150
L 189.0000, -491.0000, -9.0000, 189.0000, -496.0000, -10.0000, 150, 150, 150
L 194.0000, -496.0000, -9.0000, 189.0000, -496.0000, -10.0000, 150, 150, 150
L 194.0000, -491.0000, -9.0000, 194.0000, -496.0000, -9.0000, 150, 150, 150
L 211.0000, -523.0000, -9.0000, 214.0000, -525.0000, -9.0000, 150, 150, 150
L 214.0000, -525.0000, -9.0000, 210.0000, -530.0000, -25.0000, 150, 150, 150
L 211.0000, -523.0000, -9.0000, 208.0000, -527.0000, -25.0000, 150, 150, 150
L 210.0000, -530.0000, -25.0000, 214.0000, -530.0000, -25.0000, 150, 150, 150
L 214.0000, -530.0000, -25.0000, 225.0000, -530.0000, -10.0000, 150, 150, 150
L 510.0000, -609.0000, -9.0000, 510.0000, -614.0000, -9.0000, 127, 64, 0
L 510.0000, -614.0000, -9.0000, 505.0000, -614.0000, -9.0000, 127, 64, 0
L 505.0000, -614.0000, -9.0000, 505.0000, -609.0000, -9.0000, 127, 64, 0
L 505.0000, -609.0000, -9.0000, 509.0000, -609.0000, -9.0000, 127, 64, 0
L 509.0000, -609.0000, -9.0000, 510.0000, -609.0000, -9.0000, 127, 64, 0
L 509.0000, -609.0000, -9.0000, 509.0000, -604.0000, -9.0000, 0, 0, 0
L 509.0000, -604.0000, -9.0000, 506.0000, -604.0000, -9.0000, 0, 0, 0
L 506.0000, -604.0000, -9.0000, 479.0000, -590.0000, -9.0000, 0, 0, 0
L 479.0000, -590.0000, -9.0000, 469.0000, -560.0000, -9.0000, 0, 0, 0
L 469.0000, -560.0000, -9.0000, 459.0000, -547.0000, -9.0000, 0, 0, 0
L 459.0000, -547.0000, -9.0000, 459.0000, -507.0000, -9.0000, 0, 0, 0
L 459.0000, -507.0000, -9.0000, 479.0000, -479.0000, -9.0000, 0, 0, 0
L 479.0000, -479.0000, -9.0000, 479.0000, -449.0000, -9.0000, 0, 0, 0
L 479.0000, -449.0000, -9.0000, 487.0000, -425.0000, 0.0000, 0, 0, 0
L 487.0000, -425.0000, 0.0000, 499.0000, -419.0000, 0.0000, 0, 0, 0
L 499.0000, -419.0000, 0.0000, 520.0000, -399.0000, 10.0000, 0, 0, 0
L 520.0000, -399.0000, 10.0000, 540.0000, -399.0000, 10.0000, 0, 0, 0
L 540.0000, -399.0000, 10.0000, 550.0000, -410.0000, 10.0000, 0, 0, 0
L 550.0000, -410.0000, 10.0000, 550.0000, -418.0000, 9.0000, 0, 0, 0
L 607.0000, -452.0000, 10.0000, 611.0000, -437.0000, 11.0000, 0, 0, 0
L 611.0000, -437.0000, 11.0000, 593.0000, -418.0000, 8.0000, 0, 0, 0
L 593.0000, -418.0000, 8.0000, 583.0000, -408.0000, 9.0000, 0, 0, 0
L 559.0000, -390.0000, 10.0000, 519.0000, -370.0000, 9.0000, 0, 0, 0
L 519.0000, -370.0000, 9.0000, 499.0000, -319.0000, 0.0000, 0, 0, 0
L 499.0000, -319.0000, 0.0000, 509.0000, -299.0000, 3.0000, 0, 0, 0
L 509.0000, -299.0000, 3.0000, 499.0000, -289.0000, 10.0000, 0, 0, 0
L 499.0000, -289.0000, 10.0000, 499.0000, -230.0000, 10.0000, 0, 0, 0
L 499.0000, -230.0000, 10.0000, 488.0000, -233.0000, 10.0000, 0, 0, 0
L 467.0000, -178.0000, 14.0000, 467.0000, -154.0000, 25.0000, 0, 0, 0
L 450.0000, -178.0000, 14.0000, 450.0000, -158.0000, 23.0000, 0, 0, 0
L 450.0000, -174.0000, 16.0000, 467.0000, -174.0000, 16.0000, 150, 150, 150
L 450.0000, -170.0000, 18.0000, 467.0000, -170.0000, 18.0000, 150, 150, 150
L 450.0000, -166.0000, 20.0000, 467.0000, -166.0000, 20.0000, 150, 150, 150
L 467.0000, -162.0000, 22.0000, 450.0000, -162.0000, 22.0000, 150, 150, 150
L 450.0000, -158.0000, 23.0000, 467.0000, -158.0000, 24.0000, 150, 150, 150
L 467.0000, -154.0000, 25.0000, 450.0000, -154.0000, 25.0000, 150, 150, 150
L 467.0000, -146.0000, 29.0000, 450.0000, -146.0000, 30.0000, 150, 150, 150
L 450.0000, -150.0000, 27.0000, 467.0000, -150.0000, 27.0000, 150, 150, 150
L 467.0000, -142.0000, 31.0000, 450.0000, -142.0000, 32.0000, 150, 150, 150
L 467.0000, -138.0000, 33.0000, 450.0000, -138.0000, 34.0000, 150, 150, 150
L 467.0000, -134.0000, 35.0000, 450.0000, -134.0000, 36.0000, 150, 150, 150
L 467.0000, -130.0000, 37.0000, 450.0000, -130.0000, 38.0000, 150, 150, 150
L 420.0000, -101.0000, 38.0000, 420.0000, -66.0000, 36.0000, 0, 0, 0
L 420.0000, -66.0000, 36.0000, 420.0000, -50.0000, 49.0000, 0, 0, 0
L 420.0000, -50.0000, 49.0000, 446.0000, -70.0000, 47.0000, 0, 0, 0
L 497.0000, -101.0000, 39.0000, 497.0000, -66.0000, 38.0000, 0, 0, 0
L 497.0000, -66.0000, 38.0000, 497.0000, -50.0000, 49.0000, 0, 0, 0
L 497.0000, -50.0000, 49.0000, 471.0000, -70.0000, 47.0000, 0, 0, 0
L 471.0000, -70.0000, 47.0000, 471.0000, -74.0000, 45.0000, 0, 0, 0
L 446.0000, -70.0000, 47.0000, 450.0000, -70.0000, 47.0000, 0, 0, 0
L 446.0000, -70.0000, 47.0000, 446.0000, -74.0000, 45.0000, 0, 0, 0
L 471.0000, -74.0000, 45.0000, 471.0000, -78.0000, 43.0000, 0, 0, 0
L 446.0000, -74.0000, 45.0000, 446.0000, -78.0000, 43.0000, 0, 0, 0
L 471.0000, -74.0000, 45.0000, 446.0000, -74.0000, 45.0000, 150, 150, 150
L 471.0000, -78.0000, 43.0000, 471.0000, -82.0000, 41.0000, 0, 0, 0
L 446.0000, -78.0000, 43.0000, 446.0000, -82.0000, 41.0000, 0, 0, 0
L 471.0000, -78.0000, 43.0000, 446.0000, -78.0000, 43.0000, 150, 150, 150
L 446.0000, -82.0000, 41.0000, 446.0000, -86.0000, 39.0000, 0, 0, 0
L 471.0000, -82.0000, 41.0000, 471.0000, -86.0000, 39.0000, 0, 0, 0
L 446.0000, -82.0000, 41.0000, 471.0000, -82.0000, 41.0000, 150, 150, 150
L 467.0000, -70.0000, 47.0000, 467.0000, -65.0000, 49.0000, 0, 0, 0
L 467.0000, -65.0000, 49.0000, 471.0000, -65.0000, 49.0000, 0, 0, 0
L 471.0000, -70.0000, 47.0000, 467.0000, -70.0000, 47.0000, 0, 0, 0
L 471.0000, -65.0000, 49.0000, 497.0000, -45.0000, 49.0000, 0, 0, 0
L 497.0000, -45.0000, 49.0000, 510.0000, -45.0000, 49.0000, 0, 0, 0
L 510.0000, -45.0000, 49.0000, 515.0000, -47.0000, 49.0000, 0, 0, 0
L 515.0000, -47.0000, 49.0000, 523.0000, -49.0000, 49.0000, 0, 0, 0
L 523.0000, -34.0000, 49.0000, 515.0000, -30.0000, 49.0000, 0, 0, 0
L 515.0000, -30.0000, 49.0000, 508.0000, -32.0000, 49.0000, 0, 0, 0
L 508.0000, -32.0000, 49.0000, 497.0000, -32.0000, 49.0000, 0, 0, 0
L 497.0000, -32.0000, 49.0000, 497.0000, -16.0000, 49.0000, 0, 0, 0
L 497.0000, -16.0000, 49.0000, 485.0000, 3.0000, 49.0000, 0, 0, 0
L 485.0000, 3.0000, 49.0000, 445.0000, 3.0000, 48.0000, 0, 0, 0
L 432.0000, 3.0000, 49.0000, 420.0000, -16.0000, 49.0000, 0, 0, 0
L 420.0000, -16.0000, 49.0000, 419.0000, -32.0000, 49.0000, 0, 0, 0
L 419.0000, -32.0000, 49.0000, 414.0000, -32.0000, 51.0000, 0, 0, 0
L 414.0000, -47.0000, 50.0000, 420.0000, -45.0000, 49.0000, 0, 0, 0
L 420.0000, -45.0000, 49.0000, 445.0000, -65.0000, 49.0000, 0, 0, 0
L 445.0000, -65.0000, 49.0000, 450.0000, -65.0000, 49.0000, 0, 0, 0
L 450.0000, -70.0000, 47.0000, 467.0000, -70.0000, 47.0000, 150, 150, 150
L 450.0000, -65.0000, 49.0000, 450.0000, -70.0000, 47.0000, 0, 0, 0
L 432.0000, 3.0000, 49.0000, 445.0000, 3.0000, 48.0000, 0, 0, 0
L 523.0000, -49.0000, 49.0000, 533.0000, -51.0000, 53.0000, 0, 0, 0
L 533.0000, -51.0000, 53.0000, 541.0000, -59.0000, 53.0000, 0, 0, 0
L 541.0000, -59.0000, 53.0000, 551.0000, -57.0000, 53.0000, 0, 0, 0
L 547.0000, -36.0000, 53.0000, 541.0000, -38.0000, 53.0000, 0, 0, 0
L 541.0000, -38.0000, 53.0000, 533.0000, -36.0000, 53.0000, 0, 0, 0
L 533.0000, -36.0000, 53.0000, 523.0000, -34.0000, 49.0000, 0, 0, 0
L 547.0000, -36.0000, 53.0000, 557.0000, -28.0000, 55.0000, 0, 0, 0
L 584.0000, -28.0000, 55.0000, 573.0000, -45.0000, 57.0000, 0, 0, 0
L 573.0000, -45.0000, 57.0000, 551.0000, -57.0000, 53.0000, 0, 0, 0
L 584.0000, -28.0000, 55.0000, 585.0000, -20.0000, 57.0000, 0, 0, 0
L 585.0000, -20.0000, 57.0000, 583.0000, -12.0000, 59.0000, 0, 0, 0
L 583.0000, -12.0000, 59.0000, 579.0000, -5.0000, 62.0000, 0, 0, 0
L 579.0000, -5.0000, 62.0000, 577.0000, 1.0000, 62.0000, 0, 0, 0
L 577.0000, 1.0000, 62.0000, 560.0000, 13.0000, 63.0000, 0, 0, 0
L 560.0000, 13.0000, 63.0000, 556.0000, 16.0000, 65.0000, 0, 0, 0
L 556.0000, 16.0000, 65.0000, 550.0000, 19.0000, 67.0000, 0, 0, 0
L 550.0000, 19.0000, 67.0000, 549.0000, 49.0000, 69.0000, 0, 0, 0
L 549.0000, 49.0000, 69.0000, 509.0000, 59.0000, 69.0000, 0, 0, 0
L 509.0000, 59.0000, 69.0000, 479.0000, 69.0000, 69.0000, 0, 0, 0
L 479.0000, 69.0000, 69.0000, 471.0000, 73.0000, 71.0000, 0, 0, 0
L 471.0000, 73.0000, 71.0000, 465.0000, 77.0000, 72.0000, 0, 0, 0
L 465.0000, 77.0000, 72.0000, 461.0000, 81.0000, 75.0000, 0, 0, 0
L 557.0000, -28.0000, 55.0000, 560.0000, -20.0000, 57.0000, 0, 0, 0
L 560.0000, -20.0000, 57.0000, 560.0000, -6.0000, 61.0000, 0, 0, 0
L 556.0000, -1.0000, 65.0000, 560.0000, -6.0000, 61.0000, 0, 0, 0
L 556.0000, -1.0000, 65.0000, 550.0000, 0.0000, 67.0000, 0, 0, 0
L 550.0000, 0.0000, 67.0000, 519.0000, -19.0000, 69.0000, 0, 0, 0
L 519.0000, -19.0000, 69.0000, 509.0000, -17.0000, 69.0000, 0, 0, 0
L 509.0000, -17.0000, 69.0000, 497.0000, -32.0000, 49.0000, 0, 0, 0
L 472.0000, 19.0000, 69.0000, 485.0000, 19.0000, 69.0000, 0, 0, 0
L 485.0000, 19.0000, 69.0000, 497.0000, 15.0000, 69.0000, 0, 0, 0
L 497.0000, 15.0000, 69.0000, 509.0000, 0.0000, 69.0000, 0, 0, 0
L 509.0000, 0.0000, 69.0000, 520.0000, -4.0000, 69.0000, 0, 0, 0
L 520.0000, -4.0000, 69.0000, 530.0000, 10.0000, 69.0000, 0, 0, 0
L 530.0000, 10.0000, 69.0000, 529.0000, 40.0000, 69.0000, 0, 0, 0
L 529.0000, 40.0000, 69.0000, 508.0000, 40.0000, 69.0000, 0, 0, 0
L 508.0000, 40.0000, 69.0000, 465.0000, 26.0000, 69.0000, 0, 0, 0
L 465.0000, 26.0000, 69.0000, 465.0000, 23.0000, 69.0000, 0, 0, 0
L 465.0000, -6.0000, 69.0000, 469.0000, -10.0000, 69.0000, 139, 69, 19
L 469.0000, -10.0000, 69.0000, 469.0000, -23.0000, 69.0000, 139, 69, 19
L 469.0000, -23.0000, 69.0000, 465.0000, -27.0000, 69.0000, 139, 69, 19
L 465.0000, -27.0000, 69.0000, 451.0000, -27.0000, 69.0000, 139, 69, 19
L 451.0000, -27.0000, 69.0000, 448.0000, -23.0000, 69.0000, 139, 69, 19
L 448.0000, -23.0000, 69.0000, 448.0000, -10.0000, 69.0000, 139, 69, 19
L 448.0000, -10.0000, 69.0000, 452.0000, -6.0000, 69.0000, 139, 69, 19
L 452.0000, -6.0000, 69.0000, 452.0000, 23.0000, 69.0000, 0, 0, 0
L 452.0000, 26.0000, 69.0000, 439.0000, 30.0000, 69.0000, 0, 0, 0
L 439.0000, 30.0000, 69.0000, 399.0000, 29.0000, 69.0000, 0, 0, 0
L 399.0000, 29.0000, 69.0000, 400.0000, 8.0000, 69.0000, 0, 0, 0
L 400.0000, 8.0000, 69.0000, 408.0000, 3.0000, 69.0000, 0, 0, 0
L 408.0000, 3.0000, 69.0000, 420.0000, 15.0000, 69.0000, 0, 0, 0
L 420.0000, 15.0000, 69.0000, 431.0000, 19.0000, 69.0000, 0, 0, 0
L 431.0000, 19.0000, 69.0000, 445.0000, 19.0000, 69.0000, 0, 0, 0
L 445.0000, 19.0000, 69.0000, 445.0000, 3.0000, 48.0000, 0, 0, 0
L 414.0000, -32.0000, 50.0000, 407.0000, -19.0000, 69.0000, 0, 0, 0
L 407.0000, -19.0000, 69.0000, 379.0000, 0.0000, 69.0000, 0, 0, 0
L 379.0000, 0.0000, 69.0000, 371.0000, -1.0000, 69.0000, 0, 0, 0
L 371.0000, -1.0000, 69.0000, 369.0000, -8.0000, 65.0000, 0, 0, 0
L 369.0000, -8.0000, 65.0000, 367.0000, -19.0000, 63.0000, 0, 0, 0
L 367.0000, -19.0000, 63.0000, 367.0000, -26.0000, 63.0000, 0, 0, 0
L 367.0000, -26.0000, 63.0000, 373.0000, -32.0000, 59.0000, 0, 0, 0
L 373.0000, -32.0000, 59.0000, 382.0000, -36.0000, 57.0000, 0, 0, 0
L 382.0000, -36.0000, 57.0000, 397.0000, -36.0000, 55.0000, 0, 0, 0
L 397.0000, -36.0000, 55.0000, 406.0000, -38.0000, 53.0000, 0, 0, 0
L 406.0000, -38.0000, 53.0000, 414.0000, -32.0000, 51.0000, 0, 0, 0
L 414.0000, -47.0000, 50.0000, 409.0000, -53.0000, 52.0000, 0, 0, 0
L 409.0000, -53.0000, 52.0000, 406.0000, -51.0000, 52.0000, 0, 0, 0
L 406.0000, -51.0000, 52.0000, 397.0000, -53.0000, 54.0000, 0, 0, 0
L 397.0000, -53.0000, 54.0000, 390.0000, -57.0000, 54.0000, 0, 0, 0
L 390.0000, -57.0000, 54.0000, 382.0000, -57.0000, 57.0000, 0, 0, 0
L 382.0000, -57.0000, 57.0000, 374.0000, -51.0000, 57.0000, 0, 0, 0
L 374.0000, -51.0000, 57.0000, 367.0000, -47.0000, 60.0000, 0, 0, 0
L 367.0000, -47.0000, 60.0000, 354.0000, -41.0000, 60.0000, 0, 0, 0
L 354.0000, -41.0000, 60.0000, 346.0000, -26.0000, 61.0000, 0, 0, 0
L 346.0000, -26.0000, 61.0000, 348.0000, -20.0000, 63.0000, 0, 0, 0
L 348.0000, -20.0000, 63.0000, 350.0000, -8.0000, 63.0000, 0, 0, 0
L 350.0000, -8.0000, 63.0000, 352.0000, -2.0000, 65.0000, 0, 0, 0
L 352.0000, -2.0000, 65.0000, 358.0000, 9.0000, 67.0000, 0, 0, 0
L 358.0000, 9.0000, 67.0000, 371.0000, 19.0000, 68.0000, 0, 0, 0
L 371.0000, 19.0000, 68.0000, 380.0000, 17.0000, 69.0000, 0, 0, 0
L 380.0000, 17.0000, 69.0000, 380.0000, 39.0000, 69.0000, 0, 0, 0
L 380.0000, 39.0000, 69.0000, 440.0000, 69.0000, 69.0000, 0, 0, 0
L 440.0000, 69.0000, 69.0000, 443.0000, 73.0000, 71.0000, 0, 0, 0
L 444.0000, 77.0000, 72.0000, 443.0000, 73.0000, 71.0000, 0, 0, 0
L 444.0000, 77.0000, 72.0000, 448.0000, 81.0000, 75.0000, 0, 0, 0
L 472.0000, 19.0000, 69.0000, 473.0000, 3.0000, 49.0000, 0, 0, 0
L 0.0000, -265.0000, 5.0000, 0.0000, -270.0000, -1.0000, 0, 0, 0
L 0.0000, -289.0000, 0.0000, 0.0000, -294.0000, 1.0000, 0, 0, 0
L 353.0000, -572.0000, -9.0000, 358.0000, -572.0000, -9.0000, 127, 64, 0
L 384.0000, -560.0000, -9.0000, 379.0000, -561.0000, -9.0000, 127, 64, 0
L 384.0000, -555.0000, -9.0000, 384.0000, -560.0000, -9.0000, 127, 64, 0
L 433.0000, -357.0000, 0.0000, 445.0000, -351.0000, 0.0000, 150, 150, 150
L 445.0000, -351.0000, 0.0000, 450.0000, -351.0000, 0.0000, 150, 150, 150
L 450.0000, -351.0000, 0.0000, 471.0000, -351.0000, 0.0000, 150, 150, 150
L 471.0000, -351.0000, 0.0000, 485.0000, -357.5000, 0.0000, 150, 150, 150
L 485.0000, -376.0000, 0.0000, 471.0000, -384.0000, 0.0000, 150, 150, 150
L 471.0000, -384.0000, 0.0000, 445.0000, -384.0000, 0.0000, 150, 150, 150
L 445.0000, -384.0000, 0.0000, 433.0000, -373.0000, 0.0000, 150, 150, 150
L 433.0000, -373.0000, 0.0000, 433.0000, -357.0000, 0.0000, 150, 150, 150
L 471.0000, -86.0000, 39.0000, 446.0000, -86.0000, 39.0000, 150, 150, 150
L 450.0000, -150.0000, 27.0000, 450.0000, -125.0000, 39.0000, 0, 0, 0
L 467.0000, -138.0000, 33.0000, 467.0000, -134.0000, 35.0000, 0, 0, 0
L 467.0000, -134.0000, 35.0000, 467.0000, -130.0000, 37.0000, 0, 0, 0
L 467.0000, -130.0000, 37.0000, 467.0000, -125.0000, 39.0000, 0, 0, 0
L 467.0000, -146.0000, 29.0000, 467.0000, -142.0000, 31.0000, 0, 0, 0
L 467.0000, -142.0000, 31.0000, 467.0000, -138.0000, 33.0000, 0, 0, 0
L 467.0000, -150.0000, 27.0000, 467.0000, -146.0000, 29.0000, 0, 0, 0
L 467.0000, -154.0000, 25.0000, 467.0000, -150.0000, 27.0000, 0, 0, 0
L 450.0000, -154.0000, 25.0000, 450.0000, -150.0000, 27.0000, 0, 0, 0
L 450.0000, -158.0000, 23.0000, 450.0000, -154.0000, 25.0000, 0, 0, 0
L 59.0000, -100.0000, 0.0000, 71.0000, -99.0000, 0.0000, 0, 0, 0
L 353.0000, -572.0000, -9.0000, 353.0000, -567.0000, -9.0000, 127, 64, 0
L 77.0000, -267.0000, 3.0000, 76.0000, -277.0000, 4.0000, 0, 0, 0
L 581.0000, -665.0000, -9.0000, 571.0000, -665.0000, -9.0000, 127, 64, 0
L 589.0000, -665.0000, -9.0000, 581.0000, -665.0000, -9.0000, 127, 64, 0
L 250.0000, -510.0000, -16.0000, 269.0000, -499.0000, -10.0000, 150, 150, 150
L 208.0000, -527.0000, -25.0000, 190.0000, -497.0000, -20.0000, 150, 150, 150
L 446.0000, -240.0000, 14.0000, 446.0000, -182.0000, 14.0000, 0, 0, 0
L 471.0000, -236.0000, 14.0000, 471.0000, -253.0000, 14.0000, 0, 0, 0
L -29.0000, -129.0000, -1.0000, -9.0000, -119.0000, 0.0000, 0, 0, 255
L -9.0000, -119.0000, 0.0000, 0.0000, -109.0000, 1.0000, 0, 0, 255
L 0.0000, -109.0000, 1.0000, 59.0000, -100.0000, 0.0000, 0, 0, 255
L 89.0000, -139.0000, 0.0000, 80.0000, -130.0000, 0.0000, 0, 0, 255
L 80.0000, -130.0000, 0.0000, 60.0000, -120.0000, 0.0000, 0, 0, 255
L 60.0000, -120.0000, 0.0000, 31.0000, -119.0000, 0.0000, 0, 0, 255
L 31.0000, -119.0000, 0.0000, 9.0000, -129.0000, -4.0000, 0, 0, 255
L 9.0000, -129.0000, -4.0000, 9.0000, -139.0000, -1.0000, 0, 0, 255
L 71.0000, -99.0000, 0.0000, 100.0000, -109.0000, 0.0000, 0, 0, 255
L 100.0000, -109.0000, 0.0000, 122.0000, -118.0000, -6.0000, 0, 0, 255
L 100.0000, -50.0000, 0.0000, 98.0000, -56.0000, 0.0000, 0, 0, 255
L 98.0000, -56.0000, 0.0000, 91.0000, -56.0000, 0.0000, 0, 0, 255
L 91.0000, -56.0000, 0.0000, 89.0000, -51.0000, 0.0000, 0, 0, 255
L 89.0000, -51.0000, 0.0000, 89.0000, -47.0000, 0.0000, 0, 0, 255
L 89.0000, -47.0000, 0.0000, 94.0000, -45.0000, 0.0000, 0, 0, 255
L 94.0000, -45.0000, 0.0000, 97.0000, -45.0000, 0.0000, 0, 0, 255
L 97.0000, -45.0000, 0.0000, 100.0000, -50.0000, 0.0000, 0, 0, 255
L 0.0000, -270.0000, -1.0000, -40.0000, -270.0000, -1.0000, 0, 0, 0
L -40.0000, -270.0000, -1.0000, -60.0000, -250.0000, -3.0000, 0, 0, 0
L -60.0000, -250.0000, -3.0000, -65.0000, -239.0000, -7.0000, 0, 0, 0
L -65.0000, -239.0000, -7.0000, -70.0000, -228.0000, -9.0000, 0, 0, 0
L -70.0000, -228.0000, -9.0000, -72.0000, -208.0000, -9.0000, 0, 0, 0
L -72.0000, -208.0000, -9.0000, -90.0000, -190.0000, -9.0000, 0, 0, 0
L -183.0000, -218.0000, 2.0000, -181.0000, -206.0000, 2.0000, 0, 0, 0
L -181.0000, -206.0000, 2.0000, -166.0000, -189.0000, 2.0000, 0, 0, 0
L -166.0000, -189.0000, 2.0000, -157.0000, -180.0000, -1.0000, 0, 0, 0
L -157.0000, -180.0000, -1.0000, -145.0000, -170.0000, -2.0000, 0, 0, 0
L -145.0000, -170.0000, -2.0000, -122.0000, -172.0000, -5.0000, 0, 0, 0
L -122.0000, -172.0000, -5.0000, -107.0000, -183.0000, -7.0000, 0, 0, 0
L -107.0000, -183.0000, -7.0000, -90.0000, -190.0000, -9.0000, 0, 0, 0
L -183.0000, -218.0000, 2.0000, -183.0000, -223.0000, 2.0000, 0, 0, 0
L -183.0000, -223.0000, 2.0000, -181.0000, -233.0000, 2.0000, 0, 0, 0
L -181.0000, -233.0000, 2.0000, -166.0000, -249.0000, 2.0000, 0, 0, 0
L -166.0000, -249.0000, 2.0000, -153.0000, -261.0000, 0.0000, 0, 0, 0
L -153.0000, -261.0000, 0.0000, -137.0000, -265.0000, -2.0000, 0, 0, 0
L -137.0000, -265.0000, -2.0000, -116.0000, -263.0000, -5.0000, 0, 0, 0
L -116.0000, -263.0000, -5.0000, -101.0000, -255.0000, -7.0000, 0, 0, 0
L -90.0000, -249.0000, -8.0000, -79.0000, -249.0000, -8.0000, 0, 0, 0
L -79.0000, -249.0000, -8.0000, -77.0000, -253.0000, -5.0000, 0, 0, 0
L -77.0000, -253.0000, -5.0000, -78.0000, -256.0000, -5.0000, 0, 0, 0
L -78.0000, -256.0000, -5.0000, -78.0000, -258.0000, -5.0000, 0, 0, 0
L -78.0000, -258.0000, -5.0000, -59.0000, -269.0000, -2.0000, 0, 0, 0
L -59.0000, -269.0000, -2.0000, -43.0000, -284.0000, -2.0000, 0, 0, 0
L -43.0000, -284.0000, -2.0000, -37.0000, -288.0000, -1.0000, 0, 0, 0
L -37.0000, -288.0000, -1.0000, 0.0000, -289.0000, 0.0000, 0, 0, 0
L -141.0000, -192.0000, -9.0000, -146.0000, -208.0000, -9.0000, 0, 0, 0
L -146.0000, -207.0000, -9.0000, -114.0000, -208.0000, -9.0000, 150, 150, 150
L -114.0000, -208.0000, -9.0000, -109.0000, -221.0000, -9.0000, 150, 150, 150
L -109.0000, -221.0000, -9.0000, -115.0000, -232.0000, -9.0000, 150, 150, 150
L -115.0000, -232.0000, -9.0000, -146.0000, -232.0000, -9.0000, 150, 150, 150
L -146.0000, -230.0000, -9.0000, -141.0000, -249.0000, -9.0000, 0, 0, 0
L -141.0000, -249.0000, -9.0000, -130.0000, -249.0000, -9.0000, 150, 150, 150
L -101.0000, -255.0000, -7.0000, -130.0000, -253.0000, -7.0000, 150, 150, 150
L -117.0000, -264.0000, -4.0000, -134.0000, -254.0000, -5.0000, 150, 150, 150
L -135.0000, -265.0000, -3.0000, -137.0000, -254.0000, -3.0000, 150, 150, 150
L -155.0000, -261.0000, 0.0000, -137.0000, -254.0000, -2.0000, 150, 150, 150
L -166.0000, -249.0000, 2.0000, -142.0000, -250.0000, 0.0000, 150, 150, 150
L -166.0000, -189.0000, 2.0000, -142.0000, -189.0000, 0.0000, 150, 150, 150
L -158.0000, -182.0000, -1.0000, -140.0000, -182.0000, -3.0000, 150, 150, 150
L -122.0000, -172.0000, -5.0000, -132.0000, -183.0000, -5.0000, 150, 150, 150
L -110.0000, -182.0000, -7.0000, -132.0000, -183.0000, -5.0000, 150, 150, 150
L -142.0000, -189.0000, 0.0000, -140.0000, -182.0000, -3.0000, 150, 150, 150
L -144.0000, -243.0000, 1.0000, -142.0000, -250.0000, 0.0000, 150, 150, 150
L 248.0000, -261.0000, -5.0000, 240.0000, -263.0000, 0.0000, 0, 0, 255
L 445.0000, 3.0000, 48.0000, 435.0000, -6.0000, 49.0000, 255, 0, 0
L 435.0000, -6.0000, 49.0000, 435.0000, -31.0000, 49.0000, 255, 0, 0
L 435.0000, -31.0000, 49.0000, 445.0000, -42.0000, 49.0000, 255, 0, 0
L 445.0000, -42.0000, 49.0000, 471.0000, -42.0000, 49.0000, 255, 0, 0
L 471.0000, -42.0000, 49.0000, 481.0000, -32.0000, 49.0000, 255, 0, 0
L 481.0000, -32.0000, 49.0000, 482.0000, -5.0000, 49.0000, 255, 0, 0
L 482.0000, -5.0000, 49.0000, 473.0000, 3.0000, 49.0000, 255, 0, 0
L 122.0000, -118.0000, -6.0000, 138.0000, -110.0000, 0.0000, 0, 0, 0
L -142.0000, -189.0000, 0.0000, -148.0000, -208.0000, 2.0000, 150, 150, 150
L -148.0000, -232.0000, 2.0000, -148.0000, -208.0000, 2.0000, 150, 150, 150
L -101.0000, -255.0000, -7.0000, -90.0000, -249.0000, -8.0000, 0, 0, 0
L -90.0000, -190.0000, -9.0000, -129.0000, -190.0000, -9.0000, 150, 150, 150
L -141.0000, -190.0000, -9.0000, -132.0000, -183.0000, -5.0000, 150, 150, 150
L -132.0000, -183.0000, -5.0000, -129.0000, -190.0000, -9.0000, 150, 150, 150
L -142.0000, -250.0000, 0.0000, -137.0000, -254.0000, -2.0000, 150, 150, 150
L -137.0000, -254.0000, -2.0000, -134.0000, -254.0000, -5.0000, 150, 150, 150
L -134.0000, -254.0000, -5.0000, -130.0000, -253.0000, -7.0000, 150, 150, 150
L -130.0000, -249.0000, -9.0000, -88.0000, -249.0000, -9.0000, 150, 150, 150
L -130.0000, -253.0000, -7.0000, -130.0000, -249.0000, -9.0000, 150, 150, 150
L -144.0000, -243.0000, 1.0000, -148.0000, -232.0000, 2.0000, 150, 150, 150
L -140.0000, -182.0000, -3.0000, -141.0000, -190.0000, -9.0000, 150, 150, 150
L -129.0000, -190.0000, -9.0000, -141.0000, -192.0000, -9.0000, 150, 150, 150
L -146.0000, -230.0000, -9.0000, -117.0000, -230.0000, -9.0000, 0, 0, 255
L -146.0000, -208.0000, -9.0000, -146.0000, -230.0000, -9.0000, 0, 0, 0
L -146.0000, -208.0000, -9.0000, -117.0000, -208.0000, -9.0000, 0, 0, 255
L -117.0000, -208.0000, -9.0000, -111.0000, -218.0000, -9.0000, 0, 0, 255
L -111.0000, -222.0000, -9.0000, -111.0000, -218.0000, -9.0000, 0, 0, 255
L -117.0000, -230.0000, -9.0000, -111.0000, -222.0000, -9.0000, 0, 0, 255
L 332.0000, -689.0000, -10.0000, 369.0000, -688.0000, -9.0000, 0, 0, 255
L 398.0000, -689.0000, -9.0000, 439.0000, -689.0000, -9.0000, 0, 0, 0
L 399.0000, -660.0000, -9.0000, 390.0000, -660.0000, -9.0000, 0, 0, 0
L 153.0000, -286.0000, 9.0000, 157.0000, -286.0000, 9.0000, 127, 64, 0
L 180.0000, -299.0000, 19.0000, 160.0000, -299.0000, 18.0000, 150, 150, 150
L 160.0000, -299.0000, 18.0000, 146.0000, -317.0000, 18.0000, 150, 150, 150
L 142.0000, -328.0000, 12.0000, 144.0000, -324.0000, 16.0000, 0, 204, 0
L 140.0000, -333.0000, 8.0000, 142.0000, -328.0000, 12.0000, 0, 204, 0
L 137.0000, -338.0000, 4.0000, 140.0000, -333.0000, 8.0000, 0, 204, 0
L 136.0000, -341.0000, 2.0000, 137.0000, -338.0000, 4.0000, 0, 204, 0
L 146.0000, -317.0000, 18.0000, 144.0000, -320.0000, 18.0000, 150, 150, 150
L 353.0000, -577.0000, -9.0000, 384.0000, -569.0000, -9.0000, 0, 0, 0
L 452.0000, -641.0000, -13.0000, 452.0000, -645.0000, -13.0000, 0, 0, 0
L -40.0000, 124.0000, 0.0000, -40.0000, 129.0000, 0.0000, 0, 0, 0
L -58.0000, 124.0000, 0.0000, -58.0000, 129.0000, 0.0000, 0, 0, 0
L 194.0000, -286.0000, 8.0000, 197.0000, -286.0000, 8.0000, 127, 64, 0
L 194.0000, -286.0000, 8.0000, 194.0000, -282.0000, 8.0000, 127, 64, 0
L 194.0000, -282.0000, 8.0000, 190.0000, -282.0000, 8.0000, 127, 64, 0
L 190.0000, -286.0000, 9.0000, 194.0000, -286.0000, 8.0000, 127, 64, 0
L 190.0000, -282.0000, 8.0000, 190.0000, -286.0000, 9.0000, 127, 64, 0
L 191.0000, -252.0000, 10.0000, 186.0000, -253.0000, 10.0000, 127, 64, 0
L 191.0000, -252.0000, 10.0000, 191.0000, -255.0000, 10.0000, 127, 64, 0
L 191.0000, -255.0000, 10.0000, 187.0000, -255.0000, 10.0000, 127, 64, 0
L 186.0000, -253.0000, 10.0000, 181.0000, -254.0000, 11.0000, 127, 64, 0
L 187.0000, -255.0000, 10.0000, 186.0000, -253.0000, 10.0000, 127, 64, 0
L 157.0000, -253.0000, 10.0000, 157.0000, -255.0000, 10.0000, 127, 64, 0
L 157.0000, -255.0000, 10.0000, 159.0000, -255.0000, 10.0000, 0, 0, 0
L 159.0000, -253.0000, 10.0000, 157.0000, -253.0000, 10.0000, 127, 64, 0
L 159.0000, -255.0000, 10.0000, 159.0000, -253.0000, 10.0000, 127, 64, 0
L 170.0000, -253.0000, 10.0000, 159.0000, -253.0000, 10.0000, 127, 64, 0
L 170.0000, -253.0000, 10.0000, 170.0000, -255.0000, 10.0000, 127, 64, 0
L 170.0000, -255.0000, 10.0000, 173.0000, -255.0000, 10.0000, 127, 64, 0
L 173.0000, -253.0000, 10.0000, 170.0000, -253.0000, 10.0000, 127, 64, 0
L 173.0000, -255.0000, 10.0000, 173.0000, -253.0000, 10.0000, 127, 64, 0
L 157.0000, -286.0000, 9.0000, 173.0000, -286.0000, 10.0000, 127, 64, 0
L 157.0000, -286.0000, 9.0000, 157.0000, -283.0000, 9.0000, 127, 64, 0
L 157.0000, -283.0000, 9.0000, 161.0000, -283.0000, 9.0000, 127, 64, 0
L 161.0000, -283.0000, 9.0000, 161.0000, -286.0000, 9.0000, 127, 64, 0
L 173.0000, -286.0000, 10.0000, 177.0000, -287.0000, 11.0000, 127, 64, 0
L 173.0000, -286.0000, 10.0000, 173.0000, -283.0000, 10.0000, 127, 64, 0
L 173.0000, -283.0000, 10.0000, 168.0000, -283.0000, 10.0000, 127, 64, 0
L 168.0000, -283.0000, 10.0000, 168.0000, -286.0000, 10.0000, 127, 64, 0
L 132.0000, -343.0000, 0.0000, 129.0000, -347.0000, 0.0000, 0, 0, 0
L 227.0000, -461.0000, -9.0000, 226.0000, -469.0000, -9.0000, 0, 0, 0
L 227.0000, -471.0000, -9.0000, 229.0000, -472.0000, -9.0000, 0, 0, 0
L 214.0000, -461.0000, -9.0000, 213.0000, -469.0000, -9.0000, 0, 0, 0
L 216.0000, -468.0000, -9.0000, 222.0000, -468.0000, -9.0000, 205, 133, 63
L 216.0000, -471.0000, -9.0000, 222.0000, -471.0000, -9.0000, 205, 133, 63
L 216.0000, -471.0000, -9.0000, 216.0000, -469.0000, -9.0000, 205, 133, 63
L 222.0000, -468.0000, -9.0000, 222.0000, -469.0000, -9.0000, 205, 133, 63
L 226.0000, -469.0000, -9.0000, 227.0000, -471.0000, -9.0000, 0, 0, 0
L 213.0000, -469.0000, -9.0000, 214.0000, -471.0000, -9.0000, 0, 0, 0
L 226.0000, -469.0000, -9.0000, 222.0000, -469.0000, -9.0000, 205, 133, 63
L 216.0000, -469.0000, -9.0000, 216.0000, -468.0000, -9.0000, 205, 133, 63
L 222.0000, -469.0000, -9.0000, 222.0000, -471.0000, -9.0000, 205, 133, 63
L 216.0000, -469.0000, -9.0000, 213.0000, -469.0000, -9.0000, 205, 133, 63
L 229.0000, -375.0000, -9.0000, 234.0000, -375.0000, -9.0000, 127, 64, 0
L 229.0000, -380.0000, -9.0000, 229.0000, -375.0000, -9.0000, 127, 64, 0
L 205.0000, -404.0000, -9.0000, 205.0000, -399.0000, -9.0000, 127, 64, 0
L 379.0000, -523.0000, -9.0000, 384.0000, -523.0000, -9.0000, 127, 64, 0
L 384.0000, -523.0000, -9.0000, 384.0000, -526.0000, -9.0000, 127, 64, 0
L 379.0000, -526.0000, -9.0000, 384.0000, -526.0000, -9.0000, 127, 64, 0
L 353.0000, -518.0000, -6.0000, 353.0000, -522.0000, -9.0000, 127, 64, 0
L 358.0000, -518.0000, -9.0000, 353.0000, -518.0000, -6.0000, 127, 64, 0
L 539.0000, -683.0000, -9.0000, 589.0000, -683.0000, -9.0000, 127, 64, 0
L 629.0000, -583.0000, 10.0000, 648.0000, -583.0000, 10.0000, 150, 150, 150
L 629.0000, -590.0000, 10.0000, 636.0000, -594.0000, 10.0000, 150, 150, 150
L 643.0000, -594.0000, 10.0000, 650.0000, -589.0000, 10.0000, 150, 150, 150
L 629.0000, -583.0000, 10.0000, 629.0000, -590.0000, 10.0000, 150, 150, 150
L 636.0000, -594.0000, 10.0000, 643.0000, -594.0000, 10.0000, 150, 150, 150
L 650.0000, -589.0000, 10.0000, 648.0000, -583.0000, 10.0000, 150, 150, 150
L 539.0000, -683.0000, -9.0000, 539.0000, -685.0000, -9.0000, 127, 64, 0
L 539.0000, -665.0000, -9.0000, 539.0000, -662.0000, -9.0000, 127, 64, 0
L 539.0000, -662.0000, -9.0000, 591.0000, -662.0000, -9.0000, 127, 64, 0
L 539.0000, -685.0000, -9.0000, 591.0000, -685.0000, -9.0000, 127, 64, 0
L 591.0000, -685.0000, -9.0000, 589.0000, -683.0000, -9.0000, 0, 0, 0
L 591.0000, -685.0000, -9.0000, 595.0000, -689.0000, -6.0000, 0, 0, 0
L 591.0000, -662.0000, -9.0000, 589.0000, -665.0000, -9.0000, 127, 64, 0
L 591.0000, -662.0000, -9.0000, 595.0000, -659.0000, -6.0000, 0, 0, 0
L 597.0000, -496.0000, 10.0000, 597.0000, -500.0000, 10.0000, 0, 0, 0
L 597.0000, -500.0000, 10.0000, 598.0000, -500.0000, 10.0000, 0, 0, 0
L 600.0000, -500.0000, 10.0000, 600.0000, -492.0000, 10.0000, 0, 0, 0
L 602.0000, -521.0000, 10.0000, 600.0000, -513.0000, 10.0000, 0, 0, 0
L 600.0000, -513.0000, 10.0000, 598.0000, -513.0000, 10.0000, 0, 0, 0
L 597.0000, -513.0000, 10.0000, 597.0000, -515.0000, 10.0000, 0, 0, 0
L 600.0000, -503.0000, 10.0000, 600.0000, -509.0000, 10.0000, 205, 133, 63
L 597.0000, -503.0000, 10.0000, 597.0000, -509.0000, 10.0000, 205, 133, 63
L 598.0000, -513.0000, 10.0000, 597.0000, -513.0000, 10.0000, 0, 0, 0
L 598.0000, -500.0000, 10.0000, 600.0000, -500.0000, 10.0000, 0, 0, 0
L 598.0000, -513.0000, 10.0000, 598.0000, -509.0000, 10.0000, 205, 133, 63
L 600.0000, -503.0000, 10.0000, 598.0000, -503.0000, 10.0000, 205, 133, 63
L 598.0000, -503.0000, 10.0000, 598.0000, -500.0000, 10.0000, 205, 133, 63
L 598.0000, -503.0000, 10.0000, 597.0000, -503.0000, 10.0000, 205, 133, 63
L 600.0000, -509.0000, 10.0000, 598.0000, -509.0000, 10.0000, 205, 133, 63
L 598.0000, -509.0000, 10.0000, 597.0000, -509.0000, 10.0000, 205, 133, 63
L 668.0000, -568.0000, 8.0000, 710.0000, -568.0000, 8.0000, 0, 0, 0
L 611.0000, -585.0000, 8.0000, 619.0000, -593.0000, 10.0000, 0, 0, 0
L 659.0000, -570.0000, 8.0000, 665.0000, -570.0000, 8.0000, 0, 0, 0
L 668.0000, -568.0000, 8.0000, 668.0000, -570.0000, 8.0000, 0, 0, 0
L 709.0000, -587.0000, 8.0000, 668.0000, -587.0000, 8.0000, 0, 0, 0
L 668.0000, -584.0000, 8.0000, 668.0000, -587.0000, 8.0000, 0, 0, 0
L 668.0000, -584.0000, 8.0000, 665.0000, -584.0000, 8.0000, 0, 0, 0
L 659.0000, -593.0000, 10.0000, 663.0000, -584.0000, 8.0000, 0, 0, 0
L 668.0000, -573.0000, 8.0000, 668.0000, -580.0000, 8.0000, 205, 133, 63
L 663.0000, -580.0000, 8.0000, 663.0000, -573.0000, 8.0000, 205, 133, 63
L 668.0000, -573.0000, 8.0000, 665.0000, -573.0000, 8.0000, 205, 133, 63
L 668.0000, -580.0000, 8.0000, 665.0000, -580.0000, 8.0000, 205, 133, 63
L 665.0000, -570.0000, 8.0000, 668.0000, -570.0000, 8.0000, 0, 0, 0
L 665.0000, -584.0000, 8.0000, 663.0000, -584.0000, 8.0000, 0, 0, 0
L 665.0000, -570.0000, 8.0000, 665.0000, -573.0000, 8.0000, 205, 133, 63
L 665.0000, -573.0000, 8.0000, 663.0000, -573.0000, 8.0000, 205, 133, 63
L 665.0000, -580.0000, 8.0000, 663.0000, -580.0000, 8.0000, 205, 133, 63
L 665.0000, -580.0000, 8.0000, 665.0000, -584.0000, 8.0000, 205, 133, 63
L 465.0000, -283.0000, 10.0000, 465.0000, -284.0000, 10.0000, 127, 64, 0
L 452.0000, -283.0000, 10.0000, 449.0000, -283.0000, 10.0000, 150, 150, 150
L 465.0000, -283.0000, 10.0000, 468.0000, -283.0000, 10.0000, 150, 150, 150
L 488.0000, -267.0000, 10.0000, 468.0000, -267.0000, 10.0000, 150, 150, 150
L 468.0000, -283.0000, 10.0000, 468.0000, -267.0000, 10.0000, 150, 150, 150
L 449.0000, -283.0000, 10.0000, 449.0000, -267.0000, 10.0000, 150, 150, 150
L 449.0000, -267.0000, 10.0000, 429.0000, -267.0000, 10.0000, 150, 150, 150
L 488.0000, -267.0000, 10.0000, 488.0000, -233.0000, 10.0000, 150, 150, 150
L 488.0000, -233.0000, 10.0000, 487.0000, -234.0000, 10.0000, 0, 0, 0
L 471.0000, -236.0000, 14.0000, 487.0000, -234.0000, 10.0000, 0, 0, 0
L 452.0000, -253.0000, 14.0000, 446.0000, -253.0000, 14.0000, 0, 0, 0
L 452.0000, -253.0000, 14.0000, 452.0000, -255.0000, 14.0000, 0, 0, 0
L 465.0000, -253.0000, 14.0000, 465.0000, -255.0000, 14.0000, 0, 0, 0
L 465.0000, -255.0000, 14.0000, 465.0000, -258.0000, 14.0000, 0, 0, 0
L 452.0000, -255.0000, 14.0000, 452.0000, -258.0000, 14.0000, 0, 0, 0
L 465.0000, -255.0000, 14.0000, 461.0000, -255.0000, 14.0000, 205, 133, 63
L 461.0000, -253.0000, 14.0000, 455.0000, -253.0000, 14.0000, 205, 133, 63
L 461.0000, -258.0000, 14.0000, 455.0000, -258.0000, 14.0000, 205, 133, 63
L 461.0000, -253.0000, 14.0000, 461.0000, -255.0000, 14.0000, 205, 133, 63
L 461.0000, -255.0000, 14.0000, 461.0000, -258.0000, 14.0000, 205, 133, 63
L 455.0000, -253.0000, 14.0000, 455.0000, -255.0000, 14.0000, 205, 133, 63
L 455.0000, -255.0000, 14.0000, 452.0000, -255.0000, 14.0000, 205, 133, 63
L 455.0000, -255.0000, 14.0000, 455.0000, -258.0000, 14.0000, 205, 133, 63
L 452.0000, -258.0000, 14.0000, 445.0000, -258.0000, 14.0000, 0, 0, 0
L 446.0000, -253.0000, 14.0000, 445.0000, -258.0000, 14.0000, 0, 0, 0
L 471.0000, -258.0000, 14.0000, 465.0000, -258.0000, 14.0000, 0, 0, 0
L 471.0000, -253.0000, 14.0000, 471.0000, -258.0000, 14.0000, 0, 0, 0
L 465.0000, -253.0000, 14.0000, 471.0000, -253.0000, 14.0000, 0, 0, 0
L 452.0000, -258.0000, 14.0000, 452.0000, -283.0000, 10.0000, 150, 150, 150
L 465.0000, -258.0000, 14.0000, 465.0000, -283.0000, 10.0000, 150, 150, 150
L 450.0000, -125.0000, 39.0000, 450.0000, -123.0000, 39.0000, 0, 0, 0
L 467.0000, -125.0000, 39.0000, 467.0000, -123.0000, 39.0000, 0, 0, 0
L 454.0000, -125.0000, 39.0000, 462.0000, -125.0000, 39.0000, 205, 133, 63
L 462.0000, -121.0000, 39.0000, 454.0000, -121.0000, 39.0000, 205, 133, 63
L 462.0000, -125.0000, 39.0000, 462.0000, -123.0000, 39.0000, 205, 133, 63
L 467.0000, -123.0000, 39.0000, 467.0000, -121.0000, 39.0000, 0, 0, 0
L 450.0000, -123.0000, 39.0000, 450.0000, -121.0000, 39.0000, 0, 0, 0
L 467.0000, -123.0000, 39.0000, 462.0000, -123.0000, 39.0000, 205, 133, 63
L 462.0000, -123.0000, 39.0000, 462.0000, -121.0000, 39.0000, 205, 133, 63
L 454.0000, -125.0000, 39.0000, 454.0000, -123.0000, 39.0000, 205, 133, 63
L 454.0000, -123.0000, 39.0000, 450.0000, -123.0000, 39.0000, 205, 133, 63
L 454.0000, -123.0000, 39.0000, 454.0000, -121.0000, 39.0000, 205, 133, 63
L 435.0000, -121.0000, 39.0000, 420.0000, -101.0000, 38.0000, 0, 0, 0
L 481.0000, -121.0000, 39.0000, 497.0000, -101.0000, 39.0000, 0, 0, 0
L 461.0000, 88.0000, 75.0000, 478.0000, 88.0000, 75.0000, 0, 0, 0
L 434.0000, 94.0000, 75.0000, 432.0000, 94.0000, 75.0000, 0, 0, 0
L 458.0000, 113.0000, 75.0000, 458.0000, 131.0000, 75.0000, 0, 0, 0
L 416.0000, 113.0000, 75.0000, 423.0000, 113.0000, 75.0000, 0, 0, 0
L 416.0000, 88.0000, 75.0000, 416.0000, 100.0000, 75.0000, 0, 0, 0
L 423.0000, 113.0000, 75.0000, 431.0000, 113.0000, 75.0000, 0, 0, 0
L 434.0000, 113.0000, 75.0000, 458.0000, 113.0000, 75.0000, 0, 0, 0
L 431.0000, 88.0000, 75.0000, 425.0000, 88.0000, 75.0000, 0, 0, 0
L 416.0000, 100.0000, 75.0000, 416.0000, 113.0000, 75.0000, 0, 0, 0
L 425.0000, 88.0000, 75.0000, 416.0000, 88.0000, 75.0000, 0, 0, 0
L 448.0000, 88.0000, 75.0000, 434.0000, 88.0000, 75.0000, 0, 0, 0
L 458.0000, 131.0000, 75.0000, 478.0000, 131.0000, 75.0000, 0, 0, 0
L 431.0000, 88.0000, 75.0000, 431.0000, 91.0000, 75.0000, 0, 0, 0
L 431.0000, 91.0000, 75.0000, 431.0000, 94.0000, 75.0000, 0, 0, 0
L 434.0000, 88.0000, 75.0000, 434.0000, 94.0000, 75.0000, 0, 0, 0
L 431.0000, 107.0000, 75.0000, 431.0000, 113.0000, 75.0000, 0, 0, 0
L 431.0000, 107.0000, 75.0000, 432.0000, 107.0000, 75.0000, 0, 0, 0
L 434.0000, 107.0000, 75.0000, 434.0000, 113.0000, 75.0000, 0, 0, 0
L 431.0000, 97.0000, 75.0000, 431.0000, 103.0000, 75.0000, 205, 133, 63
L 434.0000, 97.0000, 75.0000, 434.0000, 103.0000, 75.0000, 205, 133, 63
L 434.0000, 97.0000, 75.0000, 432.0000, 97.0000, 75.0000, 205, 133, 63
L 434.0000, 103.0000, 75.0000, 432.0000, 103.0000, 75.0000, 205, 133, 63
L 432.0000, 107.0000, 75.0000, 434.0000, 107.0000, 75.0000, 0, 0, 0
L 432.0000, 94.0000, 75.0000, 431.0000, 94.0000, 75.0000, 0, 0, 0
L 432.0000, 107.0000, 75.0000, 432.0000, 103.0000, 75.0000, 205, 133, 63
L 432.0000, 97.0000, 75.0000, 431.0000, 97.0000, 75.0000, 205, 133, 63
L 432.0000, 103.0000, 75.0000, 431.0000, 103.0000, 75.0000, 205, 133, 63
L 432.0000, 97.0000, 75.0000, 432.0000, 94.0000, 75.0000, 205, 133, 63
L 461.0000, 81.0000, 75.0000, 461.0000, 82.0000, 75.0000, 0, 0, 0
L 448.0000, 88.0000, 75.0000, 448.0000, 82.0000, 75.0000, 0, 0, 0
L 461.0000, 82.0000, 75.0000, 461.0000, 88.0000, 75.0000, 0, 0, 0
L 457.0000, 81.0000, 75.0000, 451.0000, 81.0000, 75.0000, 205, 133, 63
L 457.0000, 84.0000, 75.0000, 451.0000, 84.0000, 75.0000, 205, 133, 63
L 457.0000, 81.0000, 75.0000, 457.0000, 82.0000, 75.0000, 205, 133, 63
L 451.0000, 81.0000, 75.0000, 451.0000, 82.0000, 75.0000, 205, 133, 63
L 448.0000, 82.0000, 75.0000, 448.0000, 81.0000, 75.0000, 0, 0, 0
L 448.0000, 82.0000, 75.0000, 451.0000, 82.0000, 75.0000, 205, 133, 63
L 457.0000, 82.0000, 75.0000, 457.0000, 84.0000, 75.0000, 205, 133, 63
L 451.0000, 82.0000, 75.0000, 451.0000, 84.0000, 75.0000, 205, 133, 63
L 457.0000, 82.0000, 75.0000, 461.0000, 82.0000, 75.0000, 205, 133, 63
L 465.0000, 23.0000, 69.0000, 465.0000, -6.0000, 69.0000, 0, 0, 0
L 461.0000, 21.0000, 69.0000, 455.0000, 21.0000, 69.0000, 205, 133, 63
L 461.0000, 26.0000, 69.0000, 455.0000, 26.0000, 69.0000, 205, 133, 63
L 461.0000, 21.0000, 69.0000, 461.0000, 23.0000, 69.0000, 205, 133, 63
L 455.0000, 21.0000, 69.0000, 455.0000, 23.0000, 69.0000, 205, 133, 63
L 452.0000, 23.0000, 69.0000, 452.0000, 26.0000, 69.0000, 0, 0, 0
L 452.0000, 23.0000, 69.0000, 455.0000, 23.0000, 69.0000, 205, 133, 63
L 461.0000, 23.0000, 69.0000, 461.0000, 26.0000, 69.0000, 205, 133, 63
L 455.0000, 23.0000, 69.0000, 455.0000, 26.0000, 69.0000, 205, 133, 63
L 461.0000, 23.0000, 69.0000, 465.0000, 23.0000, 69.0000, 205, 133, 63
L 583.0000, -408.0000, 9.0000, 575.0000, -408.0000, 9.0000, 0, 0, 0
L 568.0000, -408.0000, 9.0000, 559.0000, -390.0000, 10.0000, 0, 0, 0
L 571.0000, -423.0000, 9.0000, 575.0000, -423.0000, 9.0000, 0, 0, 0
L 579.0000, -423.0000, 9.0000, 594.0000, -434.0000, 8.0000, 0, 0, 0
L 575.0000, -408.0000, 9.0000, 568.0000, -408.0000, 9.0000, 0, 0, 0
L 579.0000, -419.0000, 9.0000, 579.0000, -411.0000, 9.0000, 205, 133, 63
L 571.0000, -419.0000, 9.0000, 571.0000, -411.0000, 9.0000, 205, 133, 63
L 575.0000, -423.0000, 9.0000, 579.0000, -423.0000, 9.0000, 0, 0, 0
L 575.0000, -423.0000, 9.0000, 575.0000, -419.0000, 9.0000, 205, 133, 63
L 571.0000, -411.0000, 9.0000, 575.0000, -411.0000, 9.0000, 205, 133, 63
L 575.0000, -411.0000, 9.0000, 575.0000, -408.0000, 9.0000, 205, 133, 63
L 575.0000, -411.0000, 9.0000, 579.0000, -411.0000, 9.0000, 205, 133, 63
L 571.0000, -419.0000, 9.0000, 575.0000, -419.0000, 9.0000, 205, 133, 63
L 575.0000, -419.0000, 9.0000, 579.0000, -419.0000, 9.0000, 205, 133, 63
L 540.0000, -469.0000, 9.0000, 540.0000, -450.0000, 9.0000, 0, 0, 0
L 579.0000, -450.0000, 9.0000, 593.2999, -445.0000, 9.0000, 0, 0, 0
L 563.0000, -483.0000, 9.0000, 569.0000, -481.0000, 9.0000, 0, 0, 0
L 579.0000, -471.0000, 9.0000, 571.0000, -475.0000, 9.0000, 0, 0, 0
L 566.0000, -431.0000, 9.0000, 549.0000, -431.0000, 9.0000, 205, 133, 63
L 594.0000, -434.0000, 8.0000, 593.2999, -445.0000, 9.0000, 0, 0, 0
L 544.0000, -475.0000, 9.0000, 546.0000, -481.0000, 9.0000, 0, 0, 0
L 544.0000, -475.0000, 9.0000, 540.0000, -469.0000, 9.0000, 0, 0, 0
L 549.0000, -483.0000, 9.0000, 563.0000, -483.0000, 9.0000, 0, 0, 0
L 540.0000, -447.0000, 9.0000, 540.0000, -450.0000, 9.0000, 127, 64, 0
L 607.0000, -452.0000, 10.0000, 607.0000, -457.0000, 9.0000, 0, 0, 0
L 607.0000, -457.0000, 9.0000, 593.0000, -465.0000, 9.0000, 0, 0, 0
L 571.0000, -475.0000, 9.0000, 569.0000, -481.0000, 9.0000, 0, 0, 0
L 550.0000, -418.0000, 9.0000, 540.0000, -431.0000, 9.0000, 0, 0, 0
L 593.0000, -465.0000, 9.0000, 579.0000, -463.0000, 9.0000, 0, 0, 0
L 579.0000, -463.0000, 9.0000, 579.0000, -471.0000, 9.0000, 0, 0, 0
L 546.0000, -481.0000, 9.0000, 549.0000, -483.0000, 9.0000, 0, 0, 0
L 571.0000, -423.0000, 9.0000, 571.0000, -431.0000, 9.0000, 0, 0, 0
L 571.0000, -446.0000, 9.0000, 579.0000, -450.0000, 9.0000, 0, 0, 0
L 540.0000, -431.0000, 9.0000, 549.0000, -431.0000, 9.0000, 0, 0, 0
L 549.0000, -431.0000, 9.0000, 549.0000, -438.0000, 9.0000, 0, 0, 0
L 540.0000, -438.0000, 9.0000, 540.0000, -447.0000, 9.0000, 0, 0, 0
L 549.0000, -438.0000, 9.0000, 540.0000, -438.0000, 9.0000, 0, 0, 0
L 566.0000, -431.0000, 9.0000, 566.0000, -438.0000, 9.0000, 0, 0, 0
L 571.0000, -438.0000, 9.0000, 571.0000, -446.0000, 9.0000, 0, 0, 0
L 566.0000, -438.0000, 9.0000, 571.0000, -438.0000, 9.0000, 0, 0, 0
L 566.0000, -431.0000, 9.0000, 571.0000, -431.0000, 9.0000, 0, 0, 0
L 566.0000, -438.0000, 9.0000, 549.0000, -438.0000, 9.0000, 205, 133, 63
L 450.0000, -121.0000, 39.0000, 446.0000, -121.0000, 39.0000, 0, 0, 0
L 467.0000, -121.0000, 39.0000, 471.0000, -121.0000, 39.0000, 0, 0, 0
L 471.0000, -86.0000, 39.0000, 471.0000, -121.0000, 39.0000, 139, 69, 19
L 471.0000, -121.0000, 39.0000, 481.0000, -121.0000, 39.0000, 0, 0, 0
L 446.0000, -86.0000, 39.0000, 446.0000, -121.0000, 39.0000, 139, 69, 19
L 446.0000, -121.0000, 39.0000, 435.0000, -121.0000, 39.0000, 0, 0, 0
L 252.0000, -430.0000, -10.0000, 251.0000, -434.0000, -10.0000, 0, 0, 0
L 192.0000, -419.0000, -10.0000, 193.0000, -431.0000, -10.0000, 0, 0, 0
L 180.0000, -376.0000, -10.0000, 180.0000, -379.0000, -10.0000, 0, 0, 0
L 200.0000, -352.0000, -10.0000, 180.0000, -376.0000, -10.0000, 0, 0, 0
L 213.0000, -352.0000, -10.0000, 200.0000, -352.0000, -10.0000, 0, 0, 0
L 229.0000, -356.0000, -10.0000, 213.0000, -352.0000, -10.0000, 0, 0, 0
L 180.0000, -379.0000, -10.0000, 184.0000, -400.0000, -10.0000, 0, 0, 0
L 241.0000, -356.0000, -10.0000, 229.0000, -356.0000, -10.0000, 0, 0, 0
L 184.0000, -400.0000, -10.0000, 184.0000, -403.0000, -10.0000, 0, 0, 0
L 257.0000, -376.0000, -10.0000, 241.0000, -356.0000, -10.0000, 0, 0, 0
L 184.0000, -403.0000, -10.0000, 192.0000, -419.0000, -10.0000, 0, 0, 0
L 252.0000, -430.0000, -10.0000, 255.0000, -419.0000, -10.0000, 0, 0, 0
L 249.0000, -438.0000, -10.0000, 249.1999, -437.5999, -10.0000, 0, 0, 0
L 200.0000, -461.0000, -10.0000, 200.0000, -447.5999, -10.0000, 0, 0, 0
L 249.0000, -445.0000, -10.0000, 249.0000, -438.0000, -10.0000, 0, 0, 0
L 241.0000, -461.0000, -10.0000, 241.0000, -447.5000, -10.0000, 0, 0, 0
L 200.0000, -445.0000, -10.0000, 195.0000, -443.0000, -10.0000, 0, 0, 0
L 241.0000, -445.0000, -10.0000, 249.0000, -445.0000, -10.0000, 0, 0, 0
L 195.0000, -443.0000, -10.0000, 194.0000, -440.0000, -10.0000, 0, 0, 0
L 194.0000, -440.0000, -10.0000, 193.6999, -437.5999, -10.0000, 0, 0, 0
L 205.7999, -423.5999, -10.0000, 205.6999, -437.5999, -10.0000, 205, 133, 63
L 216.0999, -423.5999, -10.0000, 205.7999, -423.5999, -10.0000, 205, 133, 63
L 244.0999, -417.5999, -10.0000, 226.0000, -417.5999, -10.0000, 205, 133, 63
L 226.0000, -417.5999, -10.0000, 225.6999, -447.5000, -10.0000, 205, 133, 63
L 236.0999, -437.5999, -10.0000, 236.0999, -428.0999, -10.0000, 205, 133, 63
L 244.0999, -427.8999, -10.0000, 244.0999, -417.5999, -10.0000, 205, 133, 63
L 236.0999, -428.0999, -10.0000, 244.0999, -427.8999, -10.0000, 205, 133, 63
L 225.6999, -447.5000, -10.0000, 241.0000, -447.5000, -10.0000, 205, 133, 63
L 241.0000, -447.5000, -10.0000, 241.0000, -445.0000, -10.0000, 0, 0, 0
L 236.0999, -437.5999, -10.0000, 249.1999, -437.5999, -10.0000, 205, 133, 63
L 249.1999, -437.5999, -10.0000, 251.0000, -434.0000, -10.0000, 0, 0, 0
L 216.0999, -448.0000, -10.0000, 200.0000, -447.5999, -10.0000, 205, 133, 63
L 200.0000, -447.5999, -10.0000, 200.0000, -445.0000, -10.0000, 0, 0, 0
L 205.6999, -437.5999, -10.0000, 193.6999, -437.5999, -10.0000, 205, 133, 63
L 193.6999, -437.5999, -10.0000, 193.0000, -431.0000, -10.0000, 0, 0, 0
L 216.0999, -448.0000, -10.0000, 216.0999, -423.5999, -10.0000, 205, 133, 63
L 251.0000, -200.0000, 0.0000, 260.0000, -168.0000, 4.0000, 0, 204, 0
L 260.0000, -155.0000, 4.0000, 260.0000, -161.0000, 4.0000, 0, 204, 0
L 293.0000, -161.0000, 4.0000, 293.0000, -152.0000, 4.0000, 205, 133, 63
L 269.0000, -144.0000, 4.0000, 271.0000, -152.0000, 4.0000, 0, 204, 0
L 260.0000, -155.0000, 4.0000, 256.0000, -143.0000, 4.0000, 0, 204, 0
L 293.0000, -161.0000, 4.0000, 277.0000, -161.0000, 4.0000, 205, 133, 63
L 293.0000, -152.0000, 4.0000, 277.0000, -152.0000, 4.0000, 0, 204, 0
L 271.0000, -152.0000, 4.0000, 277.0000, -152.0000, 4.0000, 0, 204, 0
L 260.0000, -161.0000, 4.0000, 260.0000, -168.0000, 4.0000, 0, 204, 0
L 277.0000, -161.0000, 4.0000, 260.0000, -161.0000, 4.0000, 205, 133, 63
L 293.0000, -152.0000, 4.0000, 299.0000, -153.6999, 4.0000, 0, 204, 0
L 260.0000, -168.0000, 4.0000, 299.0000, -168.0000, 4.0000, 205, 133, 63
L 299.0000, -168.0000, 4.0000, 299.0000, -153.6999, 4.0000, 205, 133, 63
L 299.0000, -153.6999, 4.0000, 300.0000, -154.0000, 4.0000, 0, 204, 0
L 478.0000, 88.0000, 75.0000, 478.0000, 131.0000, 75.0000, 0, 0, 0
L 485.0000, -376.0000, 0.0000, 485.0000, -357.5000, 0.0000, 150, 150, 150
L 479.0000, -366.0000, 3.0000, 479.0000, -371.0000, 3.0000, 127, 64, 0
L 479.0000, -366.0000, 3.0000, 439.0000, -366.0000, 3.0000, 139, 69, 19
L 439.0000, -371.0000, 3.0000, 439.0000, -366.0000, 3.0000, 127, 64, 0
L 479.0000, -371.0000, 3.0000, 439.0000, -371.0000, 3.0000, 139, 69, 19
