P -50.0000, 130.0000, 1.5276, 240, 0, 0, 3, to_Innothule_Swamp
P 10.4578, -33.3117, 0.0019, 255, 0, 0, 2, Priest_of_Discord
P 0.0000, 100.0000, 0.0000, 255, 0, 0, 2, Succor
P 557.4679, -454.9629, 10.0989, 255, 210, 0, 2, Spinkit_(Banker)
P -182.1778, -219.6574, 2.0019, 128, 0, 128, 2, Oven
P 405.4850, -466.9569, -9.9969, 128, 0, 128, 2, Loom
P 399.3085, -534.8829, -9.9979, 128, 0, 128, 2, Oven
P 192.9175, -411.7655, -9.9979, 128, 0, 128, 2, Forge
P 218.3861, -532.3900, -25.9979, 128, 0, 128, 2, Troll_Forge_(Cultural)
P 159.2904, -491.4556, -9.9979, 128, 0, 128, 2, Kiln
P 142.5557, -440.8832, -9.9979, 128, 0, 128, 2, Pottery_Wheel
P 335.7311, -88.8412, 4.0019, 128, 0, 128, 2, Brew_Barrel
P 81.7730, -166.3435, 0.0019, 0, 240, 0, 2, Zignal_Luk_(Tribute_Master)
P -78.2554, -68.4758, 1.4108, 0, 0, 0, 2, Snog_(Soulbinder)
P 90.7280, -389.0021, -1.4276, 0, 240, 0, 2, Grallvek_(Parcels)
P 414.4829, -682.8991, -9.9979, 0, 128, 0, 2, Okun_(Smithing)
P 631.2613, -490.1005, 10.0019, 0, 128, 0, 2, Kramf_(Shadow_Knight_Spells)
P 621.3559, -522.5140, 10.0019, 0, 128, 0, 2, Crilt_(Shadow_Knight_Spells)
P 633.9607, -516.3621, 10.0989, 0, 128, 0, 2, Trusk_(Shadow_Knight_Spells)
P 1009.2058, -440.9186, 10.0019, 0, 128, 0, 2, Gluku_(Weapons)
P 206.7936, -502.7645, -9.9979, 0, 128, 0, 2, Garklog_(Baking_&_Smithing)
P 237.6314, -511.2374, -9.9979, 0, 128, 0, 2, Iksopa_(Armor)
P 220.2949, -515.2459, -9.9979, 0, 128, 0, 2, Bimuk_(General)
P 392.9250, -368.6498, 0.0019, 0, 128, 0, 2, Tracab_(Beastlord_Spells)
P 399.6324, -348.2996, 0.0019, 0, 128, 0, 2, Tokun_(Shaman_Spells)
P 405.9621, -325.5340, 0.0019, 0, 128, 0, 2, Hoart_(Shaman_Spells)
P 414.7380, -302.1041, 0.0019, 0, 128, 0, 2, Barsk_(Shaman_Spells)
P 420.3069, -283.7378, 0.0019, 0, 128, 0, 2, Cralk_(Shaman_Spells)
P 439.2143, -299.7183, 0.0019, 0, 128, 0, 2, Korff_(Shaman_Spells)
P 494.6988, -332.6200, 0.0019, 0, 128, 0, 2, Zumzal_(General)
P 419.0004, -409.2383, 0.0019, 0, 128, 0, 2, Grabah_(Alchemy)
P 429.5985, -412.5185, 0.0019, 0, 128, 0, 2, Blergagg_(Alchemy)
P 447.6490, -422.1850, 0.0019, 0, 128, 0, 2, Glubtak_(Beastlord_Spells)
P 392.5313, -441.4986, -9.9979, 0, 128, 0, 2, Raztara_(Alchemist)
P 318.4201, -561.9417, -9.9979, 0, 128, 0, 2, Uzak_(Jewelcrafting)
P 430.3352, -17.3718, 49.9706, 0, 128, 0, 2, Chamt_(Shaman_Spells)
P 272.6450, -442.3123, -9.9979, 0, 128, 0, 2, Zazhar_(Fletching)
P 180.0155, -456.1497, -9.9979, 0, 128, 0, 2, Rezslog_(Jewelcrafting)
P 172.2945, -439.5656, -9.9979, 0, 128, 0, 2, Vynugga_(Pottery)
P 214.2223, -211.2479, 0.0019, 0, 128, 0, 2, Kagbkek_(Merchant)
P 274.6466, -239.5666, 0.0019, 0, 128, 0, 2, Chopper_Brenga_(Baking)
P 306.2001, -140.6841, 4.0019, 0, 128, 0, 2, Gartonka_(Brewing)
P 280.4000, -155.6153, 4.0019, 0, 128, 0, 2, Zatok_(Bar)
P 374.6255, -131.0366, 4.0019, 0, 128, 0, 2, Wista_(General)
P 395.3690, -51.9491, 4.0019, 0, 128, 0, 2, Graktak_(Satchels)
P 32.9660, -232.0856, 0.0019, 0, 128, 0, 2, Ootok_(General)
P -135.8353, -201.4546, -9.9979, 0, 128, 0, 2, Luruk_Dridor_(Berserker_Tomes)
P 119.5047, -309.1525, 0.0019, 128, 128, 128, 2, Hergor_(GM_Warrior)
P 121.2014, -260.6825, 2.3271, 128, 128, 128, 2, Kraiga_(GM_Warrior)
P 223.6770, -223.0781, 0.0019, 128, 128, 128, 2, Gralok_(GM_Warrior)
P 633.9091, -615.9267, 10.0019, 128, 128, 128, 2, Rohga_(GM_Shadow_Knight)
P 906.3213, -484.5189, 10.0019, 128, 128, 128, 2, Treskar_(GM_Shadow_Knight)
P 957.2364, -509.8569, 10.0019, 128, 128, 128, 2, Hukulk_(GM_Shadow_Knight)
P 1026.2415, -444.0306, 10.0019, 128, 128, 128, 2, Vergad_(GM_Shadow_Knight)
P 458.2227, -346.7506, 0.0019, 128, 128, 128, 2, Jocka_(GM_Shaman)
P 489.2320, -17.3435, 49.9706, 128, 128, 128, 2, Kaglari_(GM_Shaman)
P 463.3838, 67.2413, 69.9706, 128, 128, 128, 2, Bregna_(GM_Shaman)
P 420.4057, 3.2289, 69.9706, 128, 128, 128, 2, Gardunk_(GM_Beastlord)
P 495.5069, 4.3205, 69.9706, 128, 128, 128, 2, Urako_(GM_Shaman)
P 169.3463, -304.1725, 22.0019, 128, 128, 128, 2, Ranjor_(GM_Warrior)
P -138.1184, -238.6365, -9.9979, 128, 128, 128, 2, Daboo_Dogak_(GM_Berserker)
P 308.2248, -172.4781, 4.0019, 240, 240, 240, 2, Gunthak`s_Betch
P 236.5455, -116.5162, 4.0019, 0, 127, 0, 2, Harcork_(Mercenary_Liason)
P 445.9103, -676.4065, -9.9979, 240, 240, 240, 2, Nightkeep
P 295.1496, -390.2190, -9.8929, 0, 127, 0, 2, Jarlok_(Armor)
P 207.0186, -476.3158, -9.9979, 240, 240, 240, 2, Krungs_Clubs_+_Junk
P 568.2143, -607.4655, -7.8609, 0, 0, 0, 2, Rasrok_the_Blotched
P 432.0156, -594.5890, -9.7365, 0, 127, 0, 2, Sanfik_(Weapons)
P 89.8164, -288.1685, 0.2623, 240, 240, 240, 2, Da_Bashn_Place
P 454.8750, 100.3750, 75.9696, 240, 240, 240, 2, Jail
P 439.0237, 58.0307, 69.9706, 0, 0, 0, 2, Savarixsa_Zexus
P 466.3989, -58.0627, 49.9706, 0, 0, 0, 2, Prashnak
P 172.2572, -227.3415, 0.0019, 0, 0, 0, 2, Goldush
P 339.5589, -107.8224, 4.1013, 0, 127, 127, 2, Artisan_Zermak_(Trade_Skill_Quests)
P 238.7076, -131.1502, 4.0019, 0, 127, 0, 2, Mrigi_(Mercenary_Liaison)
P -94.1766, -225.8027, -9.9979, 0, 0, 0, 2, Blorgok_Gkapbron
P -80.2834, -209.0060, -9.9979, 0, 0, 0, 2, Grigdor
P 202.5642, -432.5477, -9.9979, 0, 127, 0, 2, Hartok_(Weapons)
P 239.3137, -432.6125, -9.9979, 0, 127, 0, 2, Tangiz_(Weapons)
P 234.3506, -366.9098, -9.9979, 0, 127, 0, 2, Beztopi_(Armor)
P 202.0796, -368.8809, -9.9979, 0, 127, 0, 2, Bukton_(Armor)
P 221.9219, -617.9995, -29.0846, 0, 0, 0, 2, Exterminator_Filrog
P 444.5194, -681.8191, -9.9979, 0, 127, 0, 2, Ungia_(Smithing)
P 645.4049, -580.4487, 10.0019, 0, 0, 0, 2, Kugaran
P 449.2105, -373.5177, 6.0019, 0, 0, 0, 2, Carber_Cagrek
P 488.0813, -397.9267, 0.0019, 0, 127, 0, 2, a_spell_research_merchant_(Research)
P 477.1912, -327.0215, 0.0019, 0, 0, 0, 2, Mulg
P 442.8687, -415.9882, 0.0019, 0, 0, 0, 2, Gargh
P 411.3087, -403.3512, 0.0019, 0, 127, 0, 2, Bahagg_(Alchemy)
P 395.1797, -402.7213, 0.0019, 0, 127, 0, 2, Blergrab_(Alchemy)
P 557.9357, -440.1004, 10.0989, 240, 240, 240, 2, 1st_Bank_of_Grobb
P 458.4645, -53.0834, 49.9707, 240, 240, 240, 2, The_Dark_Ones
