L -520.0, 950.0, 1.0, -520.0, 950.0, 2.0, 0, 0, 0
L 600.0, -1450.0, 1.0, 600.0, -1450.0, 2.0, 0, 0, 0
L 55.0, -893.0, -9.0, 46.0, -894.0, -8.0, 0, 0, 0
L 74.0, -892.0, -10.0, 55.0, -893.0, -9.0, 0, 0, 0
L 74.0, -885.0, -10.0, 74.0, -892.0, -10.0, 0, 0, 0
L 110.0, -861.0, -24.0, 74.0, -885.0, -10.0, 0, 0, 0
L 136.0, -828.0, -10.0, 110.0, -861.0, -24.0, 0, 0, 0
L 174.0, -829.0, -11.0, 136.0, -828.0, -10.0, 0, 0, 0
L 197.0, -865.0, -24.0, 174.0, -829.0, -11.0, 0, 0, 0
L 229.0, -889.0, -10.0, 197.0, -865.0, -24.0, 0, 0, 0
L 231.0, -897.0, -9.0, 229.0, -889.0, -10.0, 0, 0, 0
L 278.0, -898.0, -9.0, 231.0, -897.0, -9.0, 0, 0, 0
L 301.0, -947.0, -18.0, 301.0, -927.0, -18.0, 178, 102, 255
L 315.0, -946.0, -18.0, 301.0, -947.0, -18.0, 178, 102, 255
L 315.0, -954.0, -20.0, 315.0, -946.0, -18.0, 178, 102, 255
L 305.0, -954.0, -20.0, 315.0, -954.0, -20.0, 178, 102, 255
L 305.0, -974.0, -21.0, 305.0, -954.0, -20.0, 178, 102, 255
L 344.0, -974.0, -21.0, 305.0, -974.0, -21.0, 178, 102, 255
L 344.0, -954.0, -20.0, 344.0, -974.0, -21.0, 178, 102, 255
L 336.0, -954.0, -20.0, 344.0, -954.0, -20.0, 178, 102, 255
L 335.0, -946.0, -18.0, 336.0, -954.0, -20.0, 178, 102, 255
L 370.0, -946.0, -18.0, 335.0, -946.0, -18.0, 178, 102, 255
L 370.0, -954.0, -20.0, 370.0, -946.0, -18.0, 178, 102, 255
L 349.0, -954.0, -20.0, 370.0, -954.0, -20.0, 178, 102, 255
L 349.0, -974.0, -21.0, 349.0, -954.0, -20.0, 178, 102, 255
L 410.0, -974.0, -21.0, 349.0, -974.0, -21.0, 178, 102, 255
L 410.0, -954.0, -20.0, 410.0, -974.0, -21.0, 178, 102, 255
L 390.0, -954.0, -20.0, 410.0, -954.0, -20.0, 178, 102, 255
L 390.0, -946.0, -18.0, 390.0, -954.0, -20.0, 178, 102, 255
L 423.0, -946.0, -18.0, 390.0, -946.0, -18.0, 178, 102, 255
L 424.0, -954.0, -20.0, 423.0, -946.0, -18.0, 178, 102, 255
L 415.0, -954.0, -20.0, 424.0, -954.0, -20.0, 178, 102, 255
L 415.0, -974.0, -21.0, 415.0, -954.0, -20.0, 178, 102, 255
L 454.0, -974.0, -21.0, 415.0, -974.0, -21.0, 178, 102, 255
L 454.0, -954.0, -20.0, 454.0, -974.0, -21.0, 178, 102, 255
L 442.0, -954.0, -20.0, 454.0, -954.0, -20.0, 178, 102, 255
L 443.0, -946.0, -18.0, 442.0, -954.0, -20.0, 178, 102, 255
L 464.0, -947.0, -18.0, 443.0, -946.0, -18.0, 178, 102, 255
L 464.0, -917.0, -40.0, 464.0, -947.0, -18.0, 178, 102, 255
L 501.0, -916.0, -48.0, 464.0, -917.0, -40.0, 178, 102, 255
L 501.0, -901.0, -46.0, 501.0, -916.0, -48.0, 178, 102, 255
L 463.0, -900.0, -40.0, 501.0, -901.0, -46.0, 178, 102, 255
L 464.0, -898.0, -18.0, 463.0, -900.0, -40.0, 178, 102, 255
L 464.0, -870.0, -18.0, 464.0, -898.0, -18.0, 178, 102, 255
L 443.0, -871.0, -18.0, 464.0, -870.0, -18.0, 178, 102, 255
L 443.0, -863.0, -20.0, 443.0, -871.0, -18.0, 178, 102, 255
L 454.0, -843.0, -21.0, 454.0, -863.0, -20.0, 178, 102, 255
L 415.0, -843.0, -21.0, 454.0, -843.0, -21.0, 178, 102, 255
L 415.0, -863.0, -20.0, 415.0, -843.0, -21.0, 178, 102, 255
L 422.0, -863.0, -20.0, 415.0, -863.0, -20.0, 178, 102, 255
L 424.0, -871.0, -18.0, 422.0, -863.0, -20.0, 178, 102, 255
L 390.0, -871.0, -18.0, 424.0, -871.0, -18.0, 178, 102, 255
L 389.0, -863.0, -20.0, 390.0, -871.0, -18.0, 178, 102, 255
L 410.0, -863.0, -20.0, 389.0, -863.0, -20.0, 178, 102, 255
L 410.0, -843.0, -21.0, 410.0, -863.0, -20.0, 178, 102, 255
L 349.0, -843.0, -21.0, 410.0, -843.0, -21.0, 178, 102, 255
L 349.0, -863.0, -20.0, 349.0, -843.0, -21.0, 178, 102, 255
L 369.0, -863.0, -20.0, 349.0, -863.0, -20.0, 178, 102, 255
L 369.0, -871.0, -18.0, 369.0, -863.0, -20.0, 178, 102, 255
L 335.0, -871.0, -18.0, 369.0, -871.0, -18.0, 178, 102, 255
L 336.0, -863.0, -20.0, 335.0, -871.0, -18.0, 178, 102, 255
L 344.0, -863.0, -20.0, 336.0, -863.0, -20.0, 178, 102, 255
L 344.0, -843.0, -21.0, 344.0, -863.0, -20.0, 178, 102, 255
L 305.0, -843.0, -21.0, 344.0, -843.0, -21.0, 178, 102, 255
L 305.0, -863.0, -20.0, 305.0, -843.0, -21.0, 178, 102, 255
L 315.0, -863.0, -20.0, 305.0, -863.0, -20.0, 178, 102, 255
L 315.0, -871.0, -18.0, 315.0, -863.0, -20.0, 178, 102, 255
L 301.0, -870.0, -18.0, 315.0, -871.0, -18.0, 178, 102, 255
L 301.0, -892.0, -18.0, 301.0, -870.0, -18.0, 178, 102, 255
L 285.0, -894.0, -9.0, 278.0, -898.0, -9.0, 0, 0, 0
L 285.0, -820.0, 4.0, 285.0, -894.0, -9.0, 0, 0, 0
L 298.0, -820.0, 4.0, 285.0, -820.0, 4.0, 0, 0, 0
L 300.0, -824.0, 4.0, 298.0, -820.0, 4.0, 0, 0, 0
L 315.0, -825.0, 4.0, 300.0, -824.0, 4.0, 0, 0, 0
L 315.0, -817.0, 2.0, 315.0, -825.0, 4.0, 0, 0, 0
L 305.0, -817.0, 2.0, 315.0, -817.0, 2.0, 0, 0, 0
L 305.0, -797.0, 1.0, 305.0, -817.0, 2.0, 0, 0, 0
L 344.0, -797.0, 1.0, 305.0, -797.0, 1.0, 0, 0, 0
L 344.0, -817.0, 2.0, 344.0, -797.0, 1.0, 0, 0, 0
L 335.0, -817.0, 2.0, 344.0, -817.0, 2.0, 0, 0, 0
L 334.0, -825.0, 4.0, 335.0, -817.0, 2.0, 0, 0, 0
L 369.0, -825.0, 4.0, 334.0, -825.0, 4.0, 0, 0, 0
L 369.0, -817.0, 2.0, 369.0, -825.0, 4.0, 0, 0, 0
L 349.0, -817.0, 2.0, 369.0, -817.0, 2.0, 0, 0, 0
L 349.0, -797.0, 1.0, 349.0, -817.0, 2.0, 0, 0, 0
L 410.0, -797.0, 1.0, 349.0, -797.0, 1.0, 0, 0, 0
L 410.0, -817.0, 2.0, 410.0, -797.0, 1.0, 0, 0, 0
L 390.0, -817.0, 2.0, 410.0, -817.0, 2.0, 0, 0, 0
L 390.0, -825.0, 4.0, 390.0, -817.0, 2.0, 0, 0, 0
L 423.0, -825.0, 4.0, 390.0, -825.0, 4.0, 0, 0, 0
L 424.0, -817.0, 2.0, 423.0, -825.0, 4.0, 0, 0, 0
L 415.0, -817.0, 2.0, 424.0, -817.0, 2.0, 0, 0, 0
L 415.0, -797.0, 1.0, 415.0, -817.0, 2.0, 0, 0, 0
L 454.0, -797.0, 1.0, 415.0, -797.0, 1.0, 0, 0, 0
L 454.0, -817.0, 2.0, 454.0, -797.0, 1.0, 0, 0, 0
L 445.0, -817.0, 2.0, 454.0, -817.0, 2.0, 0, 0, 0
L 443.0, -825.0, 4.0, 445.0, -817.0, 2.0, 0, 0, 0
L 464.0, -824.0, 4.0, 443.0, -825.0, 4.0, 0, 0, 0
L 464.0, -840.0, 4.0, 464.0, -824.0, 4.0, 0, 0, 0
L 296.0, -841.0, 4.0, 464.0, -840.0, 4.0, 0, 0, 0
L 297.0, -890.0, -4.0, 296.0, -841.0, 4.0, 0, 0, 0
L 296.0, -976.0, 4.0, 296.0, -939.0, -3.0, 0, 0, 0
L 464.0, -977.0, 4.0, 296.0, -976.0, 4.0, 0, 0, 0
L 464.0, -993.0, 4.0, 464.0, -977.0, 4.0, 0, 0, 0
L 444.0, -992.0, 4.0, 464.0, -993.0, 4.0, 0, 0, 0
L 444.0, -1000.0, 2.0, 444.0, -992.0, 4.0, 0, 0, 0
L 454.0, -1000.0, 2.0, 444.0, -1000.0, 2.0, 0, 0, 0
L 454.0, -1020.0, 1.0, 454.0, -1000.0, 2.0, 0, 0, 0
L 415.0, -1020.0, 1.0, 454.0, -1020.0, 1.0, 0, 0, 0
L 415.0, -1000.0, 2.0, 415.0, -1020.0, 1.0, 0, 0, 0
L 423.0, -1000.0, 2.0, 415.0, -1000.0, 2.0, 0, 0, 0
L 424.0, -992.0, 4.0, 423.0, -1000.0, 2.0, 0, 0, 0
L 390.0, -992.0, 4.0, 424.0, -992.0, 4.0, 0, 0, 0
L 390.0, -1000.0, 2.0, 390.0, -992.0, 4.0, 0, 0, 0
L 410.0, -1000.0, 2.0, 390.0, -1000.0, 2.0, 0, 0, 0
L 410.0, -1020.0, 1.0, 410.0, -1000.0, 2.0, 0, 0, 0
L 349.0, -1020.0, 1.0, 410.0, -1020.0, 1.0, 0, 0, 0
L 349.0, -1000.0, 2.0, 349.0, -1020.0, 1.0, 0, 0, 0
L 370.0, -1000.0, 2.0, 349.0, -1000.0, 2.0, 0, 0, 0
L 370.0, -992.0, 4.0, 370.0, -1000.0, 2.0, 0, 0, 0
L 334.0, -992.0, 4.0, 370.0, -992.0, 4.0, 0, 0, 0
L 334.0, -1000.0, 2.0, 334.0, -992.0, 4.0, 0, 0, 0
L 344.0, -1000.0, 2.0, 334.0, -1000.0, 2.0, 0, 0, 0
L 344.0, -1020.0, 1.0, 344.0, -1000.0, 2.0, 0, 0, 0
L 305.0, -1020.0, 1.0, 344.0, -1020.0, 1.0, 0, 0, 0
L 305.0, -1000.0, 2.0, 305.0, -1020.0, 1.0, 0, 0, 0
L 315.0, -1000.0, 2.0, 305.0, -1000.0, 2.0, 0, 0, 0
L 315.0, -992.0, 4.0, 315.0, -1000.0, 2.0, 0, 0, 0
L 311.0, -993.0, 4.0, 315.0, -992.0, 4.0, 0, 0, 0
L 298.0, -994.0, 4.0, 311.0, -993.0, 4.0, 0, 0, 0
L 298.0, -997.0, 4.0, 298.0, -994.0, 4.0, 0, 0, 0
L 285.0, -997.0, 4.0, 298.0, -997.0, 4.0, 0, 0, 0
L 287.0, -919.0, -10.0, 285.0, -997.0, 4.0, 0, 0, 0
L 247.0, -918.0, -9.0, 287.0, -919.0, -10.0, 0, 0, 0
L 229.0, -919.0, -10.0, 247.0, -918.0, -9.0, 0, 0, 0
L 229.0, -927.0, -10.0, 229.0, -919.0, -10.0, 0, 0, 0
L 194.0, -950.0, -24.0, 229.0, -927.0, -10.0, 0, 0, 0
L 168.0, -983.0, -10.0, 194.0, -950.0, -24.0, 0, 0, 0
L 130.0, -982.0, -3.0, 168.0, -983.0, -10.0, 0, 0, 0
L 107.0, -947.0, -24.0, 130.0, -982.0, -3.0, 0, 0, 0
L 79.0, -926.0, -12.0, 107.0, -947.0, -24.0, 0, 0, 0
L 71.0, -914.0, -9.0, 79.0, -926.0, -12.0, 0, 0, 0
L 55.0, -914.0, -9.0, 71.0, -914.0, -9.0, 0, 0, 0
L -108.0, -1131.0, -17.0, -56.0, -1134.0, -17.0, 0, 0, 0
L -104.0, -1083.0, -19.0, -108.0, -1131.0, -17.0, 0, 0, 0
L -81.0, -1066.0, -19.0, -104.0, -1083.0, -19.0, 0, 0, 0
L -81.0, -1038.0, -19.0, -81.0, -1066.0, -19.0, 0, 0, 0
L -71.0, -1028.0, -19.0, -81.0, -1038.0, -19.0, 0, 0, 0
L -26.0, -1029.0, -19.0, -71.0, -1028.0, -19.0, 0, 0, 0
L -28.0, -1017.0, -19.0, -26.0, -1029.0, -19.0, 0, 0, 0
L 5.0, -1006.0, -18.0, 4.0, -991.0, -23.0, 0, 0, 0
L -2.0, -1017.0, -19.0, 5.0, -1006.0, -18.0, 0, 0, 0
L -5.0, -1029.0, -19.0, -2.0, -1017.0, -19.0, 0, 0, 0
L 26.0, -1028.0, -19.0, -5.0, -1029.0, -19.0, 0, 0, 0
L 36.0, -1037.0, -14.0, 26.0, -1028.0, -19.0, 0, 0, 0
L 22.0, -1266.0, -58.0, 24.0, -1134.0, -19.0, 0, 0, 0
L 28.0, -1272.0, -61.0, 22.0, -1266.0, -58.0, 0, 0, 0
L 59.0, -1272.0, -54.0, 28.0, -1272.0, -61.0, 0, 0, 0
L 86.0, -1298.0, -53.0, 59.0, -1272.0, -54.0, 0, 0, 0
L 86.0, -1323.0, -47.0, 86.0, -1298.0, -53.0, 0, 0, 0
L 80.0, -1330.0, -46.0, 86.0, -1323.0, -47.0, 0, 0, 0
L 80.0, -1413.0, -46.0, 80.0, -1330.0, -46.0, 0, 0, 0
L 41.0, -1413.0, -46.0, 80.0, -1413.0, -46.0, 0, 0, 0
L 41.0, -1375.0, -46.0, 41.0, -1413.0, -46.0, 0, 0, 0
L 48.0, -1364.0, -46.0, 41.0, -1375.0, -46.0, 0, 0, 0
L 66.0, -1364.0, -46.0, 48.0, -1364.0, -46.0, 0, 0, 0
L 65.0, -1343.0, -46.0, 66.0, -1364.0, -46.0, 0, 0, 0
L 60.0, -1349.0, -46.0, 65.0, -1343.0, -46.0, 0, 0, 0
L -34.0, -1349.0, -46.0, 60.0, -1349.0, -46.0, 0, 0, 0
L -42.0, -1343.0, -46.0, -34.0, -1349.0, -46.0, 0, 0, 0
L -40.0, -1364.0, -46.0, -42.0, -1343.0, -46.0, 0, 0, 0
L -15.0, -1364.0, -46.0, -40.0, -1364.0, -46.0, 0, 0, 0
L -15.0, -1413.0, -46.0, -15.0, -1364.0, -46.0, 0, 0, 0
L -53.0, -1413.0, -46.0, -15.0, -1413.0, -46.0, 0, 0, 0
L -54.0, -1328.0, -46.0, -53.0, -1413.0, -46.0, 0, 0, 0
L -60.0, -1323.0, -47.0, -54.0, -1328.0, -46.0, 0, 0, 0
L -60.0, -1299.0, -53.0, -60.0, -1323.0, -47.0, 0, 0, 0
L -34.0, -1272.0, -53.0, -60.0, -1299.0, -53.0, 0, 0, 0
L 1.0, -1274.0, -61.0, -34.0, -1272.0, -53.0, 0, 0, 0
L 0.0, -1134.0, -19.0, 1.0, -1274.0, -61.0, 0, 0, 0
L 36.0, -1135.0, -19.0, 36.0, -1037.0, -14.0, 0, 0, 0
L 24.0, -1134.0, -19.0, 36.0, -1135.0, -19.0, 0, 0, 0
L -9.0, -1111.0, -20.0, 0.0, -1134.0, -19.0, 0, 0, 0
L -44.0, -1111.0, -19.0, -9.0, -1111.0, -20.0, 0, 0, 0
L -56.0, -1134.0, -17.0, -44.0, -1111.0, -19.0, 0, 0, 0
L -208.0, -415.0, -38.0, -191.0, -415.0, -38.0, 0, 0, 0
L -210.0, -388.0, -38.0, -208.0, -415.0, -38.0, 0, 0, 0
L -298.0, -388.0, -38.0, -210.0, -388.0, -38.0, 0, 0, 0
L -347.0, -391.0, -23.0, -298.0, -388.0, -38.0, 0, 0, 0
L -348.0, -483.0, 0.0, -347.0, -391.0, -23.0, 0, 0, 0
L -358.0, -498.0, -1.0, -348.0, -483.0, 1.0, 0, 0, 0
L -438.0, -499.0, 14.0, -358.0, -498.0, -1.0, 0, 0, 0
L -438.0, -509.0, 10.0, -438.0, -499.0, 14.0, 0, 0, 0
L -501.0, -509.0, 14.0, -438.0, -509.0, 10.0, 0, 0, 0
L -501.0, -416.0, 16.0, -501.0, -509.0, 14.0, 0, 0, 0
L -482.0, -415.0, 20.0, -501.0, -416.0, 16.0, 0, 0, 0
L -484.0, -409.0, 21.0, -482.0, -415.0, 20.0, 0, 0, 0
L -494.0, -389.0, 29.0, -484.0, -409.0, 21.0, 0, 0, 0
L -501.0, -368.0, 31.0, -494.0, -389.0, 29.0, 0, 0, 0
L -478.0, -367.0, 31.0, -501.0, -368.0, 31.0, 0, 0, 0
L -463.0, -379.0, 29.0, -478.0, -367.0, 31.0, 0, 0, 0
L -463.0, -416.0, 14.0, -463.0, -379.0, 29.0, 0, 0, 0
L -438.0, -416.0, 19.0, -463.0, -416.0, 14.0, 0, 0, 0
L -438.0, -477.0, 13.0, -438.0, -416.0, 19.0, 0, 0, 0
L -431.0, -479.0, 16.0, -438.0, -477.0, 13.0, 0, 0, 0
L -369.0, -473.0, -1.0, -431.0, -479.0, 16.0, 0, 0, 0
L -368.0, -401.0, -25.0, -369.0, -473.0, -1.0, 0, 0, 0
L -360.0, -371.0, -27.0, -368.0, -401.0, -25.0, 0, 0, 0
L -298.0, -369.0, -40.0, -360.0, -371.0, -27.0, 0, 0, 0
L -190.0, -369.0, -38.0, -298.0, -369.0, -40.0, 0, 0, 0
L -191.0, -395.0, -38.0, -190.0, -369.0, -38.0, 0, 0, 0
L 100.0, -468.0, -18.0, 124.0, -469.0, -17.0, 0, 0, 0
L 187.0, -439.0, -17.0, 267.0, -439.0, -17.0, 0, 0, 0
L 187.0, -480.0, -17.0, 187.0, -439.0, -17.0, 0, 0, 0
L 182.0, -479.0, -18.0, 187.0, -480.0, -17.0, 0, 0, 0
L 179.0, -468.0, -18.0, 182.0, -479.0, -18.0, 0, 0, 0
L 146.0, -469.0, -17.0, 179.0, -468.0, -18.0, 0, 0, 0
L 92.0, 274.0, -47.0, 75.0, 272.0, -47.0, 178, 102, 255
L 96.0, 299.0, -47.0, 92.0, 274.0, -47.0, 178, 102, 255
L 149.0, 299.0, -47.0, 96.0, 299.0, -47.0, 178, 102, 255
L 155.0, 298.0, -47.0, 149.0, 299.0, -47.0, 178, 102, 255
L 155.0, 272.0, -33.0, 155.0, 298.0, -47.0, 178, 102, 255
L 176.0, 267.0, -47.0, 155.0, 272.0, -33.0, 178, 102, 255
L 242.0, 266.0, -47.0, 176.0, 267.0, -47.0, 178, 102, 255
L 242.0, 210.0, -47.0, 242.0, 266.0, -47.0, 178, 102, 255
L 249.0, 208.0, -40.0, 242.0, 210.0, -47.0, 178, 102, 255
L 289.0, 210.0, -47.0, 249.0, 208.0, -40.0, 178, 102, 255
L 288.0, 230.0, -48.0, 289.0, 210.0, -47.0, 178, 102, 255
L 312.0, 239.0, -29.0, 288.0, 230.0, -48.0, 178, 102, 255
L 312.0, 251.0, -30.0, 312.0, 239.0, -29.0, 178, 102, 255
L 288.0, 252.0, -49.0, 312.0, 251.0, -30.0, 178, 102, 255
L 289.0, 283.0, -47.0, 288.0, 252.0, -49.0, 178, 102, 255
L 242.0, 299.0, -47.0, 289.0, 283.0, -47.0, 178, 102, 255
L 242.0, 290.0, -47.0, 242.0, 299.0, -47.0, 178, 102, 255
L 235.0, 290.0, -47.0, 242.0, 290.0, -47.0, 178, 102, 255
L 235.0, 301.0, -47.0, 235.0, 290.0, -47.0, 178, 102, 255
L 194.0, 315.0, -47.0, 235.0, 301.0, -47.0, 178, 102, 255
L 176.0, 315.0, -47.0, 194.0, 315.0, -47.0, 178, 102, 255
L 177.0, 293.0, -47.0, 176.0, 315.0, -47.0, 178, 102, 255
L 170.0, 292.0, -47.0, 177.0, 293.0, -47.0, 178, 102, 255
L 169.0, 318.0, -47.0, 170.0, 292.0, -47.0, 178, 102, 255
L 37.0, 335.0, -24.0, 169.0, 318.0, -47.0, 178, 102, 255
L 39.0, 593.0, -21.0, 39.0, 585.0, -22.0, 0, 0, 0
L 12.0, 592.0, -21.0, 39.0, 593.0, -21.0, 0, 0, 0
L 12.0, 667.0, -21.0, 12.0, 592.0, -21.0, 0, 0, 0
L 86.0, 667.0, -21.0, 12.0, 667.0, -21.0, 0, 0, 0
L 90.0, 613.0, -21.0, 86.0, 667.0, -21.0, 0, 0, 0
L 69.0, 611.0, -21.0, 90.0, 613.0, -21.0, 0, 0, 0
L 69.0, 592.0, -21.0, 69.0, 611.0, -21.0, 0, 0, 0
L 61.0, 593.0, -21.0, 69.0, 592.0, -21.0, 0, 0, 0
L 60.0, 585.0, -22.0, 61.0, 593.0, -21.0, 0, 0, 0
L -132.0, -905.0, -11.0, -166.0, -902.0, -20.0, 0, 0, 0
L -166.0, -902.0, -20.0, -173.0, -904.0, -21.0, 0, 0, 0
L -173.0, -904.0, -21.0, -172.0, -912.0, -21.0, 0, 0, 0
L -172.0, -912.0, -21.0, -173.0, -926.0, -21.0, 0, 0, 0
L -173.0, -926.0, -21.0, -182.0, -933.0, -23.0, 0, 0, 0
L -182.0, -933.0, -23.0, -198.0, -932.0, -21.0, 0, 0, 0
L -198.0, -932.0, -21.0, -203.0, -928.0, -21.0, 0, 0, 0
L -203.0, -928.0, -21.0, -208.0, -922.0, -22.0, 0, 0, 0
L -208.0, -922.0, -22.0, -208.0, -866.0, -22.0, 0, 0, 0
L -208.0, -866.0, -22.0, -198.0, -858.0, -21.0, 0, 0, 0
L -198.0, -858.0, -21.0, -180.0, -858.0, -24.0, 0, 0, 0
L -180.0, -858.0, -24.0, -172.0, -866.0, -21.0, 0, 0, 0
L -172.0, -866.0, -21.0, -175.0, -882.0, -22.0, 0, 0, 0
L -175.0, -882.0, -22.0, -172.0, -888.0, -22.0, 0, 0, 0
L -172.0, -888.0, -22.0, -169.0, -892.0, -21.0, 0, 0, 0
L -169.0, -892.0, -21.0, -164.0, -889.0, -20.0, 0, 0, 0
L -164.0, -889.0, -20.0, -159.0, -887.0, -17.0, 0, 0, 0
L -159.0, -887.0, -17.0, -142.0, -887.0, -11.0, 0, 0, 0
L -142.0, -887.0, -11.0, -137.0, -889.0, -10.0, 0, 0, 0
L -137.0, -889.0, -10.0, -129.0, -888.0, -11.0, 0, 0, 0
L -129.0, -888.0, -11.0, -126.0, -888.0, -11.0, 0, 0, 0
L -126.0, -888.0, -11.0, -123.0, -887.0, -11.0, 0, 0, 0
L -123.0, -887.0, -11.0, -111.0, -887.0, -11.0, 0, 0, 0
L -111.0, -887.0, -11.0, -103.0, -889.0, -11.0, 0, 0, 0
L -103.0, -889.0, -11.0, -102.0, -879.0, -11.0, 0, 0, 0
L -102.0, -879.0, -11.0, -99.0, -837.0, -11.0, 0, 0, 0
L -99.0, -837.0, -11.0, -61.0, -837.0, -11.0, 0, 0, 0
L -61.0, -837.0, -11.0, -54.0, -839.0, -11.0, 0, 0, 0
L -54.0, -839.0, -11.0, -51.0, -836.0, -11.0, 0, 0, 0
L -51.0, -836.0, -11.0, -43.0, -834.0, -11.0, 0, 0, 0
L -43.0, -834.0, -11.0, -44.0, -829.0, -11.0, 0, 0, 0
L -44.0, -829.0, -11.0, -44.0, -813.0, -11.0, 0, 0, 0
L -44.0, -813.0, -11.0, -19.0, -813.0, -11.0, 0, 0, 0
L -19.0, -813.0, -11.0, -16.0, -785.0, -10.0, 0, 0, 0
L -16.0, -785.0, -10.0, -15.0, -782.0, -10.0, 0, 0, 0
L -15.0, -782.0, -10.0, -16.0, -771.0, -12.0, 0, 0, 0
L -16.0, -771.0, -12.0, -16.0, -752.0, -18.0, 0, 0, 0
L -16.0, -752.0, -18.0, -16.0, -743.0, -21.0, 0, 0, 0
L -16.0, -743.0, -21.0, -16.0, -720.0, -29.0, 0, 0, 0
L -16.0, -720.0, -29.0, -16.0, -712.0, -32.0, 0, 0, 0
L -16.0, -712.0, -32.0, -23.0, -711.0, -32.0, 0, 0, 0
L -23.0, -711.0, -32.0, -28.0, -712.0, -32.0, 0, 0, 0
L -28.0, -712.0, -32.0, -40.0, -712.0, -31.0, 0, 0, 0
L -40.0, -712.0, -31.0, -42.0, -702.0, -32.0, 0, 0, 0
L -42.0, -702.0, -32.0, -49.0, -695.0, -33.0, 0, 0, 0
L -49.0, -695.0, -33.0, -54.0, -692.0, -32.0, 0, 0, 0
L -54.0, -692.0, -32.0, -59.0, -690.0, -32.0, 0, 0, 0
L -59.0, -690.0, -32.0, -64.0, -681.0, -31.0, 0, 0, 0
L -64.0, -681.0, -31.0, -68.0, -684.0, -31.0, 0, 0, 0
L -68.0, -684.0, -31.0, -71.0, -684.0, -32.0, 0, 0, 0
L -71.0, -684.0, -32.0, -108.0, -684.0, -32.0, 0, 0, 0
L -108.0, -684.0, -32.0, -111.0, -683.0, -32.0, 0, 0, 0
L -111.0, -683.0, -32.0, -114.0, -664.0, -32.0, 0, 0, 0
L -114.0, -664.0, -32.0, -115.0, -657.0, -32.0, 0, 0, 0
L -115.0, -657.0, -32.0, -122.0, -659.0, -32.0, 0, 0, 0
L -122.0, -659.0, -32.0, -122.0, -664.0, -34.0, 0, 0, 0
L -122.0, -664.0, -34.0, -121.0, -668.0, -34.0, 0, 0, 0
L -121.0, -668.0, -34.0, -121.0, -680.0, -32.0, 0, 0, 0
L -121.0, -680.0, -32.0, -146.0, -680.0, -33.0, 0, 0, 0
L -146.0, -680.0, -33.0, -154.0, -682.0, -33.0, 0, 0, 0
L -154.0, -682.0, -33.0, -160.0, -681.0, -29.0, 0, 0, 0
L -160.0, -681.0, -29.0, -161.0, -680.0, -29.0, 0, 0, 0
L -161.0, -680.0, -29.0, -168.0, -679.0, -32.0, 0, 0, 0
L -168.0, -679.0, -32.0, -178.0, -665.0, -32.0, 0, 0, 0
L -178.0, -665.0, -32.0, -181.0, -660.0, -32.0, 0, 0, 0
L -181.0, -660.0, -32.0, -181.0, -627.0, -32.0, 0, 0, 0
L -181.0, -627.0, -32.0, -173.0, -615.0, -32.0, 0, 0, 0
L -173.0, -615.0, -32.0, -168.0, -609.0, -32.0, 0, 0, 0
L -168.0, -609.0, -32.0, -151.0, -608.0, -32.0, 0, 0, 0
L -151.0, -608.0, -32.0, -150.0, -538.0, -17.0, 0, 0, 0
L -150.0, -538.0, -17.0, -151.0, -532.0, -16.0, 0, 0, 0
L -151.0, -532.0, -16.0, -162.0, -533.0, -16.0, 0, 0, 0
L -162.0, -533.0, -16.0, -170.0, -535.0, -16.0, 0, 0, 0
L -170.0, -535.0, -16.0, -204.0, -535.0, -16.0, 0, 0, 0
L -204.0, -535.0, -16.0, -208.0, -534.0, -13.0, 0, 0, 0
L -208.0, -534.0, -13.0, -209.0, -534.0, -13.0, 0, 0, 0
L -209.0, -534.0, -13.0, -214.0, -528.0, -12.0, 0, 0, 0
L -214.0, -528.0, -12.0, -214.0, -519.0, -9.0, 0, 0, 0
L -214.0, -519.0, -9.0, -211.0, -516.0, -14.0, 0, 0, 0
L -211.0, -516.0, -14.0, -108.0, -516.0, -16.0, 0, 0, 0
L -108.0, -516.0, -16.0, -104.0, -496.0, -16.0, 0, 0, 0
L -104.0, -496.0, -16.0, -105.0, -482.0, -16.0, 0, 0, 0
L -105.0, -482.0, -16.0, -106.0, -459.0, -16.0, 0, 0, 0
L -106.0, -459.0, -16.0, -117.0, -459.0, -16.0, 0, 0, 0
L -117.0, -459.0, -16.0, -128.0, -459.0, -8.0, 0, 0, 0
L -128.0, -459.0, -8.0, -131.0, -458.0, -5.0, 0, 0, 0
L -131.0, -458.0, -5.0, -132.0, -458.0, -3.0, 0, 0, 0
L -132.0, -458.0, -3.0, -132.0, -443.0, -14.0, 0, 0, 0
L -132.0, -443.0, -14.0, -132.0, -436.0, -17.0, 0, 0, 0
L -132.0, -436.0, -17.0, -138.0, -435.0, -17.0, 0, 0, 0
L -138.0, -435.0, -17.0, -143.0, -437.0, -18.0, 0, 0, 0
L -143.0, -437.0, -18.0, -144.0, -441.0, -18.0, 0, 0, 0
L -144.0, -441.0, -18.0, -154.0, -455.0, -18.0, 0, 0, 0
L -154.0, -455.0, -18.0, -176.0, -461.0, -18.0, 0, 0, 0
L -176.0, -461.0, -18.0, -184.0, -465.0, -19.0, 0, 0, 0
L -184.0, -465.0, -19.0, -184.0, -420.0, -43.0, 0, 0, 0
L -184.0, -420.0, -43.0, -184.0, -413.0, -43.0, 0, 0, 0
L -184.0, -389.0, -43.0, -184.0, -366.0, -43.0, 0, 0, 0
L -184.0, -366.0, -43.0, -178.0, -359.0, -37.0, 0, 0, 0
L -178.0, -359.0, -37.0, -174.0, -353.0, -34.0, 0, 0, 0
L -174.0, -353.0, -34.0, -169.0, -344.0, -34.0, 0, 0, 0
L -169.0, -344.0, -34.0, -168.0, -338.0, -31.0, 0, 0, 0
L -168.0, -338.0, -31.0, -164.0, -335.0, -31.0, 0, 0, 0
L -164.0, -335.0, -31.0, -161.0, -334.0, -31.0, 0, 0, 0
L -161.0, -334.0, -31.0, -155.0, -327.0, -27.0, 0, 0, 0
L -155.0, -327.0, -27.0, -148.0, -318.0, -23.0, 0, 0, 0
L -148.0, -318.0, -23.0, -147.0, -317.0, -22.0, 0, 0, 0
L -147.0, -317.0, -22.0, -140.0, -309.0, -18.0, 0, 0, 0
L -140.0, -309.0, -18.0, -131.0, -308.0, -17.0, 0, 0, 0
L -131.0, -308.0, -17.0, -123.0, -308.0, -17.0, 0, 0, 0
L -123.0, -308.0, -17.0, -123.0, -307.0, -17.0, 0, 0, 0
L -123.0, -307.0, -17.0, -123.0, -301.0, -16.0, 0, 0, 0
L -123.0, -301.0, -16.0, -123.0, -294.0, -16.0, 0, 0, 0
L -123.0, -294.0, -16.0, -119.0, -292.0, -16.0, 0, 0, 0
L -119.0, -292.0, -16.0, -118.0, -292.0, -16.0, 0, 0, 0
L -118.0, -292.0, -16.0, -114.0, -291.0, -8.0, 0, 0, 0
L -114.0, -291.0, -8.0, -112.0, -290.0, -3.0, 0, 0, 0
L -112.0, -290.0, -3.0, -108.0, -298.0, -7.0, 0, 0, 0
L -108.0, -298.0, -7.0, -107.0, -300.0, -9.0, 0, 0, 0
L -107.0, -300.0, -9.0, -109.0, -302.0, -15.0, 0, 0, 0
L -109.0, -302.0, -14.0, -109.0, -307.0, -17.0, 0, 0, 0
L -109.0, -307.0, -17.0, -102.0, -309.0, -19.0, 0, 0, 0
L -102.0, -309.0, -19.0, -93.0, -308.0, -18.0, 0, 0, 0
L -93.0, -308.0, -18.0, -78.0, -309.0, -18.0, 0, 0, 0
L -78.0, -309.0, -18.0, -66.0, -319.0, -19.0, 0, 0, 0
L -66.0, -319.0, -19.0, -57.0, -319.0, -19.0, 0, 0, 0
L -57.0, -319.0, -19.0, -53.0, -320.0, -18.0, 0, 0, 0
L -53.0, -320.0, -18.0, -46.0, -324.0, -17.0, 0, 0, 0
L -46.0, -324.0, -17.0, -40.0, -332.0, -17.0, 0, 0, 0
L -40.0, -332.0, -17.0, -42.0, -359.0, -21.0, 0, 0, 0
L -42.0, -359.0, -21.0, -41.0, -365.0, -29.0, 0, 0, 0
L -41.0, -365.0, -29.0, -41.0, -367.0, -32.0, 0, 0, 0
L -41.0, -367.0, -32.0, -40.0, -373.0, -38.0, 0, 0, 0
L -40.0, -373.0, -38.0, -40.0, -374.0, -46.0, 0, 0, 0
L -40.0, -374.0, -46.0, -41.0, -383.0, -46.0, 0, 0, 0
L -41.0, -383.0, -46.0, -41.0, -384.0, -46.0, 0, 0, 0
L -41.0, -384.0, -46.0, -40.0, -401.0, -46.0, 0, 0, 0
L -40.0, -401.0, -46.0, -39.0, -410.0, -45.0, 0, 0, 0
L -39.0, -410.0, -45.0, -38.0, -409.0, -44.0, 0, 0, 0
L -38.0, -409.0, -44.0, -25.0, -407.0, -44.0, 0, 0, 0
L -25.0, -407.0, -44.0, -17.0, -410.0, -44.0, 0, 0, 0
L -17.0, -410.0, -44.0, -18.0, -429.0, -44.0, 0, 0, 0
L -18.0, -429.0, -44.0, -17.0, -436.0, -44.0, 0, 0, 0
L -17.0, -436.0, -44.0, -11.0, -435.0, -44.0, 0, 0, 0
L -11.0, -435.0, -44.0, -6.0, -434.0, -44.0, 0, 0, 0
L -6.0, -434.0, -44.0, 8.0, -435.0, -42.0, 0, 0, 0
L 8.0, -435.0, -42.0, 20.0, -435.0, -40.0, 0, 0, 0
L 20.0, -435.0, -40.0, 24.0, -433.0, -38.0, 0, 0, 0
L 24.0, -433.0, -38.0, 28.0, -433.0, -36.0, 0, 0, 0
L 28.0, -433.0, -36.0, 42.0, -434.0, -31.0, 0, 0, 0
L 42.0, -434.0, -31.0, 43.0, -435.0, -31.0, 0, 0, 0
L 43.0, -435.0, -31.0, 54.0, -433.0, -27.0, 0, 0, 0
L 54.0, -433.0, -27.0, 58.0, -433.0, -25.0, 0, 0, 0
L 58.0, -433.0, -25.0, 72.0, -433.0, -20.0, 0, 0, 0
L 72.0, -433.0, -20.0, 84.0, -434.0, -20.0, 0, 0, 0
L 84.0, -434.0, -20.0, 86.0, -434.0, -20.0, 0, 0, 0
L 86.0, -434.0, -20.0, 99.0, -433.0, -19.0, 0, 0, 0
L 99.0, -433.0, -19.0, 104.0, -435.0, -20.0, 0, 0, 0
L 104.0, -435.0, -20.0, 106.0, -435.0, -20.0, 0, 0, 0
L 106.0, -435.0, -20.0, 113.0, -432.0, -20.0, 0, 0, 0
L 113.0, -432.0, -20.0, 114.0, -427.0, -20.0, 0, 0, 0
L 114.0, -427.0, -20.0, 145.0, -427.0, -20.0, 0, 0, 0
L 145.0, -427.0, -20.0, 153.0, -426.0, -20.0, 0, 0, 0
L 153.0, -426.0, -20.0, 152.0, -425.0, -20.0, 0, 0, 0
L 152.0, -425.0, -20.0, 147.0, -417.0, -20.0, 0, 0, 0
L 147.0, -417.0, -20.0, 145.0, -382.0, -21.0, 0, 0, 0
L 145.0, -382.0, -21.0, 149.0, -379.0, -21.0, 0, 0, 0
L 149.0, -379.0, -21.0, 194.0, -380.0, -20.0, 0, 0, 0
L 194.0, -380.0, -20.0, 197.0, -379.0, -20.0, 0, 0, 0
L 197.0, -379.0, -20.0, 196.0, -371.0, -20.0, 0, 0, 0
L 196.0, -371.0, -20.0, 192.0, -371.0, -20.0, 0, 0, 0
L 192.0, -371.0, -20.0, 186.0, -371.0, -20.0, 0, 0, 0
L 186.0, -371.0, -20.0, 180.0, -372.0, -20.0, 0, 0, 0
L 180.0, -372.0, -20.0, 170.0, -369.0, -20.0, 0, 0, 0
L 170.0, -369.0, -20.0, 171.0, -357.0, -20.0, 0, 0, 0
L 171.0, -357.0, -20.0, 170.0, -350.0, -20.0, 0, 0, 0
L 170.0, -350.0, -20.0, 171.0, -327.0, -19.0, 0, 0, 0
L 171.0, -327.0, -19.0, 171.0, -326.0, -19.0, 0, 0, 0
L 171.0, -326.0, -19.0, 171.0, -318.0, -20.0, 0, 0, 0
L 171.0, -318.0, -20.0, 166.0, -317.0, -20.0, 0, 0, 0
L 166.0, -317.0, -20.0, 163.0, -314.0, -20.0, 0, 0, 0
L 163.0, -314.0, -20.0, 163.0, -285.0, -20.0, 0, 0, 0
L 163.0, -285.0, -20.0, 164.0, -277.0, -20.0, 0, 0, 0
L 164.0, -277.0, -20.0, 155.0, -278.0, -20.0, 0, 0, 0
L 155.0, -278.0, -20.0, 152.0, -272.0, -17.0, 0, 0, 0
L 152.0, -272.0, -17.0, 149.0, -271.0, -17.0, 0, 0, 0
L 149.0, -271.0, -17.0, 146.0, -268.0, -17.0, 0, 0, 0
L 146.0, -268.0, -17.0, 143.0, -263.0, -20.0, 0, 0, 0
L 143.0, -263.0, -20.0, 134.0, -262.0, -20.0, 0, 0, 0
L 134.0, -262.0, -20.0, 132.0, -263.0, -20.0, 0, 0, 0
L 132.0, -263.0, -20.0, 122.0, -263.0, -23.0, 0, 0, 0
L 122.0, -263.0, -23.0, 111.0, -259.0, -19.0, 0, 0, 0
L 111.0, -259.0, -19.0, 111.0, -251.0, -20.0, 0, 0, 0
L 111.0, -251.0, -20.0, 109.0, -243.0, -20.0, 0, 0, 0
L 109.0, -243.0, -20.0, 111.0, -238.0, -20.0, 0, 0, 0
L 111.0, -238.0, -20.0, 111.0, -218.0, -21.0, 0, 0, 0
L 111.0, -218.0, -21.0, 98.0, -216.0, -22.0, 0, 0, 0
L 98.0, -216.0, -22.0, 102.0, -207.0, -20.0, 0, 0, 0
L 102.0, -207.0, -20.0, 102.0, -205.0, -20.0, 0, 0, 0
L 102.0, -205.0, -20.0, 101.0, -195.0, -20.0, 0, 0, 0
L 101.0, -195.0, -20.0, 99.0, -195.0, -20.0, 0, 0, 0
L 99.0, -195.0, -20.0, 99.0, -174.0, -20.0, 0, 0, 0
L 99.0, -174.0, -20.0, 110.0, -171.0, -20.0, 0, 0, 0
L 110.0, -171.0, -20.0, 111.0, -169.0, -20.0, 0, 0, 0
L 111.0, -169.0, -20.0, 111.0, -158.0, -19.0, 0, 0, 0
L 111.0, -158.0, -19.0, 109.0, -151.0, -15.0, 0, 0, 0
L 109.0, -151.0, -15.0, 108.0, -145.0, -14.0, 0, 0, 0
L 108.0, -145.0, -14.0, 109.0, -136.0, -10.0, 0, 0, 0
L 109.0, -136.0, -10.0, 110.0, -126.0, -7.0, 0, 0, 0
L 110.0, -126.0, -7.0, 109.0, -120.0, -4.0, 0, 0, 0
L 109.0, -120.0, -4.0, 109.0, -105.0, 1.0, 0, 0, 0
L 110.0, -103.0, 0.0, 109.0, -105.0, 1.0, 0, 0, 0
L 110.0, -103.0, 0.0, 110.0, -67.0, 1.0, 0, 0, 0
L 110.0, -67.0, 1.0, 108.0, -65.0, 0.0, 0, 0, 0
L 108.0, -65.0, 0.0, 106.0, -65.0, 0.0, 0, 0, 0
L 106.0, -65.0, 0.0, 102.0, -66.0, 0.0, 0, 0, 0
L 102.0, -66.0, 0.0, 102.0, -64.0, 0.0, 0, 0, 0
L 102.0, -64.0, 0.0, 102.0, -33.0, 1.0, 0, 0, 0
L 102.0, -33.0, 1.0, 103.0, -32.0, 1.0, 0, 0, 0
L 103.0, -32.0, 1.0, 103.0, -30.0, 1.0, 0, 0, 0
L 103.0, -30.0, 1.0, 102.0, -27.0, 1.0, 0, 0, 0
L 102.0, -27.0, 1.0, 101.0, -26.0, 0.0, 0, 0, 0
L 101.0, -26.0, 0.0, 96.0, -26.0, 1.0, 0, 0, 0
L 96.0, -26.0, 1.0, 94.0, -27.0, 0.0, 0, 0, 0
L 94.0, -27.0, 0.0, 94.0, -28.0, 0.0, 0, 0, 0
L 94.0, -28.0, 0.0, 94.0, -30.0, 1.0, 0, 0, 0
L 94.0, -30.0, 1.0, 91.0, -33.0, 0.0, 0, 0, 0
L 91.0, -33.0, 0.0, 89.0, -33.0, 0.0, 0, 0, 0
L 89.0, -33.0, 0.0, 86.0, -33.0, 1.0, 0, 0, 0
L 63.0, -33.0, 0.0, 57.0, -32.0, 0.0, 0, 0, 0
L 57.0, -32.0, 0.0, 54.0, -29.0, 0.0, 0, 0, 0
L 54.0, -29.0, 0.0, 55.0, 15.0, 1.0, 0, 0, 0
L 55.0, 15.0, 1.0, 55.0, 17.0, 0.0, 0, 0, 0
L 55.0, 17.0, 0.0, 53.0, 19.0, 0.0, 0, 0, 0
L 53.0, 19.0, 0.0, 48.0, 19.0, 1.0, 0, 0, 0
L 48.0, 19.0, 1.0, 47.0, 18.0, 1.0, 0, 0, 0
L 47.0, 18.0, 1.0, 46.0, 17.0, 0.0, 0, 0, 0
L 46.0, 17.0, 0.0, 46.0, 12.0, 0.0, 0, 0, 0
L 46.0, 12.0, 0.0, 47.0, -8.0, -0.0, 0, 0, 0
L 47.0, -8.0, -0.0, 45.0, -8.0, 0.0, 0, 0, 0
L 45.0, -8.0, 0.0, 44.3, -8.0, 0.0, 0, 0, 0
L 5.0, -8.0, 1.0, 4.0, -7.0, 0.0, 0, 0, 0
L 4.0, -7.0, 0.0, -10.0, -9.0, 0.0, 0, 0, 0
L -10.0, -9.0, 0.0, -28.0, -9.0, 1.0, 0, 0, 0
L -28.0, -9.0, 1.0, -29.0, -12.0, 0.0, 0, 0, 0
L -29.0, -12.0, 0.0, -29.0, -33.0, 1.0, 0, 0, 0
L -29.0, -33.0, 1.0, -27.0, -34.0, 0.0, 0, 0, 0
L -27.0, -34.0, 0.0, -16.0, -48.0, 0.0, 0, 0, 0
L -16.0, -48.0, 0.0, -8.0, -60.0, 0.0, 0, 0, 0
L -8.0, -60.0, 0.0, -12.0, -74.0, -1.0, 0, 0, 0
L -12.0, -74.0, -1.0, -12.0, -75.0, -1.0, 0, 0, 0
L -12.0, -75.0, -1.0, -16.0, -75.0, 2.0, 0, 0, 0
L -16.0, -75.0, 2.0, -24.0, -75.0, 3.0, 0, 0, 0
L -24.0, -75.0, 3.0, -26.0, -75.0, 3.0, 0, 0, 0
L -26.0, -75.0, 3.0, -35.0, -77.0, 4.0, 0, 0, 0
L -35.0, -77.0, 4.0, -45.0, -76.0, 2.0, 0, 0, 0
L -45.0, -76.0, 2.0, -52.0, -74.0, -1.0, 0, 0, 0
L -52.0, -74.0, -1.0, -57.0, -73.0, 1.0, 0, 0, 0
L -57.0, -73.0, 1.0, -72.0, -46.0, 0.0, 0, 0, 0
L -72.0, -46.0, 0.0, -80.0, -34.0, 1.0, 0, 0, 0
L -80.0, -34.0, 1.0, -80.0, -26.0, 1.0, 0, 0, 0
L -80.0, -26.0, 1.0, -82.0, -25.0, 0.0, 0, 0, 0
L -82.0, -25.0, 0.0, -88.0, -27.0, 0.0, 0, 0, 0
L -88.0, -27.0, 0.0, -90.0, -29.0, 0.0, 0, 0, 0
L -104.0, -28.0, 0.0, -112.0, -20.0, 1.0, 0, 0, 0
L -112.0, -20.0, 1.0, -114.0, -4.0, 1.0, 0, 0, 0
L -114.0, -4.0, 1.0, -112.0, 12.0, 7.0, 0, 0, 0
L -112.0, 12.0, 7.0, -112.0, 27.0, 1.0, 0, 0, 0
L -112.0, 27.0, 1.0, -104.0, 36.0, 1.0, 0, 0, 0
L -104.0, 36.0, 1.0, -88.0, 36.0, 1.0, 0, 0, 0
L -88.0, 36.0, 1.0, -88.0, 34.0, 0.0, 0, 0, 0
L -88.0, 34.0, 0.0, -87.0, 33.0, 0.0, 0, 0, 0
L -87.0, 33.0, 0.0, -85.0, 32.0, 0.0, 0, 0, 0
L -85.0, 32.0, 0.0, -84.0, 32.0, 0.0, 0, 0, 0
L -84.0, 32.0, 0.0, -81.0, 32.0, 1.0, 0, 0, 0
L -79.0, 34.0, 0.0, -79.0, 36.0, 0.0, 0, 0, 0
L -79.0, 36.0, 0.0, -79.0, 42.0, -1.0, 0, 0, 0
L -79.0, 42.0, -1.0, -74.0, 51.0, 0.0, 0, 0, 0
L -74.0, 51.0, 0.0, -59.0, 76.0, 0.0, 0, 0, 0
L -59.0, 76.0, 0.0, -56.0, 79.0, 1.0, 0, 0, 0
L -56.0, 79.0, 1.0, -54.0, 79.0, 0.0, 0, 0, 0
L -54.0, 79.0, 0.0, -51.0, 80.0, 0.0, 0, 0, 0
L -51.0, 80.0, 0.0, -49.0, 81.0, 1.0, 0, 0, 0
L -49.0, 81.0, 1.0, -48.0, 83.0, 0.0, 0, 0, 0
L -48.0, 83.0, 0.0, -46.0, 83.0, 0.0, 0, 0, 0
L -46.0, 83.0, 0.0, -43.0, 83.0, 0.0, 0, 0, 0
L -43.0, 83.0, 0.0, -36.0, 83.0, 1.0, 0, 0, 0
L -36.0, 83.0, 1.0, -35.0, 83.0, 0.0, 0, 0, 0
L -35.0, 83.0, 0.0, -35.0, 85.0, 0.0, 0, 0, 0
L -35.0, 85.0, 0.0, -35.0, 90.0, 1.0, 0, 0, 0
L -35.0, 90.0, 1.0, -36.0, 93.0, 0.0, 0, 0, 0
L -36.0, 93.0, 0.0, -37.0, 95.0, 0.0, 0, 0, 0
L -37.0, 95.0, 0.0, -37.0, 97.0, 1.0, 0, 0, 0
L -37.0, 97.0, 1.0, -37.0, 103.0, 3.0, 0, 0, 0
L -37.0, 103.0, 3.0, -32.0, 105.0, 0.0, 0, 0, 0
L -32.0, 105.0, 0.0, -33.0, 114.0, -4.0, 0, 0, 0
L -33.0, 114.0, -4.0, -35.0, 121.0, -7.0, 0, 0, 0
L -35.0, 121.0, -7.0, -36.0, 125.0, -9.0, 0, 0, 0
L -36.0, 125.0, -9.0, -36.0, 134.0, -11.0, 0, 0, 0
L -36.0, 134.0, -11.0, -37.0, 146.0, -13.0, 0, 0, 0
L -37.0, 146.0, -13.0, -36.0, 161.0, -18.0, 0, 0, 0
L -36.0, 161.0, -18.0, -35.0, 168.0, -24.0, 0, 0, 0
L -35.0, 168.0, -24.0, -36.0, 181.0, -24.0, 0, 0, 0
L -36.0, 181.0, -24.0, -36.0, 199.0, -24.0, 0, 0, 0
L -36.0, 199.0, -24.0, -35.0, 207.0, -24.0, 0, 0, 0
L -35.0, 207.0, -24.0, -35.0, 208.0, -24.0, 0, 0, 0
L -35.0, 208.0, -24.0, -34.0, 220.0, -24.0, 0, 0, 0
L -34.0, 220.0, -24.0, -19.0, 218.0, -24.0, 0, 0, 0
L -19.0, 218.0, -24.0, -17.0, 219.0, -24.0, 0, 0, 0
L -17.0, 219.0, -24.0, -16.0, 219.0, -24.0, 0, 0, 0
L -16.0, 219.0, -24.0, -8.0, 223.0, -23.0, 0, 0, 0
L -8.0, 223.0, -23.0, -9.0, 228.0, -24.0, 0, 0, 0
L -9.0, 228.0, -24.0, -13.0, 229.0, -24.0, 0, 0, 0
L -13.0, 229.0, -24.0, -17.0, 228.0, -24.0, 0, 0, 0
L -17.0, 228.0, -24.0, -23.0, 228.0, -24.0, 0, 0, 0
L -23.0, 228.0, -24.0, -43.0, 248.0, -24.0, 0, 0, 0
L -43.0, 248.0, -24.0, -44.0, 258.0, -26.0, 0, 0, 0
L -44.0, 258.0, -26.0, -43.0, 264.0, -31.0, 0, 0, 0
L -43.0, 264.0, -31.0, -42.0, 266.0, -36.0, 0, 0, 0
L -42.0, 266.0, -36.0, -29.0, 266.0, -36.0, 0, 0, 0
L -29.0, 266.0, -36.0, -31.0, 273.0, -43.0, 0, 0, 0
L -31.0, 273.0, -43.0, -33.0, 274.0, -50.0, 0, 0, 0
L -33.0, 274.0, -50.0, -52.0, 272.0, -50.0, 0, 0, 0
L -52.0, 272.0, -50.0, -52.0, 254.0, -50.0, 0, 0, 0
L -52.0, 254.0, -50.0, -87.0, 254.0, -50.0, 0, 0, 0
L -87.0, 254.0, -50.0, -88.0, 274.0, -50.0, 0, 0, 0
L -88.0, 274.0, -50.0, -87.0, 287.0, -50.0, 0, 0, 0
L -87.0, 287.0, -50.0, -87.0, 310.0, -50.0, 0, 0, 0
L -87.0, 310.0, -50.0, -81.0, 310.0, -50.0, 0, 0, 0
L -81.0, 310.0, -50.0, -78.0, 309.0, -50.0, 0, 0, 0
L -78.0, 309.0, -50.0, -64.0, 304.0, -50.0, 0, 0, 0
L -64.0, 304.0, -50.0, -63.0, 305.0, -50.0, 0, 0, 0
L -63.0, 305.0, -50.0, -62.0, 308.0, -50.0, 0, 0, 0
L -62.0, 308.0, -50.0, -52.0, 307.0, -50.0, 0, 0, 0
L -52.0, 307.0, -50.0, -50.0, 290.0, -50.0, 0, 0, 0
L -50.0, 290.0, -50.0, -39.5, 290.0, -50.0, 0, 0, 0
L -39.5, 290.0, -50.0, -43.0, 316.0, -24.0, 0, 0, 0
L -43.0, 316.0, -24.0, -23.0, 336.0, -13.0, 0, 0, 0
L -23.0, 336.0, -13.0, 4.0, 336.0, -24.0, 0, 0, 0
L 4.0, 336.0, -24.0, 11.0, 337.0, -24.0, 0, 0, 0
L 11.0, 337.0, -24.0, 10.0, 345.0, -24.0, 0, 0, 0
L 10.0, 345.0, -24.0, 11.0, 358.0, -13.0, 0, 0, 0
L 11.0, 358.0, -13.0, 13.0, 359.0, -13.0, 0, 0, 0
L 13.0, 359.0, -13.0, 31.0, 359.0, -24.0, 0, 0, 0
L 31.0, 359.0, -24.0, 39.0, 359.0, -24.0, 0, 0, 0
L 39.0, 359.0, -24.0, 39.0, 365.0, -24.0, 0, 0, 0
L 39.0, 365.0, -24.0, 37.0, 369.0, -24.0, 0, 0, 0
L 37.0, 369.0, -24.0, 38.0, 386.0, -24.0, 0, 0, 0
L 38.0, 386.0, -24.0, 36.0, 398.0, -25.0, 0, 0, 0
L 36.0, 398.0, -25.0, 34.0, 412.0, -26.0, 0, 0, 0
L 34.0, 412.0, -26.0, 24.0, 421.0, -30.0, 0, 0, 0
L 24.0, 421.0, -30.0, 17.0, 427.0, -32.0, 0, 0, 0
L 17.0, 427.0, -32.0, 14.0, 432.0, -34.0, 0, 0, 0
L 15.0, 432.0, -33.0, 14.0, 433.0, -29.0, 0, 0, 0
L 14.0, 433.0, -29.0, 9.0, 440.0, -27.0, 0, 0, 0
L 9.0, 440.0, -27.0, 5.0, 446.0, -31.0, 0, 0, 0
L 5.0, 446.0, -31.0, -1.0, 452.0, -38.0, 0, 0, 0
L -1.0, 452.0, -38.0, -28.0, 473.0, -26.0, 0, 0, 0
L -28.0, 473.0, -26.0, -32.0, 482.0, -25.0, 0, 0, 0
L -32.0, 482.0, -25.0, -46.0, 481.0, -25.0, 0, 0, 0
L -46.0, 481.0, -25.0, -50.0, 484.0, -24.0, 0, 0, 0
L -50.0, 484.0, -24.0, -57.0, 482.0, -23.0, 0, 0, 0
L -57.0, 482.0, -23.0, -59.0, 482.0, -23.0, 0, 0, 0
L -59.0, 482.0, -23.0, -68.0, 490.0, -10.0, 0, 0, 0
L -68.0, 490.0, -10.0, -60.0, 497.0, -16.0, 0, 0, 0
L -60.0, 497.0, -16.0, -58.0, 499.0, -19.0, 0, 0, 0
L -58.0, 499.0, -19.0, -54.0, 498.0, -24.0, 0, 0, 0
L -54.0, 498.0, -24.0, -45.0, 499.0, -25.0, 0, 0, 0
L -45.0, 499.0, -25.0, -37.0, 500.0, -25.0, 0, 0, 0
L -37.0, 500.0, -25.0, -27.0, 501.0, -26.0, 0, 0, 0
L -27.0, 501.0, -26.0, -23.0, 503.0, -28.0, 0, 0, 0
L -23.0, 503.0, -28.0, -22.0, 513.0, -29.0, 0, 0, 0
L -22.0, 513.0, -29.0, 7.0, 533.0, -40.0, 0, 0, 0
L 7.0, 533.0, -40.0, 8.0, 534.0, -40.0, 0, 0, 0
L 8.0, 534.0, -40.0, 27.0, 559.0, -29.0, 0, 0, 0
L 27.0, 559.0, -29.0, 31.0, 565.0, -27.0, 0, 0, 0
L 31.0, 565.0, -27.0, 40.0, 568.0, -25.0, 0, 0, 0
L 40.0, 568.0, -25.0, 41.0, 578.0, -25.0, 0, 0, 0
L 41.0, 578.0, -25.0, 39.0, 585.0, -22.0, 0, 0, 0
L 60.0, 585.0, -22.0, 62.0, 561.0, -27.0, 0, 0, 0
L 62.0, 561.0, -27.0, 64.0, 559.0, -28.0, 0, 0, 0
L 64.0, 559.0, -28.0, 72.0, 552.0, -31.0, 0, 0, 0
L 72.0, 552.0, -31.0, 81.0, 545.0, -34.0, 0, 0, 0
L 81.0, 545.0, -34.0, 90.0, 531.0, -40.0, 0, 0, 0
L 90.0, 531.0, -40.0, 100.0, 523.0, -37.0, 0, 0, 0
L 100.0, 523.0, -37.0, 107.0, 517.0, -34.0, 0, 0, 0
L 107.0, 517.0, -34.0, 124.0, 505.0, -27.0, 0, 0, 0
L 124.0, 505.0, -27.0, 129.0, 493.0, -25.0, 0, 0, 0
L 129.0, 493.0, -25.0, 134.0, 493.0, -25.0, 0, 0, 0
L 134.0, 493.0, -25.0, 145.0, 494.0, -23.0, 0, 0, 0
L 145.0, 494.0, -23.0, 155.0, 495.0, -24.0, 0, 0, 0
L 155.0, 495.0, -24.0, 170.0, 495.0, -24.0, 0, 0, 0
L 170.0, 495.0, -24.0, 174.0, 493.0, -24.0, 0, 0, 0
L 174.0, 493.0, -24.0, 179.0, 494.0, -24.0, 0, 0, 0
L 179.0, 494.0, -24.0, 178.0, 500.0, -24.0, 0, 0, 0
L 178.0, 500.0, -24.0, 178.0, 501.0, -24.0, 0, 0, 0
L 178.0, 501.0, -24.0, 178.0, 520.0, -24.0, 0, 0, 0
L 178.0, 520.0, -24.0, 192.0, 522.0, -24.0, 0, 0, 0
L 192.0, 522.0, -24.0, 201.0, 521.0, -19.0, 0, 0, 0
L 201.0, 521.0, -19.0, 203.0, 524.0, -16.0, 0, 0, 0
L 203.0, 524.0, -16.0, 204.0, 527.0, -12.0, 0, 0, 0
L 204.0, 527.0, -12.0, 204.0, 529.0, -9.0, 0, 0, 0
L 204.0, 529.0, -9.0, 200.0, 531.0, -7.0, 0, 0, 0
L 200.0, 531.0, -7.0, 200.0, 533.0, -4.0, 0, 0, 0
L 200.0, 533.0, -4.0, 200.0, 566.0, 1.0, 0, 0, 0
L 200.0, 566.0, 1.0, 206.0, 568.0, 1.0, 0, 0, 0
L 206.0, 568.0, 1.0, 201.0, 575.0, 1.0, 0, 0, 0
L 201.0, 575.0, 1.0, 194.0, 576.0, 1.0, 0, 0, 0
L 194.0, 576.0, 1.0, 190.0, 574.0, 1.0, 0, 0, 0
L 190.0, 574.0, 1.0, 178.0, 576.0, 1.0, 0, 0, 0
L 178.0, 576.0, 1.0, 178.0, 588.0, 1.0, 0, 0, 0
L 178.0, 588.0, 1.0, 178.0, 599.0, 1.0, 0, 0, 0
L 178.0, 599.0, 1.0, 179.0, 617.0, 1.0, 0, 0, 0
L 179.0, 617.0, 1.0, 177.0, 631.0, 1.0, 0, 0, 0
L 177.0, 631.0, 1.0, 175.0, 631.0, 1.0, 0, 0, 0
L 175.0, 631.0, 1.0, 162.0, 632.0, 1.0, 0, 0, 0
L 162.0, 632.0, 1.0, 153.0, 627.0, 1.0, 0, 0, 0
L 153.0, 627.0, 1.0, 143.0, 628.0, 1.0, 0, 0, 0
L 143.0, 628.0, 1.0, 138.0, 632.0, 1.0, 0, 0, 0
L 138.0, 632.0, 1.0, 138.0, 644.0, 1.0, 0, 0, 0
L 138.0, 644.0, 1.0, 143.0, 652.0, 1.0, 0, 0, 0
L 143.0, 652.0, 1.0, 144.0, 658.0, 2.0, 0, 0, 0
L 144.0, 658.0, 2.0, 143.0, 666.0, 1.0, 0, 0, 0
L 143.0, 666.0, 1.0, 142.0, 670.0, 5.0, 0, 0, 0
L 142.0, 670.0, 5.0, 140.0, 674.0, 9.0, 0, 0, 0
L 140.0, 674.0, 9.0, 141.0, 682.0, 12.0, 0, 0, 0
L 141.0, 682.0, 12.0, 142.0, 686.0, 11.0, 0, 0, 0
L 142.0, 686.0, 11.0, 143.0, 712.0, 17.0, 0, 0, 0
L 143.0, 712.0, 17.0, 143.0, 748.0, 26.0, 0, 0, 0
L 143.0, 748.0, 26.0, 137.0, 751.0, 26.0, 0, 0, 0
L 137.0, 751.0, 26.0, 124.0, 753.0, 26.0, 0, 0, 0
L 124.0, 753.0, 26.0, 115.0, 757.0, 28.0, 0, 0, 0
L 115.0, 757.0, 28.0, 107.0, 760.0, 26.0, 0, 0, 0
L 107.0, 760.0, 26.0, 98.0, 769.0, 26.0, 0, 0, 0
L 98.0, 769.0, 26.0, 98.0, 770.0, 26.0, 0, 0, 0
L 98.0, 770.0, 26.0, 91.0, 770.0, 26.0, 0, 0, 0
L 91.0, 770.0, 26.0, 91.0, 769.0, 26.0, 0, 0, 0
L 91.0, 769.0, 26.0, 73.0, 769.0, 26.0, 0, 0, 0
L 73.0, 769.0, 26.0, 66.0, 777.0, 26.0, 0, 0, 0
L 66.0, 777.0, 26.0, 66.0, 789.0, 26.0, 0, 0, 0
L 66.0, 798.0, 27.0, 64.0, 829.0, 26.0, 0, 0, 0
L 64.0, 829.0, 26.0, 63.0, 829.0, 27.0, 0, 0, 0
L 63.0, 829.0, 27.0, 56.0, 829.0, 26.0, 0, 0, 0
L 56.0, 829.0, 26.0, 46.0, 826.0, 28.0, 0, 0, 0
L 36.0, 827.0, 24.0, 28.0, 827.0, 22.0, 0, 0, 0
L 28.0, 827.0, 22.0, 10.0, 827.0, 13.0, 0, 0, 0
L 10.0, 827.0, 13.0, -21.0, 828.0, 3.0, 0, 0, 0
L -21.0, 828.0, 3.0, -22.0, 830.0, 4.0, 0, 0, 0
L -22.0, 830.0, 4.0, -27.0, 829.0, 7.0, 0, 0, 0
L -27.0, 829.0, 7.0, -36.0, 820.0, 0.0, 0, 0, 0
L -36.0, 820.0, 0.0, -39.0, 810.0, 0.0, 0, 0, 0
L -39.0, 810.0, 0.0, -50.0, 810.0, 2.0, 0, 0, 0
L -50.0, 810.0, 2.0, -60.0, 811.0, 2.0, 0, 0, 0
L -60.0, 811.0, 2.0, -71.0, 810.0, 0.0, 0, 0, 0
L -71.0, 810.0, 0.0, -117.0, 810.0, 0.0, 0, 0, 0
L -117.0, 810.0, 0.0, -120.0, 812.0, 2.0, 0, 0, 0
L -120.0, 812.0, 2.0, -119.0, 853.0, 0.0, 0, 0, 0
L -119.0, 853.0, 0.0, -118.0, 857.0, 0.0, 0, 0, 0
L -118.0, 857.0, 0.0, -117.0, 860.0, 4.0, 0, 0, 0
L -117.0, 860.0, 4.0, -116.0, 862.0, 6.0, 0, 0, 0
L -116.0, 862.0, 6.0, -113.0, 867.0, 6.0, 0, 0, 0
L -113.0, 867.0, 6.0, -110.0, 871.0, 5.0, 0, 0, 0
L -110.0, 871.0, 5.0, -95.0, 871.0, -1.0, 0, 0, 0
L -95.0, 871.0, -1.0, -84.0, 866.0, 1.0, 0, 0, 0
L -84.0, 866.0, 1.0, -83.0, 866.0, 1.0, 0, 0, 0
L -83.0, 866.0, 1.0, -76.0, 866.0, 5.0, 0, 0, 0
L -76.0, 866.0, 5.0, -73.0, 867.0, 4.0, 0, 0, 0
L -73.0, 867.0, 4.0, -72.0, 870.0, 2.0, 0, 0, 0
L -72.0, 870.0, 2.0, -40.0, 871.0, -1.0, 0, 0, 0
L -40.0, 871.0, -1.0, -37.0, 870.0, -1.0, 0, 0, 0
L -37.0, 870.0, -1.0, -29.0, 864.0, 3.0, 0, 0, 0
L -29.0, 864.0, 3.0, -29.0, 847.0, 2.0, 0, 0, 0
L -29.0, 847.0, 2.0, -25.0, 844.0, 2.0, 0, 0, 0
L -25.0, 844.0, 2.0, -17.0, 846.0, 3.0, 0, 0, 0
L -17.0, 846.0, 3.0, -16.0, 846.0, 4.0, 0, 0, 0
L -16.0, 846.0, 4.0, -7.0, 845.0, 7.0, 0, 0, 0
L -7.0, 845.0, 7.0, 3.0, 844.0, 9.0, 0, 0, 0
L 3.0, 844.0, 9.0, 11.0, 845.0, 12.0, 0, 0, 0
L 11.0, 845.0, 12.0, 15.0, 846.0, 14.0, 0, 0, 0
L 15.0, 846.0, 14.0, 25.0, 845.0, 16.0, 0, 0, 0
L 25.0, 845.0, 16.0, 53.0, 845.0, 26.0, 0, 0, 0
L 53.0, 845.0, 26.0, 60.0, 843.0, 27.0, 0, 0, 0
L 60.0, 843.0, 27.0, 66.0, 845.0, 26.0, 0, 0, 0
L 66.0, 845.0, 26.0, 67.0, 853.0, 26.0, 0, 0, 0
L 67.0, 853.0, 26.0, 74.0, 861.0, 30.0, 0, 0, 0
L 74.0, 861.0, 30.0, 91.0, 858.0, 26.0, 0, 0, 0
L 91.0, 858.0, 26.0, 91.0, 856.0, 26.0, 0, 0, 0
L 91.0, 856.0, 26.0, 95.0, 855.0, 26.0, 0, 0, 0
L 95.0, 855.0, 26.0, 99.0, 856.0, 26.0, 0, 0, 0
L 99.0, 856.0, 26.0, 99.0, 861.0, 26.0, 0, 0, 0
L 99.0, 861.0, 26.0, 100.0, 868.0, 24.0, 0, 0, 0
L 100.0, 868.0, 24.0, 115.0, 894.0, 26.0, 0, 0, 0
L 115.0, 894.0, 26.0, 120.0, 904.0, 25.0, 0, 0, 0
L 120.0, 904.0, 25.0, 128.0, 905.0, 26.0, 0, 0, 0
L 128.0, 905.0, 26.0, 132.0, 908.0, 26.0, 0, 0, 0
L 132.0, 908.0, 26.0, 137.0, 907.0, 26.0, 0, 0, 0
L 165.0, 903.0, 26.0, 170.0, 899.0, 26.0, 0, 0, 0
L 170.0, 899.0, 26.0, 171.0, 864.0, 26.0, 0, 0, 0
L 167.0, 848.0, 26.0, 160.0, 842.0, 25.0, 0, 0, 0
L 160.0, 842.0, 25.0, 124.0, 840.0, 26.0, 0, 0, 0
L 124.0, 840.0, 26.0, 125.0, 806.0, 26.0, 0, 0, 0
L 125.0, 806.0, 26.0, 124.0, 794.0, 26.0, 0, 0, 0
L 124.0, 794.0, 26.0, 126.0, 783.0, 26.0, 0, 0, 0
L 126.0, 783.0, 26.0, 157.0, 783.0, 30.0, 0, 0, 0
L 157.0, 783.0, 30.0, 170.0, 782.0, 27.0, 0, 0, 0
L 170.0, 782.0, 27.0, 167.0, 752.0, 24.0, 0, 0, 0
L 167.0, 752.0, 24.0, 162.0, 749.0, 24.0, 0, 0, 0
L 162.0, 749.0, 24.0, 153.0, 744.0, 27.0, 0, 0, 0
L 153.0, 744.0, 27.0, 153.0, 742.0, 27.0, 0, 0, 0
L 153.0, 742.0, 27.0, 155.0, 741.0, 26.0, 0, 0, 0
L 155.0, 741.0, 26.0, 161.0, 738.0, 28.0, 0, 0, 0
L 161.0, 738.0, 28.0, 160.0, 726.0, 27.0, 0, 0, 0
L 160.0, 726.0, 27.0, 158.0, 717.0, 22.0, 0, 0, 0
L 158.0, 717.0, 22.0, 158.0, 712.0, 19.0, 0, 0, 0
L 158.0, 712.0, 19.0, 159.0, 683.0, 9.0, 0, 0, 0
L 159.0, 683.0, 9.0, 160.0, 678.0, 8.0, 0, 0, 0
L 160.0, 678.0, 8.0, 159.0, 668.0, 5.0, 0, 0, 0
L 159.0, 668.0, 5.0, 158.0, 658.0, 1.0, 0, 0, 0
L 158.0, 658.0, 1.0, 161.0, 650.0, 1.0, 0, 0, 0
L 161.0, 650.0, 1.0, 162.0, 646.0, 1.0, 0, 0, 0
L 162.0, 646.0, 1.0, 164.0, 646.0, 1.0, 0, 0, 0
L 164.0, 646.0, 1.0, 169.0, 647.0, 2.0, 0, 0, 0
L 169.0, 647.0, 2.0, 176.0, 648.0, 1.0, 0, 0, 0
L 176.0, 648.0, 1.0, 177.0, 650.0, 1.0, 0, 0, 0
L 177.0, 650.0, 1.0, 190.0, 652.0, 1.0, 0, 0, 0
L 190.0, 652.0, 1.0, 195.0, 651.0, 1.0, 0, 0, 0
L 195.0, 651.0, 1.0, 199.0, 646.0, 1.0, 0, 0, 0
L 199.0, 646.0, 1.0, 199.0, 636.0, 1.0, 0, 0, 0
L 199.0, 636.0, 1.0, 198.0, 631.0, 1.0, 0, 0, 0
L 198.0, 631.0, 1.0, 194.0, 626.0, 1.0, 0, 0, 0
L 194.0, 626.0, 1.0, 195.0, 613.0, 1.0, 0, 0, 0
L 195.0, 613.0, 1.0, 195.0, 597.0, 1.0, 0, 0, 0
L 195.0, 597.0, 1.0, 195.0, 587.0, 1.0, 0, 0, 0
L 195.0, 587.0, 1.0, 196.0, 586.0, 1.0, 0, 0, 0
L 196.0, 586.0, 1.0, 201.0, 590.0, 1.0, 0, 0, 0
L 201.0, 590.0, 1.0, 213.0, 590.0, 1.0, 0, 0, 0
L 213.0, 590.0, 1.0, 220.0, 587.0, 6.0, 0, 0, 0
L 220.0, 587.0, 6.0, 222.0, 574.0, 1.0, 0, 0, 0
L 222.0, 574.0, 1.0, 223.0, 566.0, 3.0, 0, 0, 0
L 223.0, 566.0, 3.0, 229.0, 565.0, 4.0, 0, 0, 0
L 229.0, 565.0, 4.0, 238.0, 565.0, 5.0, 0, 0, 0
L 238.0, 565.0, 5.0, 248.0, 563.0, 2.0, 0, 0, 0
L 248.0, 563.0, 2.0, 254.0, 556.0, 1.0, 0, 0, 0
L 254.0, 556.0, 1.0, 264.0, 546.0, 1.0, 0, 0, 0
L 264.0, 546.0, 1.0, 265.0, 545.0, 1.0, 0, 0, 0
L 265.0, 545.0, 1.0, 266.0, 524.0, -12.0, 0, 0, 0
L 266.0, 524.0, -12.0, 267.0, 521.0, -18.0, 0, 0, 0
L 267.0, 521.0, -18.0, 268.0, 516.0, -26.0, 0, 0, 0
L 268.0, 516.0, -26.0, 267.0, 509.0, -21.0, 0, 0, 0
L 267.0, 509.0, -21.0, 266.0, 501.0, -15.0, 0, 0, 0
L 266.0, 501.0, -15.0, 266.0, 497.0, -9.0, 0, 0, 0
L 266.0, 497.0, -9.0, 265.0, 492.0, -4.0, 0, 0, 0
L 265.0, 492.0, -4.0, 265.0, 488.0, 0.0, 0, 0, 0
L 265.0, 488.0, 0.0, 265.0, 477.0, 1.0, 0, 0, 0
L 265.0, 477.0, 1.0, 262.0, 469.0, 1.0, 0, 0, 0
L 262.0, 469.0, 1.0, 249.0, 462.0, 1.0, 0, 0, 0
L 249.0, 462.0, 1.0, 244.0, 461.0, 1.0, 0, 0, 0
L 244.0, 461.0, 1.0, 239.0, 460.0, 1.0, 0, 0, 0
L 239.0, 460.0, 1.0, 229.0, 461.0, 4.0, 0, 0, 0
L 229.0, 461.0, 4.0, 227.0, 461.0, 8.0, 0, 0, 0
L 227.0, 461.0, 8.0, 225.0, 463.0, 13.0, 0, 0, 0
L 225.0, 463.0, 13.0, 224.0, 464.0, 13.0, 0, 0, 0
L 224.0, 464.0, 13.0, 215.0, 474.0, 9.0, 0, 0, 0
L 215.0, 474.0, 9.0, 213.0, 478.0, 3.0, 0, 0, 0
L 213.0, 478.0, 3.0, 206.0, 480.0, 1.0, 0, 0, 0
L 206.0, 480.0, 1.0, 202.0, 485.0, 1.0, 0, 0, 0
L 202.0, 485.0, 1.0, 201.0, 487.0, 1.0, 0, 0, 0
L 201.0, 487.0, 1.0, 200.0, 492.0, 0.0, 0, 0, 0
L 200.0, 492.0, 0.0, 200.0, 500.0, -6.0, 0, 0, 0
L 200.0, 500.0, -6.0, 201.0, 504.0, -11.0, 0, 0, 0
L 201.0, 504.0, -11.0, 201.0, 505.0, -14.0, 0, 0, 0
L 201.0, 505.0, -14.0, 202.0, 507.0, -20.0, 0, 0, 0
L 202.0, 507.0, -20.0, 200.0, 511.0, -25.0, 0, 0, 0
L 200.0, 511.0, -25.0, 199.0, 513.0, -23.0, 0, 0, 0
L 199.0, 513.0, -23.0, 196.0, 514.0, -23.0, 0, 0, 0
L 196.0, 514.0, -23.0, 195.0, 514.0, -23.0, 0, 0, 0
L 195.0, 514.0, -23.0, 190.0, 511.0, -24.0, 0, 0, 0
L 190.0, 511.0, -24.0, 191.0, 503.0, -24.0, 0, 0, 0
L 191.0, 503.0, -24.0, 191.0, 496.0, -24.0, 0, 0, 0
L 191.0, 496.0, -24.0, 188.0, 488.0, -24.0, 0, 0, 0
L 188.0, 488.0, -24.0, 193.0, 483.0, -24.0, 0, 0, 0
L 193.0, 483.0, -24.0, 193.0, 480.0, -24.0, 0, 0, 0
L 193.0, 480.0, -24.0, 189.0, 478.0, -24.0, 0, 0, 0
L 189.0, 478.0, -24.0, 179.0, 478.0, -24.0, 0, 0, 0
L 179.0, 478.0, -24.0, 167.0, 478.0, -24.0, 0, 0, 0
L 167.0, 478.0, -24.0, 149.0, 479.0, -24.0, 0, 0, 0
L 149.0, 479.0, -24.0, 140.0, 478.0, -24.0, 0, 0, 0
L 140.0, 478.0, -24.0, 135.0, 477.0, -25.0, 0, 0, 0
L 135.0, 477.0, -25.0, 125.0, 477.0, -25.0, 0, 0, 0
L 125.0, 477.0, -25.0, 122.0, 475.0, -26.0, 0, 0, 0
L 122.0, 475.0, -26.0, 117.0, 473.0, -28.0, 0, 0, 0
L 117.0, 473.0, -28.0, 113.0, 461.0, -31.0, 0, 0, 0
L 113.0, 461.0, -31.0, 89.0, 445.0, -40.0, 0, 0, 0
L 89.0, 445.0, -40.0, 72.0, 424.0, -32.0, 0, 0, 0
L 72.0, 424.0, -32.0, 69.0, 422.0, -31.0, 0, 0, 0
L 69.0, 422.0, -31.0, 67.0, 420.0, -30.0, 0, 0, 0
L 67.0, 420.0, -30.0, 63.0, 415.0, -28.0, 0, 0, 0
L 63.0, 415.0, -28.0, 59.0, 412.0, -26.0, 0, 0, 0
L 59.0, 412.0, -26.0, 56.0, 411.0, -26.0, 0, 0, 0
L 56.0, 411.0, -26.0, 52.0, 406.0, -25.0, 0, 0, 0
L 52.0, 406.0, -25.0, 51.0, 399.0, -25.0, 0, 0, 0
L 51.0, 399.0, -25.0, 54.0, 397.0, -25.0, 0, 0, 0
L 54.0, 397.0, -25.0, 54.0, 393.0, -25.0, 0, 0, 0
L 54.0, 393.0, -25.0, 53.0, 390.0, -23.0, 0, 0, 0
L 53.0, 390.0, -23.0, 53.0, 389.0, -23.0, 0, 0, 0
L 53.0, 389.0, -23.0, 51.0, 379.0, -24.0, 0, 0, 0
L 51.0, 379.0, -24.0, 52.0, 371.0, -24.0, 0, 0, 0
L 52.0, 371.0, -24.0, 52.0, 370.0, -24.0, 0, 0, 0
L 52.0, 370.0, -24.0, 52.0, 362.0, -24.0, 0, 0, 0
L 52.0, 362.0, -24.0, 53.0, 354.0, -24.0, 0, 0, 0
L 53.0, 354.0, -24.0, 53.0, 346.0, -24.0, 0, 0, 0
L 53.0, 346.0, -24.0, 53.0, 344.0, -24.0, 0, 0, 0
L 53.0, 344.0, -24.0, 39.0, 343.0, -24.0, 0, 0, 0
L 39.0, 343.0, -24.0, 33.0, 345.0, -24.0, 0, 0, 0
L 33.0, 345.0, -24.0, 26.0, 342.0, -24.0, 0, 0, 0
L 26.0, 342.0, -24.0, 28.0, 335.0, -24.0, 0, 0, 0
L 28.0, 335.0, -24.0, 49.8, 335.0, -24.0, 0, 0, 0
L 71.4, 272.0, -47.0, 67.0, 272.0, -43.0, 0, 0, 0
L 67.0, 272.0, -43.0, 67.0, 266.0, -36.0, 0, 0, 0
L 67.0, 266.0, -36.0, 68.0, 264.0, -33.0, 0, 0, 0
L 68.0, 264.0, -33.0, 68.0, 258.0, -26.0, 0, 0, 0
L 68.0, 258.0, -26.0, 67.0, 230.0, -24.0, 0, 0, 0
L 67.0, 230.0, -24.0, 64.0, 229.0, -24.0, 0, 0, 0
L 64.0, 229.0, -24.0, 62.0, 224.0, -23.0, 0, 0, 0
L 62.0, 224.0, -23.0, 62.0, 221.0, -23.0, 0, 0, 0
L 62.0, 221.0, -23.0, 61.0, 217.0, -18.0, 0, 0, 0
L 61.0, 217.0, -18.0, 61.0, 213.0, -14.0, 0, 0, 0
L 61.0, 213.0, -14.0, 58.0, 209.0, -11.0, 0, 0, 0
L 58.0, 209.0, -11.0, 52.0, 205.0, -15.0, 0, 0, 0
L 52.0, 205.0, -15.0, 46.0, 208.0, -24.0, 0, 0, 0
L 46.0, 208.0, -24.0, 46.0, 221.0, -24.0, 0, 0, 0
L 46.0, 221.0, -24.0, 46.0, 231.0, -24.0, 0, 0, 0
L 46.0, 231.0, -24.0, 44.0, 233.0, -24.0, 0, 0, 0
L 44.0, 233.0, -24.0, 43.0, 230.0, -24.0, 0, 0, 0
L 43.0, 230.0, -24.0, 42.0, 229.0, -24.0, 0, 0, 0
L 42.0, 229.0, -24.0, 36.0, 228.0, -24.0, 0, 0, 0
L 36.0, 228.0, -24.0, 13.0, 228.0, -24.0, 0, 0, 0
L 13.0, 228.0, -24.0, 6.0, 225.0, -23.0, 0, 0, 0
L 6.0, 225.0, -23.0, 7.0, 217.0, -22.0, 0, 0, 0
L 7.0, 217.0, -22.0, 7.0, 207.0, -20.0, 0, 0, 0
L 7.0, 207.0, -20.0, 3.0, 205.0, -24.0, 0, 0, 0
L 3.0, 205.0, -24.0, -14.0, 208.0, -24.0, 0, 0, 0
L -14.0, 208.0, -24.0, -17.0, 207.0, -24.0, 0, 0, 0
L -17.0, 207.0, -24.0, -19.0, 207.0, -24.0, 0, 0, 0
L -19.0, 207.0, -24.0, -19.0, 198.0, -24.0, 0, 0, 0
L -19.0, 198.0, -24.0, -19.0, 179.0, -24.0, 0, 0, 0
L -19.0, 179.0, -24.0, -19.0, 169.0, -24.0, 0, 0, 0
L -19.0, 169.0, -24.0, -18.0, 163.0, -21.0, 0, 0, 0
L -18.0, 163.0, -21.0, -19.0, 162.0, -21.0, 0, 0, 0
L -19.0, 162.0, -21.0, -19.0, 154.0, -19.0, 0, 0, 0
L -19.0, 154.0, -19.0, -18.0, 149.0, -15.0, 0, 0, 0
L -18.0, 149.0, -15.0, -17.0, 141.0, -10.0, 0, 0, 0
L -17.0, 141.0, -10.0, -18.0, 129.0, -9.0, 0, 0, 0
L -18.0, 129.0, -9.0, -18.0, 117.0, -3.0, 0, 0, 0
L -18.0, 117.0, -3.0, -19.0, 99.0, 1.0, 0, 0, 0
L -19.0, 99.0, 1.0, -19.0, 97.0, 0.0, 0, 0, 0
L -19.0, 97.0, 0.0, -19.0, 92.0, 0.0, 0, 0, 0
L -19.0, 92.0, 0.0, -21.0, 91.0, 1.0, 0, 0, 0
L -21.0, 91.0, 1.0, -21.0, 83.0, 0.0, 0, 0, 0
L -21.0, 83.0, 0.0, -20.0, 82.0, 0.0, 0, 0, 0
L -20.0, 82.0, 0.0, -19.0, 81.0, 0.0, 0, 0, 0
L -19.0, 81.0, 0.0, -17.0, 81.0, 0.0, 0, 0, 0
L -17.0, 81.0, 0.0, -15.0, 82.0, 0.0, 0, 0, 0
L -15.0, 82.0, 0.0, -12.0, 83.0, 1.0, 0, 0, 0
L -12.0, 83.0, 1.0, -11.0, 83.0, 1.0, 0, 0, 0
L -11.0, 83.0, 1.0, -10.0, 81.0, 1.0, 0, 0, 0
L -10.0, 81.0, 1.0, -9.0, 80.0, 1.0, 0, 0, 0
L -9.0, 80.0, 1.0, -8.0, 76.0, 1.0, 0, 0, 0
L -8.0, 76.0, 1.0, -10.0, 74.0, 1.0, 0, 0, 0
L -10.0, 74.0, 1.0, -13.0, 73.0, 0.0, 0, 0, 0
L -13.0, 73.0, 0.0, -13.0, 71.0, 4.0, 0, 0, 0
L -13.0, 71.0, 4.0, -15.0, 67.0, 8.0, 0, 0, 0
L -15.0, 67.0, 8.0, -15.0, 57.0, 1.0, 0, 0, 0
L -15.0, 57.0, 1.0, -29.0, 40.0, 1.0, 0, 0, 0
L -29.0, 40.0, 0.0, -29.0, 38.0, 1.0, 0, 0, 0
L -29.0, 38.0, 0.0, -29.0, 11.0, 1.0, 0, 0, 0
L -29.0, 11.0, 1.0, -26.0, 9.0, 0.0, 0, 0, 0
L -26.0, 9.0, 0.0, -22.0, 8.0, 0.0, 0, 0, 0
L -22.0, 8.0, 0.0, -20.0, 8.0, 0.0, 0, 0, 0
L -20.0, 8.0, 0.0, -18.0, 8.0, 0.0, 0, 0, 0
L -18.0, 8.0, 0.0, -15.0, 9.0, 0.0, 0, 0, 0
L -15.0, 9.0, 0.0, -11.0, 9.0, 0.0, 0, 0, 0
L -11.0, 9.0, 0.0, -7.0, 9.0, 1.0, 0, 0, 0
L -7.0, 9.0, 1.0, -5.0, 6.0, 0.0, 0, 0, 0
L -5.0, 6.0, 0.0, 0.0, 6.0, 1.0, 0, 0, 0
L 0.0, 6.0, 1.0, 5.0, 7.0, 1.0, 0, 0, 0
L 5.0, 7.0, 1.0, 9.0, 8.0, 0.0, 0, 0, 0
L 9.0, 8.0, 0.0, 32.0, 10.0, 1.0, 0, 0, 0
L 32.0, 10.0, 1.0, 32.0, 10.0, 0.0, 0, 0, 0
L 32.0, 10.0, 0.0, 32.0, 12.0, 1.0, 0, 0, 0
L 32.0, 12.0, 1.0, 31.0, 14.0, 1.0, 0, 0, 0
L 31.0, 14.0, 1.0, 31.0, 16.0, 0.0, 0, 0, 0
L 31.0, 16.0, 0.0, 31.0, 35.0, 1.0, 0, 0, 0
L 31.0, 35.0, 1.0, 47.0, 35.0, 1.0, 0, 0, 0
L 47.0, 35.0, 1.0, 48.0, 34.0, 0.0, 0, 0, 0
L 48.0, 34.0, 0.0, 53.0, 34.0, 0.0, 0, 0, 0
L 53.0, 34.0, 0.0, 55.0, 36.0, 1.0, 0, 0, 0
L 55.0, 36.0, 1.0, 55.0, 37.0, 1.0, 0, 0, 0
L 55.0, 37.0, 1.0, 54.0, 41.0, 1.0, 0, 0, 0
L 54.0, 41.0, 1.0, 54.0, 43.0, 1.0, 0, 0, 0
L 54.0, 43.0, 1.0, 54.0, 45.0, 0.0, 0, 0, 0
L 54.0, 45.0, 0.0, 57.0, 63.0, 0.0, 0, 0, 0
L 57.0, 63.0, 0.0, 83.4, 64.0, 0.0, 0, 0, 0
L 83.4, 64.0, 0.0, 92.0, 64.0, 0.0, 0, 0, 0
L 92.0, 64.0, 0.0, 93.0, 62.0, 0.0, 0, 0, 0
L 93.0, 62.0, 0.0, 94.0, 61.0, 0.0, 0, 0, 0
L 94.0, 61.0, 0.0, 95.0, 60.0, 0.0, 0, 0, 0
L 95.0, 60.0, 0.0, 96.0, 59.0, 0.0, 0, 0, 0
L 96.0, 59.0, 0.0, 95.0, 57.0, 0.0, 0, 0, 0
L 95.0, 57.0, 0.0, 96.0, 9.0, 1.0, 0, 0, 0
L 96.0, 9.0, 1.0, 96.0, 4.0, 0.0, 0, 0, 0
L 96.0, 4.0, 0.0, 95.0, 0.0, 1.0, 0, 0, 0
L 95.0, 0.0, 1.0, 95.0, -10.0, 0.0, 0, 0, 0
L 95.0, -10.0, 0.0, 96.0, -11.0, 1.0, 0, 0, 0
L 96.0, -11.0, 1.0, 102.0, -11.0, 1.0, 0, 0, 0
L 102.0, -11.0, 1.0, 102.0, -10.0, 1.0, 0, 0, 0
L 102.0, -10.0, 1.0, 103.0, -9.0, 0.0, 0, 0, 0
L 103.0, -9.0, 0.0, 104.0, -6.0, 1.0, 0, 0, 0
L 104.0, -6.0, 1.0, 114.0, -5.0, 1.0, 0, 0, 0
L 114.0, -5.0, 1.0, 116.0, -4.0, 0.0, 0, 0, 0
L 116.0, -4.0, 0.0, 117.0, -4.0, 0.0, 0, 0, 0
L 117.0, -4.0, 0.0, 120.0, -4.0, 0.0, 0, 0, 0
L 120.0, -4.0, 0.0, 123.0, -3.0, 5.0, 0, 0, 0
L 123.0, -3.0, 5.0, 125.0, -3.0, 5.0, 0, 0, 0
L 125.0, -3.0, 5.0, 137.0, -5.0, 0.0, 0, 0, 0
L 137.0, -5.0, 0.0, 137.0, -28.0, 0.0, 0, 0, 0
L 137.0, -28.0, 0.0, 136.0, -30.0, 1.0, 0, 0, 0
L 136.0, -30.0, 1.0, 136.0, -32.0, 1.0, 0, 0, 0
L 136.0, -32.0, 1.0, 137.0, -34.0, 1.0, 0, 0, 0
L 137.0, -34.0, 1.0, 138.0, -35.0, 1.0, 0, 0, 0
L 138.0, -35.0, 1.0, 139.0, -35.0, 1.0, 0, 0, 0
L 139.0, -35.0, 1.0, 142.0, -35.0, 1.0, 0, 0, 0
L 142.0, -35.0, 1.0, 144.0, -35.0, 0.0, 0, 0, 0
L 144.0, -35.0, 0.0, 145.0, -32.0, 0.0, 0, 0, 0
L 145.0, -32.0, 0.0, 145.0, -22.0, 1.0, 0, 0, 0
L 145.0, -22.0, 1.0, 144.0, -20.0, 0.0, 0, 0, 0
L 144.0, -20.0, 0.0, 144.0, 0.0, 0.0, 0, 0, 0
L 144.0, 0.0, 0.0, 149.0, 2.0, 0.0, 0, 0, 0
L 149.0, 2.0, 0.0, 184.0, 2.0, 1.0, 0, 0, 0
L 189.0, -1.0, 0.0, 199.0, 0.0, 2.0, 0, 0, 0
L 199.0, 0.0, 2.0, 209.0, 0.0, 4.0, 0, 0, 0
L 209.0, 0.0, 4.0, 210.0, -3.0, 1.0, 0, 0, 0
L 210.0, -3.0, 1.0, 210.0, -10.0, 14.0, 0, 0, 0
L 210.0, -10.0, 14.0, 201.0, -13.0, 8.0, 0, 0, 0
L 201.0, -13.0, 8.0, 194.0, -17.0, 3.0, 0, 0, 0
L 194.0, -17.0, 3.0, 188.0, -15.0, 1.0, 0, 0, 0
L 186.0, -16.0, 1.0, 188.0, -15.0, 1.0, 0, 0, 0
L 186.0, -16.0, 1.0, 186.0, -22.0, 0.0, 0, 0, 0
L 186.0, -22.0, 0.0, 187.0, -25.0, 0.0, 0, 0, 0
L 187.0, -25.0, 0.0, 187.0, -77.0, 1.0, 0, 0, 0
L 187.0, -77.0, 1.0, 182.0, -80.0, 0.0, 0, 0, 0
L 182.0, -80.0, 0.0, 172.0, -80.0, 0.0, 0, 0, 0
L 172.0, -80.0, 0.0, 171.0, -81.0, 0.0, 0, 0, 0
L 171.0, -81.0, 0.0, 162.0, -82.0, 2.0, 0, 0, 0
L 162.0, -82.0, 2.0, 156.0, -82.0, 4.0, 0, 0, 0
L 156.0, -82.0, 4.0, 156.0, -80.0, 0.0, 0, 0, 0
L 156.0, -80.0, 0.0, 145.0, -77.0, 1.0, 0, 0, 0
L 145.0, -77.0, 1.0, 144.0, -76.0, 0.0, 0, 0, 0
L 144.0, -76.0, 0.0, 144.0, -57.0, 1.0, 0, 0, 0
L 144.0, -57.0, 1.0, 145.0, -56.0, 0.0, 0, 0, 0
L 145.0, -56.0, 0.0, 145.0, -54.0, 0.0, 0, 0, 0
L 145.0, -54.0, 0.0, 141.0, -50.0, 1.0, 0, 0, 0
L 141.0, -50.0, 1.0, 137.0, -50.0, 1.0, 0, 0, 0
L 137.0, -50.0, 1.0, 136.0, -52.0, 0.0, 0, 0, 0
L 136.0, -52.0, 0.0, 136.0, -53.0, 0.0, 0, 0, 0
L 136.0, -53.0, 0.0, 136.0, -57.0, 1.0, 0, 0, 0
L 136.0, -57.0, 1.0, 137.0, -60.0, 0.0, 0, 0, 0
L 137.0, -60.0, 0.0, 137.0, -66.0, 1.0, 0, 0, 0
L 137.0, -66.0, 1.0, 135.0, -66.0, 1.0, 0, 0, 0
L 135.0, -66.0, 1.0, 132.0, -66.0, 1.0, 0, 0, 0
L 132.0, -66.0, 1.0, 131.0, -65.0, 1.0, 0, 0, 0
L 131.0, -65.0, 1.0, 129.0, -65.0, 1.0, 0, 0, 0
L 129.0, -65.0, 1.0, 126.0, -65.0, 1.0, 0, 0, 0
L 126.0, -65.0, 1.0, 125.0, -66.0, 1.0, 0, 0, 0
L 125.0, -66.0, 1.0, 122.0, -67.0, 0.0, 0, 0, 0
L 122.0, -67.0, 0.0, 122.0, -69.0, 1.0, 0, 0, 0
L 122.0, -69.0, 1.0, 124.0, -74.0, 1.0, 0, 0, 0
L 124.0, -74.0, 1.0, 125.0, -75.0, 1.0, 0, 0, 0
L 125.0, -75.0, 1.0, 126.0, -96.0, 1.0, 0, 0, 0
L 126.0, -96.0, 1.0, 124.0, -97.0, 0.0, 0, 0, 0
L 124.0, -97.0, 0.0, 124.0, -99.0, 0.0, 0, 0, 0
L 124.0, -99.0, 0.0, 125.0, -108.0, 0.0, 0, 0, 0
L 125.0, -108.0, 0.0, 125.0, -118.0, -3.0, 0, 0, 0
L 125.0, -118.0, -3.0, 123.0, -128.0, -8.0, 0, 0, 0
L 123.0, -128.0, -8.0, 124.0, -149.0, -14.0, 0, 0, 0
L 124.0, -149.0, -14.0, 123.0, -158.0, -18.0, 0, 0, 0
L 123.0, -158.0, -18.0, 124.0, -166.0, -19.0, 0, 0, 0
L 124.0, -166.0, -19.0, 126.0, -172.0, -20.0, 0, 0, 0
L 126.0, -172.0, -20.0, 132.0, -173.0, -20.0, 0, 0, 0
L 132.0, -173.0, -20.0, 135.0, -176.0, -20.0, 0, 0, 0
L 135.0, -176.0, -20.0, 134.0, -199.0, -20.0, 0, 0, 0
L 134.0, -199.0, -20.0, 136.0, -208.0, -20.0, 0, 0, 0
L 136.0, -208.0, -20.0, 139.0, -209.0, -20.0, 0, 0, 0
L 139.0, -209.0, -20.0, 145.0, -217.0, -20.0, 0, 0, 0
L 145.0, -217.0, -20.0, 148.0, -221.0, -16.0, 0, 0, 0
L 148.0, -221.0, -16.0, 151.0, -227.0, -16.0, 0, 0, 0
L 151.0, -227.0, -16.0, 152.0, -228.0, -16.0, 0, 0, 0
L 152.0, -228.0, -16.0, 161.0, -238.0, -21.0, 0, 0, 0
L 161.0, -238.0, -21.0, 166.0, -244.0, -21.0, 0, 0, 0
L 166.0, -244.0, -21.0, 168.0, -247.0, -22.0, 0, 0, 0
L 168.0, -247.0, -22.0, 174.0, -256.0, -20.0, 0, 0, 0
L 174.0, -256.0, -20.0, 191.0, -278.0, -20.0, 0, 0, 0
L 191.0, -278.0, -20.0, 193.0, -285.0, -20.0, 0, 0, 0
L 193.0, -285.0, -20.0, 194.0, -287.0, -20.0, 0, 0, 0
L 194.0, -287.0, -20.0, 195.0, -315.0, -20.0, 0, 0, 0
L 195.0, -315.0, -20.0, 185.0, -320.0, -20.0, 0, 0, 0
L 185.0, -320.0, -20.0, 185.0, -323.0, -19.0, 0, 0, 0
L 185.0, -323.0, -19.0, 187.0, -333.0, -20.0, 0, 0, 0
L 187.0, -333.0, -20.0, 187.0, -350.0, -20.0, 0, 0, 0
L 187.0, -350.0, -20.0, 188.0, -359.0, -20.0, 0, 0, 0
L 188.0, -359.0, -20.0, 192.0, -358.0, -20.0, 0, 0, 0
L 192.0, -358.0, -20.0, 204.0, -356.0, -20.0, 0, 0, 0
L 204.0, -356.0, -20.0, 212.0, -357.0, -10.0, 0, 0, 0
L 212.0, -357.0, -10.0, 214.0, -359.0, -9.0, 0, 0, 0
L 214.0, -359.0, -9.0, 214.0, -372.0, -18.0, 0, 0, 0
L 214.0, -372.0, -18.0, 214.0, -379.0, -20.0, 0, 0, 0
L 214.0, -379.0, -20.0, 221.0, -379.0, -20.0, 0, 0, 0
L 221.0, -379.0, -20.0, 225.0, -379.0, -20.0, 0, 0, 0
L 225.0, -379.0, -20.0, 242.0, -382.0, -21.0, 0, 0, 0
L 242.0, -382.0, -21.0, 243.0, -417.0, -20.0, 0, 0, 0
L 243.0, -417.0, -20.0, 239.0, -421.0, -20.0, 0, 0, 0
L 239.0, -421.0, -20.0, 237.0, -420.0, -17.0, 0, 0, 0
L 237.0, -420.0, -17.0, 235.0, -418.0, -19.0, 0, 0, 0
L 235.0, -418.0, -19.0, 230.0, -420.0, -20.0, 0, 0, 0
L 230.0, -420.0, -20.0, 218.0, -420.0, -20.0, 0, 0, 0
L 218.0, -420.0, -20.0, 188.0, -420.0, -19.0, 0, 0, 0
L 188.0, -420.0, -19.0, 176.0, -417.0, -20.0, 0, 0, 0
L 176.0, -417.0, -20.0, 175.0, -417.0, -20.0, 0, 0, 0
L 175.0, -417.0, -20.0, 171.0, -418.0, -20.0, 0, 0, 0
L 171.0, -418.0, -20.0, 167.0, -423.0, -19.0, 0, 0, 0
L 167.0, -423.0, -19.0, 167.0, -426.0, -20.0, 0, 0, 0
L 167.0, -426.0, -20.0, 169.0, -429.0, -20.0, 0, 0, 0
L 169.0, -429.0, -20.0, 173.0, -439.0, -19.0, 0, 0, 0
L 173.0, -439.0, -19.0, 174.0, -444.0, -20.0, 0, 0, 0
L 174.0, -444.0, -20.0, 171.0, -459.0, -20.0, 0, 0, 0
L 171.0, -459.0, -20.0, 170.0, -461.0, -20.0, 0, 0, 0
L 170.0, -461.0, -20.0, 150.0, -462.0, -20.0, 0, 0, 0
L 150.0, -462.0, -20.0, 143.0, -462.0, -20.0, 0, 0, 0
L 121.0, -462.0, -20.0, 116.0, -462.0, -20.0, 0, 0, 0
L 112.0, -462.0, -20.0, 112.0, -457.0, -20.0, 0, 0, 0
L 112.0, -457.0, -20.0, 109.0, -449.0, -19.0, 0, 0, 0
L 109.0, -449.0, -19.0, 102.0, -450.0, -20.0, 0, 0, 0
L 102.0, -450.0, -20.0, 93.0, -451.0, -20.0, 0, 0, 0
L 93.0, -451.0, -20.0, 82.0, -451.0, -20.0, 0, 0, 0
L 82.0, -451.0, -20.0, 71.0, -450.0, -20.0, 0, 0, 0
L 71.0, -450.0, -20.0, 70.0, -450.0, -20.0, 0, 0, 0
L 70.0, -450.0, -20.0, 51.0, -450.0, -27.0, 0, 0, 0
L 51.0, -450.0, -27.0, 39.0, -449.0, -31.0, 0, 0, 0
L 39.0, -449.0, -31.0, 20.0, -449.0, -39.0, 0, 0, 0
L 20.0, -449.0, -39.0, 6.0, -448.0, -41.0, 0, 0, 0
L 6.0, -448.0, -41.0, -4.0, -451.0, -43.0, 0, 0, 0
L -4.0, -451.0, -43.0, -11.0, -451.0, -44.0, 0, 0, 0
L -11.0, -451.0, -44.0, -20.0, -450.0, -44.0, 0, 0, 0
L -20.0, -450.0, -44.0, -22.0, -450.0, -44.0, 0, 0, 0
L -22.0, -450.0, -44.0, -33.0, -449.0, -44.0, 0, 0, 0
L -33.0, -449.0, -44.0, -33.0, -436.0, -44.0, 0, 0, 0
L -33.0, -436.0, -44.0, -32.0, -429.0, -44.0, 0, 0, 0
L -32.0, -429.0, -44.0, -33.0, -424.0, -44.0, 0, 0, 0
L -33.0, -424.0, -44.0, -40.0, -424.0, -45.0, 0, 0, 0
L -40.0, -424.0, -45.0, -43.0, -430.0, -42.0, 0, 0, 0
L -43.0, -430.0, -42.0, -44.0, -433.0, -40.0, 0, 0, 0
L -44.0, -433.0, -40.0, -45.0, -437.0, -37.0, 0, 0, 0
L -45.0, -437.0, -37.0, -54.0, -453.0, -19.0, 0, 0, 0
L -54.0, -453.0, -19.0, -58.0, -458.0, -19.0, 0, 0, 0
L -58.0, -458.0, -19.0, -64.0, -454.0, -19.0, 0, 0, 0
L -64.0, -454.0, -19.0, -72.0, -443.0, -19.0, 0, 0, 0
L -72.0, -443.0, -19.0, -78.0, -436.0, -19.0, 0, 0, 0
L -78.0, -436.0, -19.0, -87.0, -436.0, -18.0, 0, 0, 0
L -87.0, -436.0, -18.0, -110.0, -435.0, -18.0, 0, 0, 0
L -110.0, -435.0, -18.0, -116.0, -436.0, -18.0, 0, 0, 0
L -116.0, -436.0, -18.0, -114.0, -444.0, -16.0, 0, 0, 0
L -114.0, -444.0, -16.0, -104.0, -443.0, -16.0, 0, 0, 0
L -104.0, -443.0, -16.0, -88.0, -443.0, -16.0, 0, 0, 0
L -88.0, -443.0, -16.0, -88.0, -485.0, -16.0, 0, 0, 0
L -88.0, -485.0, -16.0, -89.0, -496.0, -16.0, 0, 0, 0
L -89.0, -496.0, -16.0, -87.0, -503.0, -15.0, 0, 0, 0
L -87.0, -503.0, -15.0, -87.0, -535.0, -14.0, 0, 0, 0
L -87.0, -535.0, -14.0, -117.0, -535.0, -16.0, 0, 0, 0
L -117.0, -535.0, -16.0, -121.0, -535.0, -16.0, 0, 0, 0
L -121.0, -535.0, -16.0, -129.0, -533.0, -16.0, 0, 0, 0
L -129.0, -533.0, -16.0, -136.0, -533.0, -16.0, 0, 0, 0
L -136.0, -533.0, -16.0, -137.0, -539.0, -17.0, 0, 0, 0
L -137.0, -539.0, -17.0, -136.0, -551.0, -20.0, 0, 0, 0
L -136.0, -551.0, -20.0, -135.0, -609.0, -32.0, 0, 0, 0
L -135.0, -609.0, -32.0, -130.0, -609.0, -32.0, 0, 0, 0
L -130.0, -609.0, -32.0, -121.0, -609.0, -32.0, 0, 0, 0
L -121.0, -609.0, -32.0, -122.0, -635.0, -33.0, 0, 0, 0
L -122.0, -635.0, -33.0, -119.0, -642.0, -32.0, 0, 0, 0
L -119.0, -642.0, -32.0, -111.0, -641.0, -30.0, 0, 0, 0
L -111.0, -641.0, -30.0, -101.0, -641.0, -27.0, 0, 0, 0
L -101.0, -641.0, -27.0, -98.0, -641.0, -29.0, 0, 0, 0
L -98.0, -641.0, -29.0, -98.0, -642.0, -32.0, 0, 0, 0
L -98.0, -642.0, -32.0, -97.0, -667.0, -32.0, 0, 0, 0
L -97.0, -667.0, -32.0, -71.0, -669.0, -32.0, 0, 0, 0
L -71.0, -669.0, -32.0, -60.0, -668.0, -32.0, 0, 0, 0
L -60.0, -668.0, -32.0, -59.0, -661.0, -33.0, 0, 0, 0
L -59.0, -661.0, -33.0, -58.0, -656.0, -32.0, 0, 0, 0
L -58.0, -656.0, -32.0, -51.0, -655.0, -32.0, 0, 0, 0
L -51.0, -655.0, -32.0, -40.0, -644.0, -32.0, 0, 0, 0
L -40.0, -644.0, -32.0, -40.0, -636.0, -32.0, 0, 0, 0
L -40.0, -636.0, -32.0, -30.0, -636.0, -30.0, 0, 0, 0
L -30.0, -636.0, -30.0, -24.0, -635.0, -29.0, 0, 0, 0
L -24.0, -635.0, -29.0, -14.0, -637.0, -27.0, 0, 0, 0
L -14.0, -637.0, -27.0, -10.0, -637.0, -32.0, 0, 0, 0
L -10.0, -637.0, -32.0, -8.0, -639.0, -32.0, 0, 0, 0
L -8.0, -639.0, -32.0, -6.0, -657.0, -32.0, 0, 0, 0
L -6.0, -657.0, -32.0, 12.0, -657.0, -32.0, 0, 0, 0
L 12.0, -657.0, -32.0, 12.0, -679.0, -32.0, 0, 0, 0
L 12.0, -679.0, -32.0, 15.0, -687.0, -31.0, 0, 0, 0
L 15.0, -687.0, -31.0, 21.0, -686.0, -30.0, 0, 0, 0
L 21.0, -686.0, -30.0, 23.0, -686.0, -30.0, 0, 0, 0
L 23.0, -686.0, -30.0, 37.0, -685.0, -24.0, 0, 0, 0
L 37.0, -685.0, -24.0, 36.0, -687.0, -20.0, 0, 0, 0
L 36.0, -687.0, -20.0, 34.0, -690.0, -19.0, 0, 0, 0
L 34.0, -690.0, -19.0, 33.0, -692.0, -19.0, 0, 0, 0
L 33.0, -692.0, -19.0, 26.0, -700.0, -20.0, 0, 0, 0
L 26.0, -700.0, -20.0, 24.0, -702.0, -20.0, 0, 0, 0
L 24.0, -702.0, -20.0, 20.0, -702.0, -29.0, 0, 0, 0
L 20.0, -702.0, -29.0, 11.0, -704.0, -32.0, 0, 0, 0
L 11.0, -704.0, -32.0, 12.0, -712.0, -32.0, 0, 0, 0
L 12.0, -712.0, -32.0, 2.0, -711.0, -33.0, 0, 0, 0
L 2.0, -711.0, -33.0, 1.0, -711.0, -34.0, 0, 0, 0
L 1.0, -711.0, -34.0, -1.0, -714.0, -31.0, 0, 0, 0
L -1.0, -714.0, -31.0, 0.0, -723.0, -30.0, 0, 0, 0
L 0.0, -723.0, -30.0, 0.0, -724.0, -29.0, 0, 0, 0
L 0.0, -724.0, -29.0, 0.0, -744.0, -22.0, 0, 0, 0
L 0.0, -744.0, -22.0, 0.0, -754.0, -19.0, 0, 0, 0
L 0.0, -754.0, -19.0, 0.0, -761.0, -16.0, 0, 0, 0
L 0.0, -761.0, -16.0, -1.0, -775.0, -11.0, 0, 0, 0
L -1.0, -775.0, -11.0, 0.0, -789.0, -11.0, 0, 0, 0
L 0.0, -789.0, -11.0, 0.0, -829.0, -11.0, 0, 0, 0
L 0.0, -829.0, -11.0, -22.0, -828.0, -11.0, 0, 0, 0
L -22.0, -828.0, -11.0, -28.0, -830.0, -10.0, 0, 0, 0
L -28.0, -830.0, -10.0, -28.0, -836.0, -11.0, 0, 0, 0
L -28.0, -836.0, -11.0, -24.0, -837.0, -11.0, 0, 0, 0
L -24.0, -837.0, -11.0, -17.0, -836.0, -11.0, 0, 0, 0
L -17.0, -836.0, -11.0, -1.0, -839.0, -11.0, 0, 0, 0
L -1.0, -839.0, -11.0, 0.0, -840.0, -11.0, 0, 0, 0
L 0.0, -840.0, -11.0, -1.0, -863.0, -12.0, 0, 0, 0
L -1.0, -863.0, -12.0, 1.0, -869.0, -11.0, 0, 0, 0
L 1.0, -869.0, -11.0, 7.0, -868.0, -10.0, 0, 0, 0
L 7.0, -868.0, -10.0, 8.0, -868.0, -9.0, 0, 0, 0
L 8.0, -868.0, -9.0, 20.0, -868.0, 1.0, 0, 0, 0
L 20.0, -868.0, 0.0, 22.0, -870.0, 1.0, 0, 0, 0
L 22.0, -870.0, 0.0, 22.0, -889.0, -11.0, 0, 0, 0
L 22.0, -889.0, -11.0, 21.0, -897.0, -11.0, 0, 0, 0
L 21.0, -897.0, -11.0, 29.0, -897.0, -11.0, 0, 0, 0
L 29.0, -897.0, -11.0, 36.0, -895.0, -11.0, 0, 0, 0
L 36.0, -895.0, -11.0, 46.0, -894.0, -8.0, 0, 0, 0
L 55.0, -914.0, -9.0, 28.0, -912.0, -11.0, 0, 0, 0
L 28.0, -912.0, -11.0, 20.0, -911.0, -11.0, 0, 0, 0
L 20.0, -911.0, -11.0, 16.0, -912.0, -11.0, 0, 0, 0
L 16.0, -912.0, -11.0, 6.0, -910.0, -11.0, 0, 0, 0
L 6.0, -910.0, -11.0, 7.0, -896.0, -11.0, 0, 0, 0
L 7.0, -896.0, -11.0, 7.0, -889.0, -11.0, 0, 0, 0
L 7.0, -889.0, -11.0, 1.0, -884.0, -11.0, 0, 0, 0
L 1.0, -884.0, -11.0, 0.0, -885.0, -11.0, 0, 0, 0
L 0.0, -885.0, -11.0, -1.0, -891.0, -13.0, 0, 0, 0
L -1.0, -891.0, -13.0, 0.0, -898.0, -13.0, 0, 0, 0
L 0.0, -898.0, -13.0, -5.0, -907.0, -12.0, 0, 0, 0
L -5.0, -907.0, -12.0, -21.0, -907.0, -11.0, 0, 0, 0
L -21.0, -907.0, -11.0, -28.0, -912.0, -10.0, 0, 0, 0
L -28.0, -912.0, -10.0, -25.0, -916.0, -10.0, 0, 0, 0
L -25.0, -916.0, -10.0, -25.0, -920.0, -11.0, 0, 0, 0
L -25.0, -920.0, -11.0, -23.0, -923.0, -11.0, 0, 0, 0
L -23.0, -923.0, -11.0, -26.0, -943.0, -11.0, 0, 0, 0
L -26.0, -943.0, -11.0, -25.0, -946.0, -10.0, 0, 0, 0
L -25.0, -946.0, -10.0, -24.0, -952.0, -11.0, 0, 0, 0
L -24.0, -952.0, -11.0, -24.0, -972.0, -20.0, 0, 0, 0
L -24.0, -972.0, -20.0, -26.0, -979.0, -20.0, 0, 0, 0
L -26.0, -979.0, -20.0, -24.0, -982.0, -21.0, 0, 0, 0
L -24.0, -982.0, -21.0, -13.0, -981.0, -21.0, 0, 0, 0
L -13.0, -981.0, -21.0, -9.0, -981.0, -21.0, 0, 0, 0
L -9.0, -981.0, -21.0, -6.0, -984.0, -21.0, 0, 0, 0
L -6.0, -984.0, -21.0, -4.0, -989.0, -22.0, 0, 0, 0
L -4.0, -989.0, -22.0, -1.0, -990.0, -23.0, 0, 0, 0
L -1.0, -990.0, -23.0, 0.0, -990.0, -24.0, 0, 0, 0
L 0.0, -990.0, -24.0, 4.0, -991.0, -23.0, 0, 0, 0
L -28.0, -1017.0, -19.0, -62.0, -1017.0, -22.0, 0, 0, 0
L -62.0, -1017.0, -22.0, -69.0, -1007.0, -21.0, 0, 0, 0
L -69.0, -1007.0, -21.0, -70.0, -1001.0, -21.0, 0, 0, 0
L -70.0, -1001.0, -21.0, -70.0, -989.0, -24.0, 0, 0, 0
L -70.0, -989.0, -24.0, -66.0, -985.0, -22.0, 0, 0, 0
L -66.0, -985.0, -22.0, -61.0, -981.0, -21.0, 0, 0, 0
L -61.0, -981.0, -21.0, -58.0, -981.0, -21.0, 0, 0, 0
L -58.0, -981.0, -21.0, -47.0, -981.0, -22.0, 0, 0, 0
L -47.0, -981.0, -22.0, -40.0, -981.0, -22.0, 0, 0, 0
L -40.0, -981.0, -22.0, -39.0, -973.0, -20.0, 0, 0, 0
L -39.0, -973.0, -20.0, -41.0, -967.0, -17.0, 0, 0, 0
L -41.0, -967.0, -17.0, -41.0, -951.0, -11.0, 0, 0, 0
L -41.0, -951.0, -11.0, -39.0, -940.0, -11.0, 0, 0, 0
L -39.0, -940.0, -11.0, -40.0, -933.0, -11.0, 0, 0, 0
L -40.0, -933.0, -11.0, -41.0, -929.0, -11.0, 0, 0, 0
L -41.0, -929.0, -11.0, -41.0, -920.0, -11.0, 0, 0, 0
L -41.0, -920.0, -11.0, -39.0, -916.0, -10.0, 0, 0, 0
L -39.0, -916.0, -10.0, -39.0, -911.0, -10.0, 0, 0, 0
L -39.0, -911.0, -10.0, -42.0, -906.0, -11.0, 0, 0, 0
L -42.0, -906.0, -11.0, -53.0, -905.0, -11.0, 0, 0, 0
L -53.0, -905.0, -11.0, -57.0, -904.0, -11.0, 0, 0, 0
L -57.0, -904.0, -11.0, -63.0, -905.0, -11.0, 0, 0, 0
L -63.0, -905.0, -11.0, -71.0, -907.0, -12.0, 0, 0, 0
L -71.0, -907.0, -12.0, -99.0, -905.0, -11.0, 0, 0, 0
L -99.0, -905.0, -11.0, -102.0, -904.0, -11.0, 0, 0, 0
L -102.0, -904.0, -11.0, -114.0, -904.0, -11.0, 0, 0, 0
L -122.0, -905.0, -11.0, -132.0, -905.0, -11.0, 0, 0, 0
L -114.0, -904.0, -11.0, -122.0, -905.0, -11.0, 0, 0, 0
L 63.0, -33.0, 0.0, 69.0, -36.0, 1.0, 0, 0, 0
L 69.0, -36.0, 1.0, 67.0, -40.0, 0.0, 0, 0, 0
L 67.0, -40.0, 0.0, 66.0, -40.0, 0.0, 0, 0, 0
L 66.0, -40.0, 0.0, 57.0, -40.0, 0.0, 0, 0, 0
L 57.0, -40.0, 0.0, 54.0, -42.0, 2.0, 0, 0, 0
L 54.0, -42.0, 2.0, 54.0, -78.0, 1.0, 0, 0, 0
L 54.0, -78.0, 1.0, 92.0, -109.0, 1.0, 0, 0, 0
L 95.0, -106.0, 0.0, 92.0, -109.0, 1.0, 0, 0, 0
L 95.0, -106.0, 0.0, 95.0, -40.0, 1.0, 0, 0, 0
L 95.0, -40.0, 1.0, 93.0, -40.0, 0.0, 0, 0, 0
L 93.0, -40.0, 0.0, 85.0, -39.0, 1.0, 0, 0, 0
L -183.5, -393.0, -42.5, -184.0, -389.0, -43.0, 0, 0, 0
L -191.0, -395.0, -38.0, -183.5, -393.0, -42.5, 0, 0, 0
L -191.0, -415.0, -38.0, -184.0, -413.0, -43.0, 0, 0, 0
L 124.0, -469.0, -17.0, 121.0, -462.0, -20.0, 0, 0, 0
L 116.0, -462.0, -20.0, 112.0, -462.0, -20.0, 0, 0, 0
L 146.0, -469.0, -17.0, 143.0, -462.0, -20.0, 0, 0, 0
L 85.0, -39.0, 1.0, 86.0, -33.0, 1.0, 0, 0, 0
L 44.3, -8.0, 0.0, 5.0, -8.0, 1.0, 0, 0, 0
L -90.0, -29.0, 0.0, -104.0, -28.0, 0.0, 0, 0, 0
L -81.0, 32.0, 1.0, -79.0, 34.0, 0.0, 0, 0, 0
L 189.0, -1.0, 0.0, 184.0, 2.0, 1.0, 0, 0, 0
L 454.0, -863.0, -20.0, 443.0, -863.0, -20.0, 178, 102, 255
L 296.0, -939.0, -3.0, 301.0, -927.0, -18.0, 0, 0, 0
L 297.0, -890.0, -4.0, 301.0, -892.0, -18.0, 0, 0, 0
L 178.0, -514.0, -17.0, 179.0, -535.0, -17.0, 0, 0, 0
L 179.0, -535.0, -17.0, 171.0, -536.0, -17.0, 0, 0, 0
L 157.0, -512.0, -17.0, 100.0, -513.0, -17.0, 0, 0, 0
L 161.0, -518.0, -17.0, 157.0, -512.0, -17.0, 0, 0, 0
L 190.0, -513.0, -17.0, 187.0, -501.0, -17.0, 0, 0, 0
L 187.0, -501.0, -17.0, 182.0, -501.0, -17.0, 0, 0, 0
L 267.0, -477.0, -17.0, 241.0, -513.0, -17.0, 0, 0, 0
L 171.0, -536.0, -17.0, 161.0, -518.0, -17.0, 0, 0, 0
L 182.0, -501.0, -17.0, 182.0, -510.0, -17.0, 0, 0, 0
L 267.0, -439.0, -17.0, 267.0, -477.0, -17.0, 0, 0, 0
L 100.0, -513.0, -17.0, 100.0, -468.0, -17.0, 0, 0, 0
L 182.0, -510.0, -17.0, 178.0, -514.0, -17.0, 0, 0, 0
L 241.0, -513.0, -17.0, 190.0, -513.0, -17.0, 0, 0, 0
L 165.0, 903.0, 26.0, 137.0, 907.0, 26.0, 0, 0, 0
L 167.0, 848.0, 26.0, 171.0, 864.0, 26.0, 0, 0, 0
L 66.0, 789.0, 26.0, 66.0, 798.0, 27.0, 0, 0, 0
L 36.0, 827.0, 24.0, 46.0, 826.0, 28.0, 0, 0, 0
L 251.2, 537.7, 0.5, 255.7, 489.0, 2.1, 127, 64, 0
L 242.2, 489.6, 1.0, 236.5, 538.9, 2.5, 127, 64, 0
L 236.5, 538.9, 2.5, 199.6, 539.0, 2.5, 150, 150, 150
L 251.2, 537.7, 3.0, 266.4, 539.2, 2.5, 150, 150, 150
L 255.7, 489.0, 1.4, 266.4, 487.7, 2.5, 150, 150, 150
L 242.2, 489.6, 0.7, 199.6, 487.7, 2.5, 150, 150, 150
L 197.8, 518.7, -24.0, 225.0, 524.1, -16.6, 205, 133, 63
L 225.0, 524.1, -16.6, 225.7, 517.1, -17.1, 205, 133, 63
L 225.7, 517.1, -17.1, 197.9, 512.2, -24.0, 205, 133, 63
L 197.9, 512.2, -24.0, 198.1, 518.8, -24.0, 205, 133, 63
L 19.3, 257.1, -26.8, 13.8, 307.6, -25.2, 127, 64, 0
L 13.8, 307.6, -25.2, -45.4, 308.5, -25.0, 150, 150, 150
L 69.4, 308.3, -25.0, 27.2, 307.0, -26.0, 150, 150, 150
L 27.2, 307.0, -26.0, 33.9, 257.1, -25.0, 127, 64, 0
L 33.9, 257.1, -25.0, 69.4, 257.1, -25.0, 150, 150, 150
L 19.3, 257.1, -25.0, -45.4, 257.1, -25.0, 150, 150, 150
L 71.4, 290.4, -50.0, 71.4, 272.0, -50.0, 0, 0, 0
L 71.4, 290.4, -50.0, 69.4, 310.9, -25.0, 0, 0, 0
L 69.4, 310.9, -25.0, 69.4, 315.4, -25.0, 0, 0, 0
L 69.4, 315.4, -25.0, 49.8, 335.0, -25.0, 0, 0, 0
L 71.6, 276.7, -49.9, 43.7, 274.0, -43.2, 205, 133, 63
L 43.7, 274.0, -43.2, 43.9, 279.3, -43.3, 205, 133, 63
L 43.9, 279.3, -43.3, 71.3, 283.3, -50.0, 205, 133, 63
L 71.3, 283.3, -50.0, 71.6, 276.7, -50.0, 205, 133, 63
L -86.6, -321.1, -30.2, -104.6, -368.7, -35.1, 127, 64, 0
L -104.6, -368.7, -35.1, -98.2, -372.3, -35.0, 127, 64, 0
L -98.2, -372.3, -35.0, -100.8, -379.2, -33.1, 127, 64, 0
L -100.8, -379.2, -33.1, -112.0, -380.0, -33.0, 127, 64, 0
L -112.0, -380.0, -33.0, -86.7, -422.6, -30.0, 127, 64, 0
L -97.3, -421.7, -30.1, -121.5, -378.0, -33.0, 127, 64, 0
L -121.5, -378.0, -33.0, -157.8, -389.2, -35.0, 127, 64, 0
L -157.8, -389.2, -35.0, -185.2, -408.7, -42.6, 127, 64, 0
L -186.4, -400.4, -42.3, -157.2, -380.0, -35.0, 127, 64, 0
L -157.2, -380.0, -35.0, -122.6, -370.6, -35.0, 127, 64, 0
L -122.6, -370.6, -35.0, -112.4, -369.2, -35.0, 127, 64, 0
L -112.4, -369.2, -35.0, -96.5, -320.1, -29.4, 127, 64, 0
L -95.2, -349.6, -41.0, -92.5, -350.7, -42.7, 0, 0, 255
L -92.5, -350.7, -42.7, -77.7, -342.7, -42.9, 0, 0, 255
L -77.7, -342.7, -42.9, -58.5, -362.9, -42.7, 0, 0, 255
L -58.5, -362.9, -42.7, -47.8, -365.3, -42.5, 0, 0, 255
L -47.8, -365.3, -42.5, -46.5, -358.1, -42.4, 0, 0, 255
L -46.5, -358.1, -42.4, -42.4, -359.8, -42.0, 0, 0, 255
L -184.6, -396.9, -43.6, -183.5, -364.4, -42.8, 0, 0, 255
L -183.5, -364.4, -42.8, -178.5, -367.3, -41.7, 0, 0, 255
L -178.5, -367.3, -41.7, -169.1, -367.7, -41.1, 0, 0, 255
L -169.1, -367.7, -41.1, -156.6, -357.6, -42.5, 0, 0, 255
L -156.6, -357.6, -42.5, -160.7, -346.2, -43.0, 0, 0, 255
L -160.7, -346.2, -43.0, -157.8, -340.5, -41.2, 0, 0, 255
L -157.8, -340.5, -41.2, -134.4, -339.6, -42.2, 0, 0, 255
L -134.4, -339.6, -42.2, -121.3, -343.7, -43.6, 0, 0, 255
L -121.3, -343.7, -43.6, -122.8, -348.4, -43.5, 0, 0, 255
L -122.8, -348.4, -43.5, -105.9, -350.3, -42.2, 0, 0, 255
L -185.4, -431.4, -42.9, -174.2, -420.5, -39.6, 0, 0, 255
L -174.2, -420.5, -39.6, -157.3, -409.2, -42.4, 0, 0, 255
L -157.3, -409.2, -42.4, -152.3, -419.7, -43.3, 0, 0, 255
L -152.3, -419.7, -43.3, -149.1, -417.9, -42.7, 0, 0, 255
L -149.1, -417.9, -42.7, -140.6, -405.3, -42.8, 0, 0, 255
L -140.6, -405.3, -42.8, -120.4, -402.7, -42.7, 0, 0, 255
L -120.4, -402.7, -42.7, -121.8, -396.2, -42.9, 0, 0, 255
L -121.8, -396.2, -42.9, -113.5, -395.7, -41.8, 0, 0, 255
L -102.8, -395.7, -40.6, -92.6, -395.4, -41.7, 0, 0, 255
L -92.6, -395.4, -41.7, -80.4, -401.8, -43.3, 0, 0, 255
L -80.4, -401.8, -43.3, -70.3, -404.9, -43.0, 0, 0, 255
L -70.3, -404.9, -43.0, -52.5, -416.4, -42.6, 0, 0, 255
L -52.5, -416.4, -42.6, -58.2, -427.5, -42.3, 0, 0, 255
L -58.2, -427.5, -42.3, -40.3, -429.9, -42.9, 0, 0, 255
