P -15.0000, -1490.0000, -100.0000, 255, 0, 0, 3, to_The_City_of_Guk
P 17.0000, -1648.0000, -103.0000, 255, 0, 0, 3, to_The_City_of_Guk
P -635.0000, -1110.0000, -90.0000, 255, 0, 0, 3, to_The_City_of_Guk
P -77.0000, 140.0000, -238.0000, 255, 0, 0, 3, to_Innothule_Swamp
P 200.0000, -1211.0000, -83.0000, 255, 0, 0, 3, to_The_City_of_Guk
P 200.0000, -1211.0000, -93.0000, 255, 0, 0, 2, Succor
P -359.6200, -946.1960, -224.9680, 255, 255, 255, 2, Safe_Hall
P 684.0000, -836.0000, -195.0000, 255, 255, 255, 2, Safe_Hall
P 665.0000, -615.0000, -195.0000, 255, 255, 255, 2, Up
P 428.0000, -1567.0000, -108.0000, 255, 255, 255, 2, Waterfall_(up)
P 554.5800, -684.3730, -144.3950, 255, 255, 255, 2, Ladder
P 614.3390, -580.7220, -167.8090, 255, 255, 255, 2, Down
P 734.4970, -629.2490, -167.5450, 255, 255, 255, 2, Up
P 646.8740, -759.7520, -139.9370, 255, 255, 255, 2, Bridge
P 903.5710, -903.7690, -223.9050, 255, 255, 0, 2, TRAP
P 749.8360, -1114.0880, -251.9050, 255, 255, 0, 2, TRAP
P 732.0000, -1069.0000, -251.0000, 255, 255, 0, 2, TRAP
P 764.0000, -1070.0000, -251.0000, 255, 255, 0, 2, TRAP
P 707.7200, -667.2970, -169.6620, 255, 255, 0, 2, Pit
P 582.0928, -1019.8928, -138.6765, 240, 240, 240, 2, Bedroom
P 414.3339, -926.8065, -140.6750, 240, 240, 240, 2, Spider_Room
P 450.3690, -621.4590, -196.5300, 0, 0, 0, 2, Evil_Eye
P 368.6750, -947.5320, -197.3160, 0, 0, 0, 2, Raster
P 749.7380, -1075.2500, -251.9050, 0, 0, 0, 2, Corrupted_Gnome_Explorer
P 611.0000, -924.0000, 0.0000, 240, 240, 240, 2, Froglok_Slaves
P 751.0000, -1074.0000, -252.0000, 0, 0, 0, 2, a_spectral_shimmer
P 479.5702, -1645.5670, -88.1623, 0, 0, 240, 1, GS:_Scepter
P 1056.4340, -1063.4340, -193.9350, 127, 64, 0, 2, a_frenzied_ghoul_(Hunter)
P 595.0000, -231.0000, -265.0000, 127, 64, 0, 2, a_froglok_crusader_(Hunter)
P 261.0000, -19.0000, -223.0000, 127, 64, 0, 2, a_froglok_herbalist_(Hunter)
P 77.7071, -351.8461, -238.6377, 127, 64, 0, 2, a_froglok_noble_(Hunter)
P 23.0000, 76.0000, -224.0000, 127, 64, 0, 2, a_froglok_tactician_(Hunter)
P 432.0000, -211.0000, -251.0000, 127, 64, 0, 2, a_froglok_yun_priest_(Hunter)
P 774.9370, -638.0790, -111.8520, 127, 64, 0, 2, a_ghoul_assassin_(Hunter)
P 609.0000, -578.0000, 0.0000, 127, 64, 0, 2, a_ghoul_cavalier_(Hunter)
P 884.0000, -625.0000, 0.0000, 127, 64, 0, 2, a_ghoul_executioner_(Hunter)
P 730.9030, -511.6610, -195.9040, 127, 64, 0, 2, a_ghoul_sage_(Hunter)
P 603.2490, -582.5690, -167.9350, 127, 64, 0, 2, a_ghoul_savant_(Hunter)
P 1085.3350, -852.3417, -209.9042, 127, 64, 0, 2, a_ghoul_sentinel_(Hunter)
P 766.0000, -634.0000, -110.0000, 127, 64, 0, 2, a_ghoul_supplier_(Hunter)
P 303.0000, -923.0000, -221.0000, 127, 64, 0, 2, a_minotaur_elder_(Hunter)
P -106.0000, -657.0000, -210.0000, 127, 64, 0, 2, a_minotaur_patriarch_(Hunter,Roam)
P 651.0000, -1140.0000, -195.0000, 127, 64, 0, 2, a_reanimated_hand_(Hunter)
P 689.3650, -1145.3979, -125.9370, 0, 0, 0, 2, a_reanimated_hand_(Hunter)
P -19.7140, 106.6080, -232.9050, 127, 64, 0, 2, the_froglok_king_(Hunter)
P 832.4410, -1170.5240, -194.3870, 127, 64, 0, 2, the_ghoul_arch_magus_(Hunter)
P 748.0000, -1556.0000, -171.0000, 127, 64, 0, 2, the_ghoul_lord_(Hunter)
P 611.6279, -580.2053, -195.9042, 127, 64, 0, 2, a_ghoul_cavalier_(Hunter)
P 704.2952, -768.7252, -139.9354, 127, 64, 0, 2, a_ghoul_ritualist_(Hunter)
P 110.9673, -87.0204, -237.9041, 240, 240, 0, 2, Fake_Wall
