P 185.8620, -1186.4160, -83.9680, 255, 0, 0, 3, to_The_Ruins_of_Old_Guk
P 75.1520, -1534.4821, -101.6830, 255, 0, 0, 3, to_The_Ruins_of_Old_Guk
P -370.6620, -1625.8910, -99.2720, 255, 0, 0, 3, to_The_Ruins_of_Old_Guk
P -608.1670, -1123.3470, -88.3130, 255, 0, 0, 3, to_The_Ruins_of_Old_Guk
P -7.0000, 36.0000, 0.0000, 255, 0, 0, 2, Succor
P -220.0000, -447.0000, -13.0000, 255, 255, 0, 2, LDoN_Instance_(Barricaded_Door)
P -27.0010, -906.7270, -98.4470, 255, 255, 0, 2, Ladder_up
P 39.3146, -744.6262, -153.7792, 0, 0, 0, 2, Tempus
P 306.7227, -396.8161, -69.8104, 240, 240, 0, 2, Fake_Wall
P -627.8647, -1264.4043, -83.8953, 0, 0, 0, 2, Nokta_Shaman
P -314.2435, -1104.5831, -82.8469, 0, 0, 0, 2, Froglok_Priest
P -183.0749, -452.6061, -97.8104, 240, 240, 240, 2, Mushroom_Farm
P -158.7236, -169.5190, 0.1582, 0, 0, 0, 2, Froglok_Necromancer
P -181.3138, -593.3693, -97.8104, 0, 0, 0, 2, Fungus_Mutant
P -471.0833, -1652.4672, -77.8104, 127, 64, 0, 2, an_ancient_croc_(Hunter)
P -216.6133, -699.3671, -13.8417, 127, 64, 0, 2, a_froglok_gaz_squire_(Hunter)
P 152.0499, -250.1414, 0.0020, 127, 64, 0, 2, a_froglok_realist_(Hunter)
P 434.8758, -247.0287, -15.8417, 127, 64, 0, 2, a_froglok_scryer_(Hunter)
P -259.7959, 16.5372, -97.8104, 127, 64, 0, 2, the_froglok_shin_lord_(Hunter)
P -323.7537, -1099.3091, -83.2262, 127, 64, 0, 2, a_froglok_summoner_(Hunter)
P 77.6165, -288.1065, -83.9667, 127, 64, 0, 2, the_froglok_warden_(Hunter)
P 133.7393, 28.6916, -13.1605, 127, 64, 0, 2, a_giant_heart_spider_(Hunter)




