L -279.5, 97.6, 20.6, -280.3, 112.3, 0.9, 0, 0, 0
L -266.0, 97.5, 21.7, -279.5, 97.6, 20.6, 0, 0, 0
L -252.5, 110.8, 28.4, -266.0, 97.5, 21.7, 0, 0, 0
L -237.8, 111.3, 28.6, -252.5, 110.8, 28.4, 0, 0, 0
L -224.2, 97.7, 28.6, -237.8, 111.3, 28.6, 0, 0, 0
L -210.3, 97.6, 28.6, -224.2, 97.7, 28.6, 0, 0, 0
L -210.4, 84.0, 28.6, -210.3, 97.6, 28.6, 0, 0, 0
L -224.3, 69.7, 28.6, -210.4, 84.0, 28.6, 0, 0, 0
L -221.4, 55.6, 31.2, -224.3, 69.7, 28.6, 0, 0, 0
L -207.5, 57.3, 38.4, -221.4, 55.6, 31.2, 0, 0, 0
L -207.5, 77.7, 48.6, -207.5, 57.3, 38.4, 0, 0, 0
L -199.7, 93.6, 48.6, -207.5, 77.7, 48.6, 0, 0, 0
L -174.0, 93.4, 48.6, -199.7, 93.6, 48.6, 0, 0, 0
L -162.4, 77.9, 49.8, -174.0, 93.4, 48.6, 0, 0, 0
L -168.0, 57.1, 63.3, -162.4, 77.9, 49.8, 0, 0, 0
L -168.3, 44.7, 63.6, -168.0, 57.1, 63.3, 0, 0, 0
L -181.6, 55.9, 63.6, -168.3, 44.7, 63.6, 0, 0, 0
L -182.4, 78.3, 48.6, -181.6, 55.9, 63.6, 0, 0, 0
L -194.3, 77.6, 47.3, -182.4, 78.3, 48.6, 0, 0, 0
L -192.3, 50.6, 37.6, -194.3, 77.6, 47.3, 0, 0, 0
L -199.7, 42.7, 37.6, -192.3, 50.6, 37.6, 0, 0, 0
L -238.3, 42.2, 29.6, -199.7, 42.7, 37.6, 0, 0, 0
L -238.6, 27.9, 29.6, -238.3, 42.2, 29.6, 0, 0, 0
L -251.9, 14.5, 30.5, -238.6, 27.9, 29.6, 0, 0, 0
L -279.6, 13.2, 30.6, -251.9, 14.5, 30.5, 0, 0, 0
L -265.5, -0.4, 29.6, -279.6, 13.2, 30.6, 0, 0, 0
L -237.6, -0.8, 29.6, -265.5, -0.4, 29.6, 0, 0, 0
L -223.4, -14.4, 28.6, -237.6, -0.8, 29.6, 0, 0, 0
L -209.6, -14.9, 28.6, -223.4, -14.4, 28.6, 0, 0, 0
L -181.3, -42.3, 28.9, -209.6, -14.9, 28.6, 0, 0, 0
L -167.2, -41.7, 32.6, -181.3, -42.3, 28.9, 0, 0, 0
L -153.7, -28.5, 32.6, -167.2, -41.7, 32.6, 0, 0, 0
L -153.6, -14.4, 38.6, -153.7, -28.5, 32.6, 0, 0, 0
L -140.1, -14.4, 39.0, -153.6, -14.4, 38.6, 0, 0, 0
L -112.4, -42.0, 32.6, -140.1, -14.4, 39.0, 0, 0, 0
L -126.3, -69.8, 32.6, -112.4, -42.0, 32.6, 0, 0, 0
L -111.6, -83.9, 48.3, -126.3, -69.8, 32.6, 0, 0, 0
L -111.6, -57.2, 54.6, -111.6, -83.9, 48.3, 0, 0, 0
L -97.6, -35.8, 55.6, -111.6, -57.2, 54.6, 0, 0, 0
L -97.6, -22.5, 55.6, -97.6, -35.8, 55.6, 0, 0, 0
L -84.0, -12.5, 55.6, -97.6, -22.5, 55.6, 0, 0, 0
L -70.5, -26.0, 55.6, -84.0, -12.5, 55.6, 0, 0, 0
L -70.3, -42.2, 56.6, -70.5, -26.0, 55.6, 0, 0, 0
L -70.8, -69.6, 56.6, -70.3, -42.2, 56.6, 0, 0, 0
L -83.6, -69.6, 56.6, -70.8, -69.6, 56.6, 0, 0, 0
L -84.1, -55.6, 55.6, -83.6, -69.6, 56.6, 0, 0, 0
L -98.3, -55.8, 54.6, -84.1, -55.6, 55.6, 0, 0, 0
L -98.3, -70.3, 53.4, -98.3, -55.8, 54.6, 0, 0, 0
L -98.9, -98.3, 41.6, -98.3, -70.3, 53.4, 0, 0, 0
L -112.3, -111.6, 40.4, -98.9, -98.3, 41.6, 0, 0, 0
L -126.3, -111.3, 32.6, -112.3, -111.6, 40.4, 0, 0, 0
L -139.4, -124.9, 32.6, -126.3, -111.3, 32.6, 0, 0, 0
L -153.8, -125.6, 32.6, -139.4, -124.9, 32.6, 0, 0, 0
L -168.3, -111.6, 31.7, -153.8, -125.6, 32.6, 0, 0, 0
L -238.2, -111.2, 28.6, -168.3, -111.6, 31.7, 0, 0, 0
L -251.9, -97.6, 28.8, -238.2, -111.2, 28.6, 0, 0, 0
L -265.5, -97.6, 35.1, -251.9, -97.6, 28.8, 0, 0, 0
L -265.7, -69.6, 36.6, -265.5, -97.6, 35.1, 0, 0, 0
L -279.7, -69.6, 38.9, -265.7, -69.6, 36.6, 0, 0, 0
L -293.9, -55.5, 42.6, -279.7, -69.6, 38.9, 0, 0, 0
L -306.9, -67.3, 42.6, -293.9, -55.5, 42.6, 0, 0, 0
L -308.9, -84.5, 42.6, -306.9, -67.3, 42.6, 0, 0, 0
L -321.8, -97.4, 42.6, -308.9, -84.5, 42.6, 0, 0, 0
L -335.0, -97.6, 42.6, -321.8, -97.4, 42.6, 0, 0, 0
L -349.5, -83.0, 42.6, -335.0, -97.6, 42.6, 0, 0, 0
L -348.8, -69.4, 42.6, -349.5, -83.0, 42.6, 0, 0, 0
L -335.5, -56.2, 42.6, -348.8, -69.4, 42.6, 0, 0, 0
L -334.3, -42.5, 42.6, -335.5, -56.2, 42.6, 0, 0, 0
L -363.5, -41.6, 42.6, -334.3, -42.5, 42.6, 0, 0, 0
L -363.5, -14.9, 42.6, -363.5, -41.6, 42.6, 0, 0, 0
L -350.1, -0.7, 42.6, -363.5, -14.9, 42.6, 0, 0, 0
L -336.3, -0.5, 42.6, -350.1, -0.7, 42.6, 0, 0, 0
L -321.9, 13.5, 42.6, -336.3, -0.5, 42.6, 0, 0, 0
L -308.4, -0.0, 42.6, -321.9, 13.5, 42.6, 0, 0, 0
L -308.2, -13.6, 42.6, -308.4, -0.0, 42.6, 0, 0, 0
L -321.2, -28.4, 42.6, -308.2, -13.6, 42.6, 0, 0, 0
L -293.5, -28.4, 41.1, -321.2, -28.4, 42.6, 0, 0, 0
L -280.2, -28.4, 39.0, -293.5, -28.4, 41.1, 0, 0, 0
L -263.4, -40.0, 34.1, -280.2, -28.4, 39.0, 0, 0, 0
L -252.1, -27.6, 29.6, -263.4, -40.0, 34.1, 0, 0, 0
L -265.9, -27.5, 30.6, -252.1, -27.6, 29.6, 0, 0, 0
L -293.5, 0.1, 31.6, -265.9, -27.5, 30.6, 0, 0, 0
L -293.0, 27.6, 30.6, -293.5, 0.1, 31.6, 0, 0, 0
L -265.4, 28.0, 29.6, -293.0, 27.6, 30.6, 0, 0, 0
L -251.5, 42.3, 28.6, -265.4, 28.0, 29.6, 0, 0, 0
L -251.0, 56.3, 28.6, -251.5, 42.3, 28.6, 0, 0, 0
L -237.5, 70.2, 28.6, -251.0, 56.3, 28.6, 0, 0, 0
L -237.7, 84.3, 28.6, -237.5, 70.2, 28.6, 0, 0, 0
L -252.6, 83.8, 28.3, -237.7, 84.3, 28.6, 0, 0, 0
L -266.2, 70.4, 20.6, -252.6, 83.8, 28.3, 0, 0, 0
L -268.7, 69.7, 20.6, -266.2, 70.4, 20.6, 0, 0, 0
L -293.0, 70.3, 17.7, -268.7, 69.7, 20.6, 0, 0, 0
L -307.5, 84.4, 9.5, -293.0, 70.3, 17.7, 0, 0, 0
L -307.0, 98.3, 4.9, -307.5, 84.4, 9.5, 0, 0, 0
L -293.6, 111.7, 0.7, -307.0, 98.3, 4.9, 0, 0, 0
L -320.4, 153.0, -13.6, -324.2, 138.1, -19.4, 0, 0, 255
L -307.8, 140.4, -9.5, -320.4, 153.0, -13.6, 0, 0, 255
L -293.5, 139.2, -9.1, -307.8, 140.4, -9.5, 0, 0, 255
L -293.5, 112.3, -1.6, -293.5, 139.2, -9.1, 0, 0, 255
L -280.0, 112.3, -1.6, -293.5, 112.3, -1.6, 0, 0, 255
L -266.4, 125.9, -5.4, -280.0, 112.3, -1.6, 0, 0, 255
L -280.3, 140.3, -9.4, -266.4, 125.9, -5.4, 0, 0, 255
L -280.2, 153.6, -9.4, -280.3, 140.3, -9.4, 0, 0, 255
L -294.3, 153.3, -13.7, -280.2, 153.6, -9.4, 0, 0, 255
L -308.3, 167.6, -18.4, -294.3, 153.3, -13.7, 0, 0, 255
L -322.2, 165.6, -19.4, -308.3, 167.6, -18.4, 0, 0, 255
L -322.2, 140.3, 0.6, -322.2, 137.6, 0.6, 0, 0, 0
L -324.6, 148.5, 1.0, -322.2, 140.3, 0.6, 0, 0, 0
L -324.2, 153.6, 1.2, -324.6, 148.5, 1.0, 0, 0, 0
L -327.7, 153.3, 1.4, -324.2, 153.6, 1.2, 0, 0, 0
L -333.2, 162.1, 1.8, -327.7, 153.3, 1.4, 0, 0, 0
L -342.1, 167.6, 2.3, -333.2, 162.1, 1.8, 0, 0, 255
L -349.7, 167.6, 2.7, -342.1, 167.6, 2.3, 0, 0, 255
L -358.0, 153.6, 3.4, -349.7, 167.6, 2.7, 0, 0, 255
L -377.7, 153.4, 3.2, -358.0, 153.6, 3.4, 0, 0, 255
L -392.4, 167.6, 2.9, -377.7, 153.4, 3.2, 0, 0, 255
L -378.2, 182.6, 2.9, -392.4, 167.6, 2.9, 0, 0, 255
L -378.4, 195.4, 3.2, -378.2, 182.6, 2.9, 0, 0, 255
L -364.3, 210.0, 3.1, -378.4, 195.4, 3.2, 0, 0, 255
L -364.2, 223.5, 2.2, -364.3, 210.0, 3.1, 0, 0, 255
L -447.4, 223.5, 0.8, -364.2, 223.5, 2.2, 0, 0, 255
L -446.7, 211.6, 0.5, -447.4, 223.5, 0.8, 0, 0, 255
L -461.1, 196.1, 0.9, -446.7, 211.6, 0.5, 0, 0, 255
L -461.3, 182.4, 0.4, -461.1, 196.1, 0.9, 0, 0, 255
L -474.9, 168.3, 0.2, -461.3, 182.4, 0.4, 0, 0, 255
L -461.2, 166.8, -0.0, -474.9, 168.3, 0.2, 0, 0, 255
L -461.4, 126.3, -0.2, -461.2, 166.8, -0.0, 0, 0, 255
L -420.2, 126.5, -0.9, -461.4, 126.3, -0.2, 0, 0, 255
L -420.1, 140.2, -1.6, -420.2, 126.5, -0.9, 0, 0, 255
L -405.5, 154.1, -1.6, -420.1, 140.2, -1.6, 0, 0, 255
L -391.7, 140.7, -1.6, -405.5, 154.1, -1.6, 0, 0, 255
L -391.5, 127.1, -1.2, -391.7, 140.7, -1.6, 0, 0, 255
L -401.5, 111.7, 0.3, -391.5, 127.1, -1.2, 0, 0, 255
L -417.6, 111.6, 0.3, -401.5, 111.7, 0.3, 0, 0, 255
L -417.5, 56.3, 2.4, -417.6, 111.6, 0.3, 0, 0, 255
L -238.6, 587.7, 35.6, -238.3, 573.4, 28.6, 139, 69, 19
L -252.1, 601.1, 35.6, -238.6, 587.7, 35.6, 139, 69, 19
L -252.3, 628.8, 35.6, -252.1, 601.1, 35.6, 139, 69, 19
L -266.3, 615.8, 42.6, -252.3, 628.8, 35.6, 0, 204, 0
L -266.3, 643.7, 44.6, -266.3, 615.8, 42.6, 0, 204, 0
L -252.3, 658.6, 43.6, -266.3, 643.7, 44.6, 0, 204, 0
L -252.0, 686.1, 42.6, -252.3, 658.6, 43.6, 0, 204, 0
L -240.3, 686.1, 42.6, -252.0, 686.1, 42.6, 0, 204, 0
L -240.3, 697.3, 42.6, -240.3, 686.1, 42.6, 0, 204, 0
L -291.5, 697.3, 42.6, -240.3, 697.3, 42.6, 0, 204, 0
L -291.5, 686.1, 42.6, -291.5, 697.3, 42.6, 0, 204, 0
L -279.5, 685.9, 43.6, -291.5, 686.1, 42.6, 0, 204, 0
L -265.8, 671.3, 44.6, -279.5, 685.9, 43.6, 0, 204, 0
L -279.5, 657.6, 44.6, -265.8, 671.3, 44.6, 0, 204, 0
L -279.2, 573.7, 35.6, -279.5, 657.6, 44.6, 0, 204, 0
L -265.8, 560.2, 35.6, -279.2, 573.7, 35.6, 0, 204, 0
L -123.6, 247.8, -0.4, -128.3, 247.8, 0.6, 0, 0, 0
L -123.6, 250.3, -0.4, -123.6, 247.8, -0.4, 0, 0, 0
L -125.6, 250.3, 0.6, -123.6, 250.3, -0.4, 0, 0, 0
L -123.6, 210.9, -0.4, -123.6, 212.3, -0.4, 0, 0, 0
L -125.6, 265.5, 0.6, -125.6, 250.3, 0.6, 0, 0, 0
L -111.8, 279.2, 0.6, -125.6, 265.5, 0.6, 0, 0, 0
L -111.6, 294.1, 0.7, -111.8, 279.2, 0.6, 0, 0, 0
L -125.6, 322.2, 4.6, -111.6, 294.1, 0.7, 0, 0, 0
L -125.6, 335.7, 6.5, -125.6, 322.2, 4.6, 0, 0, 0
L -122.4, 338.9, 7.0, -125.6, 335.7, 6.5, 0, 0, 0
L -96.7, 349.5, 8.4, -122.4, 338.9, 7.0, 0, 0, 0
L -89.0, 349.5, 8.4, -96.7, 349.5, 8.4, 0, 0, 0
L -70.9, 349.5, 8.4, -89.0, 349.5, 8.4, 0, 0, 0
L -63.2, 342.6, 7.5, -70.9, 349.5, 8.4, 0, 0, 0
L -56.3, 308.1, 2.6, -63.2, 342.6, 7.5, 0, 0, 0
L -84.2, 294.1, 0.7, -56.3, 308.1, 2.6, 0, 0, 0
L -98.3, 266.1, 0.6, -84.2, 294.1, 0.7, 0, 0, 0
L -112.3, 249.5, -0.4, -98.3, 266.1, 0.6, 0, 0, 0
L -112.3, 224.3, -0.4, -112.3, 249.5, -0.4, 0, 0, 0
L -123.6, 210.9, -0.4, -112.3, 224.3, -0.4, 0, 0, 0
L -141.6, 282.2, 0.6, -144.3, 282.2, 0.6, 0, 0, 0
L -144.3, 280.2, 0.6, -144.3, 282.2, 0.6, 0, 0, 0
L -141.6, 277.6, 0.6, -141.6, 282.2, 0.6, 0, 0, 0
L -165.6, 277.5, 0.6, -141.6, 277.6, 0.6, 0, 0, 0
L -165.6, 225.3, 0.6, -165.6, 277.5, 0.6, 0, 0, 0
L -139.7, 225.3, 0.6, -165.6, 225.3, 0.6, 0, 0, 0
L -139.5, 221.6, 0.6, -139.7, 225.3, 0.6, 0, 0, 0
L -165.6, 221.5, 0.6, -139.5, 221.6, 0.6, 0, 0, 0
L -165.6, 212.3, 0.6, -165.6, 221.5, 0.6, 0, 0, 0
L -123.6, 212.3, -0.4, -165.6, 212.3, 0.6, 0, 0, 0
L -128.3, 253.5, 0.6, -128.3, 247.8, 0.6, 0, 0, 0
L -139.6, 253.5, 0.6, -128.3, 253.5, 0.6, 0, 0, 0
L -139.6, 241.5, 0.6, -139.6, 253.5, 0.6, 0, 0, 0
L -154.3, 241.5, 0.6, -139.6, 241.5, 0.6, 0, 0, 0
L -154.3, 256.3, 0.6, -154.3, 241.5, 0.6, 0, 0, 0
L -128.3, 256.3, 0.6, -154.3, 256.3, 0.6, 0, 0, 0
L -128.3, 277.5, 0.6, -128.3, 256.3, 0.6, 0, 0, 0
L -132.3, 277.5, 0.6, -128.3, 277.5, 0.6, 0, 0, 0
L -132.3, 282.2, 0.6, -132.3, 277.5, 0.6, 0, 0, 0
L -129.6, 282.2, 0.6, -132.3, 282.2, 0.6, 0, 0, 0
L -129.6, 280.2, 0.6, -129.6, 282.2, 0.6, 0, 0, 0
L -417.5, 58.8, 6.6, -418.3, 58.8, 6.6, 100, 50, 0
L -417.5, 97.7, 6.6, -417.5, 58.8, 6.6, 100, 50, 0
L -404.2, 97.6, 6.6, -417.5, 97.7, 6.6, 100, 50, 0
L -404.2, 81.7, 6.6, -404.2, 97.6, 6.6, 100, 50, 0
L -376.9, 81.6, 6.6, -404.2, 81.7, 6.6, 100, 50, 0
L -376.7, 58.4, 6.6, -376.9, 81.6, 6.6, 100, 50, 0
L -403.4, 58.3, 6.6, -376.7, 58.4, 6.6, 100, 50, 0
L -403.5, 55.6, 5.6, -418.2, 55.6, 5.6, 150, 150, 150
L -418.2, 53.6, 4.6, -403.5, 53.6, 4.6, 150, 150, 150
L -403.5, 51.6, 3.6, -418.1, 51.6, 3.6, 150, 150, 150
L -418.1, 49.6, 2.6, -403.5, 49.6, 2.6, 150, 150, 150
L -403.6, 47.6, 1.6, -418.1, 47.6, 1.6, 150, 150, 150
L -418.0, 45.7, 0.6, -418.2, 55.6, 0.6, 150, 150, 150
L -403.6, 45.5, 0.6, -418.0, 45.7, 0.6, 150, 150, 150
L -403.4, 58.3, 0.6, -403.5, 55.6, 0.6, 100, 50, 0
L -332.8, 69.5, 0.6, -322.2, 69.6, 0.6, 100, 50, 0
L -333.2, 72.1, 2.6, -332.8, 69.5, 0.6, 100, 50, 0
L -335.6, 78.9, 6.3, -333.2, 72.1, 2.6, 100, 50, 0
L -337.3, 89.7, 9.3, -335.6, 78.9, 6.3, 100, 50, 0
L -334.4, 96.8, 14.6, -337.3, 89.7, 9.3, 100, 50, 0
L -333.8, 104.4, 18.8, -334.4, 96.8, 14.6, 100, 50, 0
L -333.6, 125.3, 28.7, -333.8, 104.4, 18.8, 100, 50, 0
L -333.7, 168.3, 29.6, -333.6, 125.3, 28.7, 100, 50, 0
L -325.0, 168.3, 29.6, -333.7, 168.3, 29.6, 100, 50, 0
L -322.2, 72.2, 2.6, -322.2, 67.6, 0.6, 100, 50, 0
L -326.4, 82.0, 8.4, -322.2, 72.2, 2.6, 100, 50, 0
L -328.5, 92.2, 12.6, -326.4, 82.0, 8.4, 100, 50, 0
L -324.7, 102.8, 17.6, -328.5, 92.2, 12.6, 100, 50, 0
L -324.4, 127.4, 29.6, -324.7, 102.8, 17.6, 100, 50, 0
L -324.3, 168.3, 29.6, -324.4, 127.4, 29.6, 100, 50, 0
L -322.2, 164.2, 33.6, -322.1, 168.3, 29.6, 0, 0, 0
L -336.2, 164.3, 29.6, -322.2, 164.2, 33.6, 0, 0, 255
L -341.3, 168.8, 29.6, -336.2, 164.3, 29.6, 0, 0, 255
L -295.6, 198.2, 34.6, -297.7, 200.3, 30.7, 0, 0, 0
L -295.5, 193.8, 34.6, -295.6, 198.2, 34.6, 0, 0, 0
L -306.3, 189.7, 32.8, -295.5, 193.8, 34.6, 0, 0, 0
L -321.3, 197.2, 33.9, -306.3, 189.7, 32.8, 0, 0, 0
L -331.4, 197.5, 33.8, -321.3, 197.2, 33.9, 0, 0, 0
L -339.5, 189.8, 32.2, -331.4, 197.5, 33.8, 0, 0, 0
L -339.5, 176.5, 29.7, -339.5, 189.8, 32.2, 0, 0, 0
L -341.3, 168.7, 29.6, -339.5, 176.5, 29.7, 0, 0, 0
L -318.9, 173.5, 29.6, -322.1, 168.3, 29.6, 0, 0, 0
L -306.8, 173.9, 31.3, -318.9, 173.5, 29.6, 0, 0, 0
L -293.5, 168.3, 30.4, -306.8, 173.9, 31.3, 0, 0, 0
L -278.5, 168.3, 30.4, -293.5, 168.3, 30.4, 0, 0, 0
L -270.3, 176.3, 31.8, -278.5, 168.3, 30.4, 0, 0, 0
L -270.3, 197.8, 34.6, -270.3, 176.3, 31.8, 0, 0, 0
L -280.0, 209.5, 32.7, -279.8, 209.2, 32.8, 0, 0, 0
L -303.4, 200.3, 29.3, -297.7, 200.3, 30.7, 0, 0, 0
L -314.3, 208.3, 26.6, -303.4, 200.3, 29.3, 0, 0, 0
L -335.8, 208.3, 28.9, -314.3, 208.3, 26.6, 0, 0, 0
L -349.5, 216.1, 30.3, -335.8, 208.3, 28.9, 0, 0, 0
L -349.5, 236.6, 26.6, -349.5, 216.1, 30.3, 0, 0, 0
L -351.4, 249.4, 26.6, -349.5, 236.6, 26.6, 0, 0, 0
L -279.8, 209.2, 32.8, -270.3, 197.8, 34.6, 0, 0, 0
L -290.6, 210.2, 31.9, -279.8, 209.2, 32.8, 0, 0, 255
L -308.7, 223.5, 26.6, -290.2, 209.8, 31.9, 0, 0, 255
L -315.5, 223.8, 26.6, -308.7, 223.5, 26.6, 0, 0, 255
L -315.5, 223.8, 26.6, -328.7, 236.2, 26.6, 0, 0, 255
L -343.9, 249.5, 26.6, -351.5, 249.6, 26.6, 0, 0, 255
L -338.2, 237.8, 26.6, -343.9, 249.5, 26.6, 0, 0, 255
L -328.7, 236.2, 26.6, -338.2, 237.8, 26.6, 0, 0, 255
L -137.6, -529.4, 0.6, -140.3, -529.4, 0.6, 0, 0, 0
L -137.6, -531.4, 0.6, -126.3, -531.4, 0.6, 0, 0, 0
L -137.6, -529.4, 0.6, -137.6, -531.4, 0.6, 0, 0, 0
L -140.3, -557.4, 0.6, -140.3, -529.4, 0.6, 0, 0, 0
L -139.6, -560.2, 3.8, -139.6, -566.2, 0.7, 0, 0, 0
L -147.3, -566.2, 0.7, -139.6, -566.2, 0.7, 0, 0, 0
L -147.3, -566.2, 0.6, -147.3, -563.4, 0.6, 0, 0, 0
L -145.3, -563.4, 0.6, -147.3, -563.4, 0.6, 0, 0, 0
L -145.3, -562.2, 0.6, -145.3, -563.4, 0.6, 0, 0, 0
L -147.3, -562.2, 0.6, -145.3, -562.2, 0.6, 0, 0, 0
L -146.3, -559.4, 0.6, -147.3, -559.4, 0.6, 0, 0, 0
L -147.3, -562.2, 0.6, -147.3, -559.4, 0.6, 0, 0, 0
L -146.3, -557.4, 0.6, -146.3, -559.4, 0.6, 0, 0, 0
L -140.3, -557.4, 0.6, -146.3, -557.4, 0.6, 0, 0, 0
L -170.3, -560.2, 3.7, -170.3, -566.2, 0.7, 0, 0, 0
L -170.3, -566.2, 0.7, -162.6, -566.2, 0.7, 0, 0, 0
L -162.6, -563.4, 0.6, -162.6, -566.2, 0.6, 0, 0, 0
L -162.6, -559.4, 0.6, -162.6, -562.2, 0.6, 0, 0, 0
L -163.6, -559.4, 0.6, -162.6, -559.4, 0.6, 0, 0, 0
L -164.6, -563.4, 0.6, -162.6, -563.4, 0.6, 0, 0, 0
L -164.6, -562.2, 0.6, -164.6, -563.4, 0.6, 0, 0, 0
L -162.6, -562.2, 0.6, -164.6, -562.2, 0.6, 0, 0, 0
L -163.6, -557.4, 0.6, -163.6, -559.4, 0.6, 0, 0, 0
L -169.6, -557.4, 0.6, -163.6, -557.4, 0.6, 0, 0, 0
L -169.6, -529.7, 0.6, -169.6, -557.4, 0.6, 0, 0, 0
L -172.3, -529.7, 0.6, -169.6, -529.7, 0.6, 0, 0, 0
L -172.3, -531.4, 0.6, -172.3, -529.7, 0.6, 0, 0, 0
L -181.6, -531.4, 0.6, -172.3, -531.4, 0.6, 0, 0, 0
L -112.3, -462.0, 0.6, -140.8, -433.4, 3.0, 0, 0, 0
L -112.3, -517.3, 0.6, -112.3, -462.0, 0.6, 0, 0, 0
L -126.3, -529.8, 0.6, -112.3, -517.3, 0.6, 0, 0, 0
L -126.3, -531.4, 0.6, -126.3, -529.8, 0.6, 0, 0, 0
L -153.6, -461.4, 0.6, -153.6, -475.4, 0.6, 0, 0, 0
L -167.5, -447.8, 0.6, -183.5, -446.9, 0.6, 0, 0, 0
L -153.6, -461.4, 0.6, -167.5, -447.8, 0.6, 0, 0, 0
L -139.8, -489.1, 0.6, -153.6, -475.4, 0.6, 0, 0, 0
L -140.0, -504.2, 0.6, -139.8, -489.1, 0.6, 0, 0, 0
L -167.8, -504.2, 0.6, -140.0, -504.2, 0.6, 0, 0, 0
L -181.6, -518.6, 0.6, -167.8, -504.2, 0.6, 0, 0, 0
L -181.6, -531.4, 0.6, -181.6, -518.6, 0.6, 0, 0, 0
L -111.2, -841.4, 0.6, -112.8, -855.8, 0.6, 0, 0, 0
L -126.2, -825.3, 0.6, -111.2, -841.4, 0.6, 0, 0, 0
L -167.2, -825.3, 0.6, -126.2, -825.3, 0.6, 0, 0, 0
L -209.4, -783.7, 0.6, -167.2, -825.3, 0.6, 0, 0, 0
L -195.7, -756.2, 0.6, -209.4, -783.7, 0.6, 0, 0, 0
L -168.0, -742.2, 0.6, -195.7, -756.2, 0.6, 0, 0, 0
L -127.2, -742.5, 0.6, -168.0, -742.2, 0.6, 0, 0, 0
L -111.6, -727.9, 0.6, -127.2, -742.5, 0.6, 0, 0, 0
L -111.8, -699.4, 2.8, -111.6, -727.9, 0.6, 0, 0, 0
L -125.4, -685.7, 3.6, -111.8, -699.4, 2.8, 0, 0, 0
L -153.2, -685.3, 5.1, -125.4, -685.7, 3.6, 0, 0, 0
L -181.6, -657.2, 5.6, -153.2, -685.3, 5.1, 0, 0, 0
L -181.9, -615.3, 4.6, -181.6, -657.2, 5.6, 0, 0, 0
L -193.9, -603.3, 3.1, -181.9, -615.3, 4.6, 0, 0, 0
L -195.5, -587.9, 1.7, -193.9, -603.3, 3.1, 0, 0, 0
L -181.6, -573.5, 2.6, -195.5, -587.9, 1.7, 0, 0, 0
L -181.6, -560.2, 5.0, -181.6, -573.5, 2.6, 0, 0, 0
L -170.3, -560.2, 3.7, -181.6, -560.2, 5.0, 0, 0, 0
L -126.3, -560.2, 5.4, -139.6, -560.2, 3.9, 0, 0, 0
L -126.3, -573.5, 2.6, -126.3, -560.2, 5.4, 0, 0, 0
L -139.9, -587.2, 4.1, -126.3, -573.5, 2.6, 0, 0, 0
L -154.3, -587.8, 3.4, -139.9, -587.2, 4.1, 0, 0, 0
L -154.3, -600.8, 4.5, -154.3, -587.8, 3.4, 0, 0, 0
L -140.3, -615.9, 5.6, -154.3, -600.8, 4.5, 0, 0, 0
L -139.8, -644.4, 4.6, -140.3, -615.9, 5.6, 0, 0, 0
L -125.4, -658.1, 3.6, -139.8, -644.4, 4.6, 0, 0, 0
L -97.8, -658.4, 1.9, -125.4, -658.1, 3.6, 0, 0, 0
L -70.3, -740.5, 0.6, -70.3, -672.1, 0.6, 0, 0, 0
L -84.2, -769.2, 0.6, -70.3, -740.5, 0.6, 0, 0, 0
L -153.5, -769.1, 0.6, -84.2, -769.2, 0.6, 0, 0, 0
L -167.1, -781.5, 0.6, -153.5, -769.1, 0.6, 0, 0, 0
L -168.7, -797.0, 0.6, -167.1, -781.5, 0.6, 0, 0, 0
L -154.3, -811.9, 0.6, -168.7, -797.0, 0.6, 0, 0, 0
L -112.1, -812.1, 0.6, -154.3, -811.9, 0.6, 0, 0, 0
L -98.8, -825.4, 0.6, -112.1, -812.1, 0.6, 0, 0, 0
L -98.3, -867.5, 0.6, -98.8, -825.4, 0.6, 0, 0, 0
L -324.0, 223.5, 26.6, -324.2, 274.2, 26.6, 100, 50, 0
L -333.8, 274.2, 26.6, -333.6, 223.5, 26.6, 100, 50, 0
L -226.1, 543.5, 0.6, -226.3, 545.4, 0.6, 0, 0, 0
L -223.5, 543.7, 0.6, -226.1, 543.5, 0.6, 0, 0, 0
L -223.5, 573.4, 0.6, -223.5, 543.7, 0.6, 0, 0, 0
L -221.7, 573.5, 0.6, -223.5, 573.4, 0.6, 0, 0, 0
L -221.5, 574.3, 0.6, -221.7, 573.5, 0.6, 0, 0, 0
L -221.5, 575.4, 0.6, -221.5, 574.3, 0.6, 0, 0, 0
L -217.6, 575.5, 0.6, -221.5, 575.4, 0.6, 0, 0, 0
L -217.5, 578.2, -1.4, -217.6, 575.5, 0.6, 0, 0, 0
L -219.5, 578.2, -1.4, -217.5, 578.2, -1.4, 0, 0, 0
L -219.5, 579.4, -1.4, -219.5, 578.2, -1.4, 0, 0, 0
L -217.7, 579.4, -1.4, -219.5, 579.4, -1.4, 0, 0, 0
L -217.6, 582.0, 0.6, -217.7, 579.4, -1.4, 0, 0, 0
L -224.3, 581.9, 0.7, -217.6, 582.0, 0.6, 0, 0, 0
L -224.3, 576.2, 0.9, -224.3, 581.9, 0.7, 0, 0, 0
L -237.5, 576.2, 5.0, -224.3, 576.2, 0.9, 0, 0, 0
L -238.0, 588.3, 3.7, -237.5, 576.2, 5.0, 0, 0, 0
L -251.5, 601.9, 6.7, -238.0, 588.3, 3.7, 0, 0, 0
L -251.5, 643.4, 6.7, -251.5, 601.9, 6.7, 0, 0, 0
L -223.7, 643.4, 0.6, -251.5, 643.4, 6.7, 0, 0, 0
L -209.8, 657.4, 0.6, -223.7, 643.4, 0.6, 0, 0, 0
L -195.7, 657.1, 0.6, -209.8, 657.4, 0.6, 0, 0, 0
L -196.9, 673.3, 0.6, -195.7, 657.1, 0.6, 0, 0, 0
L -210.9, 686.1, 0.6, -196.9, 673.3, 0.6, 0, 0, 0
L -293.3, 686.1, 0.6, -210.9, 686.1, 0.6, 0, 0, 0
L -307.1, 699.5, 0.6, -293.3, 686.1, 0.6, 0, 0, 0
L -307.5, 702.5, 0.6, -307.1, 699.5, 0.6, 0, 0, 0
L -299.9, 700.2, 0.6, -307.5, 702.5, 0.6, 0, 0, 0
L -296.7, 700.2, 0.6, -299.9, 700.2, 0.6, 0, 0, 0
L -294.5, 703.3, 0.6, -296.7, 700.2, 0.6, 0, 0, 0
L -292.9, 706.6, 0.6, -294.5, 703.3, 0.6, 0, 0, 0
L -294.0, 708.8, 0.6, -292.9, 706.6, 0.6, 0, 0, 0
L -297.8, 710.6, 0.6, -294.0, 708.8, 0.6, 0, 0, 0
L -300.8, 711.6, 0.6, -297.8, 710.6, 0.6, 0, 0, 0
L -306.0, 713.6, 0.6, -300.8, 711.6, 0.6, 0, 0, 0
L -307.5, 714.0, 0.6, -306.0, 713.6, 0.6, 0, 0, 0
L -307.5, 755.0, 0.6, -307.5, 714.0, 0.6, 0, 0, 0
L -293.5, 784.1, 0.6, -307.5, 755.0, 0.6, 0, 0, 0
L -293.0, 798.1, 0.6, -293.5, 784.1, 0.6, 0, 0, 0
L -279.7, 811.4, 0.6, -293.0, 798.1, 0.6, 0, 0, 0
L -279.5, 880.9, 0.6, -279.7, 811.4, 0.6, 0, 0, 0
L -265.6, 909.3, 0.6, -279.5, 880.9, 0.6, 0, 0, 0
L -237.8, 923.2, 0.6, -265.6, 909.3, 0.6, 0, 0, 0
L -195.9, 923.3, 0.6, -237.8, 923.2, 0.6, 0, 0, 0
L -153.4, 965.2, 0.6, -195.9, 923.3, 0.6, 0, 0, 0
L -111.7, 965.4, 0.6, -153.4, 965.2, 0.6, 0, 0, 0
L -97.6, 979.9, 0.6, -111.7, 965.4, 0.6, 0, 0, 0
L -98.4, 994.5, 0.6, -97.6, 979.9, 0.6, 0, 0, 0
L -84.3, 965.8, 0.6, -84.3, 1007.0, 0.6, 0, 0, 0
L -98.1, 952.0, 0.6, -84.3, 965.8, 0.6, 0, 0, 0
L -140.3, 951.8, 0.6, -98.1, 952.0, 0.6, 0, 0, 0
L -154.4, 937.6, 0.6, -140.3, 951.8, 0.6, 0, 0, 0
L -168.2, 910.0, 0.6, -154.4, 937.6, 0.6, 0, 0, 0
L -168.3, 882.0, 0.6, -168.2, 910.0, 0.6, 0, 0, 0
L -222.9, 882.0, 0.6, -168.3, 882.0, 0.6, 0, 0, 0
L -224.0, 882.4, 0.6, -222.9, 882.0, 0.6, 0, 0, 0
L -227.6, 874.7, 3.8, -224.0, 882.4, 0.6, 0, 0, 0
L -235.7, 868.0, 2.5, -227.6, 874.7, 3.8, 0, 0, 0
L -238.4, 863.6, 2.5, -235.7, 868.0, 2.5, 0, 0, 0
L -245.3, 850.5, 2.2, -238.4, 863.6, 2.5, 0, 0, 0
L -249.5, 841.7, 3.9, -245.3, 850.5, 2.2, 0, 0, 0
L -249.1, 833.4, 5.3, -249.5, 841.7, 3.9, 0, 0, 0
L -249.4, 824.8, 4.8, -249.1, 833.4, 5.3, 0, 0, 0
L -252.0, 811.1, 0.6, -249.4, 824.8, 4.8, 0, 0, 0
L -239.8, 786.7, 0.6, -252.0, 811.1, 0.6, 0, 0, 0
L -236.9, 772.8, 2.0, -239.8, 786.7, 0.6, 0, 0, 0
L -236.5, 758.8, 2.5, -236.9, 772.8, 2.0, 0, 0, 0
L -238.5, 742.1, 0.6, -236.5, 758.8, 2.5, 0, 0, 0
L -224.6, 727.6, 0.6, -238.5, 742.1, 0.6, 0, 0, 0
L -195.9, 727.2, 0.6, -224.6, 727.6, 0.6, 0, 0, 0
L -184.7, 716.0, 0.6, -195.9, 727.2, 0.6, 0, 0, 0
L -187.0, 714.9, 0.6, -184.7, 716.0, 0.6, 0, 0, 0
L -195.0, 715.9, 0.6, -187.0, 714.9, 0.6, 0, 0, 0
L -196.6, 714.3, 0.6, -195.0, 715.9, 0.6, 0, 0, 0
L -198.0, 711.9, 0.6, -196.6, 714.3, 0.6, 0, 0, 0
L -199.4, 708.3, 0.6, -198.0, 711.9, 0.6, 0, 0, 0
L -200.0, 705.1, 0.6, -199.4, 708.3, 0.6, 0, 0, 0
L -192.7, 704.1, 0.6, -200.0, 705.1, 0.6, 0, 0, 0
L -182.3, 704.9, 0.6, -192.7, 704.1, 0.6, 0, 0, 0
L -182.3, 685.9, 0.6, -182.3, 704.9, 0.6, 0, 0, 0
L -168.3, 671.6, 0.6, -182.3, 685.9, 0.6, 0, 0, 0
L -168.3, 644.0, 0.6, -168.3, 671.6, 0.6, 0, 0, 0
L -182.3, 639.7, 0.6, -168.3, 644.0, 0.6, 0, 0, 0
L -182.3, 630.1, 0.6, -182.3, 639.7, 0.6, 0, 0, 0
L -195.9, 630.1, 0.6, -182.3, 630.1, 0.6, 0, 0, 0
L -210.2, 615.5, 0.6, -195.9, 630.1, 0.6, 0, 0, 0
L -196.7, 601.8, 0.6, -210.2, 615.5, 0.6, 0, 0, 0
L -198.6, 598.0, 0.6, -196.7, 601.8, 0.6, 0, 0, 0
L -198.3, 587.8, 0.6, -198.6, 598.0, 0.6, 0, 0, 0
L -196.9, 582.2, 0.6, -198.3, 587.8, 0.6, 0, 0, 0
L -202.2, 582.0, 0.6, -196.9, 582.2, 0.6, 0, 0, 0
L -202.3, 579.4, -1.4, -202.2, 582.0, 0.6, 0, 0, 0
L -200.3, 579.4, -1.4, -202.3, 579.4, -1.4, 0, 0, 0
L -200.3, 578.2, -1.4, -200.3, 579.4, -1.4, 0, 0, 0
L -202.5, 578.2, -1.4, -200.3, 578.2, -1.4, 0, 0, 0
L -202.4, 575.5, 0.6, -202.5, 578.2, -1.4, 0, 0, 0
L -198.4, 575.4, 0.6, -202.4, 575.5, 0.6, 0, 0, 0
L -198.6, 573.5, 0.6, -198.4, 575.4, 0.6, 0, 0, 0
L -196.3, 573.4, 0.6, -198.6, 573.5, 0.6, 0, 0, 0
L -196.1, 543.5, 0.6, -196.3, 573.4, 0.6, 0, 0, 0
L -193.6, 543.6, 0.6, -196.1, 543.5, 0.6, 0, 0, 0
L -193.6, 545.4, 0.6, -193.6, 543.6, 0.6, 0, 0, 0
L 1.4, 227.3, 13.6, 11.6, 227.3, 13.7, 150, 150, 150
L 1.4, 228.3, 12.7, 11.6, 228.3, 12.7, 150, 150, 150
L 1.4, 229.3, 11.6, 11.6, 229.3, 11.7, 150, 150, 150
L 1.4, 230.3, 10.6, 11.6, 230.3, 10.6, 150, 150, 150
L 1.4, 231.3, 9.7, 11.6, 231.3, 9.6, 150, 150, 150
L 1.4, 232.3, 8.6, 11.6, 232.3, 8.6, 150, 150, 150
L 1.4, 233.3, 7.6, 11.6, 233.3, 7.7, 150, 150, 150
L 1.4, 234.3, 6.6, 11.6, 234.3, 6.7, 150, 150, 150
L 1.4, 235.3, 5.6, 11.6, 235.3, 5.6, 150, 150, 150
L 1.4, 236.3, 4.6, 11.6, 236.2, 4.7, 150, 150, 150
L 1.4, 237.3, 3.7, 11.6, 237.3, 3.7, 150, 150, 150
L 1.4, 238.3, 2.6, 11.6, 238.3, 2.6, 150, 150, 150
L 1.4, 239.3, 1.6, 11.6, 239.3, 1.6, 150, 150, 150
L -44.2, 249.6, 1.6, -44.1, 252.3, 0.6, 0, 0, 0
L -42.3, 249.5, 1.6, -44.2, 249.6, 1.6, 0, 0, 0
L -42.3, 238.3, 1.6, -42.3, 249.5, 1.6, 0, 0, 0
L -42.3, 238.3, 1.6, -44.4, 238.3, 1.6, 0, 0, 0
L -44.3, 235.7, 1.6, -44.4, 238.3, 1.6, 0, 0, 0
L -37.6, 235.7, 0.6, -44.3, 235.7, 1.6, 0, 0, 0
L -37.6, 238.2, 0.6, -37.6, 235.7, 0.6, 0, 0, 0
L -39.6, 238.3, 0.6, -37.6, 238.2, 0.6, 0, 0, 0
L -39.6, 247.5, 0.6, -39.6, 238.3, 0.6, 0, 0, 0
L -37.6, 249.5, 0.6, -39.6, 247.5, 0.6, 0, 0, 0
L 11.6, 249.5, 0.6, -37.6, 249.5, 0.6, 0, 0, 0
L 11.6, 240.3, 0.6, 11.6, 249.5, 0.6, 0, 0, 0
L 11.6, 225.6, 14.6, 11.6, 240.3, 0.6, 0, 204, 0
L 11.6, 212.3, 14.6, 11.6, 225.6, 14.6, 0, 204, 0
L -11.8, 212.3, 14.6, 11.6, 212.3, 14.6, 0, 204, 0
L -11.9, 209.5, 14.6, -11.8, 212.3, 14.6, 0, 204, 0
L -8.4, 209.5, 14.6, -11.9, 209.5, 14.6, 0, 204, 0
L -8.4, 209.5, 14.6, -8.4, 195.5, 14.6, 0, 204, 0
L -3.6, 195.5, 14.6, -8.4, 195.5, 14.6, 0, 204, 0
L -3.6, 198.3, 14.6, -3.6, 195.5, 14.6, 0, 204, 0
L -5.6, 198.3, 14.6, -3.6, 198.3, 14.6, 0, 204, 0
L -5.6, 209.5, 14.6, -5.6, 198.3, 14.6, 0, 204, 0
L 11.6, 209.5, 14.6, -5.6, 209.5, 14.6, 0, 204, 0
L 11.6, 198.3, 14.6, 11.6, 209.5, 14.6, 0, 204, 0
L 11.1, 195.5, 14.6, 11.6, 198.3, 14.6, 0, 204, 0
L -0.2, 184.3, 14.6, 11.1, 195.5, 14.6, 0, 204, 0
L -27.8, 184.3, 14.6, -0.2, 184.3, 14.6, 0, 204, 0
L -39.1, 195.5, 14.6, -27.8, 184.3, 14.6, 0, 204, 0
L -39.6, 198.3, 14.6, -39.1, 195.5, 14.6, 0, 204, 0
L -39.6, 209.5, 14.6, -39.6, 198.3, 14.6, 0, 204, 0
L -21.8, 209.6, 14.6, -39.6, 209.5, 14.6, 0, 204, 0
L -21.9, 212.3, 14.6, -21.8, 209.6, 14.6, 0, 204, 0
L -22.8, 212.3, 14.6, -21.9, 212.3, 14.6, 0, 204, 0
L -39.6, 212.3, 14.6, -22.8, 212.3, 14.6, 0, 204, 0
L -39.6, 223.5, 14.6, -39.6, 212.3, 14.6, 0, 204, 0
L -38.2, 223.5, 14.6, -39.6, 223.5, 14.6, 0, 204, 0
L -37.7, 223.7, 14.6, -38.2, 223.5, 14.6, 0, 204, 0
L -37.6, 226.2, 14.6, -37.7, 223.7, 14.6, 0, 204, 0
L -44.0, 226.3, 16.6, -37.6, 226.2, 14.6, 0, 204, 0
L -44.1, 223.5, 16.6, -44.0, 226.3, 16.6, 0, 204, 0
L -42.3, 223.5, 16.6, -44.1, 223.5, 16.6, 0, 204, 0
L -42.3, 211.3, 16.6, -42.3, 223.5, 16.6, 0, 204, 0
L -95.6, 211.4, 16.6, -42.3, 211.3, 16.6, 0, 204, 0
L -95.7, 249.7, 16.6, -95.6, 211.4, 16.6, 0, 204, 0
L -42.3, 249.5, 16.6, -95.7, 249.7, 16.6, 0, 204, 0
L -42.3, 238.3, 16.6, -42.3, 249.5, 16.6, 0, 204, 0
L -44.3, 238.1, 16.6, -42.3, 238.3, 16.6, 0, 204, 0
L -44.3, 236.4, 16.6, -44.3, 238.1, 16.6, 0, 204, 0
L -37.6, 236.4, 14.6, -44.3, 236.4, 16.6, 0, 204, 0
L -37.7, 238.1, 14.6, -37.6, 236.4, 14.6, 0, 204, 0
L -39.6, 238.3, 14.6, -37.7, 238.1, 14.6, 0, 204, 0
L -39.6, 247.5, 14.6, -39.6, 238.3, 14.6, 0, 204, 0
L -37.6, 249.5, 14.6, -39.6, 247.5, 14.6, 0, 204, 0
L -19.6, 249.5, 14.6, -37.6, 249.5, 14.6, 0, 204, 0
L -2.4, 249.5, 14.6, -19.6, 249.5, 14.6, 0, 204, 0
L -2.4, 228.3, 14.6, -2.4, 249.5, 14.6, 0, 204, 0
L -19.6, 228.3, 14.6, -2.4, 228.3, 14.6, 0, 204, 0
L -19.7, 239.1, 14.6, -19.6, 228.3, 14.6, 0, 204, 0
L -22.3, 239.2, 14.6, -19.7, 239.1, 14.6, 0, 204, 0
L -22.4, 222.0, 14.6, -22.3, 239.2, 14.6, 0, 204, 0
L -17.6, 222.0, 14.6, -22.4, 222.0, 14.6, 0, 204, 0
L -17.6, 224.5, 14.6, -17.6, 222.0, 14.6, 0, 204, 0
L 1.1, 224.5, 14.6, -17.6, 224.5, 14.6, 0, 204, 0
L 1.1, 240.3, 0.6, 1.1, 224.5, 14.6, 0, 204, 0
L -0.3, 240.1, 0.6, 1.1, 240.3, 0.6, 0, 0, 0
L -0.4, 228.3, 0.6, -0.3, 240.1, 0.6, 0, 0, 0
L -19.6, 228.3, 0.6, -0.4, 228.3, 0.6, 0, 0, 0
L -19.6, 240.0, 0.6, -19.6, 228.3, 0.6, 0, 0, 0
L -22.4, 240.0, 0.6, -19.6, 240.0, 0.6, 0, 0, 0
L -22.2, 221.6, 0.6, -22.4, 240.0, 0.6, 0, 0, 0
L -20.4, 221.5, 0.6, -22.2, 221.6, 0.6, 0, 0, 0
L -20.4, 197.8, 0.6, -20.4, 221.5, 0.6, 0, 0, 0
L -15.7, 197.7, 0.6, -20.4, 197.8, 0.6, 0, 0, 0
L -15.6, 221.5, 0.6, -15.7, 197.7, 0.6, 0, 0, 0
L 7.6, 221.5, 0.6, -15.6, 221.5, 0.6, 0, 0, 0
L 7.6, 196.6, 0.6, 7.6, 221.5, 0.6, 0, 0, 0
L 7.9, 195.5, 0.6, 7.6, 196.6, 0.6, 0, 0, 0
L 11.1, 195.5, 0.6, 7.9, 195.5, 0.6, 0, 0, 0
L -0.2, 184.3, 0.6, 11.1, 195.5, 0.6, 0, 0, 0
L -27.8, 184.3, 0.6, -0.2, 184.3, 0.6, 0, 0, 0
L -39.1, 195.5, 0.6, -27.8, 184.3, 0.6, 0, 0, 0
L -39.6, 198.3, 0.6, -39.1, 195.5, 0.6, 0, 0, 0
L -39.6, 223.5, 0.6, -39.6, 198.3, 0.6, 0, 0, 0
L -37.9, 223.5, 0.6, -39.6, 223.5, 0.6, 0, 0, 0
L -37.9, 226.3, 0.6, -37.9, 223.5, 0.6, 0, 0, 0
L -44.1, 226.3, 1.6, -37.9, 226.3, 0.6, 0, 0, 0
L -44.0, 223.5, 1.6, -44.1, 226.3, 1.6, 0, 0, 0
L -42.3, 223.5, 1.6, -44.0, 223.5, 1.6, 0, 0, 0
L -42.3, 212.3, 1.6, -42.3, 223.5, 1.6, 0, 0, 0
L -44.3, 210.3, 1.6, -42.3, 212.3, 1.6, 0, 0, 0
L -56.9, 209.5, 0.6, -44.3, 210.3, 1.6, 0, 0, 0
L -97.1, 209.5, 0.6, -56.9, 209.5, 0.6, 0, 0, 0
L 14.3, 252.1, 0.6, -97.1, 252.3, 0.6, 0, 0, 0
L 14.4, 210.8, 0.6, 14.3, 252.1, 0.6, 0, 0, 0
L 97.6, 369.5, 13.6, 86.3, 369.5, 13.6, 150, 150, 150
L 97.6, 368.5, 12.6, 86.3, 368.5, 12.7, 150, 150, 150
L 97.6, 367.5, 11.6, 86.3, 367.5, 11.6, 150, 150, 150
L 97.6, 366.5, 10.6, 86.3, 366.5, 10.7, 150, 150, 150
L 97.6, 365.5, 9.6, 86.3, 365.5, 9.7, 150, 150, 150
L 97.6, 364.5, 8.6, 86.3, 364.5, 8.7, 150, 150, 150
L 97.6, 363.5, 7.6, 86.3, 363.5, 7.7, 150, 150, 150
L 86.3, 361.5, 5.7, 97.6, 361.5, 5.6, 150, 150, 150
L 97.6, 362.5, 6.6, 86.3, 362.5, 6.7, 150, 150, 150
L 86.3, 360.5, 4.7, 97.6, 360.5, 4.6, 150, 150, 150
L 97.6, 359.5, 3.6, 86.3, 359.5, 3.6, 150, 150, 150
L 86.3, 357.5, 1.7, 97.6, 357.5, 1.6, 150, 150, 150
L 97.6, 358.5, 2.6, 86.3, 358.5, 2.6, 150, 150, 150
L 86.3, 356.5, 0.6, 97.6, 356.5, 0.6, 150, 150, 150
L 142.3, 338.0, 0.6, 140.3, 338.2, 0.6, 0, 0, 0
L 142.3, 335.8, 0.6, 142.3, 338.0, 0.6, 0, 0, 0
L 137.6, 335.8, 0.6, 142.3, 335.8, 0.6, 0, 0, 0
L 137.6, 383.5, 0.6, 137.6, 335.8, 0.6, 0, 0, 0
L 100.3, 383.5, 0.6, 137.6, 383.5, 0.6, 0, 0, 0
L 100.3, 336.1, 0.6, 100.3, 383.5, 0.6, 0, 0, 0
L 97.6, 336.2, 0.6, 100.3, 336.1, 0.6, 0, 0, 0
L 97.6, 356.5, 0.6, 97.6, 336.2, 0.6, 0, 0, 0
L 97.6, 372.7, 14.6, 97.6, 356.5, 0.6, 0, 204, 0
L 100.3, 372.7, 14.6, 97.6, 372.7, 14.6, 0, 204, 0
L 100.3, 338.2, 14.6, 100.3, 372.7, 14.6, 0, 204, 0
L 125.8, 338.2, 14.6, 100.3, 338.2, 14.6, 0, 204, 0
L 125.9, 335.5, 14.6, 125.8, 338.2, 14.6, 0, 204, 0
L 86.3, 335.5, 19.6, 125.9, 335.5, 14.6, 0, 204, 0
L 86.3, 310.2, 14.6, 86.3, 335.5, 19.6, 0, 204, 0
L 137.6, 310.2, 14.6, 86.3, 310.2, 14.6, 0, 204, 0
L 137.6, 383.5, 14.6, 137.6, 310.2, 14.6, 0, 204, 0
L 114.3, 383.5, 14.6, 137.6, 383.5, 14.6, 0, 204, 0
L 114.3, 349.8, 14.6, 114.3, 383.5, 14.6, 0, 204, 0
L 111.8, 349.5, 14.6, 114.3, 349.8, 14.6, 0, 204, 0
L 111.6, 383.5, 14.6, 111.8, 349.5, 14.6, 0, 204, 0
L 86.3, 383.5, 14.6, 111.6, 383.5, 14.6, 0, 204, 0
L 86.3, 310.2, 0.6, 86.3, 356.5, 0.6, 0, 0, 0
L 99.6, 310.2, 0.6, 86.3, 310.2, 0.6, 0, 0, 0
L 99.5, 316.2, 0.6, 99.6, 310.2, 0.6, 0, 0, 0
L 117.6, 316.2, 0.6, 99.5, 316.2, 0.6, 0, 0, 0
L 117.7, 350.2, 0.6, 117.6, 316.2, 0.6, 205, 133, 63
L 126.2, 350.1, 0.6, 117.7, 350.2, 0.6, 205, 133, 63
L 126.3, 310.2, 0.6, 126.3, 316.2, 0.6, 0, 0, 0
L 137.6, 310.2, 0.6, 126.3, 310.2, 0.6, 0, 0, 0
L 137.8, 326.2, 0.6, 137.6, 310.2, 0.6, 0, 0, 0
L 141.7, 326.2, 0.6, 137.8, 326.2, 0.6, 0, 0, 0
L 141.9, 323.5, 0.6, 141.7, 326.2, 0.6, 0, 0, 0
L 140.3, 323.5, 0.6, 141.9, 323.5, 0.6, 0, 0, 0
L -13.6, 41.4, 0.6, -13.8, 0.2, 0.7, 150, 150, 150
L -2.7, 54.2, 0.6, -13.6, 41.4, 0.6, 150, 150, 150
L 1.4, 61.6, 0.6, -2.7, 54.2, 0.6, 150, 150, 150
L 2.2, 68.6, 1.6, 1.4, 61.6, 0.6, 150, 150, 150
L 1.7, 72.0, 0.6, 2.2, 68.6, 1.6, 150, 150, 150
L -2.9, 69.4, 1.6, 1.7, 72.0, 0.6, 150, 150, 150
L -3.6, 73.5, 0.6, -2.9, 69.4, 1.6, 150, 150, 150
L -12.7, 84.0, 0.6, -3.6, 73.5, 0.6, 150, 150, 150
L -13.6, 82.5, 0.6, -12.7, 84.0, 0.6, 150, 150, 150
L -14.3, 112.8, 0.6, -13.6, 82.5, 0.6, 0, 0, 0
L -27.5, 126.0, 0.6, -14.3, 112.8, 0.6, 0, 0, 0
L -27.6, 153.8, 0.6, -27.5, 126.0, 0.6, 0, 0, 0
L -13.7, 167.7, 0.6, -27.6, 153.8, 0.6, 0, 0, 0
L 13.7, 181.4, 0.6, -13.7, 167.7, 0.6, 0, 0, 0
L 28.1, 181.3, 0.6, 13.7, 181.4, 0.6, 0, 0, 0
L 42.5, 167.6, 0.6, 28.1, 181.3, 0.6, 0, 0, 0
L 56.9, 168.3, 0.6, 42.5, 167.6, 0.6, 0, 0, 0
L 70.3, 182.2, 0.6, 56.9, 168.3, 0.6, 0, 0, 0
L 70.2, 196.2, 0.6, 70.3, 182.2, 0.6, 0, 0, 0
L 55.7, 196.7, 0.6, 70.2, 196.2, 0.6, 0, 0, 0
L 42.3, 210.9, 0.6, 55.7, 196.7, 0.6, 0, 0, 0
L 42.3, 223.5, 0.6, 42.3, 210.9, 0.6, 0, 0, 0
L 56.0, 238.4, 0.6, 42.3, 223.5, 0.6, 0, 0, 0
L 42.4, 252.0, 0.6, 56.0, 238.4, 0.6, 0, 0, 0
L 42.4, 265.9, 0.6, 42.4, 252.0, 0.6, 0, 0, 0
L 28.0, 280.3, 0.6, 42.4, 265.9, 0.6, 0, 0, 0
L 13.8, 279.1, 0.6, 28.0, 280.3, 0.6, 0, 0, 0
L 15.6, 268.3, 0.6, 13.8, 279.1, 0.6, 0, 0, 0
L 27.6, 251.7, 0.6, 15.6, 268.3, 0.6, 0, 0, 0
L 27.5, 224.0, 0.6, 27.6, 251.7, 0.6, 0, 0, 0
L 14.4, 210.8, 0.6, 27.5, 224.0, 0.6, 0, 0, 0
L -70.1, 196.3, 0.6, -56.9, 209.5, 0.6, 150, 150, 150
L -83.8, 196.3, 0.6, -70.1, 196.3, 0.6, 150, 150, 150
L -97.1, 209.5, 0.6, -83.8, 196.3, 0.6, 150, 150, 150
L -97.1, 252.3, 0.6, -97.1, 209.5, 0.6, 0, 0, 0
L -83.7, 265.5, 0.6, -97.1, 252.3, 0.6, 0, 0, 0
L -69.6, 265.7, 0.6, -83.7, 265.5, 0.6, 0, 0, 0
L -56.1, 279.2, 0.6, -69.6, 265.7, 0.6, 0, 0, 0
L -43.1, 280.1, 0.6, -56.1, 279.2, 0.6, 0, 0, 0
L -27.6, 294.7, 0.6, -43.1, 280.1, 0.6, 0, 0, 0
L -28.1, 308.5, 0.6, -27.6, 294.7, 0.6, 0, 0, 0
L -41.6, 322.0, 0.6, -28.1, 308.5, 0.6, 0, 0, 0
L -41.6, 335.5, 0.6, -41.6, 322.0, 0.6, 0, 0, 0
L -27.6, 335.8, 0.6, -41.6, 335.5, 0.6, 0, 0, 0
L -14.0, 349.3, 0.6, -27.6, 335.8, 0.6, 0, 0, 0
L -0.4, 335.8, 0.6, -14.0, 349.3, 0.6, 0, 0, 0
L -0.4, 321.8, 0.6, -0.4, 335.8, 0.6, 0, 0, 0
L 13.6, 321.5, 0.6, -0.4, 321.8, 0.6, 0, 0, 0
L 14.1, 307.5, 0.6, 13.6, 321.5, 0.6, 0, 0, 0
L 28.2, 307.6, 0.6, 14.1, 307.5, 0.6, 0, 0, 0
L 42.1, 321.5, 0.6, 28.2, 307.6, 0.6, 0, 0, 0
L 55.9, 321.3, 0.6, 42.1, 321.5, 0.6, 0, 0, 0
L 69.6, 293.2, 0.6, 55.9, 321.3, 0.6, 0, 0, 0
L 69.5, 280.0, 0.6, 69.6, 293.2, 0.6, 0, 0, 0
L 83.6, 265.3, 0.6, 69.5, 280.0, 0.6, 0, 0, 0
L 83.6, 252.0, 0.6, 83.6, 265.3, 0.6, 0, 0, 0
L 97.8, 237.6, 0.6, 83.6, 252.0, 0.6, 0, 0, 0
L 112.3, 237.8, 0.6, 97.8, 237.6, 0.6, 0, 0, 0
L 112.3, 252.0, 0.6, 112.3, 237.8, 0.6, 0, 0, 0
L 98.5, 265.9, 0.6, 112.3, 252.0, 0.6, 0, 0, 0
L 98.3, 285.6, 0.6, 98.5, 265.9, 0.6, 0, 0, 0
L 84.7, 307.5, 0.6, 98.3, 285.6, 0.6, 0, 0, 0
L 99.6, 307.5, 0.6, 84.7, 307.5, 0.6, 0, 0, 0
L 99.6, 301.8, 0.6, 99.6, 307.5, 0.6, 0, 0, 0
L 118.3, 301.8, 0.6, 99.6, 301.8, 0.6, 0, 0, 0
L 118.3, 307.5, 0.6, 118.3, 301.8, 0.6, 0, 0, 0
L 140.1, 307.5, 0.6, 118.3, 307.5, 0.6, 0, 0, 0
L 140.3, 323.5, 0.6, 140.1, 307.5, 0.6, 0, 0, 0
L 140.3, 349.5, 0.6, 140.3, 338.2, 0.6, 0, 0, 0
L 154.2, 349.6, 0.6, 140.3, 349.5, 0.6, 0, 0, 0
L 154.3, 363.7, 0.6, 154.2, 349.6, 0.6, 0, 0, 0
L 168.1, 377.5, 0.6, 154.3, 363.7, 0.6, 0, 0, 0
L 195.8, 377.5, 0.6, 168.1, 377.5, 0.6, 0, 0, 0
L 209.5, 363.7, 0.6, 195.8, 377.5, 0.6, 0, 0, 0
L 209.5, 322.0, 0.6, 209.5, 363.7, 0.6, 0, 0, 0
L 202.7, 315.2, 0.6, 209.5, 322.0, 0.6, 0, 0, 0
L 201.4, 315.4, 0.6, 202.7, 315.2, 0.6, 0, 0, 0
L 199.3, 316.7, 0.6, 201.4, 315.4, 0.6, 0, 0, 0
L 191.5, 315.1, 0.6, 199.3, 316.7, 0.6, 0, 0, 0
L 186.9, 313.4, 0.6, 191.5, 315.1, 0.6, 0, 0, 0
L 186.8, 311.3, 1.8, 186.9, 313.4, 0.6, 0, 0, 0
L 189.4, 308.2, 0.6, 186.8, 311.3, 1.8, 0, 0, 0
L 168.1, 308.4, 0.6, 189.4, 308.2, 0.6, 0, 0, 0
L 163.8, 302.3, 0.6, 168.1, 308.4, 0.6, 0, 0, 0
L 153.7, 279.6, 0.6, 163.8, 302.3, 0.6, 0, 0, 0
L 167.6, 265.8, 0.6, 153.7, 279.6, 0.6, 0, 0, 0
L 167.6, 249.8, 0.6, 167.6, 265.8, 0.6, 0, 0, 0
L 163.8, 251.5, 0.6, 167.6, 249.8, 0.6, 0, 0, 0
L 161.2, 251.1, 0.6, 163.8, 251.5, 0.6, 0, 0, 0
L 160.3, 250.0, 0.6, 161.2, 251.1, 0.6, 0, 0, 0
L 159.5, 243.1, 0.6, 160.3, 250.0, 0.6, 0, 0, 0
L 159.6, 235.7, 0.6, 159.5, 243.1, 0.6, 0, 0, 0
L 161.8, 233.1, 0.6, 159.6, 235.7, 0.6, 0, 0, 0
L 167.6, 236.5, 0.6, 161.8, 233.1, 0.6, 0, 0, 0
L 167.4, 223.9, 0.6, 167.6, 236.5, 0.6, 0, 0, 0
L 153.6, 210.3, 0.6, 167.4, 223.9, 0.6, 0, 0, 0
L 125.5, 210.0, 0.6, 153.6, 210.3, 0.6, 0, 0, 0
L 111.8, 196.3, 0.6, 125.5, 210.0, 0.6, 0, 0, 0
L 111.6, 173.4, 0.6, 111.8, 196.3, 0.6, 0, 0, 0
L 108.9, 175.7, 0.6, 111.6, 173.4, 0.6, 0, 0, 0
L 103.8, 175.1, 0.6, 108.9, 175.7, 0.6, 0, 0, 0
L 101.9, 174.0, 0.6, 103.8, 175.1, 0.6, 0, 0, 0
L 101.9, 169.4, 0.6, 101.9, 174.0, 0.6, 0, 0, 0
L 104.8, 164.8, 0.6, 101.9, 169.4, 0.6, 0, 0, 0
L 108.9, 165.4, 0.6, 104.8, 164.8, 0.6, 0, 0, 0
L 69.9, 126.4, 0.6, 108.9, 165.4, 0.6, 0, 0, 0
L 56.0, 126.3, 0.6, 69.9, 126.4, 0.6, 0, 0, 0
L 41.7, 112.3, 0.6, 56.0, 126.3, 0.6, 0, 0, 0
L 41.6, 98.0, 0.6, 41.7, 112.3, 0.6, 0, 0, 0
L 55.1, 84.3, 2.8, 41.6, 98.0, 0.6, 0, 0, 0
L 28.1, 84.5, 0.6, 55.1, 84.3, 2.8, 0, 0, 0
L 27.8, 41.6, 0.6, 28.1, 84.5, 0.6, 0, 0, 0
L 27.7, 40.1, 0.6, 27.8, 41.6, 0.6, 0, 0, 0
L 29.8, 37.0, 0.5, 27.7, 40.1, 0.6, 0, 0, 0
L 34.5, 34.5, 2.2, 29.8, 37.0, 0.5, 0, 0, 0
L 36.8, 35.9, -0.1, 34.5, 34.5, 2.2, 0, 0, 0
L 37.9, 32.2, -0.2, 36.8, 35.9, -0.1, 0, 0, 0
L 39.6, 30.0, -0.3, 37.9, 32.2, -0.2, 0, 0, 0
L 39.6, 25.6, -0.3, 39.6, 30.0, -0.3, 0, 0, 0
L 42.3, 25.6, 0.6, 39.6, 25.6, -0.3, 0, 0, 0
L 42.3, 27.6, 0.6, 42.3, 25.6, 0.6, 0, 0, 0
L 43.6, 27.6, 0.6, 42.3, 27.6, 0.6, 0, 0, 0
L 43.6, 25.6, 0.6, 43.6, 27.6, 0.6, 0, 0, 0
L 48.3, 25.6, 0.6, 43.6, 25.6, 0.6, 0, 0, 0
L 48.3, 32.4, 0.6, 48.3, 25.6, 0.6, 0, 0, 0
L 46.3, 32.4, 0.6, 48.3, 32.4, 0.6, 0, 0, 0
L 85.8, -379.1, 0.6, 69.6, -397.6, 0.6, 0, 0, 0
L 180.6, -420.2, 1.7, 180.6, -431.4, 1.6, 150, 150, 150
L 182.6, -431.4, 3.6, 182.6, -420.2, 3.7, 150, 150, 150
L 181.6, -420.2, 2.7, 181.6, -431.4, 2.6, 150, 150, 150
L 183.6, -431.4, 4.6, 183.6, -420.2, 4.7, 150, 150, 150
L 184.6, -420.2, 5.6, 184.6, -431.4, 5.6, 150, 150, 150
L 185.6, -431.4, 6.6, 185.6, -420.2, 6.7, 150, 150, 150
L 186.6, -420.2, 7.6, 186.6, -431.4, 7.6, 150, 150, 150
L 187.6, -431.4, 8.6, 187.6, -420.2, 8.6, 150, 150, 150
L 188.6, -420.2, 9.6, 188.6, -431.4, 9.6, 150, 150, 150
L 189.6, -431.4, 10.6, 189.6, -420.2, 10.7, 150, 150, 150
L 190.6, -420.2, 11.6, 190.6, -431.4, 11.6, 150, 150, 150
L 191.6, -431.4, 12.6, 191.6, -420.2, 12.7, 150, 150, 150
L 192.6, -420.2, 13.6, 192.6, -431.4, 13.6, 150, 150, 150
L 179.6, -420.2, 0.6, 179.6, -431.4, 0.6, 150, 150, 150
L 218.4, -319.8, 0.6, 218.3, -321.5, 0.6, 0, 0, 0
L 216.1, -319.5, 0.6, 218.4, -319.8, 0.6, 0, 0, 0
L 216.1, -324.2, 0.6, 216.1, -319.5, 0.6, 0, 0, 0
L 221.5, -324.2, 0.6, 216.1, -324.2, 0.6, 0, 0, 0
L 224.2, -420.2, 0.6, 221.5, -419.9, 0.6, 0, 0, 0
L 237.5, -373.9, 0.6, 237.5, -372.2, 0.6, 0, 0, 0
L 240.2, -374.1, 0.6, 237.5, -373.9, 0.6, 0, 0, 0
L 240.3, -372.2, 0.6, 240.2, -374.1, 0.6, 0, 0, 0
L 267.5, -372.2, 0.6, 240.3, -372.2, 0.6, 0, 0, 0
L 267.5, -393.8, 0.6, 267.5, -372.2, 0.6, 0, 0, 0
L 270.3, -394.0, 0.6, 267.5, -393.8, 0.6, 0, 0, 0
L 270.3, -369.5, 0.6, 270.3, -394.0, 0.6, 0, 0, 0
L 279.5, -324.2, 3.0, 224.3, -324.2, 0.6, 0, 0, 0
L 279.5, -431.4, 0.6, 279.5, -324.2, 3.0, 0, 0, 0
L 240.3, -431.4, 0.6, 279.5, -431.4, 0.6, 0, 0, 0
L 240.3, -384.1, 0.6, 240.3, -431.4, 0.6, 0, 0, 0
L 237.5, -383.9, 0.6, 240.3, -384.1, 0.6, 0, 0, 0
L 237.5, -431.4, 0.6, 237.5, -383.9, 0.6, 0, 0, 0
L 198.3, -431.4, 0.6, 237.5, -431.4, 0.6, 0, 0, 0
L 198.3, -417.5, 0.6, 198.3, -431.4, 0.6, 0, 0, 0
L 162.3, -417.5, 0.6, 198.3, -417.5, 0.6, 0, 0, 0
L 162.3, -390.2, 0.6, 162.3, -417.5, 0.6, 0, 0, 0
L 193.6, -390.2, 0.6, 162.3, -390.2, 0.6, 0, 0, 0
L 193.8, -408.2, 0.6, 193.6, -390.2, 0.6, 0, 0, 0
L 198.1, -408.2, 0.6, 193.8, -408.2, 0.6, 0, 0, 0
L 198.1, -385.5, 0.6, 198.1, -408.2, 0.6, 0, 0, 0
L 157.7, -385.5, 0.6, 198.1, -385.5, 0.6, 0, 0, 0
L 157.7, -420.2, 0.6, 157.7, -385.5, 0.6, 0, 0, 0
L 179.6, -420.2, 0.6, 157.7, -420.2, 0.6, 0, 0, 0
L 195.9, -420.2, 14.6, 179.6, -420.2, 0.6, 0, 204, 0
L 212.3, -431.4, 14.6, 279.5, -431.4, 14.6, 0, 204, 0
L 212.3, -420.2, 14.6, 212.3, -431.4, 14.6, 0, 204, 0
L 224.2, -420.1, 14.6, 212.3, -420.2, 14.6, 0, 204, 0
L 243.8, -420.2, 14.6, 234.0, -420.2, 14.6, 0, 204, 0
L 267.9, -420.2, 14.6, 253.9, -420.2, 14.6, 0, 204, 0
L 142.3, -431.4, 0.6, 179.6, -431.4, 0.6, 0, 0, 0
L 142.3, -366.2, 0.6, 142.3, -431.4, 0.6, 0, 0, 0
L 170.1, -366.2, 0.6, 142.3, -366.2, 0.6, 0, 0, 0
L 170.3, -324.2, 0.6, 170.1, -366.2, 0.6, 0, 0, 0
L 206.2, -324.1, 0.6, 170.3, -324.2, 0.6, 0, 0, 0
L 206.3, -320.0, 0.6, 206.2, -324.1, 0.6, 0, 0, 0
L 203.5, -321.5, 0.6, 203.5, -320.0, 0.6, 0, 0, 0
L -0.3, -139.7, 0.6, 13.8, -139.6, 0.6, 0, 0, 0
L -14.4, -154.0, 0.6, -0.3, -139.7, 0.6, 0, 0, 0
L -0.1, -168.3, 0.6, -14.4, -154.0, 0.6, 0, 0, 0
L 13.8, -168.3, 0.6, -0.1, -168.3, 0.6, 0, 0, 0
L 27.5, -181.9, 0.6, 13.8, -168.3, 0.6, 0, 0, 0
L 13.7, -195.6, 0.6, 27.5, -181.9, 0.6, 0, 0, 0
L 13.5, -209.8, 0.6, 13.7, -195.6, 0.6, 0, 0, 0
L -0.3, -223.5, 0.6, 13.5, -209.8, 0.6, 0, 0, 0
L -14.3, -223.5, 0.6, -0.3, -223.5, 0.6, 0, 0, 0
L -14.4, -251.7, 0.6, -14.3, -223.5, 0.6, 0, 0, 0
L -28.2, -279.4, 0.6, -14.4, -251.7, 0.6, 0, 0, 0
L -41.7, -279.5, 0.6, -28.2, -279.4, 0.6, 0, 0, 0
L -55.8, -265.4, 0.6, -41.7, -279.5, 0.6, 0, 0, 0
L -68.7, -278.1, 0.6, -55.8, -265.4, 0.6, 0, 0, 0
L -69.9, -294.3, 0.7, -68.7, -278.1, 0.6, 0, 0, 0
L -56.1, -294.2, 4.8, -69.9, -294.3, 0.7, 0, 0, 0
L -42.4, -307.9, 9.0, -56.1, -294.2, 4.8, 0, 0, 0
L -28.4, -294.8, 12.5, -42.4, -307.9, 9.0, 0, 0, 0
L -13.7, -294.1, 11.1, -28.4, -294.8, 12.5, 0, 0, 0
L 0.0, -280.4, 12.5, -13.7, -294.1, 11.1, 0, 0, 0
L 14.2, -280.6, 6.9, 0.0, -280.4, 12.5, 0, 0, 0
L 27.6, -294.0, 7.6, 14.2, -280.6, 6.9, 0, 0, 0
L 27.6, -307.3, 7.6, 27.6, -294.0, 7.6, 0, 0, 0
L 41.4, -321.8, 12.0, 27.6, -307.3, 7.6, 0, 0, 0
L 41.6, -335.7, 12.1, 41.4, -321.8, 12.0, 0, 0, 0
L 27.8, -349.5, 7.6, 41.6, -335.7, 12.1, 0, 0, 0
L 27.6, -363.2, 7.6, 27.8, -349.5, 7.6, 0, 0, 0
L 42.3, -378.2, 1.6, 27.6, -363.2, 7.6, 0, 0, 0
L 55.9, -378.3, 0.6, 42.3, -378.2, 1.6, 0, 0, 0
L 56.3, -364.0, 0.6, 55.9, -378.3, 0.6, 0, 0, 0
L 70.1, -350.2, 0.6, 56.3, -364.0, 0.6, 0, 0, 0
L 83.8, -350.2, 0.6, 70.1, -350.2, 0.6, 0, 0, 0
L 97.5, -364.0, 0.6, 83.8, -350.2, 0.6, 0, 0, 0
L 112.3, -364.0, 0.6, 97.5, -364.0, 0.6, 0, 0, 0
L 112.3, -349.8, 0.6, 112.3, -364.0, 0.6, 0, 0, 0
L 98.2, -335.6, 0.6, 112.3, -349.8, 0.6, 0, 0, 0
L 84.3, -335.5, 0.6, 98.2, -335.6, 0.6, 0, 0, 0
L 84.3, -308.1, 0.6, 84.3, -335.5, 0.6, 0, 0, 0
L 112.1, -280.3, 0.6, 84.3, -308.1, 0.6, 0, 0, 0
L 98.3, -265.7, 0.6, 112.1, -280.3, 0.6, 0, 0, 0
L 83.6, -279.7, 0.6, 98.3, -265.7, 0.6, 0, 0, 0
L 83.3, -294.0, 0.6, 83.6, -279.7, 0.6, 0, 0, 0
L 69.9, -307.5, 0.6, 83.3, -294.0, 0.6, 0, 0, 0
L 56.3, -307.5, 0.6, 69.9, -307.5, 0.6, 0, 0, 0
L 56.0, -293.3, 0.6, 56.3, -307.5, 0.6, 0, 0, 0
L 42.5, -279.9, 0.6, 56.0, -293.3, 0.6, 0, 0, 0
L 55.6, -266.8, 0.6, 42.5, -279.9, 0.6, 0, 0, 0
L 42.3, -251.7, 0.6, 55.6, -266.8, 0.6, 0, 0, 0
L 28.4, -251.5, 0.6, 42.3, -251.7, 0.6, 0, 0, 0
L 28.4, -224.2, 0.6, 28.4, -251.5, 0.6, 0, 0, 0
L 42.2, -196.2, 0.6, 28.4, -224.2, 0.6, 0, 0, 0
L 84.3, -182.1, 0.6, 42.2, -196.2, 0.6, 0, 0, 0
L 84.3, -168.0, 0.6, 84.3, -182.1, 0.6, 0, 0, 0
L 56.5, -153.8, 0.6, 84.3, -168.0, 0.6, 0, 0, 0
L 28.0, -125.6, 0.6, 56.5, -153.8, 0.6, 0, 0, 0
L 13.8, -139.6, 0.6, 28.0, -125.6, 0.6, 0, 0, 0
L -363.4, 322.0, 25.6, -363.7, 335.5, 25.6, 0, 0, 255
L -349.9, 309.2, 26.2, -363.4, 322.0, 25.6, 0, 0, 255
L -349.4, 280.0, 26.6, -349.9, 309.2, 26.2, 0, 0, 255
L -337.5, 266.2, 25.1, -349.4, 280.0, 26.6, 0, 0, 255
L -333.8, 266.5, 25.2, -337.5, 266.2, 25.1, 0, 0, 255
L -307.1, 252.3, 20.3, -324.2, 268.1, 26.4, 0, 0, 255
L -279.5, 252.1, 7.5, -307.1, 252.3, 20.3, 0, 0, 255
L -265.2, 237.7, 0.6, -279.5, 252.1, 7.5, 0, 0, 255
L -265.1, 223.6, 0.6, -265.2, 237.7, 0.6, 0, 0, 255
L -252.0, 210.5, 0.6, -265.1, 223.6, 0.6, 0, 0, 0
L -252.0, 181.3, 14.6, -252.0, 210.5, 0.6, 0, 0, 0
L -265.2, 168.1, 14.6, -252.0, 181.3, 14.6, 0, 0, 0
L -265.2, 153.8, 14.6, -265.2, 168.1, 14.6, 0, 0, 0
L -251.9, 140.5, 14.6, -265.2, 153.8, 14.6, 0, 0, 0
L -249.4, 142.9, 32.9, -251.9, 140.5, 14.6, 0, 0, 0
L -241.8, 135.4, 32.9, -249.4, 142.9, 32.9, 0, 0, 0
L -234.1, 129.9, 31.2, -241.8, 135.4, 32.9, 0, 0, 0
L -221.4, 125.9, 30.4, -234.1, 129.9, 31.2, 0, 0, 0
L -208.3, 123.1, 26.0, -221.4, 125.9, 30.4, 0, 0, 0
L -201.7, 123.7, 21.7, -208.3, 123.1, 26.0, 0, 0, 0
L -199.3, 128.9, 15.6, -201.7, 123.7, 21.7, 0, 0, 0
L -195.6, 130.1, 17.4, -199.3, 128.9, 15.6, 0, 0, 0
L -191.3, 132.9, 17.3, -195.6, 130.1, 17.4, 0, 0, 0
L -188.3, 134.4, 17.2, -191.3, 132.9, 17.3, 0, 0, 0
L -186.3, 132.4, 17.3, -188.3, 134.4, 17.2, 0, 0, 0
L -181.1, 127.3, 21.3, -186.3, 132.4, 17.3, 0, 0, 0
L -167.7, 140.3, 15.6, -181.1, 127.3, 21.3, 0, 0, 0
L -166.6, 140.3, 15.6, -167.7, 140.3, 15.6, 0, 0, 0
L -165.0, 141.9, 15.6, -166.6, 140.3, 15.6, 0, 0, 0
L -160.5, 146.1, 15.6, -165.0, 141.9, 15.6, 0, 0, 0
L -156.7, 147.6, 15.6, -160.5, 146.1, 15.6, 0, 0, 0
L -150.2, 145.2, 15.6, -156.7, 147.6, 15.6, 0, 0, 0
L -151.6, 140.7, 15.6, -150.2, 145.2, 15.6, 0, 0, 0
L -153.6, 140.3, 15.6, -151.6, 140.7, 15.6, 0, 0, 0
L -139.8, 140.6, 14.6, -153.6, 140.3, 15.6, 0, 0, 0
L -125.6, 154.3, 13.4, -139.8, 140.6, 14.6, 0, 0, 0
L -111.9, 154.3, 7.7, -125.6, 154.3, 13.4, 0, 0, 0
L -97.5, 140.0, 10.4, -111.9, 154.3, 7.7, 0, 0, 0
L -103.2, 134.2, 9.3, -97.5, 140.0, 10.4, 0, 0, 0
L -102.5, 130.5, 9.5, -103.2, 134.2, 9.3, 0, 0, 0
L -102.4, 128.5, 9.5, -102.5, 130.5, 9.5, 0, 0, 0
L -102.6, 124.5, 9.5, -102.4, 128.5, 9.5, 0, 0, 0
L -105.7, 119.7, 8.9, -102.6, 124.5, 9.5, 0, 0, 0
L -110.8, 116.4, 7.9, -105.7, 119.7, 8.9, 0, 0, 0
L -111.6, 116.9, 7.7, -110.8, 116.4, 7.9, 0, 0, 0
L -112.3, 111.6, 6.4, -111.6, 116.9, 7.7, 0, 0, 0
L -126.6, 112.1, 1.6, -112.3, 111.6, 6.4, 0, 0, 0
L -135.9, 121.4, 1.6, -126.6, 112.1, 1.6, 0, 0, 0
L -141.1, 116.1, 1.6, -135.9, 121.4, 1.6, 0, 0, 0
L -146.1, 116.5, 1.6, -141.1, 116.1, 1.6, 0, 0, 0
L -156.5, 116.8, 1.6, -146.1, 116.5, 1.6, 0, 0, 0
L -161.3, 118.1, 1.6, -156.5, 116.8, 1.6, 0, 0, 0
L -167.6, 111.8, 1.6, -161.3, 118.1, 1.6, 0, 0, 0
L -167.0, 97.0, 1.6, -167.6, 111.8, 1.6, 0, 0, 0
L -153.6, 69.2, 0.6, -167.0, 97.0, 1.6, 0, 0, 0
L -153.6, 33.8, 0.6, -153.6, 69.2, 0.6, 0, 0, 0
L -148.6, 35.1, 0.6, -153.6, 33.8, 0.6, 0, 0, 0
L -147.6, 31.5, 0.6, -148.6, 35.1, 0.6, 0, 0, 0
L -150.5, 22.8, 0.6, -147.6, 31.5, 0.6, 0, 0, 0
L -152.0, 21.4, 1.6, -150.5, 22.8, 0.6, 0, 0, 0
L -153.6, 22.2, 1.9, -152.0, 21.4, 1.6, 0, 0, 0
L -154.4, 13.9, 1.6, -153.6, 22.2, 1.9, 0, 0, 0
L -168.2, 27.8, 2.6, -154.4, 13.9, 1.6, 0, 0, 0
L -168.3, 41.5, 4.8, -168.2, 27.8, 2.6, 0, 0, 0
L -172.3, 45.8, 6.1, -168.3, 41.5, 4.8, 0, 0, 0
L -173.7, 44.3, 6.1, -172.3, 45.8, 6.1, 0, 0, 0
L -174.2, 44.2, 6.1, -173.7, 44.3, 6.1, 0, 0, 0
L -181.2, 43.6, 7.1, -174.2, 44.2, 6.1, 0, 0, 0
L -186.4, 42.3, 7.7, -181.2, 43.6, 7.1, 0, 0, 0
L -189.9, 44.9, 8.7, -186.4, 42.3, 7.7, 0, 0, 0
L -191.0, 46.3, 9.0, -189.9, 44.9, 8.7, 0, 0, 0
L -209.5, 27.9, 9.0, -191.0, 46.3, 9.0, 0, 0, 0
L -209.5, 14.4, 7.0, -209.5, 27.9, 9.0, 0, 0, 0
L -195.5, -0.1, 1.6, -209.5, 14.4, 7.0, 0, 0, 0
L -195.5, -13.6, 1.6, -195.5, -0.1, 1.6, 0, 0, 0
L -168.1, -13.6, 1.6, -195.5, -13.6, 1.6, 0, 0, 0
L -153.8, 0.4, 1.6, -168.1, -13.6, 1.6, 0, 0, 0
L -139.7, 0.3, 0.6, -153.8, 0.4, 1.6, 0, 0, 0
L -125.8, -13.6, 0.6, -139.7, 0.3, 0.6, 0, 0, 0
L -123.7, -13.6, 2.0, -125.8, -13.6, 0.6, 0, 0, 0
L -121.5, 1.6, 0.6, -123.7, -13.6, 2.0, 0, 0, 0
L -119.0, 4.9, 0.9, -121.5, 1.6, 0.6, 0, 0, 0
L -113.4, 7.6, 0.6, -119.0, 4.9, 0.9, 0, 0, 0
L -107.8, 6.2, 2.5, -113.4, 7.6, 0.6, 0, 0, 0
L -104.9, 6.8, 3.2, -107.8, 6.2, 2.5, 0, 0, 0
L -98.3, 12.2, 4.5, -104.9, 6.8, 3.2, 0, 0, 0
L -98.1, 28.4, 5.5, -98.3, 12.2, 4.5, 0, 0, 0
L -84.3, 42.3, 10.8, -98.1, 28.4, 5.5, 0, 0, 0
L -70.5, 42.7, 20.3, -84.3, 42.3, 10.8, 0, 0, 0
L -55.8, 28.5, 20.6, -70.5, 42.7, 20.3, 0, 0, 0
L -55.6, 22.2, 21.6, -55.8, 28.5, 20.6, 0, 0, 0
L -48.5, 21.1, 23.0, -55.6, 22.2, 21.6, 0, 0, 0
L -47.2, 16.7, 23.8, -48.5, 21.1, 23.0, 0, 0, 0
L -46.3, 15.4, 24.2, -47.2, 16.7, 23.8, 0, 0, 0
L -42.4, 15.6, 24.8, -46.3, 15.4, 24.2, 0, 0, 0
L -42.4, 5.7, 26.4, -42.4, 15.6, 24.8, 0, 0, 0
L -43.9, 5.3, 26.2, -42.4, 5.7, 26.4, 0, 0, 0
L -46.8, 5.4, 25.8, -43.9, 5.3, 26.2, 0, 0, 0
L -41.8, 0.4, 27.3, -46.8, 5.4, 25.8, 0, 0, 0
L -28.3, 0.4, 29.4, -41.8, 0.4, 27.3, 0, 0, 0
L -29.1, 28.2, 24.9, -28.3, 0.4, 29.5, 0, 0, 0
L -43.1, 42.2, 20.6, -29.1, 28.2, 24.9, 0, 0, 0
L -27.6, 41.6, 13.3, -43.1, 42.2, 20.6, 0, 0, 0
L -27.1, -0.4, 0.6, -27.6, 41.6, 13.3, 0, 0, 0
L -13.6, -14.0, 0.6, -27.1, -0.4, 0.6, 0, 0, 0
L -13.6, -28.0, 0.6, -13.6, -14.0, 0.6, 0, 0, 0
L -55.0, -28.4, 7.5, -13.6, -28.0, 0.6, 0, 0, 0
L -57.8, -30.3, 7.7, -55.0, -28.4, 7.5, 0, 0, 0
L -55.5, -32.8, 7.6, -57.8, -30.3, 7.7, 0, 0, 0
L -55.8, -36.0, 7.6, -55.5, -32.8, 7.6, 0, 0, 0
L -56.8, -36.8, 7.7, -55.8, -36.0, 7.6, 0, 0, 0
L -60.6, -38.0, 7.9, -56.8, -36.8, 7.7, 0, 0, 0
L -61.1, -41.9, 8.0, -60.6, -38.0, 7.9, 0, 0, 0
L -69.6, -45.5, 8.5, -61.1, -41.9, 8.0, 0, 0, 0
L -69.6, -69.8, 8.5, -69.6, -45.5, 8.5, 0, 0, 0
L -63.9, -75.5, 8.1, -69.6, -69.8, 8.5, 0, 0, 0
L -58.8, -73.4, 7.8, -63.9, -75.5, 8.1, 0, 0, 0
L -56.7, -74.4, 7.6, -58.8, -73.4, 7.8, 0, 0, 0
L -49.8, -79.3, 7.2, -56.7, -74.4, 7.6, 0, 0, 0
L -46.7, -82.3, 6.9, -49.8, -79.3, 7.2, 0, 0, 0
L -47.7, -83.6, 7.0, -46.7, -82.3, 6.9, 0, 0, 0
L -42.4, -83.6, 6.6, -47.7, -83.6, 7.0, 0, 0, 0
L -28.2, -69.6, 5.6, -42.4, -83.6, 6.6, 0, 0, 0
L -13.6, -69.8, 0.6, -28.2, -69.6, 5.6, 0, 0, 0
L 0.4, -84.2, 0.6, -13.6, -69.8, 0.6, 0, 0, 0
L 0.5, -97.8, 0.6, 0.4, -84.2, 0.6, 0, 0, 0
L -13.6, -112.2, 0.6, 0.5, -97.8, 0.6, 0, 0, 0
L -41.7, -112.3, 0.6, -13.6, -112.2, 0.6, 0, 0, 0
L -55.6, -126.1, 0.6, -41.7, -112.3, 0.6, 0, 0, 0
L -55.6, -139.8, 0.6, -55.6, -126.1, 0.6, 0, 0, 0
L -41.6, -154.1, 0.6, -55.6, -139.8, 0.6, 0, 0, 0
L -41.0, -168.4, 0.6, -41.6, -154.1, 0.6, 0, 0, 0
L -27.6, -181.6, 0.6, -41.0, -168.4, 0.6, 0, 0, 0
L -13.7, -181.7, 0.6, -27.6, -181.6, 0.6, 0, 0, 0
L -13.6, -196.0, 0.6, -13.7, -181.7, 0.6, 0, 0, 0
L -27.4, -210.0, 0.6, -13.6, -196.0, 0.6, 0, 0, 0
L -56.3, -182.0, 0.6, -27.4, -210.0, 0.6, 0, 0, 0
L -56.3, -168.2, 0.6, -56.3, -182.0, 0.6, 0, 0, 0
L -70.0, -154.4, 0.6, -56.3, -168.2, 0.6, 0, 0, 0
L -97.7, -154.5, 0.6, -70.0, -154.4, 0.6, 0, 0, 0
L -112.0, -140.4, 0.6, -97.7, -154.5, 0.6, 0, 0, 0
L -140.1, -155.0, 0.6, -112.0, -140.4, 0.6, 0, 0, 0
L -154.5, -182.3, 0.6, -140.1, -155.0, 0.6, 0, 0, 0
L -168.7, -181.7, 0.6, -154.5, -182.3, 0.6, 0, 0, 0
L -182.2, -168.3, 0.6, -168.7, -181.7, 0.6, 0, 0, 0
L -182.3, -140.1, 0.6, -182.2, -168.3, 0.6, 0, 0, 0
L -195.9, -126.4, 0.6, -182.3, -140.1, 0.6, 0, 0, 0
L -209.8, -126.3, 0.6, -195.9, -126.4, 0.6, 0, 0, 0
L -223.5, -140.1, 0.6, -209.8, -126.3, 0.6, 0, 0, 0
L -223.2, -154.1, 0.6, -223.5, -140.1, 0.6, 0, 0, 0
L -210.3, -168.3, -0.4, -223.2, -154.1, 0.6, 0, 0, 0
L -223.6, -168.3, -0.4, -210.3, -168.3, -0.4, 0, 0, 0
L -238.1, -182.3, -3.3, -223.6, -168.3, -0.4, 0, 0, 0
L -251.4, -182.3, -6.0, -238.1, -182.3, -3.3, 0, 0, 0
L -252.9, -223.0, 7.0, -222.6, -223.9, 0.9, 150, 150, 150
L -279.8, -196.1, 12.1, -252.9, -223.0, 7.0, 150, 150, 150
L -294.3, -195.8, 15.8, -279.8, -196.1, 12.1, 150, 150, 150
L -322.3, -168.0, 26.0, -294.3, -195.8, 15.8, 150, 150, 150
L -336.4, -140.3, 26.6, -321.4, -126.0, 26.6, 0, 0, 0
L -364.4, -139.9, 26.6, -336.4, -140.3, 26.6, 0, 0, 0
L -378.2, -125.8, 34.8, -364.4, -139.9, 26.6, 0, 0, 0
L -378.2, -104.8, 41.6, -378.2, -125.8, 34.8, 0, 0, 0
L -378.9, -70.3, 41.6, -378.2, -104.8, 41.6, 0, 0, 0
L -406.5, -71.1, 43.0, -378.9, -70.3, 41.6, 0, 0, 0
L -416.4, -81.1, 47.4, -406.5, -71.1, 43.0, 0, 0, 0
L -420.1, -85.6, 49.6, -416.4, -81.1, 47.4, 0, 0, 0
L -426.3, -85.0, 49.6, -420.1, -85.6, 49.6, 0, 0, 0
L -430.5, -72.9, 49.6, -426.3, -85.0, 49.6, 0, 0, 0
L -425.6, -67.9, 49.6, -430.5, -72.9, 49.6, 0, 0, 0
L -431.9, -48.9, 49.6, -425.6, -67.9, 49.6, 0, 0, 0
L -433.8, -38.2, 51.7, -431.9, -48.9, 49.6, 0, 0, 0
L -436.0, -31.1, 51.6, -433.8, -38.2, 51.7, 0, 0, 0
L -441.0, -17.6, 47.6, -436.0, -31.1, 51.6, 0, 0, 0
L -429.4, -17.8, 46.5, -441.3, -17.6, 47.6, 0, 0, 0
L -405.3, -37.6, 35.6, -429.4, -17.8, 46.5, 0, 0, 0
L -389.6, -37.1, 29.2, -405.3, -37.6, 35.6, 0, 0, 0
L -376.2, -21.7, 23.8, -389.6, -37.1, 29.2, 0, 0, 0
L -375.5, -3.5, 22.2, -376.2, -21.7, 23.8, 0, 0, 0
L -349.5, 6.4, 16.6, -375.5, -3.5, 22.2, 0, 0, 0
L -343.2, 6.4, 16.6, -349.5, 6.4, 16.6, 0, 0, 0
L -342.5, 9.8, 16.6, -343.2, 6.4, 16.6, 0, 0, 0
L -340.7, 14.7, 16.6, -342.5, 9.8, 16.6, 0, 0, 0
L -337.9, 15.3, 16.6, -340.7, 14.7, 16.6, 0, 0, 0
L -330.3, 14.9, 16.6, -337.9, 15.3, 16.6, 0, 0, 0
L -330.2, 13.2, 16.6, -330.3, 14.9, 16.6, 0, 0, 0
L -322.3, 20.2, 16.6, -330.2, 13.2, 16.6, 0, 0, 0
L -322.3, 43.3, 0.6, -322.3, 20.2, 16.6, 0, 0, 0
L -322.2, 69.6, 0.7, -322.3, 43.3, 0.6, 0, 0, 0
L -338.9, 77.4, 0.6, -336.4, 71.4, 0.6, 0, 0, 0
L -340.2, 83.9, 0.6, -338.9, 77.4, 0.6, 0, 0, 0
L -340.1, 98.3, 0.6, -340.2, 83.9, 0.6, 0, 0, 0
L -334.1, 104.3, 0.6, -340.1, 98.3, 0.6, 0, 0, 0
L -322.2, 128.3, 0.6, -334.1, 104.3, 0.6, 0, 0, 0
L -322.2, 137.6, 0.6, -322.2, 128.3, 0.6, 0, 0, 0
L -323.9, 137.5, 0.6, -322.2, 137.6, 0.6, 0, 0, 255
L -332.5, 127.4, 0.6, -323.9, 137.5, 0.6, 0, 0, 255
L -335.4, 125.6, 0.6, -332.5, 127.4, 0.6, 0, 0, 255
L -349.6, 111.0, 0.6, -335.4, 125.6, 0.6, 0, 0, 255
L -349.6, 98.1, 0.6, -349.6, 111.0, 0.6, 0, 0, 255
L -363.4, 83.3, 0.6, -349.6, 98.1, 0.6, 0, 0, 255
L -363.5, 70.1, 0.6, -363.4, 83.3, 0.6, 0, 0, 255
L -376.6, 55.5, 0.6, -363.5, 70.1, 0.6, 0, 0, 255
L -403.5, 55.6, 0.6, -403.6, 45.5, 0.6, 150, 150, 150
L -403.5, 55.6, 0.6, -376.6, 55.5, 0.6, 0, 0, 255
L -418.2, 55.6, 0.6, -418.3, 58.8, 0.6, 100, 50, 0
L -504.1, 55.7, 0.6, -418.2, 55.6, 0.6, 0, 0, 0
L -504.2, 97.6, 0.6, -504.1, 55.7, 0.6, 0, 0, 0
L -504.2, 125.6, 0.6, -504.2, 112.3, 0.6, 0, 0, 0
L -547.2, 125.6, 2.7, -504.2, 125.6, 0.6, 0, 0, 0
L -540.5, 118.3, 0.6, -547.2, 125.6, 2.7, 0, 0, 0
L -534.0, 116.3, 0.6, -540.5, 118.3, 0.6, 0, 0, 0
L -531.9, 113.9, 0.6, -534.0, 116.3, 0.6, 0, 0, 0
L -538.2, 107.1, 0.6, -531.9, 113.9, 0.6, 0, 0, 0
L -541.7, 102.4, 6.0, -538.2, 107.1, 0.6, 0, 0, 0
L -535.4, 97.1, 3.4, -541.7, 102.4, 6.0, 0, 0, 0
L -545.2, 86.6, 2.8, -535.4, 97.1, 3.4, 0, 0, 0
L -547.8, 71.7, 3.5, -545.2, 86.6, 2.8, 0, 0, 0
L -555.4, 55.6, 10.2, -547.8, 71.7, 3.5, 0, 0, 0
L -563.3, 44.7, 6.9, -555.4, 55.6, 10.2, 0, 0, 0
L -559.1, 30.6, 11.5, -563.3, 44.7, 6.9, 0, 0, 0
L -550.3, 20.8, 12.1, -559.1, 30.6, 11.5, 0, 0, 0
L -531.6, 19.4, 12.5, -550.3, 20.8, 12.1, 0, 0, 0
L -511.4, 20.4, 8.8, -531.6, 19.4, 12.5, 0, 0, 0
L -490.3, 15.5, 8.2, -511.4, 20.4, 8.8, 0, 0, 0
L -462.9, 13.8, 1.4, -490.3, 15.5, 8.2, 0, 0, 0
L -447.7, 28.4, 0.6, -462.9, 13.8, 1.4, 0, 0, 0
L -420.1, 28.4, 0.6, -447.7, 28.4, 0.6, 0, 0, 0
L -403.8, 22.4, 0.6, -420.1, 28.4, 0.6, 0, 0, 0
L -388.0, 22.5, 0.6, -403.8, 22.4, 0.6, 0, 0, 0
L -376.2, 42.1, 0.6, -388.0, 22.5, 0.6, 0, 0, 0
L -349.7, 42.5, 0.6, -376.2, 42.1, 0.6, 0, 0, 0
L -350.3, 27.4, 17.8, -349.7, 42.5, 0.6, 0, 0, 0
L -376.0, 17.6, 23.7, -350.3, 27.4, 17.8, 0, 0, 0
L -389.2, 17.6, 29.1, -376.0, 17.6, 23.7, 0, 0, 0
L -405.0, -0.2, 35.5, -389.2, 17.6, 29.1, 0, 0, 0
L -429.6, 15.4, 47.3, -405.0, -0.2, 35.5, 0, 0, 0
L -441.7, 15.6, 47.6, -429.6, 15.4, 47.3, 0, 0, 0
L -467.4, -6.2, 47.6, -441.7, 15.6, 47.6, 0, 0, 0
L -467.1, -39.9, 48.6, -467.4, -6.2, 47.6, 0, 0, 0
L -467.3, -55.7, 51.1, -467.1, -39.9, 48.6, 0, 0, 0
L -463.0, -69.3, 48.3, -467.3, -55.7, 51.1, 0, 0, 0
L -476.0, -56.3, 45.3, -462.2, -70.1, 48.5, 0, 0, 0
L -504.2, -56.2, 37.6, -476.0, -56.3, 45.3, 0, 0, 0
L -507.6, -52.7, 37.6, -504.2, -56.2, 37.6, 0, 0, 0
L -510.6, -57.1, 37.6, -507.6, -52.7, 37.6, 0, 0, 0
L -515.1, -55.9, 37.6, -510.6, -57.1, 37.6, 0, 0, 0
L -521.1, -53.6, 37.6, -515.1, -55.9, 37.6, 0, 0, 0
L -522.5, -49.7, 37.6, -521.1, -53.6, 37.6, 0, 0, 0
L -524.6, -54.1, 37.6, -522.5, -49.7, 37.6, 0, 0, 0
L -528.6, -56.7, 37.6, -524.6, -54.1, 37.6, 0, 0, 0
L -534.2, -50.3, 37.6, -528.6, -56.7, 37.6, 0, 0, 0
L -545.2, -83.3, 37.6, -534.2, -50.3, 37.6, 0, 0, 0
L -545.4, -98.9, 36.5, -545.2, -83.3, 37.6, 0, 0, 0
L -545.1, -112.5, 34.2, -545.4, -98.9, 36.5, 0, 0, 0
L -542.1, -139.9, 39.0, -545.1, -112.5, 34.2, 0, 0, 0
L -534.8, -177.6, 31.7, -542.1, -139.9, 39.0, 0, 0, 0
L -520.5, -223.5, 29.3, -534.8, -177.6, 31.7, 0, 0, 0
L -504.2, -223.5, 28.6, -520.5, -223.5, 29.3, 0, 0, 0
L -504.2, -208.3, 28.0, -504.2, -223.5, 28.6, 0, 0, 0
L -504.2, -167.6, 28.6, -504.2, -193.6, 28.0, 0, 0, 0
L -448.2, -167.6, 28.6, -504.2, -167.6, 28.6, 0, 0, 0
L -448.2, -140.0, 28.6, -448.2, -167.6, 28.6, 0, 0, 0
L -462.0, -112.3, 28.6, -448.2, -140.0, 28.6, 0, 0, 0
L -494.5, -112.3, 28.6, -462.0, -112.3, 28.6, 0, 0, 0
L -517.9, -98.3, 36.6, -494.5, -112.3, 28.6, 0, 0, 0
L -504.2, -83.8, 37.6, -517.9, -98.3, 36.6, 0, 0, 0
L -475.9, -97.5, 45.3, -504.2, -83.8, 37.6, 0, 0, 0
L -461.6, -97.6, 49.6, -475.9, -97.5, 45.3, 0, 0, 0
L -420.6, -111.3, 49.6, -461.6, -97.6, 49.6, 0, 0, 0
L -406.0, -125.2, 42.7, -420.6, -111.3, 49.6, 0, 0, 0
L -405.5, -153.8, 26.7, -406.0, -125.2, 42.7, 0, 0, 0
L -391.7, -167.6, 26.6, -405.5, -153.8, 26.7, 0, 0, 0
L -378.0, -167.5, 26.6, -391.7, -167.6, 26.6, 0, 0, 0
L -363.7, -181.6, 26.6, -378.0, -167.5, 26.6, 0, 0, 0
L -335.7, -181.6, 26.6, -363.7, -181.6, 26.6, 0, 0, 0
L -331.6, -191.6, 26.6, -335.7, -181.6, 26.6, 0, 0, 0
L -321.9, -191.6, 26.6, -331.6, -191.6, 26.6, 0, 0, 0
L -303.7, -205.5, 19.4, -321.9, -191.6, 26.6, 0, 0, 0
L -293.6, -205.6, 14.6, -303.7, -205.5, 19.4, 0, 0, 0
L -261.8, -235.5, 8.6, -293.6, -205.6, 14.6, 0, 0, 0
L -223.5, -235.4, 0.6, -261.8, -235.5, 8.6, 0, 0, 0
L -212.3, -231.6, 0.6, -223.5, -235.4, 0.6, 0, 0, 0
L -212.3, -216.1, 0.6, -212.3, -231.6, 0.6, 0, 0, 0
L -224.4, -210.1, 0.6, -212.3, -216.1, 0.6, 0, 0, 0
L -209.6, -195.7, 0.6, -224.4, -210.1, -0.4, 0, 0, 0
L -195.8, -209.5, 0.6, -209.6, -195.7, 0.6, 0, 0, 0
L -182.2, -209.5, 0.6, -195.8, -209.5, 0.6, 0, 0, 0
L -195.5, -224.1, 1.8, -182.2, -209.5, 0.6, 0, 0, 0
L -195.5, -293.7, 3.6, -195.5, -224.1, 1.8, 0, 0, 0
L -224.0, -308.2, 10.6, -195.5, -293.7, 3.6, 0, 0, 0
L -238.0, -294.3, 10.6, -224.0, -308.2, 10.6, 0, 0, 0
L -279.5, -308.1, 10.6, -238.0, -294.3, 10.6, 0, 0, 0
L -279.5, -321.1, 10.6, -279.5, -308.1, 10.6, 0, 0, 0
L -265.5, -350.2, 9.7, -279.5, -321.1, 10.6, 0, 0, 0
L -265.7, -378.2, 0.6, -265.5, -350.2, 9.7, 0, 0, 0
L -279.6, -392.1, 5.1, -265.7, -378.2, 0.6, 0, 0, 0
L -280.8, -419.7, 2.4, -279.6, -392.1, 5.1, 0, 0, 0
L -253.1, -433.8, 1.7, -280.8, -419.7, 2.4, 0, 0, 0
L -223.4, -433.6, 0.6, -253.1, -433.8, 1.7, 0, 0, 0
L -183.5, -446.9, 0.6, -223.4, -433.6, 0.6, 0, 0, 0
L -111.8, -433.4, 15.5, -115.4, -433.4, 13.9, 0, 204, 0
L -112.3, -433.4, 26.7, -97.8, -448.2, 27.7, 0, 204, 0
L -111.8, -517.8, 28.6, -112.4, -462.0, 26.7, 0, 204, 0
L -125.7, -530.0, 28.6, -111.8, -517.8, 28.6, 0, 204, 0
L -126.0, -531.4, 28.6, -125.7, -530.0, 28.6, 0, 204, 0
L -98.4, -531.4, 28.6, -126.0, -531.4, 28.6, 0, 204, 0
L -83.8, -545.4, 39.5, -98.4, -531.4, 28.6, 0, 204, 0
L -83.8, -560.2, 39.7, -83.8, -545.4, 39.5, 0, 204, 0
L -97.4, -573.9, 36.4, -83.8, -560.2, 39.7, 0, 204, 0
L -83.3, -671.3, 46.6, -97.7, -658.0, 46.6, 0, 204, 0
L -70.2, -671.4, 46.6, -83.3, -671.3, 46.6, 0, 204, 0
L -126.1, -574.4, 28.6, -125.5, -560.5, 32.6, 0, 204, 0
L -139.7, -587.8, 28.6, -126.1, -574.4, 28.6, 0, 204, 0
L -153.4, -588.0, 28.6, -139.7, -587.8, 28.6, 0, 204, 0
L -153.4, -601.5, 28.6, -153.4, -588.0, 28.6, 0, 204, 0
L -139.5, -615.4, 28.6, -153.4, -601.5, 28.6, 0, 204, 0
L -125.6, -615.6, 34.8, -139.3, -615.4, 28.6, 0, 204, 0
L -112.1, -629.0, 40.8, -125.6, -615.6, 34.8, 0, 204, 0
L -97.7, -629.5, 43.0, -112.1, -629.0, 40.8, 150, 150, 150
L -84.2, -644.5, 46.6, -97.7, -629.5, 43.0, 150, 150, 150
L -97.5, -657.9, 46.6, -84.2, -644.5, 46.6, 150, 150, 150
L -56.3, -657.1, 45.5, -70.1, -671.3, 46.6, 0, 204, 0
L -56.3, -629.9, 35.9, -56.3, -657.1, 45.5, 0, 204, 0
L -70.1, -616.1, 33.6, -56.3, -629.9, 35.9, 0, 204, 0
L -84.3, -615.6, 34.8, -70.1, -616.1, 33.6, 0, 204, 0
L -83.9, -601.1, 29.8, -84.3, -615.6, 34.8, 0, 204, 0
L -70.3, -587.6, 33.0, -84.3, -601.6, 29.7, 0, 204, 0
L -70.3, -560.4, 39.9, -70.3, -587.6, 33.0, 0, 204, 0
L -70.3, -545.4, 39.5, -70.3, -560.4, 39.9, 0, 204, 0
L -70.3, -531.4, 28.6, -70.3, -545.4, 39.5, 0, 204, 0
L -70.3, -517.9, 28.6, -70.3, -531.4, 28.6, 0, 204, 0
L -84.3, -503.6, 27.6, -70.3, -517.9, 28.6, 0, 204, 0
L -84.9, -447.4, 25.4, -84.3, -503.6, 27.6, 0, 204, 0
L -98.3, -433.4, 16.6, -84.9, -447.4, 25.4, 0, 204, 0
L -98.3, -420.2, 16.7, -98.3, -433.4, 16.6, 0, 204, 0
L -112.0, -406.4, 22.4, -98.3, -420.2, 16.7, 0, 204, 0
L -125.6, -406.2, 22.4, -112.0, -406.4, 22.4, 0, 204, 0
L -139.2, -419.6, 17.7, -125.6, -406.2, 22.4, 0, 204, 0
L -112.0, -419.5, 17.7, -139.2, -419.6, 17.7, 0, 204, 0
L -112.3, -420.2, 15.5, -112.0, -419.5, 17.7, 0, 204, 0
L -140.2, -420.1, 0.6, -136.7, -420.1, 2.5, 0, 204, 0
L -154.1, -406.2, 0.6, -140.2, -420.1, 0.6, 0, 0, 0
L -181.7, -406.2, 0.6, -154.1, -406.2, 0.6, 0, 0, 0
L -197.7, -390.8, 3.1, -181.7, -406.2, 0.6, 0, 0, 0
L -224.9, -391.6, 0.6, -197.7, -390.8, 3.1, 0, 0, 0
L -233.2, -382.4, 1.1, -224.9, -391.6, 0.6, 0, 0, 0
L -234.0, -379.0, 9.6, -233.2, -382.4, 1.1, 0, 0, 0
L -225.5, -358.2, 6.2, -234.0, -379.0, 9.6, 0, 0, 0
L -221.9, -349.5, 15.4, -225.5, -358.2, 6.2, 0, 0, 0
L -220.8, -341.4, 17.9, -221.9, -349.5, 15.4, 0, 0, 0
L -195.5, -335.5, 9.0, -220.8, -341.4, 17.9, 0, 0, 0
L -183.5, -335.5, 5.1, -195.5, -335.5, 9.0, 0, 0, 0
L -168.2, -335.5, 4.6, -183.5, -335.5, 5.1, 0, 0, 0
L -154.3, -307.5, 3.6, -168.2, -335.5, 4.6, 0, 0, 0
L -154.3, -280.0, 3.6, -154.3, -307.5, 3.6, 0, 0, 0
L -167.7, -265.1, 1.8, -154.3, -280.0, 3.6, 0, 0, 0
L -153.2, -251.5, 0.6, -167.7, -265.1, 1.8, 0, 0, 0
L -140.1, -251.5, 0.6, -153.2, -251.5, 0.6, 0, 0, 0
L -126.3, -237.8, 0.6, -140.1, -251.5, 0.6, 0, 0, 0
L -126.4, -195.4, 0.6, -126.3, -237.8, 0.6, 0, 0, 0
L -112.1, -195.5, 0.6, -126.4, -195.4, 0.6, 0, 0, 0
L -98.2, -181.6, 0.6, -112.1, -195.5, 0.6, 0, 0, 0
L -86.8, -195.5, 0.6, -98.2, -181.6, 0.6, 0, 0, 0
L -69.7, -195.6, 0.6, -86.8, -195.5, 0.6, 0, 0, 0
L -69.6, -209.8, 0.6, -69.7, -195.6, 0.6, 0, 0, 0
L -56.0, -223.4, 0.6, -69.6, -209.8, 0.6, 0, 0, 0
L -55.3, -237.7, 0.6, -56.0, -223.4, 0.6, 0, 0, 0
L -84.1, -224.3, 0.6, -55.3, -237.7, 0.6, 0, 0, 0
L -97.8, -224.3, 0.6, -84.1, -224.3, 0.6, 0, 0, 0
L -111.6, -238.1, 0.6, -97.8, -224.3, 0.6, 0, 0, 0
L -111.6, -279.1, 0.6, -111.6, -238.1, 0.6, 0, 0, 0
L -97.6, -294.4, 0.6, -111.6, -279.1, 0.6, 0, 0, 0
L -97.6, -321.5, 0.6, -97.6, -294.4, 0.6, 0, 0, 0
L -85.0, -335.8, 1.7, -97.6, -321.5, 0.6, 0, 0, 0
L -70.3, -335.3, 0.6, -85.0, -335.8, 1.7, 0, 0, 0
L -69.6, -349.5, 0.7, -70.3, -335.3, 0.6, 0, 0, 0
L -42.9, -349.5, 8.9, -69.6, -349.5, 0.7, 0, 0, 0
L -28.1, -335.5, 12.6, -42.9, -349.5, 8.9, 0, 0, 0
L -14.2, -335.5, 10.3, -28.1, -335.5, 12.6, 0, 0, 0
L -0.4, -321.7, 11.6, -14.2, -335.5, 10.3, 0, 0, 0
L -0.3, -307.7, 11.6, -0.4, -321.7, 11.6, 0, 0, 0
L 14.3, -321.6, 6.9, -0.3, -307.7, 11.6, 0, 0, 0
L 14.4, -335.6, 6.9, 14.3, -321.6, 6.9, 0, 0, 0
L 0.4, -350.0, 10.5, 14.4, -335.6, 6.9, 0, 0, 0
L 0.4, -377.7, 10.5, 0.4, -350.0, 10.5, 0, 0, 0
L 28.1, -405.2, 7.6, 0.4, -377.7, 10.5, 0, 0, 0
L 28.4, -419.5, 7.5, 28.1, -405.2, 7.6, 0, 0, 0
L 42.6, -420.0, 1.5, 28.4, -419.5, 7.5, 0, 0, 0
L 56.1, -433.4, 0.6, 42.6, -420.0, 1.5, 0, 0, 0
L 70.8, -421.1, 2.7, 56.1, -433.4, 0.6, 0, 0, 0
L 69.6, -397.6, 0.6, 70.8, -421.1, 2.7, 0, 0, 0
L 98.1, -391.5, 0.6, 85.8, -379.1, 0.6, 0, 0, 0
L 126.1, -391.5, 0.6, 98.1, -391.5, 0.6, 0, 0, 0
L 126.3, -419.7, 0.6, 126.1, -391.5, 0.6, 0, 0, 0
L 139.6, -432.9, 0.6, 126.3, -419.7, 0.6, 0, 0, 0
L 139.3, -363.5, 0.6, 139.6, -432.9, 0.6, 0, 0, 0
L 167.6, -363.5, 0.6, 139.3, -363.5, 0.6, 0, 0, 0
L 167.6, -321.6, 0.6, 167.6, -363.5, 0.6, 0, 0, 0
L 223.5, -321.5, 0.6, 218.3, -321.5, 0.6, 0, 0, 0
L 223.5, -320.0, 0.6, 223.5, -321.5, 0.6, 0, 0, 0
L 209.7, -294.2, 0.6, 223.5, -320.0, 0.6, 0, 0, 0
L 154.1, -294.2, 0.6, 209.7, -294.2, 0.6, 0, 0, 0
L 140.3, -308.0, 0.6, 154.1, -294.2, 0.6, 0, 0, 0
L 140.4, -335.8, 0.6, 140.3, -308.0, 0.6, 0, 0, 0
L 125.3, -335.8, 0.6, 140.4, -335.8, 0.6, 0, 0, 0
L 111.6, -321.5, 0.6, 125.3, -335.8, 0.6, 0, 0, 0
L 111.6, -308.0, 0.6, 111.6, -321.5, 0.6, 0, 0, 0
L 139.6, -279.7, 0.6, 111.6, -308.0, 0.6, 0, 0, 0
L 139.6, -266.1, 0.6, 139.6, -279.7, 0.6, 0, 0, 0
L 111.8, -238.3, 0.6, 139.6, -266.1, 0.6, 0, 0, 0
L 98.2, -238.3, 0.6, 111.8, -238.3, 0.6, 0, 0, 0
L 83.8, -224.3, 0.6, 98.2, -238.3, 0.6, 0, 0, 0
L 98.3, -209.5, 0.6, 83.8, -224.3, 0.6, 0, 0, 0
L 111.8, -209.5, 0.6, 98.3, -209.5, 0.6, 0, 0, 0
L 125.6, -195.8, 0.6, 111.8, -209.5, 0.6, 0, 0, 0
L 125.6, -168.3, 0.6, 125.6, -195.8, 0.6, 0, 0, 0
L 111.6, -153.4, 0.6, 125.6, -168.3, 0.6, 0, 0, 0
L 111.6, -140.1, 0.6, 111.6, -153.4, 0.6, 0, 0, 0
L 69.8, -98.3, 0.6, 111.6, -140.1, 0.6, 0, 0, 0
L 56.2, -98.4, 0.6, 69.8, -98.3, 0.6, 0, 0, 0
L 41.6, -84.2, 0.6, 56.2, -98.4, 0.6, 0, 0, 0
L 41.6, -69.8, 2.8, 41.6, -84.2, 0.6, 0, 0, 0
L 55.1, -56.3, 4.9, 41.6, -69.8, 2.8, 0, 0, 0
L 55.1, -56.3, 4.9, 27.6, -56.3, 1.1, 0, 0, 0
L 27.6, -13.6, 0.6, 27.6, -56.3, 0.6, 0, 0, 0
L 35.3, -13.6, 0.1, 27.6, -13.6, 0.6, 0, 0, 0
L 33.7, -8.4, 0.2, 35.3, -13.6, 0.1, 0, 0, 0
L 31.2, -3.0, 0.4, 33.7, -8.4, 0.2, 0, 0, 0
L 33.6, -1.3, 0.2, 31.2, -3.0, 0.4, 0, 0, 0
L 39.6, -0.9, -0.3, 33.6, -1.3, 0.2, 0, 0, 0
L 39.6, -0.9, -0.3, 39.6, 2.4, -0.3, 0, 0, 0
L 42.3, 2.4, 0.6, 39.6, 2.4, -0.3, 0, 0, 0
L 42.3, 0.4, 0.6, 42.3, 2.4, 0.6, 0, 0, 0
L 43.6, 0.4, 0.6, 42.3, 0.4, 0.6, 0, 0, 0
L 43.6, 0.4, 0.6, 43.6, 2.4, 0.6, 0, 0, 0
L 48.3, 2.4, 0.6, 43.6, 2.4, 0.6, 0, 0, 0
L 48.3, 2.4, 0.6, 48.3, -4.4, 0.6, 0, 0, 0
L 46.3, -4.4, 0.6, 48.3, -4.4, 0.6, 0, 0, 0
L 46.3, -4.4, 0.6, 46.3, -16.4, 0.6, 0, 0, 0
L 30.4, -16.4, 0.6, 46.3, -16.4, 0.6, 0, 0, 0
L 46.3, 44.3, 0.6, 46.3, 32.4, 0.6, 0, 0, 0
L 30.4, 44.3, 0.6, 46.3, 44.3, 0.6, 0, 0, 0
L 30.4, 81.6, 0.6, 30.4, 44.3, 0.6, 0, 0, 0
L 69.6, 81.6, 0.6, 30.4, 81.6, 0.6, 0, 0, 0
L 72.3, 27.6, 0.6, 72.3, 25.6, 0.6, 0, 0, 0
L 72.3, 25.6, 0.6, 67.6, 25.6, 0.6, 0, 0, 0
L 67.6, 32.4, 0.6, 67.6, 25.6, 0.6, 0, 0, 0
L 69.6, 32.4, 0.6, 67.6, 32.4, 0.6, 0, 0, 0
L 69.6, -4.4, 0.6, 67.6, -4.4, 0.6, 0, 0, 0
L 67.6, 2.4, 0.6, 67.6, -4.4, 0.6, 0, 0, 0
L 67.6, 2.4, 0.6, 72.3, 2.4, 0.6, 0, 0, 0
L 72.3, 0.4, 0.6, 72.3, 2.4, 0.6, 0, 0, 0
L 112.7, 84.3, 0.6, 111.6, 84.3, 0.6, 0, 0, 0
L 111.6, -56.3, 0.6, 111.6, 84.3, 0.6, 0, 0, 0
L 113.4, -56.3, 0.6, 111.6, -56.3, 0.6, 0, 0, 0
L 113.4, -69.6, 0.6, 113.4, -56.3, 0.6, 199, 21, 133
L 98.3, -69.6, 0.6, 113.4, -69.6, 0.6, 0, 0, 0
L 98.3, 0.4, 0.6, 98.3, -69.6, 0.6, 0, 0, 0
L 72.3, 0.4, 0.6, 98.3, 0.4, 0.6, 0, 0, 0
L 53.6, -44.3, 0.6, 58.3, -44.3, 0.6, 0, 0, 0
L 53.6, -44.3, 0.6, 53.6, -27.6, 0.6, 0, 0, 0
L 69.6, -27.6, 0.6, 53.6, -27.6, 0.6, 0, 0, 0
L 69.6, -4.4, 0.6, 69.6, -27.6, 0.6, 0, 0, 0
L 30.4, -53.6, 0.6, 30.4, -16.4, 0.6, 0, 0, 0
L 69.6, -53.6, 0.6, 30.4, -53.6, 0.6, 0, 0, 0
L 69.6, -42.3, 1.6, 58.3, -42.3, 1.7, 150, 150, 150
L 69.6, -43.3, 0.6, 58.3, -43.3, 0.6, 150, 150, 150
L 58.3, -41.3, 2.7, 69.6, -41.3, 2.6, 150, 150, 150
L 69.6, -40.3, 3.6, 58.3, -40.3, 3.6, 150, 150, 150
L 58.3, -39.4, 4.6, 69.6, -39.4, 4.6, 150, 150, 150
L 69.6, -38.4, 5.7, 58.3, -38.4, 5.6, 150, 150, 150
L 69.6, -37.4, 6.7, 69.6, -37.4, 6.6, 0, 0, 0
L 58.3, -37.4, 6.6, 69.6, -37.4, 6.7, 150, 150, 150
L 69.6, -36.4, 7.6, 58.3, -36.4, 7.6, 150, 150, 150
L 58.3, -35.3, 8.7, 69.6, -35.4, 8.6, 150, 150, 150
L 69.6, -34.4, 9.6, 58.3, -34.4, 9.6, 150, 150, 150
L 58.3, -32.3, 11.7, 69.6, -32.4, 11.6, 150, 150, 150
L 69.6, -33.4, 10.6, 58.3, -33.4, 10.7, 150, 150, 150
L 58.3, -31.4, 12.6, 69.6, -31.4, 12.6, 150, 150, 150
L 58.3, -30.4, 13.6, 58.3, -31.3, 12.7, 0, 204, 0
L 69.6, -30.4, 13.6, 58.3, -30.4, 13.6, 150, 150, 150
L 58.3, 58.3, 13.6, 69.6, 58.3, 13.6, 150, 150, 150
L 58.3, 59.3, 12.6, 69.6, 59.3, 12.7, 150, 150, 150
L 58.3, 60.3, 11.7, 69.6, 60.3, 11.6, 150, 150, 150
L 58.3, 61.3, 10.6, 69.6, 61.3, 10.7, 150, 150, 150
L 58.3, 62.3, 9.6, 69.6, 62.3, 9.7, 150, 150, 150
L 58.3, 64.3, 7.6, 69.6, 64.3, 7.6, 150, 150, 150
L 69.6, 63.3, 8.6, 58.3, 63.3, 8.6, 150, 150, 150
L 58.3, 65.3, 6.6, 69.6, 65.3, 6.6, 150, 150, 150
L 58.3, 66.3, 5.7, 69.6, 66.3, 5.6, 150, 150, 150
L 69.6, 67.3, 4.7, 58.3, 67.3, 4.6, 150, 150, 150
L 58.3, 68.3, 3.7, 69.6, 68.3, 3.6, 150, 150, 150
L 58.3, 69.3, 2.6, 69.6, 69.3, 2.6, 150, 150, 150
L 69.6, 70.3, 1.6, 58.3, 70.3, 1.8, 150, 150, 150
L 58.3, 71.3, 0.6, 69.6, 71.3, 0.6, 150, 150, 150
L 69.6, -24.9, 14.6, 69.6, 56.1, 14.6, 0, 204, 0
L 69.6, -43.3, 0.6, 69.6, -24.9, 14.6, 0, 204, 0
L 69.6, -53.6, 0.6, 69.6, -43.3, 0.6, 0, 0, 0
L 58.3, -44.3, 0.6, 58.3, -27.6, 14.6, 0, 204, 0
L 55.6, -27.6, 14.6, 58.3, -27.6, 14.6, 0, 204, 0
L 55.6, -53.6, 14.6, 55.6, -27.6, 14.6, 0, 204, 0
L 30.4, -53.6, 14.6, 55.6, -53.6, 14.6, 0, 204, 0
L 30.4, -16.4, 14.6, 30.4, -53.6, 14.6, 0, 204, 0
L 44.3, -4.4, 14.6, 46.3, -4.4, 14.6, 0, 204, 0
L 44.3, 32.4, 14.6, 46.3, 32.4, 14.6, 0, 204, 0
L 46.3, -4.4, 14.6, 46.3, 32.4, 14.6, 0, 204, 0
L 30.4, -16.4, 14.6, 44.3, -16.4, 14.6, 0, 204, 0
L 44.3, -4.4, 14.6, 44.3, -16.4, 14.6, 0, 204, 0
L 44.3, 44.3, 14.6, 44.3, 32.4, 14.6, 0, 204, 0
L 30.4, 44.3, 14.6, 44.3, 44.3, 14.6, 0, 204, 0
L 30.4, 81.6, 14.6, 30.4, 44.3, 14.6, 0, 204, 0
L 55.6, 81.6, 14.6, 30.4, 81.6, 14.6, 0, 204, 0
L 53.6, 72.4, 0.6, 53.6, 55.6, 0.6, 0, 0, 0
L 69.6, 55.6, 0.6, 53.6, 55.6, 0.6, 0, 0, 0
L 55.6, 81.6, 14.6, 55.6, 55.6, 14.6, 0, 204, 0
L 58.3, 55.6, 14.6, 55.6, 55.6, 14.6, 0, 204, 0
L 58.3, 72.3, 0.6, 58.3, 55.6, 13.6, 0, 204, 0
L 53.6, 72.4, 0.6, 58.3, 72.3, 0.6, 0, 0, 0
L 69.6, 32.4, 0.6, 69.6, 55.6, 0.6, 0, 0, 0
L 98.3, 27.7, 0.6, 72.3, 27.6, 0.6, 0, 0, 0
L 98.3, 97.6, 0.6, 98.3, 27.7, 0.6, 0, 0, 0
L 112.9, 97.6, 0.6, 98.3, 97.6, 0.6, 0, 0, 0
L 112.8, 84.3, 0.6, 112.9, 97.6, 0.6, 199, 21, 133
L -28.4, 55.6, 17.4, -42.4, 55.8, 20.6, 0, 0, 0
L -42.4, 55.8, 20.6, -70.5, 83.6, 20.3, 0, 0, 0
L -70.5, 83.6, 20.3, -80.3, 83.6, 14.4, 0, 0, 0
L -80.3, 83.6, 14.4, -73.7, 75.5, 18.3, 0, 0, 0
L -73.7, 75.5, 18.3, -83.1, 69.1, 12.3, 0, 0, 0
L -83.1, 69.1, 12.3, -84.8, 70.1, 10.3, 0, 0, 0
L -84.8, 70.1, 10.3, -87.2, 62.8, 9.4, 0, 0, 0
L -87.2, 62.8, 9.4, -91.6, 56.4, 7.8, 0, 0, 0
L -91.6, 56.4, 7.8, -96.7, 56.5, 6.3, 0, 0, 0
L -96.7, 56.5, 6.3, -97.6, 57.9, 5.6, 0, 0, 0
L -97.6, 57.9, 5.6, -98.3, 55.4, 4.5, 0, 0, 0
L -98.3, 55.4, 4.5, -111.8, 55.6, 1.7, 0, 0, 0
L -111.8, 55.6, 1.7, -126.3, 69.8, 0.9, 0, 0, 0
L -126.3, 69.8, 0.9, -112.3, 98.1, 6.4, 0, 0, 0
L -112.3, 98.1, 6.4, -98.1, 98.3, 10.3, 0, 0, 0
L -98.1, 98.3, 10.3, -89.2, 107.3, 12.1, 0, 0, 0
L -89.2, 107.3, 12.1, -91.7, 108.2, 11.6, 0, 0, 0
L -91.7, 108.2, 11.6, -89.9, 115.6, 11.9, 0, 0, 0
L -89.9, 115.6, 11.9, -88.3, 118.7, 13.7, 0, 0, 0
L -88.3, 118.7, 13.7, -89.1, 122.2, 12.1, 0, 0, 0
L -89.1, 122.2, 12.1, -89.5, 123.6, 12.0, 0, 0, 0
L -89.5, 123.6, 12.0, -84.3, 127.2, 13.0, 0, 0, 0
L -84.3, 127.2, 13.0, -84.3, 140.1, 13.0, 0, 0, 0
L -84.3, 140.1, 13.0, -70.3, 154.4, 15.7, 0, 0, 0
L -70.3, 154.4, 15.7, -70.8, 159.2, 17.3, 0, 0, 0
L -70.8, 159.2, 17.3, -74.5, 162.6, 14.9, 0, 0, 0
L -74.5, 162.6, 14.9, -80.7, 168.8, 13.7, 0, 0, 0
L -80.7, 168.8, 13.7, -77.0, 171.6, 14.4, 0, 0, 0
L -77.0, 171.6, 14.4, -75.1, 172.5, 14.8, 0, 0, 0
L -75.1, 172.5, 14.8, -84.1, 181.6, 13.1, 0, 0, 0
L -84.1, 181.6, 13.1, -111.8, 181.6, 7.7, 0, 0, 0
L -111.8, 181.6, 7.7, -125.6, 195.0, 13.4, 0, 0, 0
L -125.6, 195.0, 13.4, -139.9, 195.4, 14.6, 0, 0, 0
L -139.9, 195.4, 14.6, -151.2, 184.1, 14.6, 0, 0, 0
L -151.2, 184.1, 14.6, -151.5, 183.8, 14.6, 0, 0, 0
L -151.5, 183.8, 14.6, -162.1, 181.6, 15.6, 0, 0, 0
L -162.1, 181.6, 15.6, -165.0, 174.1, 15.6, 0, 0, 0
L -165.0, 174.1, 15.6, -170.6, 172.8, 15.6, 0, 0, 0
L -170.6, 172.8, 15.6, -171.8, 172.4, 15.6, 0, 0, 0
L -171.8, 172.4, 15.6, -174.3, 174.5, 15.6, 0, 0, 0
L -174.3, 174.5, 15.6, -181.3, 168.0, 15.6, 0, 0, 0
L -181.3, 168.0, 15.6, -196.2, 167.7, 15.6, 0, 0, 0
L -196.2, 167.7, 15.6, -210.3, 182.7, 13.4, 0, 0, 0
L -210.3, 182.7, 13.4, -210.3, 209.8, 1.7, 0, 0, 0
L -210.3, 209.8, 1.7, -195.4, 224.3, 0.6, 0, 0, 0
L -195.4, 224.3, 0.6, -185.0, 224.3, 0.6, 0, 0, 0
L -185.0, 224.3, 0.6, -182.6, 226.5, 0.6, 0, 0, 0
L -182.6, 226.5, 0.6, -175.8, 231.0, 0.6, 0, 0, 0
L -175.8, 231.0, 0.6, -174.6, 230.2, 1.1, 0, 0, 0
L -174.6, 230.2, 1.1, -173.0, 227.0, 0.6, 0, 0, 0
L -173.0, 227.0, 0.6, -173.0, 223.9, 0.6, 0, 0, 0
L -173.0, 223.9, 0.6, -171.4, 224.2, 0.6, 0, 0, 0
L -171.4, 224.2, 0.6, -168.3, 222.8, 0.6, 0, 0, 0
L -168.3, 222.8, 0.6, -168.3, 280.1, 0.6, 0, 0, 0
L -168.3, 280.1, 0.6, -144.3, 280.2, 0.6, 0, 0, 0
L -129.6, 280.2, 0.6, -126.3, 280.2, 0.6, 0, 0, 0
L -126.3, 280.2, 0.6, -126.5, 286.2, 0.6, 0, 0, 0
L -126.5, 286.2, 0.6, -130.3, 293.5, 0.6, 0, 0, 0
L -130.3, 293.5, 0.6, -143.8, 293.5, 0.6, 0, 0, 0
L -143.8, 293.5, 0.6, -154.3, 307.5, 0.6, 0, 0, 0
L -154.3, 307.5, 0.6, -181.8, 307.5, 0.6, 0, 0, 0
L -181.8, 307.5, 0.6, -195.5, 293.1, 0.6, 0, 0, 0
L -195.5, 293.1, 0.6, -195.5, 266.0, 0.6, 0, 0, 0
L -195.5, 266.0, 0.6, -209.5, 251.8, 0.6, 0, 0, 0
L -209.5, 251.8, 0.6, -224.3, 266.6, 0.6, 0, 0, 0
L -224.3, 266.6, 0.6, -224.7, 280.1, 0.6, 0, 0, 0
L -224.7, 280.1, 0.6, -238.6, 293.5, 0.6, 0, 0, 0
L -238.6, 293.5, 0.6, -252.0, 293.2, 0.6, 0, 0, 0
L -252.0, 293.2, 0.6, -265.5, 279.4, 0.6, 0, 0, 0
L -265.5, 279.4, 0.6, -279.5, 279.5, 7.5, 0, 0, 0
L -279.5, 279.5, 7.5, -287.5, 287.0, 11.9, 0, 0, 0
L -287.5, 287.0, 11.9, -294.1, 283.8, 14.7, 0, 0, 0
L -294.1, 283.8, 14.7, -299.2, 284.7, 16.9, 0, 0, 0
L -299.2, 284.7, 16.9, -302.5, 287.5, 18.3, 0, 0, 0
L -302.5, 287.5, 18.3, -301.4, 291.6, 17.8, 0, 0, 0
L -301.4, 291.6, 17.8, -299.1, 293.5, 16.9, 0, 0, 0
L -299.1, 293.5, 16.9, -322.5, 293.9, 26.6, 0, 0, 0
L -322.5, 293.9, 26.6, -316.5, 303.8, 32.7, 0, 0, 0
L -316.5, 303.8, 32.7, -315.0, 310.8, 31.5, 0, 0, 0
L -315.0, 310.8, 31.5, -313.0, 314.1, 29.4, 0, 0, 0
L -313.0, 314.1, 29.4, -307.0, 317.3, 31.3, 0, 0, 0
L -307.0, 317.3, 31.3, -301.6, 319.8, 33.2, 0, 0, 0
L -301.6, 319.8, 33.2, -297.4, 323.6, 32.3, 0, 0, 0
L -297.4, 323.6, 32.3, -289.0, 327.3, 8.9, 0, 0, 0
L -289.0, 327.3, 8.9, -280.5, 335.8, 5.9, 0, 0, 0
L -280.5, 335.8, 5.9, -268.3, 344.5, 20.6, 0, 0, 0
L -268.3, 344.5, 20.6, -268.0, 349.7, 20.9, 0, 0, 0
L -268.0, 349.7, 20.9, -272.5, 355.0, 17.0, 0, 0, 0
L -272.5, 355.0, 17.0, -279.4, 362.8, 10.3, 0, 0, 0
L -279.4, 362.8, 10.3, -280.2, 365.0, 5.7, 0, 0, 0
L -280.2, 365.0, 5.7, -280.4, 377.7, 5.7, 0, 0, 0
L -280.4, 377.7, 5.7, -266.2, 392.1, 5.8, 0, 0, 0
L -266.2, 392.1, 5.8, -251.8, 378.3, 1.6, 0, 0, 0
L -251.8, 378.3, 1.6, -251.3, 363.8, 0.7, 0, 0, 0
L -251.3, 363.8, 0.7, -237.5, 350.0, 2.3, 0, 0, 0
L -237.5, 350.0, 2.3, -237.5, 337.0, 1.2, 0, 0, 0
L -237.5, 337.0, 1.2, -196.2, 336.3, 6.7, 0, 0, 0
L -196.2, 336.3, 6.7, -182.3, 350.4, 8.6, 0, 0, 0
L -182.3, 350.4, 8.6, -181.4, 378.5, 6.4, 0, 0, 0
L -181.4, 378.5, 6.4, -154.3, 392.1, 10.4, 0, 0, 0
L -154.3, 392.1, 10.4, -154.3, 448.0, 13.7, 0, 0, 0
L -154.3, 448.0, 13.7, -130.3, 453.5, 13.2, 0, 204, 0
L -130.3, 453.5, 13.2, -130.3, 469.2, 12.6, 0, 204, 0
L -130.3, 469.2, 12.6, -134.2, 479.4, 16.5, 0, 204, 0
L -134.2, 479.4, 16.5, -134.3, 485.6, 17.6, 0, 204, 0
L -134.3, 485.6, 17.6, -124.3, 486.2, 18.6, 0, 204, 0
L -124.3, 486.2, 18.6, -124.3, 501.4, 18.6, 0, 204, 0
L -124.3, 501.4, 18.6, -122.5, 509.9, 21.6, 0, 204, 0
L -122.5, 509.9, 21.6, -126.5, 515.4, 21.6, 0, 204, 0
L -126.5, 515.4, 21.6, -128.2, 519.5, 23.6, 0, 204, 0
L -128.2, 519.5, 23.6, -134.8, 523.4, 23.6, 0, 204, 0
L -134.8, 523.4, 23.6, -139.5, 523.2, 23.7, 0, 204, 0
L -139.5, 523.2, 23.7, -140.3, 531.4, 24.6, 0, 204, 0
L -140.3, 531.4, 24.6, -131.2, 539.4, 26.6, 0, 204, 0
L -131.2, 539.4, 26.6, -121.3, 540.9, 28.3, 0, 204, 0
L -121.3, 540.9, 28.3, -114.0, 548.5, 30.8, 0, 204, 0
L -114.0, 548.5, 30.8, -112.6, 551.4, 31.5, 0, 204, 0
L -112.6, 551.4, 31.5, -114.6, 565.8, 32.6, 0, 204, 0
L -114.6, 565.8, 32.6, -124.1, 573.4, 32.6, 0, 204, 0
L -124.1, 573.4, 32.6, -137.6, 573.4, 32.6, 0, 204, 0
L -137.6, 573.4, 32.6, -154.3, 575.4, 35.6, 0, 204, 0
L -154.3, 575.4, 35.6, -153.7, 581.7, 36.3, 0, 204, 0
L -153.7, 581.7, 36.3, -151.5, 588.4, 38.5, 0, 204, 0
L -151.5, 588.4, 38.5, -142.7, 605.2, 47.8, 0, 204, 0
L -142.7, 605.2, 47.8, -142.3, 613.8, 51.6, 0, 204, 0
L -142.3, 613.8, 51.6, -142.5, 619.7, 51.6, 0, 204, 0
L -142.5, 619.7, 51.6, -153.0, 629.3, 51.6, 0, 204, 0
L -153.0, 629.3, 51.6, -159.6, 629.4, 51.6, 0, 204, 0
L -159.6, 629.4, 51.6, -177.1, 629.4, 60.6, 0, 204, 0
L -177.1, 629.4, 60.6, -180.5, 629.4, 60.6, 0, 204, 0
L -180.5, 629.4, 60.6, -180.1, 627.4, 60.6, 0, 204, 0
L -180.1, 627.4, 60.6, -181.6, 625.2, 60.6, 0, 204, 0
L -181.6, 625.2, 60.6, -182.6, 624.8, 60.6, 0, 204, 0
L -182.6, 624.8, 60.6, -184.0, 624.9, 60.6, 0, 204, 0
L -184.0, 624.9, 60.6, -185.6, 625.6, 60.6, 0, 204, 0
L -185.6, 625.6, 60.6, -186.6, 627.9, 60.6, 0, 204, 0
L -186.6, 627.9, 60.6, -186.2, 629.0, 60.6, 0, 204, 0
L -186.2, 629.0, 60.6, -195.8, 629.4, 60.6, 0, 204, 0
L -195.8, 629.4, 60.6, -209.3, 615.9, 60.6, 0, 204, 0
L -209.3, 615.9, 60.6, -195.8, 602.3, 60.6, 0, 204, 0
L -195.8, 602.3, 60.6, -182.5, 602.1, 60.6, 0, 204, 0
L -182.5, 602.1, 60.6, -176.2, 616.6, 60.6, 0, 204, 0
L -176.2, 616.6, 60.6, -165.7, 617.1, 55.4, 0, 204, 0
L -165.7, 617.1, 55.4, -159.8, 617.1, 52.4, 0, 204, 0
L -159.8, 617.1, 52.4, -154.1, 613.3, 51.6, 0, 204, 0
L -154.1, 613.3, 51.6, -158.5, 605.7, 48.1, 0, 204, 0
L -158.5, 605.7, 48.1, -163.3, 588.0, 38.4, 0, 204, 0
L -163.3, 588.0, 38.4, -163.4, 579.4, 35.6, 0, 204, 0
L -163.4, 579.4, 35.6, -159.4, 605.4, 38.2, 0, 204, 0
L -159.4, 605.4, 38.2, -163.6, 605.4, 35.9, 0, 204, 0
L -163.6, 605.4, 35.9, -167.5, 609.6, 39.2, 0, 204, 0
L -167.5, 609.6, 39.2, -168.3, 616.4, 42.3, 0, 204, 0
L -168.3, 616.4, 42.3, -175.7, 616.4, 42.3, 0, 204, 0
L -175.7, 616.4, 42.3, -181.5, 601.7, 35.6, 0, 204, 0
L -181.5, 601.7, 35.6, -182.3, 573.4, 28.6, 0, 204, 0
L -182.3, 573.4, 28.6, -238.3, 573.4, 28.6, 139, 69, 19
L -265.8, 560.2, 35.6, -246.6, 560.2, 34.3, 0, 204, 0
L -246.6, 560.2, 34.3, -235.8, 560.2, 28.7, 0, 204, 0
L -235.8, 560.2, 28.7, -182.3, 560.2, 28.6, 139, 69, 19
L -182.3, 560.2, 28.6, -153.9, 560.2, 35.6, 0, 204, 0
L -153.9, 560.2, 35.6, -153.6, 556.2, 35.6, 0, 204, 0
L -153.6, 556.2, 35.6, -137.6, 555.5, 32.6, 0, 204, 0
L -137.6, 555.5, 32.6, -137.6, 551.7, 32.6, 0, 204, 0
L -137.6, 551.7, 32.6, -146.5, 546.4, 30.2, 0, 204, 0
L -146.5, 546.4, 30.2, -152.0, 539.2, 27.8, 0, 204, 0
L -152.0, 539.2, 27.8, -163.6, 533.5, 27.6, 0, 204, 0
L -163.6, 533.5, 27.6, -167.5, 518.1, 27.6, 0, 204, 0
L -167.5, 518.1, 27.6, -167.5, 503.8, 28.6, 0, 204, 0
L -167.5, 503.8, 28.6, -161.3, 492.9, 28.5, 0, 204, 0
L -161.3, 492.9, 28.5, -161.6, 493.4, 17.6, 0, 204, 0
L -161.6, 493.4, 17.6, -161.6, 486.0, 17.6, 0, 204, 0
L -161.6, 486.0, 17.6, -151.5, 479.9, 17.6, 0, 204, 0
L -151.5, 479.9, 17.6, -150.3, 469.2, 12.6, 0, 204, 0
L -150.3, 469.2, 12.6, -168.3, 462.1, 12.6, 0, 204, 0
L -168.3, 462.1, 12.6, -168.7, 475.8, 9.6, 0, 0, 0
L -168.7, 475.8, 9.6, -196.3, 490.1, 4.9, 0, 0, 0
L -196.3, 490.1, 4.9, -196.3, 517.7, 0.7, 0, 0, 0
L -196.3, 517.7, 0.7, -182.3, 532.4, 0.6, 0, 0, 0
L -182.3, 532.4, 0.6, -182.3, 545.4, 0.6, 0, 0, 0
L -182.3, 545.4, 0.6, -193.6, 545.4, 0.6, 0, 0, 0
L -226.3, 545.4, 0.6, -237.5, 545.4, 0.6, 0, 0, 0
L -237.5, 545.4, 0.6, -237.5, 544.0, 0.6, 0, 0, 0
L -237.5, 544.0, 0.6, -224.3, 532.6, 0.6, 0, 0, 0
L -224.3, 532.6, 0.6, -223.5, 476.0, 9.5, 0, 0, 0
L -223.5, 476.0, 9.5, -210.7, 461.9, 14.6, 0, 0, 0
L -210.7, 461.9, 14.6, -210.2, 448.2, 13.4, 0, 0, 0
L -210.2, 448.2, 13.4, -195.7, 420.3, 18.6, 0, 0, 0
L -195.7, 420.3, 18.6, -208.7, 406.5, 14.7, 0, 0, 0
L -208.7, 406.5, 14.7, -209.9, 393.6, 11.3, 0, 0, 0
L -209.9, 393.6, 11.3, -228.0, 396.3, 14.7, 0, 0, 0
L -228.0, 396.3, 14.7, -234.7, 402.2, 2.6, 0, 0, 0
L -234.7, 402.2, 2.6, -238.2, 405.5, 2.2, 0, 0, 0
L -238.2, 405.5, 2.2, -252.3, 405.7, 1.7, 0, 0, 0
L -252.3, 405.7, 1.7, -266.7, 423.1, 5.9, 0, 0, 0
L -266.7, 423.1, 5.9, -266.3, 433.4, 5.8, 0, 0, 0
L -266.3, 433.4, 5.8, -294.0, 433.2, 11.0, 0, 0, 0
L -294.0, 433.2, 11.0, -307.3, 427.8, 20.2, 0, 0, 0
L -307.3, 427.8, 20.2, -314.1, 421.6, 20.7, 0, 0, 0
L -314.1, 421.6, 20.7, -314.5, 408.9, 25.3, 0, 0, 0
L -314.5, 408.9, 25.3, -313.4, 401.2, 23.6, 0, 0, 0
L -313.4, 401.2, 23.6, -307.3, 392.0, 13.5, 0, 0, 0
L -307.3, 392.0, 13.5, -321.4, 377.7, 18.7, 0, 0, 0
L -321.4, 377.7, 18.7, -321.3, 363.8, 18.7, 0, 0, 0
L -321.3, 363.8, 18.7, -307.4, 349.6, 15.5, 0, 0, 0
L -307.4, 349.6, 15.5, -324.7, 334.6, 25.6, 0, 0, 0
L -324.7, 334.6, 25.6, -334.4, 340.5, 33.9, 0, 0, 0
L -334.4, 340.5, 33.9, -353.2, 335.5, 25.7, 0, 0, 0
L -353.2, 335.5, 25.7, -355.6, 331.6, 25.6, 0, 0, 0
L -355.6, 331.6, 25.6, -359.4, 328.3, 25.6, 0, 0, 0
L -359.4, 328.3, 25.6, -361.7, 329.6, 25.6, 0, 0, 0
L -361.7, 329.6, 25.6, -363.4, 331.1, 25.6, 0, 0, 0
L -504.2, 97.6, 0.6, -505.9, 97.6, 0.6, 0, 0, 0
L -505.9, 97.6, 0.6, -505.7, 100.3, 0.6, 0, 0, 0
L -505.7, 100.3, 0.6, -501.7, 100.3, 0.6, 0, 0, 0
L -501.7, 100.3, 0.6, -501.4, 60.3, 0.6, 0, 0, 0
L -501.4, 60.3, 0.6, -499.4, 58.3, 0.6, 0, 0, 0
L -499.4, 58.3, 0.6, -464.2, 58.3, 0.6, 0, 0, 0
L -464.2, 58.3, 0.6, -464.0, 60.3, 0.6, 0, 0, 0
L -464.0, 60.3, 0.6, -459.2, 60.3, 0.6, 0, 0, 0
L -459.2, 60.3, 0.6, -453.4, 60.1, 6.6, 150, 150, 150
L -459.4, 59.6, 6.6, -459.4, 58.3, 6.6, 0, 0, 0
L -459.4, 58.3, 6.6, -424.2, 58.3, 6.6, 0, 0, 0
L -424.2, 58.3, 6.6, -422.2, 60.3, 6.6, 0, 0, 0
L -422.2, 60.3, 6.6, -422.2, 121.6, 6.6, 0, 0, 0
L -422.2, 121.6, 6.6, -424.2, 123.6, 6.6, 0, 0, 0
L -424.2, 123.6, 6.6, -459.4, 123.6, 6.6, 0, 0, 0
L -459.4, 123.6, 6.6, -459.4, 86.2, 6.6, 0, 0, 0
L -459.4, 86.2, 6.6, -464.2, 86.1, 6.6, 0, 0, 0
L -464.2, 86.1, 6.6, -464.2, 119.6, 6.6, 0, 0, 0
L -464.2, 119.6, 6.6, -487.4, 119.6, 6.6, 0, 0, 0
L -487.4, 119.6, 6.6, -487.4, 104.3, 6.6, 0, 0, 0
L -487.4, 104.3, 6.6, -487.4, 88.1, 20.6, 0, 204, 0
L -487.4, 88.1, 20.6, -490.2, 88.2, 20.6, 0, 204, 0
L -490.2, 88.2, 20.6, -490.2, 105.6, 20.6, 0, 204, 0
L -490.2, 105.6, 20.6, -501.4, 105.6, 20.6, 0, 204, 0
L -501.4, 105.6, 20.6, -501.4, 60.3, 20.6, 0, 204, 0
L -501.4, 60.3, 20.6, -499.4, 58.3, 20.6, 0, 204, 0
L -499.4, 58.3, 20.6, -468.2, 58.3, 20.6, 0, 204, 0
L -468.2, 58.3, 20.6, -466.2, 60.3, 20.6, 0, 204, 0
L -466.2, 60.3, 20.6, -466.2, 105.6, 20.6, 0, 204, 0
L -466.2, 105.6, 20.6, -475.4, 105.6, 20.6, 0, 204, 0
L -475.4, 105.6, 20.6, -475.4, 87.9, 20.6, 0, 204, 0
L -475.4, 87.9, 20.6, -478.2, 88.1, 20.6, 0, 204, 0
L -478.2, 88.1, 20.6, -478.0, 104.3, 6.6, 0, 204, 0
L -478.0, 104.3, 6.6, -477.8, 104.3, 6.6, 0, 0, 0
L -475.6, 104.3, 6.6, -475.5, 85.7, 6.6, 0, 0, 0
L -475.5, 85.7, 6.6, -478.2, 85.7, 6.6, 0, 0, 0
L -478.2, 87.6, 6.6, -487.4, 87.6, 6.6, 0, 0, 0
L -487.4, 87.6, 6.6, -487.4, 74.3, 6.6, 0, 0, 0
L -487.4, 74.3, 6.6, -464.2, 74.3, 6.6, 0, 0, 0
L -464.2, 74.3, 6.6, -464.2, 75.8, 6.6, 0, 0, 0
L -464.2, 75.8, 6.6, -459.4, 75.7, 6.6, 0, 0, 0
L -459.4, 75.7, 6.6, -459.4, 72.4, 6.6, 0, 0, 0
L -490.2, 99.6, 0.6, -490.2, 71.6, 0.6, 0, 0, 0
L -490.2, 99.6, 0.6, -490.2, 127.6, 0.6, 0, 0, 0
L -490.2, 127.6, 0.6, -485.4, 127.6, 0.6, 0, 0, 0
L -485.4, 127.6, 0.6, -485.4, 126.3, 0.6, 0, 0, 0
L -485.4, 126.3, 0.6, -464.2, 126.3, 0.6, 0, 0, 0
L -464.2, 126.3, 0.6, -464.2, 165.6, 0.6, 0, 0, 0
L -464.2, 165.6, 0.6, -475.4, 165.6, 0.6, 0, 0, 0
L -466.2, 153.6, 14.6, -489.4, 153.6, 14.6, 0, 204, 0
L -492.1, 156.1, 14.6, -490.0, 156.2, 12.9, 0, 204, 0
L -475.4, 156.3, 0.6, -473.9, 156.3, 0.6, 0, 0, 0
L -501.4, 153.6, 0.6, -501.4, 144.3, 0.6, 0, 0, 0
L -501.4, 144.3, 0.6, -473.6, 144.3, 0.6, 0, 0, 0
L -473.6, 144.3, 0.6, -473.6, 139.6, 0.6, 0, 0, 0
L -473.6, 139.6, 0.6, -501.4, 139.6, 0.6, 0, 0, 0
L -501.4, 139.6, 0.6, -501.6, 137.5, 0.6, 0, 0, 0
L -501.6, 137.5, 0.6, -517.9, 137.6, 0.6, 0, 0, 0
L -517.9, 137.6, 0.6, -517.9, 140.3, 0.6, 0, 0, 0
L -517.9, 140.3, 0.6, -504.2, 140.3, 0.6, 0, 0, 0
L -504.2, 140.3, 0.6, -504.2, 165.6, 0.6, 0, 0, 0
L -504.2, 165.6, 0.6, -529.4, 165.6, 0.6, 0, 0, 0
L -529.4, 165.6, 0.6, -529.4, 140.3, 0.6, 0, 0, 0
L -529.4, 140.3, 0.6, -527.8, 140.3, 0.6, 0, 0, 0
L -527.8, 140.3, 0.6, -528.0, 137.6, 0.6, 0, 0, 0
L -528.0, 137.6, 0.6, -546.1, 137.7, 0.6, 0, 0, 0
L -546.1, 137.7, 0.6, -546.0, 140.4, 0.6, 0, 0, 0
L -546.0, 140.4, 0.6, -532.2, 140.3, 0.6, 0, 0, 0
L -532.2, 140.3, 0.6, -532.2, 165.6, 0.6, 0, 0, 0
L -532.2, 165.6, 0.6, -557.4, 165.6, 0.6, 0, 0, 0
L -557.4, 165.6, 0.6, -557.4, 140.3, 0.6, 0, 0, 0
L -557.4, 140.3, 0.6, -555.9, 140.3, 0.6, 0, 0, 0
L -555.9, 140.3, 0.6, -555.9, 137.6, 0.6, 0, 0, 0
L -555.9, 137.6, 0.6, -557.4, 137.6, 0.6, 0, 0, 0
L -557.4, 137.6, 0.6, -557.4, 128.3, 0.6, 0, 0, 0
L -557.4, 128.3, 0.6, -501.7, 128.3, 0.6, 0, 0, 0
L -501.7, 128.3, 0.6, -501.7, 109.6, 0.6, 0, 0, 0
L -501.7, 109.6, 0.6, -505.9, 109.6, 0.6, 0, 0, 0
L -505.9, 109.6, 0.6, -506.0, 112.3, 0.6, 0, 0, 0
L -506.0, 112.3, 0.6, -504.2, 112.3, 0.6, 0, 0, 0
L -459.2, 71.6, 0.6, -459.2, 60.3, 0.7, 150, 150, 150
L -458.2, 60.3, 1.6, -458.2, 71.6, 1.7, 150, 150, 150
L -457.2, 60.3, 2.6, -457.2, 71.6, 2.6, 150, 150, 150
L -456.2, 60.3, 3.6, -456.1, 71.6, 3.7, 150, 150, 150
L -455.2, 71.6, 4.7, -455.2, 60.3, 4.6, 150, 150, 150
L -454.2, 60.3, 5.6, -454.2, 71.6, 5.7, 150, 150, 150
L -477.8, 104.3, 6.6, -475.6, 104.3, 6.6, 0, 0, 0
L -487.4, 104.3, 6.6, -477.8, 104.3, 6.6, 150, 150, 150
L -478.2, 103.3, 7.7, -487.4, 103.3, 7.6, 150, 150, 150
L -487.4, 102.3, 8.7, -478.2, 102.3, 8.6, 150, 150, 150
L -487.4, 101.3, 9.6, -478.2, 101.3, 9.7, 150, 150, 150
L -487.4, 100.3, 10.6, -478.2, 100.3, 10.6, 150, 150, 150
L -487.4, 99.3, 11.6, -478.2, 99.3, 11.7, 150, 150, 150
L -487.4, 98.3, 12.7, -478.2, 98.3, 12.7, 150, 150, 150
L -487.4, 97.3, 13.6, -478.2, 97.3, 13.6, 150, 150, 150
L -487.4, 96.3, 14.6, -478.2, 96.3, 14.7, 150, 150, 150
L -487.4, 95.3, 15.6, -478.2, 95.3, 15.7, 150, 150, 150
L -487.4, 94.3, 16.6, -478.2, 94.3, 16.7, 150, 150, 150
L -487.4, 93.3, 17.6, -478.2, 93.3, 17.7, 150, 150, 150
L -487.4, 92.3, 18.6, -478.2, 92.3, 18.7, 150, 150, 150
L -487.4, 91.3, 19.6, -478.2, 91.3, 19.7, 150, 150, 150
L -251.4, -182.3, -6.6, -266.3, -167.5, -22.0, 0, 0, 0
L -266.3, -167.5, -22.0, -266.3, -140.1, -22.0, 0, 0, 0
L -266.3, -140.1, -22.0, -294.0, -112.3, -22.0, 0, 0, 0
L -294.0, -112.3, -22.0, -321.5, -112.3, -22.0, 0, 0, 0
L -321.5, -112.3, -22.0, -321.5, -167.8, -22.0, 150, 150, 150
L -504.2, -193.6, 28.0, -506.0, -193.6, 28.0, 0, 0, 0
L -506.0, -193.6, 28.0, -506.2, -196.3, 28.0, 0, 0, 0
L -506.2, -196.3, 28.0, -501.4, -196.3, 28.0, 0, 0, 0
L -501.4, -196.3, 28.0, -501.4, -188.3, 28.0, 0, 0, 0
L -501.4, -188.3, 28.0, -495.4, -188.3, 28.0, 0, 0, 0
L -470.2, -188.3, 28.0, -470.2, -207.8, 28.0, 205, 133, 63
L -470.2, -207.8, 28.0, -463.4, -207.8, 28.0, 205, 133, 63
L -463.4, -207.8, 28.0, -463.4, -183.6, 28.0, 205, 133, 63
L -463.4, -183.6, 28.0, -495.4, -183.6, 28.0, 205, 133, 63
L -495.4, -183.6, 28.0, -495.4, -170.3, 28.0, 0, 0, 0
L -495.4, -170.3, 28.0, -450.2, -170.3, 28.0, 0, 0, 0
L -450.2, -170.3, 28.0, -450.1, -172.1, 28.0, 0, 0, 0
L -450.1, -172.1, 28.0, -449.6, -172.3, 28.0, 0, 0, 0
L -449.6, -172.3, 28.0, -447.6, -172.2, 28.0, 0, 0, 0
L -447.6, -172.2, 28.0, -447.4, -170.3, 28.0, 0, 0, 0
L -447.4, -170.3, 28.0, -420.0, -170.3, 28.0, 0, 0, 0
L -420.0, -170.3, 28.0, -408.2, -182.1, 28.0, 0, 0, 0
L -408.2, -182.1, 28.0, -408.2, -195.8, 28.0, 0, 0, 0
L -408.2, -195.8, 28.0, -420.0, -207.5, 28.0, 0, 0, 0
L -420.0, -207.5, 28.0, -447.4, -207.5, 28.0, 0, 0, 0
L -447.4, -207.5, 28.0, -447.5, -181.7, 28.0, 0, 0, 0
L -447.5, -181.7, 28.0, -450.2, -182.0, 28.0, 0, 0, 0
L -450.2, -182.0, 28.0, -450.2, -209.8, 28.0, 0, 0, 0
L -450.2, -209.8, 28.0, -462.0, -221.5, 28.0, 0, 0, 0
L -462.0, -221.5, 28.0, -463.4, -221.5, 28.0, 0, 0, 0
L -463.4, -221.5, 28.0, -463.5, -217.6, 28.0, 205, 133, 63
L -463.5, -217.6, 28.0, -470.4, -217.7, 28.0, 205, 133, 63
L -470.4, -217.7, 28.0, -470.2, -221.5, 28.0, 205, 133, 63
L -470.2, -221.5, 28.0, -501.4, -221.5, 28.0, 0, 0, 0
L -501.4, -221.5, 28.0, -501.4, -205.8, 28.0, 0, 0, 0
L -501.4, -205.8, 28.0, -506.2, -205.8, 28.0, 0, 0, 0
L -506.2, -205.8, 28.0, -506.2, -208.0, 28.0, 0, 0, 0
L -506.2, -208.0, 28.0, -504.2, -208.3, 28.0, 0, 0, 0
L -84.3, 979.6, 0.0, -97.6, 979.7, 0.0, 199, 21, 133
L -111.6, -842.9, 0.0, -98.3, -843.0, 0.0, 199, 21, 133
L -364.2, 334.5, -12.8, -378.2, 351.4, 1.3, 0, 0, 255
L -378.2, 351.4, 1.3, -378.5, 363.9, -0.2, 0, 0, 255
L -378.5, 363.9, -0.2, -392.5, 378.2, -0.0, 0, 0, 255
L -392.5, 378.2, -0.0, -419.6, 376.8, 1.7, 0, 0, 255
L -419.6, 376.8, 1.7, -433.2, 363.4, 0.3, 0, 0, 255
L -433.2, 363.4, 0.3, -448.6, 336.2, 2.4, 0, 0, 255
L -448.6, 336.2, 2.4, -460.6, 322.6, 0.2, 0, 0, 255
L -460.6, 322.6, 0.2, -461.3, 293.9, 0.6, 0, 0, 255
L -461.3, 293.9, 0.6, -445.9, 279.4, 1.3, 0, 0, 255
L -445.9, 279.4, 1.3, -432.2, 279.0, 2.0, 0, 0, 255
L -432.2, 279.0, 2.0, -416.6, 262.9, 0.7, 0, 0, 255
L -416.6, 262.9, 0.7, -420.0, 252.3, 1.2, 0, 0, 255
L -420.0, 252.3, 1.2, -404.0, 238.3, -1.1, 0, 0, 255
L -404.0, 238.3, -1.1, -378.2, 238.3, -0.9, 0, 0, 255
L -378.2, 238.3, -0.9, -378.0, 253.5, -0.9, 0, 0, 255
L -378.0, 253.5, -0.9, -362.9, 266.7, -0.9, 0, 0, 255
L -362.9, 266.7, -0.9, -354.7, 264.9, -0.9, 0, 0, 255
L -354.7, 264.9, -0.9, -352.5, 256.7, 0.2, 0, 0, 255
L -352.5, 256.7, 0.2, -351.5, 249.6, 2.4, 0, 0, 255
L -125.8, -615.3, 45.4, -112.1, -629.0, 40.8, 0, 204, 0
L -140.4, -615.3, 45.4, -125.8, -615.3, 45.4, 0, 204, 0
L -140.4, -643.9, 45.4, -140.4, -615.3, 45.4, 0, 204, 0
L -126.1, -658.2, 45.4, -140.4, -643.9, 45.4, 0, 204, 0
L -97.7, -658.0, 46.6, -126.1, -658.2, 45.4, 0, 204, 0
L -84.1, -672.2, 0.6, -70.4, -672.2, 0.6, 0, 0, 0
L -141.0, -433.4, 26.7, -112.3, -433.4, 26.7, 0, 204, 0
L -112.4, -462.0, 26.7, -141.0, -433.4, 26.7, 0, 204, 0
L -27.1, 0.2, 0.7, -13.8, 0.2, 0.7, 150, 150, 150
L -13.6, 70.1, 9.2, -13.6, 82.5, 0.6, 0, 0, 0
L -18.1, 65.3, 18.0, -13.6, 70.1, 9.2, 0, 0, 0
L -28.4, 55.6, 17.4, -18.1, 65.3, 18.0, 0, 0, 0
L 206.3, -319.4, 0.6, 206.3, -324.1, 0.6, 0, 0, 0
L 203.5, -319.4, 0.6, 206.3, -319.4, 0.6, 0, 0, 0
L 203.5, -321.5, 0.6, 167.6, -321.6, 0.6, 0, 0, 0
L 203.5, -321.5, 0.6, 203.5, -319.4, 0.6, 0, 0, 0
L 218.3, -321.4, 0.6, 218.3, -319.4, 0.6, 0, 0, 0
L -364.2, 334.5, -12.8, -363.7, 335.5, 25.6, 0, 0, 255
L -351.5, 249.6, 26.6, -351.5, 249.6, 2.4, 0, 0, 0
L -97.8, -658.4, 1.9, -84.1, -672.2, 0.6, 0, 0, 0
L -97.4, -573.9, 36.4, -125.5, -560.5, 32.6, 0, 204, 0
L -322.3, -168.0, 26.0, -321.4, -126.0, 26.6, 150, 150, 150
L -321.5, -167.8, -22.0, -294.3, -195.8, 15.8, 150, 150, 150
L -321.4, -126.0, 26.6, -321.5, -112.3, -22.0, 0, 0, 0
L 112.9, 97.6, 0.6, 118.6, 97.6, 0.6, 0, 0, 0
L 112.8, 84.3, 0.6, 118.6, 84.3, 0.6, 0, 0, 0
L 113.4, -56.3, 0.6, 118.6, -56.3, 0.6, 0, 0, 0
L 113.4, -69.6, 0.6, 118.6, -69.6, 0.6, 0, 0, 0
L 58.3, 72.3, 0.6, 69.6, 72.3, 0.6, 150, 150, 150
L 69.6, 81.6, 0.6, 69.6, 72.3, 0.6, 0, 0, 0
L 69.6, 56.1, 14.6, 69.6, 72.3, 0.6, 0, 204, 0
L -518.4, 137.9, 14.6, -518.1, 140.2, 14.6, 0, 204, 0
L -504.2, 140.3, 14.6, -504.2, 165.6, 14.6, 0, 204, 0
L -532.2, 140.3, 14.6, -532.2, 165.6, 14.6, 0, 204, 0
L -532.2, 165.6, 14.6, -557.4, 165.6, 14.6, 0, 204, 0
L -557.4, 165.6, 14.6, -557.4, 140.3, 14.6, 0, 204, 0
L -555.8, 140.3, 14.6, -555.9, 137.6, 14.6, 0, 204, 0
L -557.4, 140.3, 14.6, -555.8, 140.3, 14.6, 0, 204, 0
L -501.4, 165.6, 14.6, -501.5, 137.8, 14.6, 0, 204, 0
L -501.5, 137.8, 14.6, -518.4, 137.9, 14.6, 0, 204, 0
L -518.1, 140.2, 14.6, -504.2, 140.3, 14.6, 0, 204, 0
L -489.4, 153.6, 14.6, -489.4, 152.1, 14.6, 0, 204, 0
L -489.4, 141.8, 14.6, -489.4, 128.3, 14.6, 0, 204, 0
L -489.4, 128.3, 14.6, -466.2, 128.3, 14.6, 0, 204, 0
L -466.2, 153.6, 14.6, -466.2, 128.3, 14.6, 0, 204, 0
L -489.4, 152.1, 14.6, -492.2, 152.1, 14.6, 0, 204, 0
L -492.2, 152.1, 14.6, -492.1, 156.1, 14.6, 0, 204, 0
L -545.4, 140.3, 14.6, -532.2, 140.3, 14.6, 0, 204, 0
L -504.2, 165.6, 14.6, -529.4, 165.6, 14.6, 0, 204, 0
L -529.4, 165.6, 14.6, -529.4, 140.3, 14.6, 0, 204, 0
L -529.4, 140.3, 14.6, -527.6, 140.3, 14.6, 0, 204, 0
L -527.6, 140.3, 14.6, -527.8, 137.6, 14.6, 0, 204, 0
L -527.8, 137.6, 14.6, -545.3, 137.6, 14.6, 0, 204, 0
L -545.3, 137.6, 14.6, -545.4, 140.3, 14.6, 0, 204, 0
L -555.9, 137.6, 14.6, -557.4, 137.6, 14.6, 0, 204, 0
L -557.4, 128.3, 14.6, -492.2, 128.3, 14.6, 0, 204, 0
L -557.4, 137.6, 14.6, -557.4, 128.3, 14.6, 0, 204, 0
L -492.2, 141.7, 14.6, -489.4, 141.8, 14.6, 0, 204, 0
L -492.2, 128.3, 14.6, -492.2, 141.7, 14.6, 0, 204, 0
L -492.1, 156.1, 14.6, -492.1, 165.6, 14.6, 150, 150, 150
L -501.4, 165.6, 14.6, -492.1, 165.6, 14.6, 0, 204, 0
L -475.4, 156.3, 0.6, -475.4, 165.6, 0.6, 150, 150, 150
L -492.1, 165.6, 14.6, -490.0, 165.6, 12.9, 0, 204, 0
L -483.8, 156.2, 7.6, -481.7, 156.2, 5.9, 0, 204, 0
L -483.8, 165.6, 7.6, -481.7, 165.6, 5.9, 0, 204, 0
L -483.8, 156.2, 7.6, -483.8, 165.6, 7.6, 150, 150, 150
L -479.6, 156.3, 4.1, -477.5, 156.3, 2.4, 0, 204, 0
L -479.6, 165.6, 4.1, -477.5, 165.6, 2.4, 0, 204, 0
L -479.6, 156.3, 4.1, -479.6, 165.6, 4.1, 150, 150, 150
L -488.0, 156.2, 11.1, -485.9, 156.2, 9.4, 0, 204, 0
L -488.0, 165.6, 11.1, -485.9, 165.6, 9.4, 0, 204, 0
L -488.0, 156.2, 11.1, -488.0, 165.6, 11.1, 150, 150, 150
L -490.0, 165.6, 12.9, -488.0, 165.6, 11.1, 0, 204, 0
L -490.0, 156.2, 12.9, -488.0, 156.2, 11.1, 0, 204, 0
L -490.0, 165.6, 12.9, -490.0, 156.2, 12.9, 150, 150, 150
L -485.9, 156.2, 9.4, -483.8, 156.2, 7.6, 0, 204, 0
L -485.9, 165.6, 9.4, -483.8, 165.6, 7.6, 0, 204, 0
L -485.9, 156.2, 9.4, -485.9, 165.6, 9.4, 150, 150, 150
L -481.7, 165.6, 5.9, -479.6, 165.6, 4.1, 0, 204, 0
L -481.7, 165.6, 5.9, -481.7, 156.2, 5.9, 150, 150, 150
L -481.7, 156.2, 5.9, -479.6, 156.3, 4.1, 0, 204, 0
L -477.5, 156.3, 2.4, -475.4, 156.3, 0.6, 0, 204, 0
L -477.5, 165.6, 2.4, -475.4, 165.6, 0.6, 0, 204, 0
L -477.5, 156.3, 2.4, -477.5, 165.6, 2.4, 150, 150, 150
L -473.9, 156.3, 0.6, -473.9, 153.6, 0.6, 0, 0, 0
L -501.4, 153.6, 0.6, -473.9, 153.6, 0.6, 0, 0, 0
L -490.2, 71.6, 0.6, -459.2, 71.6, 0.6, 0, 0, 0
L -459.2, 71.6, 0.6, -454.2, 71.6, 5.6, 150, 150, 150
L -459.4, 59.6, 6.6, -453.4, 59.6, 6.6, 150, 150, 150
L -453.4, 60.1, 6.6, -453.4, 59.6, 6.6, 150, 150, 150
L -459.4, 72.4, 6.6, -453.4, 72.4, 6.6, 0, 0, 0
L -453.4, 71.6, 6.6, -453.4, 72.4, 6.6, 0, 0, 0
L -454.2, 71.6, 5.7, -453.4, 71.6, 6.6, 0, 0, 0
L -478.2, 87.6, 6.6, -478.2, 85.7, 6.6, 0, 0, 0
L 257.8, -363.5, 14.6, 257.7, -366.2, 14.6, 0, 204, 0
L 248.7, -363.5, 14.6, 251.5, -363.5, 14.6, 0, 204, 0
L 248.7, -366.2, 14.6, 248.7, -363.5, 14.6, 0, 204, 0
L 257.7, -366.2, 14.6, 248.7, -366.2, 14.6, 0, 204, 0
L 251.5, -363.5, 14.6, 251.5, -324.2, 14.6, 0, 204, 0
L 251.5, -324.2, 14.6, 226.3, -324.2, 14.6, 0, 204, 0
L 254.3, -363.5, 14.6, 257.8, -363.5, 14.6, 0, 204, 0
L 279.5, -324.2, 14.6, 254.3, -324.2, 14.6, 0, 204, 0
L 254.3, -324.2, 14.6, 254.3, -363.5, 14.6, 0, 204, 0
L 198.3, -324.2, 14.6, 198.3, -363.5, 14.6, 0, 204, 0
L 223.5, -324.2, 14.6, 198.3, -324.2, 14.6, 0, 204, 0
L 202.0, -363.5, 14.6, 202.0, -366.2, 14.6, 0, 204, 0
L 223.5, -363.5, 14.6, 223.5, -324.2, 14.6, 0, 204, 0
L 198.3, -363.5, 14.6, 202.0, -363.5, 14.6, 0, 204, 0
L 202.0, -366.2, 14.6, 192.0, -366.2, 14.6, 0, 204, 0
L 209.5, -401.5, 14.6, 209.5, -382.2, 14.6, 0, 204, 0
L 195.5, -363.5, 14.6, 195.5, -324.2, 14.6, 0, 204, 0
L 181.9, -366.2, 14.6, 166.3, -366.2, 14.6, 0, 204, 0
L 170.3, -363.5, 14.6, 181.9, -363.5, 14.6, 0, 204, 0
L 191.6, -383.8, 14.6, 191.7, -379.5, 14.6, 0, 204, 0
L 196.3, -383.8, 14.6, 191.6, -383.8, 14.6, 0, 204, 0
L 192.0, -363.5, 14.6, 195.5, -363.5, 14.6, 0, 204, 0
L 196.3, -382.2, 14.6, 196.3, -383.8, 14.6, 0, 204, 0
L 191.7, -379.5, 14.6, 268.1, -379.5, 14.6, 0, 204, 0
L 195.5, -324.2, 14.6, 170.3, -324.2, 14.6, 0, 204, 0
L 181.9, -363.5, 14.6, 181.9, -366.2, 14.6, 0, 204, 0
L 209.5, -382.2, 14.6, 196.3, -382.2, 14.6, 0, 204, 0
L 192.0, -366.2, 14.6, 192.0, -363.5, 14.6, 0, 204, 0
L 240.3, -382.2, 14.6, 240.3, -417.5, 14.6, 0, 204, 0
L 268.2, -363.5, 14.6, 279.5, -363.5, 14.6, 0, 204, 0
L 279.5, -363.5, 14.6, 279.5, -324.2, 14.6, 0, 204, 0
L 268.1, -366.2, 14.6, 268.2, -363.5, 14.6, 0, 204, 0
L 196.3, -400.3, 14.6, 196.3, -401.5, 14.6, 0, 204, 0
L 166.3, -384.2, 14.6, 166.3, -399.5, 14.6, 0, 204, 0
L 196.3, -401.5, 14.6, 209.5, -401.5, 14.6, 0, 204, 0
L 182.2, -379.6, 14.6, 182.1, -384.2, 14.6, 0, 204, 0
L 182.1, -384.2, 14.6, 166.3, -384.2, 14.6, 0, 204, 0
L 161.6, -404.0, 14.6, 161.6, -379.6, 14.6, 0, 204, 0
L 209.5, -404.2, 14.6, 161.6, -404.0, 14.6, 0, 204, 0
L 209.5, -431.4, 14.6, 209.5, -404.2, 14.6, 0, 204, 0
L 161.6, -379.6, 14.6, 182.2, -379.6, 14.6, 0, 204, 0
L 195.8, -399.5, 14.6, 196.3, -400.3, 14.6, 0, 204, 0
L 166.3, -399.5, 14.6, 195.8, -399.5, 14.6, 0, 204, 0
L 268.1, -379.5, 14.6, 267.9, -420.2, 14.6, 0, 204, 0
L 238.0, -363.5, 14.6, 237.9, -366.2, 14.6, 0, 204, 0
L 226.3, -363.5, 14.6, 238.0, -363.5, 14.6, 0, 204, 0
L 195.8, -417.5, 14.6, 195.9, -420.2, 14.6, 0, 204, 0
L 161.6, -369.8, 14.6, 161.6, -366.2, 14.6, 0, 204, 0
L 166.3, -369.8, 14.6, 161.6, -369.8, 14.6, 0, 204, 0
L 166.3, -366.2, 14.6, 166.3, -369.8, 14.6, 0, 204, 0
L 226.3, -324.2, 14.6, 226.3, -363.5, 14.6, 0, 204, 0
L 142.3, -417.5, 14.6, 195.8, -417.5, 14.6, 0, 204, 0
L 142.3, -366.2, 14.6, 142.3, -417.5, 14.6, 0, 204, 0
L 161.6, -366.2, 14.6, 142.3, -366.2, 14.6, 0, 204, 0
L 234.1, -417.5, 14.6, 237.5, -417.5, 14.6, 0, 204, 0
L 279.5, -431.4, 14.6, 279.5, -366.2, 14.6, 0, 204, 0
L 212.3, -382.2, 14.6, 212.3, -417.5, 14.6, 0, 204, 0
L 243.8, -417.5, 14.6, 243.8, -420.2, 14.6, 0, 204, 0
L 240.3, -417.5, 14.6, 243.8, -417.5, 14.6, 0, 204, 0
L 237.5, -417.5, 14.6, 237.5, -382.2, 14.6, 0, 204, 0
L 234.0, -420.2, 14.6, 234.1, -417.5, 14.6, 0, 204, 0
L 224.1, -417.5, 14.6, 224.2, -420.1, 14.6, 0, 204, 0
L 279.5, -366.2, 14.6, 268.1, -366.2, 14.6, 0, 204, 0
L 212.3, -417.5, 14.6, 224.1, -417.5, 14.6, 0, 204, 0
L 237.5, -382.2, 14.6, 212.3, -382.2, 14.6, 0, 204, 0
L 212.0, -366.2, 14.6, 212.0, -363.5, 14.6, 0, 204, 0
L 265.5, -417.5, 14.6, 265.5, -382.2, 14.6, 0, 204, 0
L 237.9, -366.2, 14.6, 212.0, -366.2, 14.6, 0, 204, 0
L 265.5, -382.2, 14.6, 240.3, -382.2, 14.6, 0, 204, 0
L 253.8, -417.5, 14.6, 265.5, -417.5, 14.6, 0, 204, 0
L 212.0, -363.5, 14.6, 223.5, -363.5, 14.6, 0, 204, 0
L 253.9, -420.2, 14.6, 253.8, -417.5, 14.6, 0, 204, 0
L 270.3, -369.4, 0.6, 224.3, -369.4, 0.6, 0, 0, 0
L 224.3, -372.2, 0.6, 224.2, -420.2, 0.6, 0, 0, 0
L 237.5, -372.2, 0.6, 224.3, -372.2, 0.6, 0, 0, 0
L 221.5, -419.9, 0.6, 221.5, -324.2, 0.6, 0, 0, 0
L 224.3, -324.2, 0.6, 224.3, -369.5, 0.6, 0, 0, 0
L 224.3, -369.5, 0.6, 270.3, -369.5, 0.6, 0, 0, 0
L 170.3, -363.5, 14.6, 170.3, -324.2, 14.6, 0, 204, 0
L -111.8, -433.4, 15.5, -97.8, -448.2, 27.7, 0, 204, 0
L 209.5, -431.4, 14.6, 195.9, -431.4, 14.6, 0, 204, 0
L 179.6, -431.4, 0.6, 195.9, -431.4, 14.6, 0, 204, 0
L -140.2, -420.1, 0.6, -140.8, -433.4, 3.0, 150, 150, 150
L -112.3, -420.2, 15.5, -111.8, -433.4, 15.5, 150, 150, 150
L -126.2, -420.1, 8.1, -122.8, -420.2, 9.9, 0, 204, 0
L -126.3, -433.4, 9.2, -129.9, -433.4, 7.7, 0, 204, 0
L -126.2, -420.1, 8.1, -126.3, -433.4, 9.2, 150, 150, 150
L -119.3, -420.2, 11.8, -115.8, -420.2, 13.6, 0, 204, 0
L -119.1, -433.4, 12.4, -122.7, -433.4, 10.8, 0, 204, 0
L -119.3, -420.2, 11.8, -119.1, -433.4, 12.4, 150, 150, 150
L -133.2, -420.1, 4.3, -129.7, -420.1, 6.2, 0, 204, 0
L -133.6, -433.4, 6.1, -137.2, -433.4, 4.6, 0, 204, 0
L -133.2, -420.1, 4.3, -133.6, -433.4, 6.1, 150, 150, 150
L -136.7, -420.1, 2.5, -133.2, -420.1, 4.3, 0, 204, 0
L -137.2, -433.4, 4.6, -140.8, -433.4, 3.0, 0, 204, 0
L -136.7, -420.1, 2.5, -137.2, -433.4, 4.6, 150, 150, 150
L -129.7, -420.1, 6.2, -126.2, -420.1, 8.1, 0, 204, 0
L -129.9, -433.4, 7.7, -133.6, -433.4, 6.1, 0, 204, 0
L -129.7, -420.1, 6.2, -129.9, -433.4, 7.7, 150, 150, 150
L -122.8, -420.2, 9.9, -119.3, -420.2, 11.8, 0, 204, 0
L -122.7, -433.4, 10.8, -126.3, -433.4, 9.2, 0, 204, 0
L -122.8, -420.2, 9.9, -122.7, -433.4, 10.8, 150, 150, 150
L -115.8, -420.2, 13.6, -112.3, -420.2, 15.5, 0, 204, 0
L -115.4, -433.4, 13.9, -119.1, -433.4, 12.4, 0, 204, 0
L -115.8, -420.2, 13.6, -115.4, -433.4, 13.9, 150, 150, 150
L -495.4, -188.3, 28.0, -470.2, -188.3, 28.0, 205, 133, 63
L -495.4, -183.6, 28.0, -495.4, -188.3, 28.0, 0, 0, 0
L -463.4, -221.5, 28.0, -470.2, -221.5, 28.0, 0, 0, 0
L 86.3, 383.5, 14.6, 86.3, 372.7, 14.6, 0, 204, 0
L 86.3, 372.7, 14.6, 86.3, 356.5, 0.6, 0, 204, 0
L 126.3, 316.2, 0.6, 126.2, 350.1, 0.6, 205, 133, 63
L 117.6, 316.2, 0.6, 126.3, 316.2, 0.6, 0, 0, 0
