P 104.2301, 12.8400, 0.0010, 255, 0, 0, 3, to_High_Keep
P -91.8304, 972.8578, 0.0010, 255, 0, 0, 3, to_Kithicor_Forest
P -104.6621, -841.4426, 0.0010, 255, 0, 0, 3, to_East_Karana
P -74.0000, -164.0000, 0.0000, 255, 0, 0, 2, Succor
P -303.8088, -61.0877, 41.9697, 128, 0, 128, 2, Brew_Barrel
P -328.4097, -52.8019, 41.9697, 128, 0, 128, 2, Oven
P -152.4698, -35.4666, 32.0010, 128, 0, 128, 2, Oven
P -132.2898, -66.5627, 32.0010, 128, 0, 128, 2, Pottery_Wheel
P -125.9787, -57.8364, 32.0010, 128, 0, 128, 2, Kiln
P -466.0000, 113.1187, 6.0010, 0, 128, 0, 2, Bartender_(Bar)
P 187.0000, -391.2622, 0.1128, 0, 128, 0, 2, Bartender_(Bar)
P -493.0000, 148.5018, 0.0010, 0, 128, 0, 2, Lyn_(Baking)
P -154.3349, 220.4541, 0.0010, 0, 128, 0, 2, Sernn_(Merchant)
P -135.1896, 249.9845, 0.0010, 0, 128, 0, 2, Dyona_(Tailor)
P 183.7536, -392.3587, 14.0010, 0, 128, 0, 2, Tami_(Merchant)
P 168.7446, -385.2958, 14.0010, 0, 128, 0, 2, Lyla_(Merchant)
P 243.7962, -337.7507, 0.0010, 0, 128, 0, 2, a_Dealer_(Baking)
P 112.8752, 319.5215, 0.0010, 0, 128, 0, 2, Dovik_(Weapons)
P 111.7800, 380.6129, 0.0010, 0, 128, 0, 2, Mardon_(Weapons)
P 123.7479, 366.6362, 14.0010, 0, 128, 0, 2, Winn_(Pottery)
P -483.1927, -176.7081, 28.0010, 0, 128, 0, 2, Maigin_(Merchant)
P -461.2113, -194.4949, 28.0010, 0, 128, 0, 2, Min_(Pottery)
P 22.0000, -184.0000, 0.0000, 255, 255, 255, 2, Shumpi_Wimahnn

