P -965.9192, -9.9107, 394.5190, 255, 0, 0, 3, to_The_Halls_of_Honor
P -974.7607, -2.0857, 394.5089, 255, 0, 0, 2, Succor
P -2696.0000, 33.0000, 0.0000, 0, 0, 0, 2, Honorable_Protector
P -2704.0000, -31.0000, 0.0000, 0, 0, 0, 2, Honorable_Protector
P -2566.0000, -33.0000, 0.0000, 0, 0, 0, 2, Honorable_Protector
P -2567.0000, 35.0000, 0.0000, 0, 0, 0, 2, Honorable_Protector
P -2489.0000, 0.0000, 0.0000, 0, 0, 0, 2, Honorable_Protector_(2)
P -2351.0000, -149.0000, 0.0000, 0, 0, 0, 2, Honorable_Protector_(2)
P -2351.0000, 151.0000, 0.0000, 0, 0, 0, 2, Honorable_Protector_(2)
P -2104.0000, 27.0000, 0.0000, 0, 0, 0, 2, Wrulon_Guard
P -2007.0000, -31.0000, 0.0000, 0, 0, 0, 2, Wrulon_Guard
P -2007.0000, 30.0000, 0.0000, 0, 0, 0, 2, Wrulon_Guard
P -1833.0000, 345.0000, 0.0000, 0, 0, 0, 2, Temple_Guardian
P -1738.0000, 237.0000, 0.0000, 0, 0, 0, 2, Wrulon_Guard
P -1675.0000, 235.0000, 0.0000, 0, 0, 0, 2, Wrulon_Guard
P -1704.0000, 384.0000, 0.0000, 0, 0, 0, 2, Druhar_Gandoc
P -1386.0000, 245.0000, 0.0000, 0, 0, 0, 2, Wrulon_Guard
P -1324.0000, 248.0000, 0.0000, 0, 0, 0, 2, Wrulon_Guard
P -1356.0000, 384.0000, 0.0000, 0, 0, 0, 2, Dogan_Merlok
P -1619.0000, 137.0000, 0.0000, 0, 0, 0, 2, Temple_Guardian
P -1554.0000, 137.0000, 0.0000, 0, 0, 0, 2, Temple_Guardian
P -1310.0000, 30.0000, 0.0000, 0, 0, 0, 2, Temple_Guardian
P -1308.0000, -32.0000, 0.0000, 0, 0, 0, 2, Temple_Guardian
P -1705.0000, -394.0000, 0.0000, 0, 0, 0, 2, Bromal_Rythat
P -1356.0000, -410.0000, 0.0000, 0, 0, 0, 2, Rhodoc_Sorenby
P -2570.0000, 50.0000, -476.0000, 240, 127, 0, 2, Lord_Mithaniel_Marr_(Raid)
P -2102.0000, -32.0000, 0.0000, 127, 64, 0, 2, A_Wrulon_Protector_(Hunter)
