P -10558.0371, 4499.6889, 554.0777, 255, 0, 0, 3, to_Eastern_Wastes
P 21429.0000, -4623.0000, 0.0000, 255, 0, 0, 2, to_North_Desert_of_Ro
P -2861.0510, -1717.0086, 116.9963, 255, 0, 0, 3, to_The_Tower_of_Frozen_Shadow
P -4878.3706, 602.7897, 106.8747, 255, 0, 0, 2, Dragon_Circle
P -340.0000, -5330.0000, 0.0000, 255, 0, 0, 2, Succor
P -1287.0000, -4540.0000, 65.7554, 0, 128, 0, 2, Adinel_Jailbar_(Merchant)
P -1269.0000, -4539.0000, 65.0940, 0, 128, 0, 2, Sojan_the_Sleepless_(Merchant)
P -1313.0000, -4637.0000, 70.8992, 0, 128, 0, 2, Xorbinasticalus_(Spells)
P -8993.0000, 3396.0000, 0.0000, 0, 0, 0, 2, Shawl_8_:_start_point
P -7542.0000, 3529.0000, 0.0000, 0, 0, 0, 2, Shawl_8_:_1st_wave
P -7252.0000, 2208.0000, 0.0000, 0, 0, 0, 2, Shawl_8_:_2nd_wave
P -5940.0000, 1089.0000, 0.0000, 0, 0, 0, 2, Shawl_8_:_3rd_wave
P -2248.0000, -1502.0000, 0.0000, 0, 0, 0, 2, Shawl_8_:_4th_wave
P -2653.0000, -3698.0000, 0.0000, 0, 0, 0, 2, Shawl_8_:_last_wave
P -399.0000, -5395.0000, 0.0000, 255, 255, 255, 2, Dock
P 19346.0000, -4089.0000, 0.0000, 255, 255, 255, 2, Dock
P -5443.8471, -1737.5351, -34.8924, 240, 240, 240, 2, Wreckage_of_the_Greysong
P -682.8969, -5801.3247, 128.5458, 0, 0, 0, 2, Stormfeather_(Roam)
P -2803.2519, -2785.4709, 155.3939, 0, 0, 0, 2, Garou_(Roam)
P -6072.9208, 475.6527, 193.4882, 0, 0, 0, 2, Graktar_Bluehammer
P -3229.8884, -2911.3591, 211.3688, 0, 0, 0, 2, Balix_Misteyes
P -3272.5212, -2582.9182, 201.8672, 0, 0, 0, 2, Sir_Jevik_Isqual
P -2271.0000, -1412.0000, -13.0000, 240, 127, 0, 2, Lodizal_(Raid)
P -6779.7421, 2198.3740, 145.8486, 127, 64, 0, 2, dire_wolf_stalker_(Hunter,Roam)
P -2252.2971, -1234.6823, 48.0867, 127, 64, 0, 2, elder_spearguard_(Hunter,Roam)
P -2871.3750, -2677.4045, 155.6633, 127, 64, 0, 2, Midnight_(Hunter,Roam,HS)
P -2864.4206, -1518.6424, 103.4629, 127, 64, 0, 2, pulslating_icestorm_(Hunter,Roam)
P -7186.7387, 2401.7993, 140.8870, 0, 0, 240, 1, GS:_Frozen_Pestle
P -394.5607, -5316.5053, -18.3550, 0, 0, 0, 2, Nelet_Durzit
P -351.3831, -5338.9589, -18.3547, 240, 0, 0, 3, to_North_Ro_(Translocator_Kurione)
P 20003.0371, -3944.8984, 46.0316, 0, 0, 0, 2, Frazzle_Thumpkin
P 20265.0996, -3947.9587, -7.0499, 0, 0, 0, 2, Joshel_the_Large
P -390.0324, -5349.6508, -18.2167, 0, 0, 0, 2, Soulbinder_Cubnitskin
P -480.9087, -5332.0429, -18.4879, 0, 0, 0, 2, Masurt_Dok
P -1274.1048, -4528.8095, 66.8812, 0, 0, 0, 2, Madan_Eflik
P -1327.2027, -4623.9887, 72.4114, 0, 0, 0, 2, Tsilos_the_Swabby
P -1327.9128, -4641.4770, 73.1757, 0, 0, 0, 2, Captain_Nalot
P -1332.4803, -4510.9179, 73.1724, 0, 0, 0, 2, Ami
P -1347.6989, -4554.6313, 73.7698, 0, 0, 0, 2, Traboh
P -1371.9626, -4548.6933, 74.3125, 0, 0, 0, 2, Nilham_the_Chef
P -1361.2984, -4566.7456, 74.5479, 0, 0, 0, 2, Relit
P -1276.8631, -4541.3388, 85.5806, 0, 0, 0, 2, Novyak_the_Lookout
P -1213.5578, -4390.4624, 47.3268, 0, 0, 0, 2, Lookout_Larithim
P -748.9722, -5713.1552, 132.7748, 0, 0, 0, 2, Feld
P -758.6646, -5716.4418, 135.7614, 0, 0, 0, 2, Bilf
P -757.1576, -5704.4340, 133.3122, 0, 0, 0, 2, Blik
P -3231.9304, -2931.6765, 213.0733, 0, 0, 240, 1, GS:_Pouch_of_Frozen_Roots
P -3241.3149, -2939.1743, 213.9127, 0, 0, 240, 1, GS:_Skin_of_Slush_Water
P -5216.6850, -1061.1828, 256.2072, 0, 0, 240, 1, GS:_Frozen_Pestle
P 2992.2722, -1203.9688, 36.0210, 0, 0, 0, 2, Gilligatabbus_Igglebix_(Roam)
P -5931.5029, 5715.9643, -64.5961, 0, 0, 0, 2, Corudoth_(under_water)
P -8638.5000, 5612.4428, 147.8329, 0, 0, 0, 2, Vas_Thorel
P -8826.3671, 3413.8447, 290.1046, 0, 0, 0, 2, General_Bragmur
P -1307.0214, -4566.1474, 67.6445, 240, 240, 240, 2, Captain_Nalot`s_Camp
P 3922.2390, -1130.3601, -4.8433, 240, 240, 240, 2, Icy_Fingers_Islands
P -9688.7138, 4508.4653, 446.4676, 240, 240, 240, 2, The_Gretespaign
