L -1890.2, 1114.8, -11.7, -1898.5, 1156.6, -8.3, 199, 21, 133
L -1136.0, -2551.8, -23.9, -1179.4, -2570.9, -8.0, 199, 21, 133
L 822.3, -150.0, -10.9, 822.2, -136.8, -10.9, 199, 21, 133
L 606.5, 2762.7, -33.9, 625.7, 2762.6, -33.9, 199, 21, 133
L -549.4, -1190.0, -17.7, -538.4, -1193.8, -17.3, 0, 0, 0
L -554.0, -1188.8, -17.9, -549.4, -1190.0, -17.7, 0, 0, 0
L -563.0, -1197.0, -17.3, -554.0, -1188.8, -17.9, 0, 0, 0
L -567.9, -1202.9, -17.5, -563.0, -1197.0, -17.3, 0, 0, 0
L -569.9, -1210.2, -18.2, -567.9, -1202.9, -17.5, 0, 0, 0
L -569.7, -1221.9, -19.3, -569.9, -1210.2, -18.2, 0, 0, 0
L -564.2, -1227.1, -19.7, -569.7, -1221.9, -19.3, 0, 0, 0
L -550.5, -1231.3, -20.5, -564.2, -1227.1, -19.7, 0, 0, 0
L -541.8, -1227.1, -20.1, -550.5, -1231.3, -20.5, 0, 0, 0
L -538.4, -1193.8, -17.3, -541.8, -1227.1, -20.1, 0, 0, 0
L 185.4, -1904.6, 43.1, 150.8, -1879.6, 43.1, 0, 204, 0
L 160.4, -1939.3, 43.1, 185.4, -1904.6, 43.1, 0, 204, 0
L 125.7, -1914.3, 43.1, 160.4, -1939.3, 43.1, 0, 204, 0
L 150.8, -1879.6, 43.1, 125.7, -1914.3, 43.1, 0, 204, 0
L 149.7, -1872.8, -21.3, 192.2, -1903.6, -19.7, 0, 0, 0
L 139.9, -1886.2, -13.8, 149.7, -1872.8, -21.3, 0, 0, 0
L 121.8, -1897.5, -13.8, 117.9, -1902.8, -17.6, 150, 150, 150
L 133.4, -1881.6, -13.8, 121.8, -1897.5, -13.8, 150, 150, 150
L 139.9, -1886.2, -13.8, 133.4, -1881.6, -13.8, 150, 150, 150
L 138.1, -1888.9, -13.8, 139.9, -1886.2, -13.8, 0, 0, 0
L 142.0, -1891.7, -13.6, 138.1, -1888.9, -13.6, 0, 0, 0
L 150.8, -1879.6, -13.9, 142.0, -1891.7, -13.9, 0, 0, 0
L 185.4, -1904.6, -13.9, 150.8, -1879.6, -13.9, 0, 0, 0
L 160.4, -1939.3, -13.9, 185.4, -1904.6, -13.9, 0, 0, 0
L 125.7, -1914.3, -13.9, 160.4, -1939.3, -13.9, 0, 0, 0
L 135.3, -1901.0, -13.9, 125.7, -1914.3, -13.9, 0, 0, 0
L 131.5, -1898.3, -13.6, 135.3, -1901.0, -13.6, 0, 0, 0
L 118.9, -1915.3, -17.7, 131.5, -1898.3, -13.8, 0, 0, 0
L 161.2, -1945.9, -16.5, 118.9, -1915.3, -17.7, 0, 0, 0
L 192.2, -1903.6, -19.8, 161.2, -1945.9, -16.5, 0, 0, 0
L 678.5, -270.2, -6.8, 671.6, -2286.5, 2.1, 0, 0, 0
L 697.7, -234.8, 2.1, 678.5, -270.2, -6.8, 0, 0, 0
L 714.2, -215.0, 1.9, 697.7, -234.8, 2.1, 0, 0, 0
L 733.8, -254.6, 2.3, 714.2, -215.0, 1.9, 0, 0, 0
L 742.9, -258.5, -11.0, 733.8, -254.6, 2.3, 0, 0, 0
L 762.2, -238.3, -11.4, 742.9, -258.5, -11.0, 0, 0, 0
L 779.0, -178.6, -11.1, 762.2, -238.3, -11.4, 0, 0, 0
L 820.8, -178.0, -10.9, 779.0, -178.6, -11.1, 0, 0, 0
L 820.8, -150.3, -10.9, 820.8, -178.0, -10.9, 0, 0, 0
L 835.6, -150.3, -10.9, 820.8, -150.3, -10.9, 0, 0, 0
L 679.4, -49.4, 3.1, 672.2, 2415.4, 1.0, 0, 0, 0
L 680.4, -100.1, 19.6, 679.4, -49.4, 3.1, 0, 0, 0
L 700.1, -139.5, 2.1, 680.4, -100.1, 19.6, 0, 0, 0
L 713.2, -148.5, -10.4, 700.1, -139.5, 2.1, 0, 0, 0
L 744.7, -91.2, -11.4, 713.2, -148.5, -10.4, 0, 0, 0
L 762.0, -107.1, -11.4, 744.7, -91.2, -11.4, 0, 0, 0
L 779.0, -164.5, -11.1, 762.0, -107.1, -11.4, 0, 0, 0
L 807.2, -164.9, -10.9, 779.0, -164.5, -11.1, 0, 0, 0
L 807.6, -136.8, -10.9, 807.2, -164.9, -10.9, 0, 0, 0
L 842.5, -136.8, -10.9, 807.6, -136.8, -10.9, 0, 0, 0
L 625.8, 2784.8, -33.9, 625.8, 2738.1, -33.9, 0, 0, 0
L 675.8, 2784.8, -33.9, 625.8, 2784.8, -33.9, 0, 0, 0
L 675.7, 2872.0, -33.9, 675.8, 2784.8, -33.9, 0, 0, 0
L 678.7, 2883.4, -33.9, 675.7, 2872.0, -33.9, 0, 0, 0
L 690.5, 2908.4, -16.3, 678.7, 2883.4, -33.9, 0, 0, 0
L 644.2, 2948.5, -6.3, 690.5, 2908.4, -16.3, 0, 0, 0
L 562.5, 2952.8, -13.8, 644.2, 2948.5, -6.3, 0, 0, 0
L 519.7, 2924.6, -13.6, 562.5, 2952.8, -13.8, 0, 0, 0
L 483.1, 2886.5, -23.5, 519.7, 2924.6, -13.6, 0, 0, 0
L 475.1, 2830.2, -33.2, 483.1, 2886.5, -23.5, 0, 0, 0
L 518.4, 2782.1, -33.9, 475.1, 2830.2, -33.2, 0, 0, 0
L 524.6, 2698.7, -19.7, 518.4, 2782.1, -33.9, 0, 0, 0
L 517.1, 2674.6, 6.8, 524.6, 2698.7, -19.7, 0, 0, 0
L 465.5, 2628.2, 26.9, 517.1, 2674.6, 6.8, 0, 0, 0
L 450.1, 2628.2, 28.6, 465.5, 2628.2, 26.9, 0, 125, 0
L -1768.8, 2628.1, 46.4, 450.1, 2628.2, 28.6, 0, 0, 0
L -1769.8, 1116.5, 9.5, -1768.8, 2628.1, 46.4, 0, 0, 0
L -1815.9, 1065.0, 9.6, -1769.8, 1116.5, 9.5, 0, 0, 0
L -1847.3, 1126.1, -9.2, -1815.9, 1065.0, 9.6, 0, 0, 0
L -1898.5, 1156.6, -8.3, -1847.3, 1126.1, -9.2, 0, 0, 0
L -1877.6, 1105.6, -2.6, -1890.2, 1114.8, -11.7, 0, 0, 0
L -1845.2, 1037.9, 4.8, -1877.6, 1105.6, -2.6, 0, 0, 0
L -1830.1, 1021.1, 19.0, -1845.2, 1037.9, 4.8, 0, 0, 0
L -1796.3, 987.0, 11.4, -1830.1, 1021.1, 19.0, 0, 0, 0
L -1777.7, 961.8, 19.0, -1796.3, 987.0, 11.4, 0, 0, 0
L -1753.6, -2324.6, 37.2, -1777.7, 961.8, 19.0, 0, 0, 0
L -1068.0, -2324.6, 2.6, -1753.6, -2324.6, 37.2, 0, 0, 0
L -1023.3, -2333.5, 29.1, -1068.0, -2324.6, 2.6, 0, 0, 0
L -985.7, -2401.1, -25.5, -1023.3, -2333.5, 29.1, 0, 0, 0
L -1127.4, -2459.5, -7.5, -985.7, -2401.1, -25.5, 0, 0, 0
L -1164.8, -2501.5, 0.6, -1127.4, -2459.5, -7.5, 0, 0, 0
L -1196.4, -2529.8, 4.4, -1164.8, -2501.5, 0.6, 0, 0, 0
L -1162.3, -2612.1, -20.5, -1179.4, -2570.9, -8.0, 0, 0, 0
L -1141.9, -2536.4, -26.3, -1136.0, -2551.8, -23.9, 0, 0, 0
L -1099.7, -2493.4, -26.2, -1141.9, -2536.4, -26.3, 0, 0, 0
L -934.2, -2416.0, -15.6, -1099.7, -2493.4, -26.2, 0, 0, 0
L -928.9, -2355.9, -9.5, -934.2, -2416.0, -15.6, 0, 0, 0
L -886.4, -2301.8, -29.8, -928.9, -2355.9, -9.5, 0, 0, 0
L 649.8, -2287.1, -11.5, -723.6, -2300.2, -27.8, 0, 0, 0
L 671.6, -2286.5, 2.1, 649.8, -2287.1, -11.5, 0, 125, 0
L 672.1, 2448.5, -2.5, 672.3, 2406.9, 1.3, 0, 0, 0
L 671.9, 2549.5, -5.5, 672.1, 2448.5, -2.5, 0, 0, 0
L 671.7, 2599.0, -10.7, 671.9, 2549.5, -5.5, 0, 0, 0
L 663.5, 2628.1, 12.5, 671.7, 2599.0, -10.7, 0, 0, 0
L 644.6, 2628.1, 14.6, 663.5, 2628.1, 12.5, 0, 0, 0
L 623.2, 2627.6, 26.2, 644.6, 2628.1, 14.6, 0, 0, 0
L 604.8, 2642.0, 59.1, 623.2, 2627.6, 26.2, 0, 0, 0
L 587.2, 2651.7, 26.4, 604.8, 2642.0, 59.1, 0, 0, 0
L 572.0, 2686.1, -32.6, 587.2, 2651.7, 26.4, 0, 0, 0
L 557.4, 2797.1, -33.9, 572.0, 2686.1, -32.6, 0, 0, 0
L 521.7, 2865.3, -33.7, 557.4, 2797.1, -33.9, 0, 0, 0
L 555.8, 2912.4, -33.9, 521.7, 2865.3, -33.7, 0, 0, 0
L 611.0, 2910.5, -33.9, 555.8, 2912.4, -33.9, 0, 0, 0
L 648.1, 2895.8, -33.9, 611.0, 2910.5, -33.9, 0, 0, 0
L 656.5, 2874.2, -33.9, 648.1, 2895.8, -33.9, 0, 0, 0
L 656.2, 2804.1, -33.9, 656.5, 2874.2, -33.9, 0, 0, 0
L 606.5, 2804.1, -33.9, 656.2, 2804.1, -33.9, 0, 0, 0
L 606.5, 2737.6, -33.9, 606.5, 2804.1, -33.9, 0, 0, 0
L 622.2, -139.9, -30.5, 630.5, -147.9, -30.3, 0, 0, 255
L 630.5, -147.9, -30.3, 629.4, -184.3, -30.6, 0, 0, 255
L 629.4, -184.3, -30.6, 648.7, -199.3, -30.9, 0, 0, 255
L 648.7, -199.3, -30.9, 647.2, -248.8, -30.9, 0, 0, 255
L 647.2, -248.8, -30.9, 642.6, -270.8, -30.9, 0, 0, 255
L 642.6, -270.8, -30.9, 625.1, -301.0, -30.8, 0, 0, 255
L 625.1, -301.0, -30.8, 612.9, -318.5, -30.8, 0, 0, 255
L 612.9, -318.5, -30.8, 576.2, -348.6, -30.9, 0, 0, 255
L 576.2, -348.6, -30.9, 563.7, -372.5, -30.9, 0, 0, 255
L 563.7, -372.5, -30.9, 556.9, -355.9, -30.9, 0, 0, 255
L 556.9, -355.9, -30.9, 554.4, -347.3, -30.9, 0, 0, 255
L 554.4, -347.3, -30.9, 546.9, -316.0, -30.8, 0, 0, 255
L 546.9, -316.0, -30.8, 514.2, -298.7, -31.0, 0, 0, 255
L 514.2, -298.7, -31.0, 495.1, -267.4, -30.9, 0, 0, 255
L 495.1, -267.4, -30.9, 491.7, -265.9, -30.9, 0, 0, 255
L 491.7, -265.9, -30.9, 461.2, -252.0, -31.0, 0, 0, 255
L 461.2, -252.0, -31.0, 454.2, -248.0, -30.9, 0, 0, 255
L 454.2, -248.0, -30.9, 434.6, -228.4, -30.9, 0, 0, 255
L 434.6, -228.4, -30.9, 413.0, -226.8, -30.9, 0, 0, 255
L 413.0, -226.8, -30.9, 372.4, -238.8, -30.9, 0, 0, 255
L 372.4, -238.8, -30.9, 363.6, -239.0, -30.9, 0, 0, 255
L 363.6, -239.0, -30.9, 356.8, -249.4, -30.9, 0, 0, 255
L 356.8, -249.4, -30.9, 352.4, -261.3, -30.9, 0, 0, 255
L 352.4, -261.3, -30.9, 333.9, -297.9, -30.9, 0, 0, 255
L 333.9, -297.9, -30.9, 344.1, -324.5, -30.9, 0, 0, 255
L 344.1, -324.5, -30.9, 347.9, -340.8, -30.6, 0, 0, 255
L 347.9, -340.8, -30.6, 353.2, -357.6, -31.0, 0, 0, 255
L 353.2, -357.6, -31.0, 353.9, -359.8, -31.0, 0, 0, 255
L 353.9, -359.8, -31.0, 365.6, -372.2, -30.9, 0, 0, 255
L 365.6, -372.2, -30.9, 378.0, -385.7, -30.9, 0, 0, 255
L 378.0, -385.7, -30.9, 382.8, -392.3, -30.9, 0, 0, 255
L 382.8, -392.3, -30.9, 389.4, -402.1, -31.0, 0, 0, 255
L 389.4, -402.1, -31.0, 414.8, -438.2, -30.9, 0, 0, 255
L 414.8, -438.2, -30.9, 418.9, -445.0, -30.9, 0, 0, 255
L 418.9, -445.0, -30.9, 430.4, -483.2, -30.9, 0, 0, 255
L 430.4, -483.2, -30.9, 439.5, -499.2, -30.9, 0, 0, 255
L 439.5, -499.2, -30.9, 439.7, -523.4, -30.9, 0, 0, 255
L 439.7, -523.4, -30.9, 454.0, -541.3, -30.9, 0, 0, 255
L 454.0, -541.3, -30.9, 468.4, -560.9, -31.0, 0, 0, 255
L 468.4, -560.9, -31.0, 484.6, -577.9, -30.9, 0, 0, 255
L 484.6, -577.9, -30.9, 513.8, -579.9, -30.9, 0, 0, 255
L 513.8, -579.9, -30.9, 544.7, -568.0, -31.0, 0, 0, 255
L 544.7, -568.0, -31.0, 562.3, -568.4, -30.9, 0, 0, 255
L 562.3, -568.4, -30.9, 599.2, -548.3, -30.9, 0, 0, 255
L 599.2, -548.3, -30.9, 600.5, -511.8, -31.0, 0, 0, 255
L 600.5, -511.8, -31.0, 607.1, -497.9, -30.9, 0, 0, 255
L 607.1, -497.9, -30.9, 600.8, -461.3, -31.0, 0, 0, 255
L 600.8, -461.3, -31.0, 600.4, -446.8, -30.9, 0, 0, 255
L 600.4, -446.8, -30.9, 602.6, -410.9, -31.0, 0, 0, 255
L 602.6, -410.9, -31.0, 593.5, -398.2, -30.8, 0, 0, 255
L 593.5, -398.2, -30.8, 613.4, -388.9, -30.9, 0, 0, 255
L 613.4, -388.9, -30.9, 622.1, -414.4, -30.9, 0, 0, 255
L 622.1, -414.4, -30.9, 623.1, -439.1, -30.9, 0, 0, 255
L 623.1, -439.1, -30.9, 651.5, -448.4, -31.0, 0, 0, 255
L 651.5, -448.4, -31.0, 641.2, -472.0, -31.0, 0, 0, 255
L 641.2, -472.0, -31.0, 620.9, -498.5, -30.9, 0, 0, 255
L 620.9, -498.5, -30.9, 619.8, -542.7, -31.0, 0, 0, 255
L 619.8, -542.7, -31.0, 618.1, -549.3, -30.8, 0, 0, 255
L 618.1, -549.3, -30.8, 615.1, -561.1, -30.8, 0, 0, 255
L 615.1, -561.1, -30.8, 592.7, -598.1, -31.0, 0, 0, 255
L 592.7, -598.1, -31.0, 588.6, -624.3, -31.0, 0, 0, 255
L 588.6, -624.3, -31.0, 578.7, -649.8, -30.9, 0, 0, 255
L 578.7, -649.8, -30.9, 563.9, -658.5, -31.0, 0, 0, 255
L 563.9, -658.5, -31.0, 555.6, -656.1, -31.2, 0, 0, 255
L 555.6, -656.1, -31.2, 532.1, -658.5, -30.6, 0, 0, 255
L 532.1, -658.5, -30.6, 516.8, -661.0, -30.6, 0, 0, 255
L 516.8, -661.0, -30.6, 505.2, -658.4, -30.9, 0, 0, 255
L 505.2, -658.4, -30.9, 462.4, -655.0, -30.9, 0, 0, 255
L 462.4, -655.0, -30.9, 419.7, -632.9, -31.0, 0, 0, 255
L 419.7, -632.9, -31.0, 413.6, -632.6, -31.0, 0, 0, 255
L 413.6, -632.6, -31.0, 396.9, -616.9, -30.9, 0, 0, 255
L 396.9, -616.9, -30.9, 362.7, -601.0, -31.0, 0, 0, 255
L 362.7, -601.0, -31.0, 340.6, -573.8, -31.0, 0, 0, 255
L 340.6, -573.8, -31.0, 263.9, -568.3, -30.9, 0, 0, 255
L 263.9, -568.3, -30.9, 220.1, -592.3, -31.0, 0, 0, 255
L 220.1, -592.3, -31.0, 215.4, -593.0, -31.0, 0, 0, 255
L 215.4, -593.0, -31.0, 208.5, -598.9, -31.0, 0, 0, 255
L 208.5, -598.9, -31.0, 207.9, -604.9, -31.0, 0, 0, 255
L 207.9, -604.9, -31.0, 181.8, -650.0, -30.9, 0, 0, 255
L 181.8, -650.0, -30.9, 166.9, -697.9, -30.9, 0, 0, 255
L 166.9, -697.9, -30.9, 168.2, -748.3, -30.8, 0, 0, 255
L 168.2, -748.3, -30.8, 176.9, -785.1, -30.7, 0, 0, 255
L 176.9, -785.1, -30.7, 195.9, -799.7, -31.0, 0, 0, 255
L 195.9, -799.7, -31.0, 196.6, -815.6, -30.9, 0, 0, 255
L 196.6, -815.6, -30.9, 213.5, -819.1, -31.0, 0, 0, 255
L 213.5, -819.1, -31.0, 227.6, -834.8, -31.0, 0, 0, 255
L 227.6, -834.8, -31.0, 264.5, -846.9, -31.0, 0, 0, 255
L 264.5, -846.9, -31.0, 267.2, -849.9, -31.0, 0, 0, 255
L 267.2, -849.9, -31.0, 276.8, -885.7, -30.9, 0, 0, 255
L 276.8, -885.7, -30.9, 314.3, -891.5, -30.9, 0, 0, 255
L 314.3, -891.5, -30.9, 326.7, -899.1, -31.0, 0, 0, 255
L 326.7, -899.1, -31.0, 313.9, -907.8, -31.1, 0, 0, 255
L 313.9, -907.8, -31.1, 308.7, -903.8, -30.8, 0, 0, 255
L 308.7, -903.8, -30.8, 263.8, -906.9, -30.9, 0, 0, 255
L 263.8, -906.9, -30.9, 253.6, -905.8, -30.9, 0, 0, 255
L 253.6, -905.8, -30.9, 213.2, -906.8, -30.6, 0, 0, 255
L 213.2, -906.8, -30.6, 202.4, -908.5, -30.8, 0, 0, 255
L 202.4, -908.5, -30.8, 162.8, -904.3, -30.9, 0, 0, 255
L 162.8, -904.3, -30.9, 115.0, -901.9, -31.0, 0, 0, 255
L 115.0, -901.9, -31.0, 94.4, -898.2, -31.0, 0, 0, 255
L 94.4, -898.2, -31.0, 74.6, -889.0, -31.0, 0, 0, 255
L 74.6, -889.0, -31.0, 61.5, -887.3, -30.9, 0, 0, 255
L 61.5, -887.3, -30.9, 40.1, -873.3, -30.9, 0, 0, 255
L 40.1, -873.3, -30.9, 12.9, -861.9, -31.0, 0, 0, 255
L 12.9, -861.9, -31.0, 7.6, -852.7, -31.2, 0, 0, 255
L 7.6, -852.7, -31.2, -5.1, -815.8, -30.9, 0, 0, 255
L -5.1, -815.8, -30.9, -21.1, -799.1, -31.0, 0, 0, 255
L -21.1, -799.1, -31.0, -22.6, -787.9, -31.0, 0, 0, 255
L -22.6, -787.9, -31.0, -36.1, -783.0, -31.0, 0, 0, 255
L -36.1, -783.0, -31.0, -54.5, -765.9, -30.9, 0, 0, 255
L -54.5, -765.9, -30.9, -87.2, -762.4, -30.9, 0, 0, 255
L -87.2, -762.4, -30.9, -137.3, -761.2, -30.7, 0, 0, 255
L -137.3, -761.2, -30.7, -175.3, -798.9, -30.9, 0, 0, 255
L -175.3, -798.9, -30.9, -178.9, -844.0, -30.9, 0, 0, 255
L -178.9, -844.0, -30.9, -180.6, -851.1, -31.0, 0, 0, 255
L -180.6, -851.1, -31.0, -174.7, -901.7, -30.9, 0, 0, 255
L -174.7, -901.7, -30.9, -169.5, -932.7, -30.9, 0, 0, 255
L -169.5, -932.7, -30.9, -150.4, -948.4, -30.9, 0, 0, 255
L -150.4, -948.4, -30.9, -143.2, -957.3, -31.0, 0, 0, 255
L -143.2, -957.3, -31.0, -135.0, -978.0, -31.0, 0, 0, 255
L -135.0, -978.0, -31.0, -130.3, -994.2, -30.9, 0, 0, 255
L -130.3, -994.2, -30.9, -125.6, -1000.4, -30.8, 0, 0, 255
L -125.6, -1000.4, -30.8, -114.5, -1026.7, -30.8, 0, 0, 255
L -114.5, -1026.7, -30.8, -85.6, -1040.0, -30.9, 0, 0, 255
L -85.6, -1040.0, -30.9, -80.3, -1045.1, -31.0, 0, 0, 255
L -80.3, -1045.1, -31.0, -67.2, -1048.6, -30.9, 0, 0, 255
L -67.2, -1048.6, -30.9, -56.3, -1068.7, -30.9, 0, 0, 255
L -56.3, -1068.7, -30.9, -35.6, -1081.1, -31.0, 0, 0, 255
L -35.6, -1081.1, -31.0, -28.4, -1094.0, -30.9, 0, 0, 255
L -28.4, -1094.0, -30.9, -17.2, -1130.7, -30.9, 0, 0, 255
L -17.2, -1130.7, -30.9, 8.7, -1157.2, -30.9, 0, 0, 255
L 8.7, -1157.2, -30.9, 14.7, -1168.3, -31.0, 0, 0, 255
L 14.7, -1168.3, -31.0, 28.5, -1185.5, -30.9, 0, 0, 255
L 28.5, -1185.5, -30.9, 64.1, -1198.0, -30.9, 0, 0, 255
L 64.1, -1198.0, -30.9, 113.3, -1193.2, -30.8, 0, 0, 255
L 113.3, -1193.2, -30.8, 130.7, -1176.1, -30.4, 0, 0, 255
L 130.7, -1176.1, -30.4, 158.3, -1149.2, -30.9, 0, 0, 255
L 158.3, -1149.2, -30.9, 165.4, -1122.7, -31.0, 0, 0, 255
L 165.4, -1122.7, -31.0, 213.9, -1122.0, -31.0, 0, 0, 255
L 213.9, -1122.0, -31.0, 219.1, -1149.5, -30.8, 0, 0, 255
L 219.1, -1149.5, -30.8, 221.6, -1190.9, -31.0, 0, 0, 255
L 221.6, -1190.9, -31.0, 221.8, -1201.3, -30.9, 0, 0, 255
L 221.8, -1201.3, -30.9, 224.7, -1231.6, -30.4, 0, 0, 255
L 224.7, -1231.6, -30.4, 224.7, -1251.0, -31.0, 0, 0, 255
L 224.7, -1251.0, -31.0, 230.7, -1284.8, -31.0, 0, 0, 255
L 230.7, -1284.8, -31.0, 235.6, -1300.5, -30.9, 0, 0, 255
L 235.6, -1300.5, -30.9, 239.5, -1326.3, -31.0, 0, 0, 255
L 239.5, -1326.3, -31.0, 263.9, -1333.8, -31.0, 0, 0, 255
L 263.9, -1333.8, -31.0, 269.7, -1342.6, -31.0, 0, 0, 255
L 269.7, -1342.6, -31.0, 283.8, -1349.3, -31.0, 0, 0, 255
L 283.8, -1349.3, -31.0, 294.1, -1368.0, -30.9, 0, 0, 255
L 294.1, -1368.0, -30.9, 313.4, -1372.6, -30.9, 0, 0, 255
L 313.4, -1372.6, -30.9, 349.0, -1362.7, -31.0, 0, 0, 255
L 349.0, -1362.7, -31.0, 363.4, -1360.9, -31.0, 0, 0, 255
L 363.4, -1360.9, -31.0, 379.1, -1348.6, -30.9, 0, 0, 255
L 379.1, -1348.6, -30.9, 413.3, -1298.5, -30.9, 0, 0, 255
L 413.3, -1298.5, -30.9, 410.5, -1255.2, -31.0, 0, 0, 255
L 410.5, -1255.2, -31.0, 397.9, -1199.6, -30.9, 0, 0, 255
L 397.9, -1199.6, -30.9, 404.7, -1158.3, -31.0, 0, 0, 255
L 404.7, -1158.3, -31.0, 409.1, -1148.5, -31.0, 0, 0, 255
L 409.1, -1148.5, -31.0, 415.0, -1127.6, -31.0, 0, 0, 255
L 415.0, -1127.6, -31.0, 427.9, -1098.2, -31.0, 0, 0, 255
L 427.9, -1098.2, -31.0, 427.7, -1084.3, -31.0, 0, 0, 255
L 427.7, -1084.3, -31.0, 413.4, -1048.7, -30.9, 0, 0, 255
L 413.4, -1048.7, -30.9, 405.6, -1007.8, -30.8, 0, 0, 255
L 405.6, -1007.8, -30.8, 393.8, -998.3, -30.7, 0, 0, 255
L 393.8, -998.3, -30.7, 399.2, -961.7, -30.9, 0, 0, 255
L 399.2, -961.7, -30.9, 364.2, -958.0, -31.0, 0, 0, 255
L 364.2, -958.0, -31.0, 359.9, -943.6, -30.3, 0, 0, 255
L 359.9, -943.6, -30.3, 376.2, -942.5, -31.0, 0, 0, 255
L 376.2, -942.5, -31.0, 412.3, -940.4, -30.9, 0, 0, 255
L 412.3, -940.4, -30.9, 425.3, -945.5, -31.0, 0, 0, 255
L 425.3, -945.5, -31.0, 435.0, -949.5, -31.0, 0, 0, 255
L 435.0, -949.5, -31.0, 443.1, -970.3, -30.9, 0, 0, 255
L 443.1, -970.3, -30.9, 462.6, -972.0, -31.0, 0, 0, 255
L 462.6, -972.0, -31.0, 481.5, -979.3, -30.8, 0, 0, 255
L 481.5, -979.3, -30.8, 515.2, -984.0, -31.0, 0, 0, 255
L 515.2, -984.0, -31.0, 525.9, -987.2, -31.0, 0, 0, 255
L 525.9, -987.2, -31.0, 562.7, -991.6, -30.9, 0, 0, 255
L 562.7, -991.6, -30.9, 569.0, -993.8, -30.9, 0, 0, 255
L 569.0, -993.8, -30.9, 599.7, -999.1, -31.0, 0, 0, 255
L 599.7, -999.1, -31.0, 616.8, -1010.5, -31.1, 0, 0, 255
L 616.8, -1010.5, -31.1, 630.0, -1030.4, -30.9, 0, 0, 255
L 630.0, -1030.4, -30.9, 663.6, -1036.7, -30.9, 0, 0, 255
L 663.6, -1036.7, -30.9, 667.2, -1071.9, -30.4, 0, 0, 255
L 667.2, -1071.9, -30.4, 666.8, -1096.6, -31.2, 0, 0, 255
L 666.8, -1096.6, -31.2, 661.8, -1119.2, -31.1, 0, 0, 255
L 661.8, -1119.2, -31.1, 623.1, -1137.8, -31.0, 0, 0, 255
L 623.1, -1137.8, -31.0, 612.3, -1134.7, -31.1, 0, 0, 255
L 612.3, -1134.7, -31.1, 592.9, -1123.2, -31.0, 0, 0, 255
L 592.9, -1123.2, -31.0, 563.9, -1121.4, -30.8, 0, 0, 255
L 563.9, -1121.4, -30.8, 521.7, -1149.0, -30.9, 0, 0, 255
L 521.7, -1149.0, -30.9, 514.9, -1197.5, -31.0, 0, 0, 255
L 514.9, -1197.5, -31.0, 535.4, -1226.2, -30.9, 0, 0, 255
L 535.4, -1226.2, -30.9, 565.0, -1233.0, -31.0, 0, 0, 255
L 565.0, -1233.0, -31.0, 572.0, -1240.9, -31.2, 0, 0, 255
L 572.0, -1240.9, -31.2, 569.3, -1250.3, -30.8, 0, 0, 255
L 569.3, -1250.3, -30.8, 570.1, -1293.2, -31.0, 0, 0, 255
L 570.1, -1293.2, -31.0, 613.4, -1295.4, -31.7, 0, 0, 255
L 613.4, -1295.4, -31.7, 619.1, -1306.4, -30.9, 0, 0, 255
L 619.1, -1306.4, -30.9, 622.8, -1349.2, -31.2, 0, 0, 255
L 622.8, -1349.2, -31.2, 628.8, -1350.2, -30.8, 0, 0, 255
L 628.8, -1350.2, -30.8, 613.1, -1374.9, -30.9, 0, 0, 255
L 613.1, -1374.9, -30.9, 606.5, -1355.0, -31.0, 0, 0, 255
L 606.5, -1355.0, -31.0, 602.3, -1349.4, -31.0, 0, 0, 255
L 602.3, -1349.4, -31.0, 593.4, -1319.7, -30.9, 0, 0, 255
L 593.4, -1319.7, -30.9, 562.9, -1319.7, -31.0, 0, 0, 255
L 562.9, -1319.7, -31.0, 546.1, -1317.3, -31.0, 0, 0, 255
L 546.1, -1317.3, -31.0, 513.8, -1320.4, -30.8, 0, 0, 255
L 513.8, -1320.4, -30.8, 468.8, -1349.7, -31.0, 0, 0, 255
L 468.8, -1349.7, -31.0, 449.4, -1399.3, -31.0, 0, 0, 255
L 449.4, -1399.3, -31.0, 451.3, -1414.5, -31.0, 0, 0, 255
L 451.3, -1414.5, -31.0, 464.5, -1448.3, -30.9, 0, 0, 255
L 464.5, -1448.3, -30.9, 486.9, -1475.7, -30.8, 0, 0, 255
L 486.9, -1475.7, -30.8, 514.1, -1478.5, -31.0, 0, 0, 255
L 514.1, -1478.5, -31.0, 537.4, -1476.2, -31.1, 0, 0, 255
L 537.4, -1476.2, -31.1, 564.6, -1476.0, -31.0, 0, 0, 255
L 564.6, -1476.0, -31.0, 581.1, -1483.0, -30.9, 0, 0, 255
L 581.1, -1483.0, -30.9, 613.8, -1490.0, -31.4, 0, 0, 255
L 613.8, -1490.0, -31.4, 619.3, -1497.8, -31.3, 0, 0, 255
L 619.3, -1497.8, -31.3, 622.4, -1503.0, -30.8, 0, 0, 255
L 622.4, -1503.0, -30.8, 622.7, -1539.5, -30.7, 0, 0, 255
L 622.7, -1539.5, -30.7, 615.5, -1566.1, -31.0, 0, 0, 255
L 615.5, -1566.1, -31.0, 588.0, -1598.8, -30.8, 0, 0, 255
L 588.0, -1598.8, -30.8, 580.5, -1632.6, -31.0, 0, 0, 255
L 580.5, -1632.6, -31.0, 573.6, -1651.1, -30.9, 0, 0, 255
L 573.6, -1651.1, -30.9, 566.5, -1689.5, -30.7, 0, 0, 255
L 566.5, -1689.5, -30.7, 563.5, -1732.4, -31.0, 0, 0, 255
L 563.5, -1732.4, -31.0, 565.6, -1754.4, -30.9, 0, 0, 255
L 565.6, -1754.4, -30.9, 571.5, -1790.5, -30.9, 0, 0, 255
L 571.5, -1790.5, -30.9, 574.3, -1797.9, -30.9, 0, 0, 255
L 574.3, -1797.9, -30.9, 579.9, -1834.1, -31.0, 0, 0, 255
L 579.9, -1834.1, -31.0, 582.9, -1847.8, -31.0, 0, 0, 255
L 582.9, -1847.8, -31.0, 587.0, -1875.6, -31.0, 0, 0, 255
L 587.0, -1875.6, -31.0, 575.9, -1898.8, -30.9, 0, 0, 255
L 575.9, -1898.8, -30.9, 578.5, -1933.6, -30.8, 0, 0, 255
L 578.5, -1933.6, -30.8, 614.0, -1945.9, -31.6, 0, 0, 255
L 614.0, -1945.9, -31.6, 620.7, -1992.6, -30.8, 0, 0, 255
L 620.7, -1992.6, -30.8, 629.5, -1997.3, -30.5, 0, 0, 255
L 629.5, -1997.3, -30.5, 629.6, -2032.9, -30.9, 0, 0, 255
L 629.6, -2032.9, -30.9, 627.1, -2048.9, -31.1, 0, 0, 255
L 627.1, -2048.9, -31.1, 600.6, -2100.3, -30.9, 0, 0, 255
L 600.6, -2100.3, -30.9, 594.2, -2121.2, -30.9, 0, 0, 255
L 594.2, -2121.2, -30.9, 596.1, -2150.5, -31.0, 0, 0, 255
L 596.1, -2150.5, -31.0, 593.7, -2169.2, -30.8, 0, 0, 255
L 593.7, -2169.2, -30.8, 613.3, -2181.9, -31.0, 0, 0, 255
L 613.3, -2181.9, -31.0, 618.2, -2198.9, -31.2, 0, 0, 255
L 618.2, -2198.9, -31.2, 613.1, -2209.2, -31.1, 0, 0, 255
L 613.1, -2209.2, -31.1, 569.1, -2244.4, -30.9, 0, 0, 255
L 569.1, -2244.4, -30.9, 559.8, -2248.8, -31.1, 0, 0, 255
L 559.8, -2248.8, -31.1, 514.0, -2260.1, -31.1, 0, 0, 255
L 514.0, -2260.1, -31.1, 508.9, -2252.5, -30.9, 0, 0, 255
L 508.9, -2252.5, -30.9, 494.4, -2247.8, -30.6, 0, 0, 255
L 494.4, -2247.8, -30.6, 481.1, -2234.1, -30.7, 0, 0, 255
L 481.1, -2234.1, -30.7, 459.1, -2237.1, -31.0, 0, 0, 255
L 459.1, -2237.1, -31.0, 422.8, -2249.9, -30.9, 0, 0, 255
L 422.8, -2249.9, -30.9, 412.8, -2253.1, -31.1, 0, 0, 255
L 412.8, -2253.1, -31.1, 361.8, -2249.4, -30.9, 0, 0, 255
L 361.8, -2249.4, -30.9, 347.1, -2215.9, -31.0, 0, 0, 255
L 347.1, -2215.9, -31.0, 314.0, -2216.2, -30.9, 0, 0, 255
L 314.0, -2216.2, -30.9, 271.6, -2250.5, -31.1, 0, 0, 255
L 271.6, -2250.5, -31.1, 264.3, -2256.3, -31.0, 0, 0, 255
L 264.3, -2256.3, -31.0, 252.8, -2258.6, -31.0, 0, 0, 255
L 252.8, -2258.6, -31.0, 212.9, -2259.6, -30.7, 0, 0, 255
L 212.9, -2259.6, -30.7, 207.9, -2253.9, -31.0, 0, 0, 255
L 207.9, -2253.9, -31.0, 197.2, -2248.7, -31.0, 0, 0, 255
L 197.2, -2248.7, -31.0, 190.7, -2223.5, -30.9, 0, 0, 255
L 190.7, -2223.5, -30.9, 164.0, -2222.0, -31.0, 0, 0, 255
L 164.0, -2222.0, -31.0, 128.6, -2250.5, -31.0, 0, 0, 255
L 128.6, -2250.5, -31.0, 111.9, -2263.2, -30.9, 0, 0, 255
L 111.9, -2263.2, -30.9, 62.9, -2299.6, -31.4, 0, 0, 255
L 62.9, -2299.6, -31.4, 24.5, -2298.1, -31.0, 0, 0, 255
L 24.5, -2298.1, -31.0, 13.0, -2287.0, -30.7, 0, 0, 255
L 13.0, -2287.0, -30.7, 9.5, -2253.0, -30.6, 0, 0, 255
L 9.5, -2253.0, -30.6, -0.0, -2212.8, -30.8, 0, 0, 255
L -0.0, -2212.8, -30.8, -29.9, -2199.2, -31.0, 0, 0, 255
L -29.9, -2199.2, -31.0, -32.1, -2194.5, -30.9, 0, 0, 255
L -32.1, -2194.5, -30.9, -35.1, -2193.0, -31.0, 0, 0, 255
L -35.1, -2193.0, -31.0, -64.0, -2177.0, -31.0, 0, 0, 255
L -64.0, -2177.0, -31.0, -86.7, -2175.3, -30.9, 0, 0, 255
L -86.7, -2175.3, -30.9, -128.3, -2191.4, -31.0, 0, 0, 255
L -128.3, -2191.4, -31.0, -134.8, -2192.6, -31.0, 0, 0, 255
L -134.8, -2192.6, -31.0, -144.1, -2200.6, -30.9, 0, 0, 255
L -144.1, -2200.6, -30.9, -181.2, -2244.4, -30.9, 0, 0, 255
L -181.2, -2244.4, -30.9, -186.7, -2248.7, -31.1, 0, 0, 255
L -186.7, -2248.7, -31.1, -237.2, -2254.6, -30.8, 0, 0, 255
L -237.2, -2254.6, -30.8, -240.0, -2251.7, -30.6, 0, 0, 255
L -240.0, -2251.7, -30.6, -243.1, -2246.8, -30.5, 0, 0, 255
L -243.1, -2246.8, -30.5, -236.6, -2212.9, -30.9, 0, 0, 255
L -236.6, -2212.9, -30.9, -229.4, -2200.1, -31.0, 0, 0, 255
L -229.4, -2200.1, -31.0, -230.0, -2190.9, -30.9, 0, 0, 255
L -230.0, -2190.9, -30.9, -217.0, -2149.5, -31.0, 0, 0, 255
L -217.0, -2149.5, -31.0, -218.4, -2131.9, -31.0, 0, 0, 255
L -218.4, -2131.9, -31.0, -236.0, -2109.4, -31.0, 0, 0, 255
L -236.0, -2109.4, -31.0, -238.0, -2101.7, -31.0, 0, 0, 255
L -238.0, -2101.7, -31.0, -257.8, -2071.2, -31.0, 0, 0, 255
L -257.8, -2071.2, -31.0, -285.7, -2053.0, -31.0, 0, 0, 255
L -285.7, -2053.0, -31.0, -325.4, -2043.2, -31.1, 0, 0, 255
L -325.4, -2043.2, -31.1, -330.7, -2041.1, -31.1, 0, 0, 255
L -330.7, -2041.1, -31.1, -337.3, -2038.1, -30.9, 0, 0, 255
L -337.3, -2038.1, -30.9, -346.5, -2039.7, -31.0, 0, 0, 255
L -346.5, -2039.7, -31.0, -377.9, -2047.8, -30.9, 0, 0, 255
L -377.9, -2047.8, -30.9, -388.2, -2049.7, -31.1, 0, 0, 255
L -388.2, -2049.7, -31.1, -435.7, -2073.8, -31.0, 0, 0, 255
L -435.7, -2073.8, -31.0, -458.6, -2100.5, -30.9, 0, 0, 255
L -458.6, -2100.5, -30.9, -511.3, -2199.5, -31.0, 0, 0, 255
L -511.3, -2199.5, -31.0, -537.7, -2223.3, -31.0, 0, 0, 255
L -537.7, -2223.3, -31.0, -574.2, -2237.9, -31.0, 0, 0, 255
L -574.2, -2237.9, -31.0, -587.2, -2241.1, -31.1, 0, 0, 255
L -587.2, -2241.1, -31.1, -605.0, -2219.5, -30.9, 0, 0, 255
L -605.0, -2219.5, -30.9, -635.3, -2216.5, -30.9, 0, 0, 255
L -635.3, -2216.5, -30.9, -676.9, -2248.9, -31.0, 0, 0, 255
L -676.9, -2248.9, -31.0, -686.4, -2258.8, -30.9, 0, 0, 255
L -686.4, -2258.8, -30.9, -723.6, -2300.2, -27.8, 0, 0, 255
L -886.4, -2301.8, -29.8, -909.6, -2321.5, -31.0, 0, 0, 255
L -909.6, -2321.5, -31.0, -937.2, -2320.8, -31.0, 0, 0, 255
L -937.2, -2320.8, -31.0, -951.2, -2314.3, -30.9, 0, 0, 255
L -951.2, -2314.3, -30.9, -986.1, -2312.1, -30.8, 0, 0, 255
L -986.1, -2312.1, -30.8, -987.9, -2300.7, -30.8, 0, 0, 255
L -987.9, -2300.7, -30.8, -1042.4, -2299.5, -33.1, 0, 0, 255
L -1042.4, -2299.5, -33.1, -1235.7, -2301.9, -30.7, 0, 0, 255
L -1235.7, -2301.9, -30.7, -1286.1, -2304.6, -31.0, 0, 0, 255
L -1286.1, -2304.6, -31.0, -1292.7, -2303.7, -31.4, 0, 0, 255
L -1292.7, -2303.7, -31.4, -1339.4, -2308.2, -30.9, 0, 0, 255
L -1339.4, -2308.2, -30.9, -1386.3, -2299.3, -31.2, 0, 0, 255
L -1386.3, -2299.3, -31.2, -1391.8, -2298.9, -30.8, 0, 0, 255
L -1391.8, -2298.9, -30.8, -1402.9, -2265.6, -30.9, 0, 0, 255
L -1402.9, -2265.6, -30.9, -1425.4, -2249.0, -31.0, 0, 0, 255
L -1425.4, -2249.0, -31.0, -1435.8, -2244.8, -30.7, 0, 0, 255
L -1435.8, -2244.8, -30.7, -1448.7, -2249.7, -30.9, 0, 0, 255
L -1448.7, -2249.7, -30.9, -1486.7, -2285.5, -31.0, 0, 0, 255
L -1486.7, -2285.5, -31.0, -1505.1, -2269.4, -31.0, 0, 0, 255
L -1505.1, -2269.4, -31.0, -1535.6, -2266.6, -31.0, 0, 0, 255
L -1535.6, -2266.6, -31.0, -1541.5, -2257.4, -31.0, 0, 0, 255
L -1541.5, -2257.4, -31.0, -1555.9, -2246.1, -30.9, 0, 0, 255
L -1555.9, -2246.1, -30.9, -1560.4, -2222.7, -30.9, 0, 0, 255
L -1560.4, -2222.7, -30.9, -1586.4, -2222.4, -31.0, 0, 0, 255
L -1586.4, -2222.4, -31.0, -1618.1, -2249.7, -31.0, 0, 0, 255
L -1618.1, -2249.7, -31.0, -1637.4, -2264.1, -31.1, 0, 0, 255
L -1637.4, -2264.1, -31.1, -1675.3, -2299.5, -30.0, 0, 0, 255
L -1675.3, -2299.5, -30.0, -1700.7, -2297.0, -31.0, 0, 0, 255
L -1700.7, -2297.0, -31.0, -1704.9, -2267.5, -31.0, 0, 0, 255
L -1704.9, -2267.5, -31.0, -1699.6, -2213.4, -30.9, 0, 0, 255
L -1699.6, -2213.4, -30.9, -1684.5, -2185.4, -31.1, 0, 0, 255
L -1684.5, -2185.4, -31.1, -1654.8, -2148.1, -30.9, 0, 0, 255
L -1654.8, -2148.1, -30.9, -1654.9, -2117.8, -31.0, 0, 0, 255
L -1654.9, -2117.8, -31.0, -1685.8, -2107.7, -31.1, 0, 0, 255
L -1685.8, -2107.7, -31.1, -1688.6, -2100.3, -31.3, 0, 0, 255
L -1688.6, -2100.3, -31.3, -1691.2, -2094.6, -30.9, 0, 0, 255
L -1691.2, -2094.6, -30.9, -1694.6, -2057.2, -30.8, 0, 0, 255
L -1694.6, -2057.2, -30.8, -1703.5, -2049.2, -30.8, 0, 0, 255
L -1703.5, -2049.2, -30.8, -1705.0, -2016.7, -30.9, 0, 0, 255
L -1705.0, -2016.7, -30.9, -1704.3, -1998.3, -31.1, 0, 0, 255
L -1704.3, -1998.3, -31.1, -1701.0, -1963.1, -31.0, 0, 0, 255
L -1701.0, -1963.1, -31.0, -1685.2, -1922.3, -31.0, 0, 0, 255
L -1685.2, -1922.3, -31.0, -1676.0, -1898.3, -30.7, 0, 0, 255
L -1676.0, -1898.3, -30.7, -1683.0, -1888.2, -30.9, 0, 0, 255
L -1683.0, -1888.2, -30.9, -1688.0, -1884.4, -30.5, 0, 0, 255
L -1688.0, -1884.4, -30.5, -1707.0, -1846.9, -31.0, 0, 0, 255
L -1707.0, -1846.9, -31.0, -1718.3, -1798.9, -31.1, 0, 0, 255
L -1718.3, -1798.9, -31.1, -1687.1, -1754.8, -30.9, 0, 0, 255
L -1687.1, -1754.8, -30.9, -1678.4, -1748.4, -31.0, 0, 0, 255
L -1678.4, -1748.4, -31.0, -1657.7, -1720.5, -31.0, 0, 0, 255
L -1657.7, -1720.5, -31.0, -1639.0, -1698.5, -30.9, 0, 0, 255
L -1639.0, -1698.5, -30.9, -1651.1, -1662.4, -30.9, 0, 0, 255
L -1651.1, -1662.4, -30.9, -1677.5, -1649.3, -31.0, 0, 0, 255
L -1677.5, -1649.3, -31.0, -1680.2, -1642.2, -31.0, 0, 0, 255
L -1680.2, -1642.2, -31.0, -1687.7, -1639.8, -30.8, 0, 0, 255
L -1687.7, -1639.8, -30.8, -1698.7, -1611.0, -31.0, 0, 0, 255
L -1698.7, -1611.0, -31.0, -1699.2, -1599.3, -31.0, 0, 0, 255
L -1699.2, -1599.3, -31.0, -1688.6, -1547.5, -30.9, 0, 0, 255
L -1688.6, -1547.5, -30.9, -1686.1, -1525.4, -31.0, 0, 0, 255
L -1686.1, -1525.4, -31.0, -1673.3, -1485.9, -31.0, 0, 0, 255
L -1673.3, -1485.9, -31.0, -1654.9, -1447.4, -31.0, 0, 0, 255
L -1654.9, -1447.4, -31.0, -1625.5, -1397.8, -31.0, 0, 0, 255
L -1625.5, -1397.8, -31.0, -1619.8, -1383.0, -31.0, 0, 0, 255
L -1619.8, -1383.0, -31.0, -1585.8, -1330.2, -31.0, 0, 0, 255
L -1585.8, -1330.2, -31.0, -1553.6, -1296.3, -30.9, 0, 0, 255
L -1553.6, -1296.3, -30.9, -1527.6, -1248.3, -31.0, 0, 0, 255
L -1527.6, -1248.3, -31.0, -1525.0, -1237.8, -31.0, 0, 0, 255
L -1525.0, -1237.8, -31.0, -1505.1, -1199.1, -30.9, 0, 0, 255
L -1505.1, -1199.1, -30.9, -1506.0, -1165.2, -30.9, 0, 0, 255
L -1506.0, -1165.2, -30.9, -1509.2, -1148.3, -31.0, 0, 0, 255
L -1509.2, -1148.3, -31.0, -1511.7, -1123.9, -30.9, 0, 0, 255
L -1511.7, -1123.9, -30.9, -1535.9, -1117.8, -31.0, 0, 0, 255
L -1535.9, -1117.8, -31.0, -1546.0, -1108.6, -31.1, 0, 0, 255
L -1546.0, -1108.6, -31.1, -1586.0, -1101.8, -30.9, 0, 0, 255
L -1586.0, -1101.8, -30.9, -1637.5, -1104.6, -31.0, 0, 0, 255
L -1637.5, -1104.6, -31.0, -1648.0, -1107.2, -31.1, 0, 0, 255
L -1648.0, -1107.2, -31.1, -1686.0, -1114.2, -31.1, 0, 0, 255
L -1686.0, -1114.2, -31.1, -1717.1, -1091.1, -30.9, 0, 0, 255
L -1717.1, -1091.1, -30.9, -1725.8, -1048.8, -31.0, 0, 0, 255
L -1725.8, -1048.8, -31.0, -1725.0, -1037.5, -31.0, 0, 0, 255
L -1725.0, -1037.5, -31.0, -1685.8, -957.5, -31.0, 0, 0, 255
L -1685.8, -957.5, -31.0, -1679.5, -949.9, -30.9, 0, 0, 255
L -1679.5, -949.9, -30.9, -1682.0, -942.1, -31.0, 0, 0, 255
L -1682.0, -942.1, -31.0, -1688.4, -935.4, -30.9, 0, 0, 255
L -1688.4, -935.4, -30.9, -1698.6, -910.7, -31.0, 0, 0, 255
L -1698.6, -910.7, -31.0, -1707.4, -897.2, -31.0, 0, 0, 255
L -1707.4, -897.2, -31.0, -1714.2, -877.4, -30.9, 0, 0, 255
L -1714.2, -877.4, -30.9, -1735.9, -855.4, -31.3, 0, 0, 255
L -1735.9, -855.4, -31.3, -1735.8, -701.5, -31.0, 0, 0, 255
L -1735.8, -701.5, -31.0, -1721.2, -648.3, -30.9, 0, 0, 255
L -1721.2, -648.3, -30.9, -1723.2, -635.3, -31.1, 0, 0, 255
L -1723.2, -635.3, -31.1, -1737.3, -589.8, -31.6, 0, 0, 255
L -1737.3, -589.8, -31.6, -1739.4, -546.4, -31.0, 0, 0, 255
L -1739.4, -546.4, -31.0, -1735.2, -523.8, -31.1, 0, 0, 255
L -1735.2, -523.8, -31.1, -1724.5, -498.9, -31.2, 0, 0, 255
L -1724.5, -498.9, -31.2, -1718.9, -480.7, -30.9, 0, 0, 255
L -1718.9, -480.7, -30.9, -1701.5, -449.7, -31.0, 0, 0, 255
L -1701.5, -449.7, -31.0, -1692.9, -406.3, -31.3, 0, 0, 255
L -1692.9, -406.3, -31.3, -1695.8, -398.6, -31.1, 0, 0, 255
L -1695.8, -398.6, -31.1, -1684.3, -356.5, -31.0, 0, 0, 255
L -1684.3, -356.5, -31.0, -1676.3, -349.6, -31.1, 0, 0, 255
L -1676.3, -349.6, -31.1, -1630.1, -298.5, -31.0, 0, 0, 255
L -1630.1, -298.5, -31.0, -1617.9, -280.5, -31.0, 0, 0, 255
L -1617.9, -280.5, -31.0, -1592.2, -248.5, -31.0, 0, 0, 255
L -1592.2, -248.5, -31.0, -1575.4, -245.7, -31.0, 0, 0, 255
L -1575.4, -245.7, -31.0, -1535.1, -248.7, -31.0, 0, 0, 255
L -1535.1, -248.7, -31.0, -1485.5, -248.1, -30.9, 0, 0, 255
L -1485.5, -248.1, -30.9, -1436.6, -230.3, -30.9, 0, 0, 255
L -1436.6, -230.3, -30.9, -1404.6, -198.2, -30.9, 0, 0, 255
L -1404.6, -198.2, -30.9, -1406.8, -167.0, -31.0, 0, 0, 255
L -1406.8, -167.0, -31.0, -1406.1, -147.7, -31.0, 0, 0, 255
L -1406.1, -147.7, -31.0, -1409.7, -123.7, -31.0, 0, 0, 255
L -1409.7, -123.7, -31.0, -1436.1, -112.0, -31.1, 0, 0, 255
L -1436.1, -112.0, -31.1, -1442.7, -105.5, -31.0, 0, 0, 255
L -1442.7, -105.5, -31.0, -1455.0, -98.6, -31.0, 0, 0, 255
L -1455.0, -98.6, -31.0, -1467.0, -82.8, -30.9, 0, 0, 255
L -1467.0, -82.8, -30.9, -1485.9, -85.9, -31.0, 0, 0, 255
L -1485.9, -85.9, -31.0, -1492.4, -83.6, -30.9, 0, 0, 255
L -1492.4, -83.6, -30.9, -1509.9, -73.8, -31.1, 0, 0, 255
L -1509.9, -73.8, -31.1, -1536.9, -77.3, -31.1, 0, 0, 255
L -1536.9, -77.3, -31.1, -1567.1, -75.0, -30.9, 0, 0, 255
L -1567.1, -75.0, -30.9, -1585.4, -71.9, -30.9, 0, 0, 255
L -1585.4, -71.9, -30.9, -1598.8, -72.0, -30.9, 0, 0, 255
L -1598.8, -72.0, -30.9, -1656.4, -45.2, -31.0, 0, 0, 255
L -1656.4, -45.2, -31.0, -1685.9, -36.6, -31.0, 0, 0, 255
L -1685.9, -36.6, -31.0, -1696.6, -8.0, -30.9, 0, 0, 255
L -1696.6, -8.0, -30.9, -1685.7, 23.8, -31.0, 0, 0, 255
L -1685.7, 23.8, -31.0, -1664.6, 52.9, -30.8, 0, 0, 255
L -1664.6, 52.9, -30.8, -1662.0, 78.3, -30.4, 0, 0, 255
L -1662.0, 78.3, -30.4, -1690.2, 92.0, -30.2, 0, 0, 255
L -1690.2, 92.0, -30.2, -1691.0, 101.0, -31.0, 0, 0, 255
L -1691.0, 101.0, -31.0, -1694.4, 151.8, -30.9, 0, 0, 255
L -1694.4, 151.8, -30.9, -1689.8, 172.5, -30.9, 0, 0, 255
L -1689.8, 172.5, -30.9, -1684.4, 188.8, -31.0, 0, 0, 255
L -1684.4, 188.8, -31.0, -1636.3, 188.7, -31.0, 0, 0, 255
L -1636.3, 188.7, -31.0, -1628.4, 158.9, -30.9, 0, 0, 255
L -1628.4, 158.9, -30.9, -1622.6, 146.6, -31.0, 0, 0, 255
L -1622.6, 146.6, -31.0, -1615.7, 122.0, -30.9, 0, 0, 255
L -1615.7, 122.0, -30.9, -1587.3, 113.9, -31.0, 0, 0, 255
L -1587.3, 113.9, -31.0, -1536.7, 118.2, -31.0, 0, 0, 255
L -1536.7, 118.2, -31.0, -1506.9, 152.7, -30.8, 0, 0, 255
L -1506.9, 152.7, -30.8, -1499.7, 188.5, -30.9, 0, 0, 255
L -1499.7, 188.5, -30.9, -1494.6, 200.6, -31.0, 0, 0, 255
L -1494.6, 200.6, -31.0, -1502.1, 238.4, -30.9, 0, 0, 255
L -1502.1, 238.4, -30.9, -1513.2, 250.4, -31.0, 0, 0, 255
L -1513.2, 250.4, -31.0, -1518.0, 268.5, -30.9, 0, 0, 255
L -1518.0, 268.5, -30.9, -1536.3, 275.1, -30.9, 0, 0, 255
L -1536.3, 275.1, -30.9, -1566.9, 277.7, -31.0, 0, 0, 255
L -1566.9, 277.7, -31.0, -1585.6, 277.1, -30.9, 0, 0, 255
L -1585.6, 277.1, -30.9, -1610.5, 263.0, -31.1, 0, 0, 255
L -1610.5, 263.0, -31.1, -1627.7, 251.0, -30.9, 0, 0, 255
L -1627.7, 251.0, -30.9, -1636.6, 222.8, -31.0, 0, 0, 255
L -1636.6, 222.8, -31.0, -1663.2, 224.0, -31.0, 0, 0, 255
L -1663.2, 224.0, -31.0, -1642.4, 251.4, -31.0, 0, 0, 255
L -1642.4, 251.4, -31.0, -1649.5, 288.4, -31.0, 0, 0, 255
L -1649.5, 288.4, -31.0, -1644.5, 302.6, -30.9, 0, 0, 255
L -1644.5, 302.6, -30.9, -1647.5, 337.4, -31.0, 0, 0, 255
L -1647.5, 337.4, -31.0, -1656.3, 353.2, -31.1, 0, 0, 255
L -1656.3, 353.2, -31.1, -1658.5, 369.7, -31.2, 0, 0, 255
L -1658.5, 369.7, -31.2, -1665.0, 399.9, -29.6, 0, 0, 255
L -1665.0, 399.9, -29.6, -1668.5, 420.7, -30.9, 0, 0, 255
L -1668.5, 420.7, -30.9, -1685.4, 433.1, -31.0, 0, 0, 255
L -1685.4, 433.1, -31.0, -1690.7, 452.9, -30.9, 0, 0, 255
L -1690.7, 452.9, -30.9, -1681.3, 505.0, -31.0, 0, 0, 255
L -1681.3, 505.0, -31.0, -1687.4, 505.1, -30.7, 0, 0, 255
L -1687.4, 505.1, -30.7, -1695.0, 542.9, -31.0, 0, 0, 255
L -1695.0, 542.9, -31.0, -1708.6, 551.6, -31.0, 0, 0, 255
L -1708.6, 551.6, -31.0, -1709.3, 579.3, -31.0, 0, 0, 255
L -1709.3, 579.3, -31.0, -1736.7, 587.1, -30.2, 0, 0, 255
L -1736.7, 587.1, -30.2, -1736.7, 657.8, -31.0, 0, 0, 255
L -1736.7, 657.8, -31.0, -1735.1, 667.0, -30.9, 0, 0, 255
L -1735.1, 667.0, -30.9, -1706.2, 700.3, -31.0, 0, 0, 255
L -1706.2, 700.3, -31.0, -1686.0, 727.2, -31.0, 0, 0, 255
L -1686.0, 727.2, -31.0, -1665.9, 750.6, -31.0, 0, 0, 255
L -1665.9, 750.6, -31.0, -1665.9, 770.7, -31.0, 0, 0, 255
L -1665.9, 770.7, -31.0, -1686.8, 776.0, -30.9, 0, 0, 255
L -1686.8, 776.0, -30.9, -1695.6, 793.5, -31.0, 0, 0, 255
L -1695.6, 793.5, -31.0, -1704.3, 800.5, -31.1, 0, 0, 255
L -1704.3, 800.5, -31.1, -1705.0, 832.2, -31.0, 0, 0, 255
L -1705.0, 832.2, -31.0, -1702.6, 851.1, -31.1, 0, 0, 255
L -1702.6, 851.1, -31.1, -1685.4, 874.8, -31.0, 0, 0, 255
L -1685.4, 874.8, -31.0, -1658.1, 902.2, -30.9, 0, 0, 255
L -1658.1, 902.2, -30.9, -1660.5, 926.2, -30.9, 0, 0, 255
L -1660.5, 926.2, -30.9, -1687.2, 930.2, -31.1, 0, 0, 255
L -1687.2, 930.2, -31.1, -1693.8, 943.6, -31.0, 0, 0, 255
L -1693.8, 943.6, -31.0, -1703.4, 952.3, -31.0, 0, 0, 255
L -1703.4, 952.3, -31.0, -1686.1, 999.1, -31.0, 0, 0, 255
L -1686.1, 999.1, -31.0, -1653.8, 983.7, -31.0, 0, 0, 255
L -1653.8, 983.7, -31.0, -1633.9, 985.6, -30.8, 0, 0, 255
L -1633.9, 985.6, -30.8, -1611.1, 966.6, -31.1, 0, 0, 255
L -1611.1, 966.6, -31.1, -1618.4, 952.0, -31.1, 0, 0, 255
L -1618.4, 952.0, -31.1, -1619.7, 928.3, -31.0, 0, 0, 255
L -1619.7, 928.3, -31.0, -1622.9, 906.1, -31.0, 0, 0, 255
L -1622.9, 906.1, -31.0, -1620.6, 867.1, -30.9, 0, 0, 255
L -1620.6, 867.1, -30.9, -1607.3, 850.3, -31.1, 0, 0, 255
L -1607.3, 850.3, -31.1, -1604.2, 832.2, -30.9, 0, 0, 255
L -1604.2, 832.2, -30.9, -1595.8, 830.6, -30.7, 0, 0, 255
L -1595.8, 830.6, -30.7, -1561.5, 812.2, -31.0, 0, 0, 255
L -1561.5, 812.2, -31.0, -1533.7, 807.1, -31.1, 0, 0, 255
L -1533.7, 807.1, -31.1, -1485.9, 810.9, -31.0, 0, 0, 255
L -1485.9, 810.9, -31.0, -1471.5, 814.1, -31.0, 0, 0, 255
L -1471.5, 814.1, -31.0, -1415.8, 822.2, -31.0, 0, 0, 255
L -1415.8, 822.2, -31.0, -1384.8, 824.6, -31.0, 0, 0, 255
L -1384.8, 824.6, -31.0, -1353.2, 831.5, -31.0, 0, 0, 255
L -1353.2, 831.5, -31.0, -1335.8, 833.4, -31.0, 0, 0, 255
L -1335.8, 833.4, -31.0, -1301.8, 832.9, -31.0, 0, 0, 255
L -1301.8, 832.9, -31.0, -1258.2, 828.4, -31.0, 0, 0, 255
L -1258.2, 828.4, -31.0, -1235.2, 829.5, -31.0, 0, 0, 255
L -1235.2, 829.5, -31.0, -1198.1, 852.8, -30.9, 0, 0, 255
L -1198.1, 852.8, -30.9, -1185.7, 858.9, -30.9, 0, 0, 255
L -1185.7, 858.9, -30.9, -1182.7, 866.2, -30.4, 0, 0, 255
L -1182.7, 866.2, -30.4, -1154.6, 897.5, -31.0, 0, 0, 255
L -1154.6, 897.5, -31.0, -1152.9, 901.2, -30.9, 0, 0, 255
L -1152.9, 901.2, -30.9, -1151.6, 911.0, -30.5, 0, 0, 255
L -1151.6, 911.0, -30.5, -1152.0, 934.0, -31.0, 0, 0, 255
L -1152.0, 934.0, -31.0, -1149.4, 951.5, -31.1, 0, 0, 255
L -1149.4, 951.5, -31.1, -1151.8, 985.3, -30.9, 0, 0, 255
L -1151.8, 985.3, -30.9, -1166.2, 1001.9, -30.9, 0, 0, 255
L -1166.2, 1001.9, -30.9, -1166.4, 1019.8, -31.1, 0, 0, 255
L -1166.4, 1019.8, -31.1, -1186.2, 1025.8, -31.0, 0, 0, 255
L -1186.2, 1025.8, -31.0, -1197.3, 1040.4, -30.8, 0, 0, 255
L -1197.3, 1040.4, -30.8, -1223.4, 1051.8, -31.0, 0, 0, 255
L -1223.4, 1051.8, -31.0, -1227.1, 1059.6, -31.0, 0, 0, 255
L -1227.1, 1059.6, -31.0, -1237.1, 1062.1, -30.9, 0, 0, 255
L -1237.1, 1062.1, -30.9, -1253.4, 1083.9, -30.9, 0, 0, 255
L -1253.4, 1083.9, -30.9, -1262.4, 1084.4, -29.1, 0, 0, 255
L -1262.4, 1084.4, -29.1, -1275.5, 1086.7, -31.0, 0, 0, 255
L -1275.5, 1086.7, -31.0, -1287.8, 1087.9, -30.9, 0, 0, 255
L -1287.8, 1087.9, -30.9, -1297.0, 1091.5, -31.1, 0, 0, 255
L -1297.0, 1091.5, -31.1, -1344.0, 1097.3, -30.9, 0, 0, 255
L -1344.0, 1097.3, -30.9, -1380.7, 1100.4, -31.0, 0, 0, 255
L -1380.7, 1100.4, -31.0, -1387.5, 1100.7, -31.0, 0, 0, 255
L -1387.5, 1100.7, -31.0, -1435.0, 1098.4, -30.8, 0, 0, 255
L -1435.0, 1098.4, -30.8, -1486.4, 1092.4, -30.9, 0, 0, 255
L -1486.4, 1092.4, -30.9, -1533.3, 1049.7, -30.9, 0, 0, 255
L -1533.3, 1049.7, -30.9, -1550.8, 1035.8, -31.0, 0, 0, 255
L -1550.8, 1035.8, -31.0, -1587.0, 1032.6, -31.0, 0, 0, 255
L -1587.0, 1032.6, -31.0, -1601.9, 1035.0, -31.0, 0, 0, 255
L -1601.9, 1035.0, -31.0, -1592.0, 1050.9, -30.9, 0, 0, 255
L -1592.0, 1050.9, -30.9, -1617.6, 1070.6, -31.1, 0, 0, 255
L -1617.6, 1070.6, -31.1, -1635.8, 1069.4, -31.1, 0, 0, 255
L -1635.8, 1069.4, -31.1, -1682.8, 1054.8, -31.0, 0, 0, 255
L -1682.8, 1054.8, -31.0, -1709.2, 1057.9, -31.2, 0, 0, 255
L -1709.2, 1057.9, -31.2, -1722.7, 1059.0, -30.6, 0, 0, 255
L -1722.7, 1059.0, -30.6, -1728.3, 1063.0, -30.8, 0, 0, 255
L -1728.3, 1063.0, -30.8, -1741.5, 1095.6, -31.2, 0, 0, 255
L -1741.5, 1095.6, -31.2, -1738.2, 1126.8, -30.9, 0, 0, 255
L -1738.2, 1126.8, -30.9, -1737.9, 1152.0, -31.2, 0, 0, 255
L -1737.9, 1152.0, -31.2, -1735.0, 1168.7, -31.0, 0, 0, 255
L -1735.0, 1168.7, -31.0, -1722.3, 1202.5, -31.0, 0, 0, 255
L -1722.3, 1202.5, -31.0, -1718.7, 1219.2, -30.9, 0, 0, 255
L -1718.7, 1219.2, -30.9, -1702.9, 1252.1, -31.4, 0, 0, 255
L -1702.9, 1252.1, -31.4, -1710.4, 1276.8, -30.6, 0, 0, 255
L -1710.4, 1276.8, -30.6, -1723.7, 1300.2, -31.2, 0, 0, 255
L -1723.7, 1300.2, -31.2, -1727.9, 1315.2, -30.7, 0, 0, 255
L -1727.9, 1315.2, -30.7, -1733.0, 1326.2, -30.5, 0, 0, 255
L -1733.0, 1326.2, -30.5, -1738.0, 1350.9, -31.2, 0, 0, 255
L -1738.0, 1350.9, -31.2, -1734.3, 1370.9, -31.1, 0, 0, 255
L -1734.3, 1370.9, -31.1, -1724.7, 1401.9, -31.2, 0, 0, 255
L -1724.7, 1401.9, -31.2, -1705.1, 1450.8, -30.9, 0, 0, 255
L -1705.1, 1450.8, -30.9, -1699.9, 1487.0, -31.3, 0, 0, 255
L -1699.9, 1487.0, -31.3, -1711.8, 1499.9, -30.7, 0, 0, 255
L -1711.8, 1499.9, -30.7, -1707.8, 1519.4, -31.0, 0, 0, 255
L -1707.8, 1519.4, -31.0, -1708.1, 1534.9, -31.0, 0, 0, 255
L -1708.1, 1534.9, -31.0, -1734.7, 1551.1, -31.1, 0, 0, 255
L -1734.7, 1551.1, -31.1, -1737.9, 1600.2, -31.0, 0, 0, 255
L -1737.9, 1600.2, -31.0, -1737.3, 1653.5, -30.7, 0, 0, 255
L -1737.3, 1653.5, -30.7, -1735.8, 1661.9, -30.9, 0, 0, 255
L -1735.8, 1661.9, -30.9, -1689.2, 1701.4, -31.0, 0, 0, 255
L -1689.2, 1701.4, -31.0, -1683.5, 1710.7, -31.0, 0, 0, 255
L -1683.5, 1710.7, -31.0, -1661.4, 1742.9, -31.1, 0, 0, 255
L -1661.4, 1742.9, -31.1, -1657.2, 1751.8, -30.9, 0, 0, 255
L -1657.2, 1751.8, -30.9, -1638.4, 1800.8, -31.0, 0, 0, 255
L -1638.4, 1800.8, -31.0, -1656.5, 1842.5, -31.0, 0, 0, 255
L -1656.5, 1842.5, -31.0, -1671.8, 1851.2, -31.0, 0, 0, 255
L -1671.8, 1851.2, -31.0, -1673.6, 1863.9, -31.0, 0, 0, 255
L -1673.6, 1863.9, -31.0, -1685.4, 1864.1, -31.0, 0, 0, 255
L -1685.4, 1864.1, -31.0, -1699.6, 1887.6, -30.8, 0, 0, 255
L -1699.6, 1887.6, -30.8, -1731.8, 1901.1, -30.5, 0, 0, 255
L -1731.8, 1901.1, -30.5, -1735.5, 1922.9, -31.7, 0, 0, 255
L -1735.5, 1922.9, -31.7, -1737.2, 1935.1, -30.7, 0, 0, 255
L -1737.2, 1935.1, -30.7, -1737.9, 1950.0, -31.0, 0, 0, 255
L -1737.9, 1950.0, -31.0, -1739.5, 2048.4, -30.9, 0, 0, 255
L -1739.5, 2048.4, -30.9, -1735.6, 2110.1, -30.9, 0, 0, 255
L -1735.6, 2110.1, -30.9, -1723.0, 2152.0, -30.9, 0, 0, 255
L -1723.0, 2152.0, -30.9, -1689.7, 2200.6, -30.8, 0, 0, 255
L -1689.7, 2200.6, -30.8, -1696.5, 2225.9, -31.1, 0, 0, 255
L -1696.5, 2225.9, -31.1, -1701.3, 2236.8, -31.0, 0, 0, 255
L -1701.3, 2236.8, -31.0, -1710.6, 2251.3, -31.0, 0, 0, 255
L -1710.6, 2251.3, -31.0, -1712.5, 2275.7, -31.0, 0, 0, 255
L -1712.5, 2275.7, -31.0, -1720.2, 2299.8, -30.9, 0, 0, 255
L -1720.2, 2299.8, -30.9, -1722.4, 2313.6, -31.0, 0, 0, 255
L -1722.4, 2313.6, -31.0, -1721.2, 2351.7, -31.0, 0, 0, 255
L -1721.2, 2351.7, -31.0, -1706.7, 2379.8, -31.1, 0, 0, 255
L -1706.7, 2379.8, -31.1, -1691.3, 2401.4, -30.6, 0, 0, 255
L -1691.3, 2401.4, -30.6, -1690.0, 2458.6, -30.6, 0, 0, 255
L -1690.0, 2458.6, -30.6, -1704.6, 2501.1, -31.2, 0, 0, 255
L -1704.6, 2501.1, -31.2, -1710.6, 2529.7, -30.9, 0, 0, 255
L -1710.6, 2529.7, -30.9, -1720.1, 2552.5, -31.3, 0, 0, 255
L -1720.1, 2552.5, -31.3, -1709.7, 2577.8, -30.9, 0, 0, 255
L -1709.7, 2577.8, -30.9, -1716.2, 2602.2, -29.2, 0, 0, 255
L -1716.2, 2602.2, -29.2, -1691.5, 2603.2, -31.4, 0, 0, 255
L -1691.5, 2603.2, -31.4, -1675.9, 2594.5, -31.3, 0, 0, 255
L -1675.9, 2594.5, -31.3, -1667.4, 2570.0, -31.0, 0, 0, 255
L -1667.4, 2570.0, -31.0, -1634.9, 2558.5, -31.0, 0, 0, 255
L -1634.9, 2558.5, -31.0, -1623.3, 2560.0, -31.0, 0, 0, 255
L -1623.3, 2560.0, -31.0, -1585.7, 2551.3, -30.9, 0, 0, 255
L -1585.7, 2551.3, -30.9, -1535.5, 2556.8, -31.1, 0, 0, 255
L -1535.5, 2556.8, -31.1, -1524.3, 2551.1, -30.9, 0, 0, 255
L -1524.3, 2551.1, -30.9, -1536.6, 2538.7, -31.0, 0, 0, 255
L -1536.6, 2538.7, -31.0, -1557.4, 2500.5, -30.9, 0, 0, 255
L -1557.4, 2500.5, -30.9, -1547.1, 2486.6, -30.6, 0, 0, 255
L -1547.1, 2486.6, -30.6, -1546.0, 2450.3, -30.8, 0, 0, 255
L -1546.0, 2450.3, -30.8, -1539.9, 2441.5, -31.0, 0, 0, 255
L -1539.9, 2441.5, -31.0, -1507.1, 2427.7, -30.9, 0, 0, 255
L -1507.1, 2427.7, -30.9, -1486.2, 2404.6, -30.9, 0, 0, 255
L -1486.2, 2404.6, -30.9, -1476.7, 2409.9, -30.9, 0, 0, 255
L -1476.7, 2409.9, -30.9, -1435.7, 2422.6, -30.9, 0, 0, 255
L -1435.7, 2422.6, -30.9, -1409.7, 2451.9, -30.9, 0, 0, 255
L -1409.7, 2451.9, -30.9, -1406.9, 2481.4, -31.0, 0, 0, 255
L -1406.9, 2481.4, -31.0, -1407.8, 2501.6, -31.0, 0, 0, 255
L -1407.8, 2501.6, -31.0, -1385.7, 2511.5, -31.1, 0, 0, 255
L -1385.7, 2511.5, -31.1, -1376.5, 2509.0, -31.0, 0, 0, 255
L -1376.5, 2509.0, -31.0, -1336.0, 2509.3, -31.0, 0, 0, 255
L -1336.0, 2509.3, -31.0, -1327.6, 2508.0, -31.0, 0, 0, 255
L -1327.6, 2508.0, -31.0, -1260.5, 2505.3, -31.0, 0, 0, 255
L -1260.5, 2505.3, -31.0, -1235.7, 2506.8, -30.9, 0, 0, 255
L -1235.7, 2506.8, -30.9, -1215.4, 2520.3, -30.9, 0, 0, 255
L -1215.4, 2520.3, -30.9, -1186.3, 2526.7, -30.9, 0, 0, 255
L -1186.3, 2526.7, -30.9, -1157.0, 2551.4, -30.9, 0, 0, 255
L -1157.0, 2551.4, -30.9, -1147.4, 2581.0, -31.0, 0, 0, 255
L -1147.4, 2581.0, -31.0, -1142.1, 2595.8, -31.0, 0, 0, 255
L -1142.1, 2595.8, -31.0, -1138.5, 2601.9, -29.3, 0, 0, 255
L -1138.5, 2601.9, -29.3, -1079.9, 2602.4, -31.2, 0, 0, 255
L -1079.9, 2602.4, -31.2, -1069.4, 2594.6, -31.0, 0, 0, 255
L -1069.4, 2594.6, -31.0, -1066.3, 2570.5, -31.0, 0, 0, 255
L -1066.3, 2570.5, -31.0, -1035.3, 2565.1, -30.8, 0, 0, 255
L -1035.3, 2565.1, -30.8, -1030.8, 2556.3, -31.1, 0, 0, 255
L -1030.8, 2556.3, -31.1, -1019.5, 2550.6, -30.8, 0, 0, 255
L -1019.5, 2550.6, -30.8, -1023.1, 2514.3, -31.0, 0, 0, 255
L -1023.1, 2514.3, -31.0, -987.7, 2505.0, -31.1, 0, 0, 255
L -987.7, 2505.0, -31.1, -950.2, 2552.5, -30.9, 0, 0, 255
L -950.2, 2552.5, -30.9, -935.1, 2566.5, -30.9, 0, 0, 255
L -935.1, 2566.5, -30.9, -914.1, 2571.3, -31.0, 0, 0, 255
L -914.1, 2571.3, -31.0, -885.1, 2572.2, -30.9, 0, 0, 255
L -885.1, 2572.2, -30.9, -860.3, 2549.9, -30.9, 0, 0, 255
L -860.3, 2549.9, -30.9, -857.6, 2528.9, -31.0, 0, 0, 255
L -857.6, 2528.9, -31.0, -835.7, 2530.1, -31.0, 0, 0, 255
L -835.7, 2530.1, -31.0, -807.6, 2551.4, -31.0, 0, 0, 255
L -807.6, 2551.4, -31.0, -786.3, 2562.0, -31.1, 0, 0, 255
L -786.3, 2562.0, -31.1, -777.9, 2556.4, -30.9, 0, 0, 255
L -777.9, 2556.4, -30.9, -768.3, 2549.8, -30.8, 0, 0, 255
L -768.3, 2549.8, -30.8, -762.3, 2526.1, -30.9, 0, 0, 255
L -762.3, 2526.1, -30.9, -736.0, 2521.2, -31.0, 0, 0, 255
L -736.0, 2521.2, -31.0, -694.2, 2541.9, -30.9, 0, 0, 255
L -694.2, 2541.9, -30.9, -711.5, 2499.6, -31.0, 0, 0, 255
L -711.5, 2499.6, -31.0, -715.9, 2493.4, -31.0, 0, 0, 255
L -715.9, 2493.4, -31.0, -733.5, 2467.1, -31.0, 0, 0, 255
L -733.5, 2467.1, -31.0, -736.7, 2462.5, -31.0, 0, 0, 255
L -736.7, 2462.5, -31.0, -754.4, 2450.1, -31.0, 0, 0, 255
L -754.4, 2450.1, -31.0, -787.3, 2433.9, -31.1, 0, 0, 255
L -787.3, 2433.9, -31.1, -814.1, 2400.1, -30.9, 0, 0, 255
L -814.1, 2400.1, -30.9, -812.1, 2370.9, -30.9, 0, 0, 255
L -812.1, 2370.9, -30.9, -814.2, 2350.2, -31.1, 0, 0, 255
L -814.2, 2350.2, -31.1, -798.5, 2335.5, -30.9, 0, 0, 255
L -798.5, 2335.5, -30.9, -784.7, 2315.0, -31.0, 0, 0, 255
L -784.7, 2315.0, -31.0, -777.1, 2306.9, -31.0, 0, 0, 255
L -777.1, 2306.9, -31.0, -767.3, 2299.7, -30.9, 0, 0, 255
L -767.3, 2299.7, -30.9, -752.7, 2283.4, -31.0, 0, 0, 255
L -752.7, 2283.4, -31.0, -734.5, 2266.8, -31.0, 0, 0, 255
L -734.5, 2266.8, -31.0, -726.1, 2260.2, -30.9, 0, 0, 255
L -726.1, 2260.2, -30.9, -710.9, 2251.2, -31.0, 0, 0, 255
L -710.9, 2251.2, -31.0, -702.7, 2235.1, -31.0, 0, 0, 255
L -702.7, 2235.1, -31.0, -684.6, 2231.2, -30.9, 0, 0, 255
L -684.6, 2231.2, -30.9, -666.7, 2219.4, -31.1, 0, 0, 255
L -666.7, 2219.4, -31.1, -636.4, 2214.1, -30.8, 0, 0, 255
L -636.4, 2214.1, -30.8, -628.8, 2205.7, -31.0, 0, 0, 255
L -628.8, 2205.7, -31.0, -626.0, 2199.4, -31.1, 0, 0, 255
L -626.0, 2199.4, -31.1, -615.5, 2169.4, -30.9, 0, 0, 255
L -615.5, 2169.4, -30.9, -586.3, 2161.3, -31.0, 0, 0, 255
L -586.3, 2161.3, -31.0, -580.3, 2156.0, -31.1, 0, 0, 255
L -580.3, 2156.0, -31.1, -569.6, 2149.2, -31.0, 0, 0, 255
L -569.6, 2149.2, -31.0, -571.0, 2143.8, -31.1, 0, 0, 255
L -571.0, 2143.8, -31.1, -572.7, 2114.6, -31.0, 0, 0, 255
L -572.7, 2114.6, -31.0, -536.2, 2108.8, -31.0, 0, 0, 255
L -536.2, 2108.8, -31.0, -528.0, 2103.3, -31.0, 0, 0, 255
L -528.0, 2103.3, -31.0, -529.2, 2099.1, -30.9, 0, 0, 255
L -529.2, 2099.1, -30.9, -585.8, 2097.2, -31.0, 0, 0, 255
L -585.8, 2097.2, -31.0, -640.0, 2101.5, -31.0, 0, 0, 255
L -640.0, 2101.5, -31.0, -677.4, 2111.7, -31.0, 0, 0, 255
L -677.4, 2111.7, -31.0, -687.1, 2112.0, -31.0, 0, 0, 255
L -687.1, 2112.0, -31.0, -713.5, 2124.0, -31.0, 0, 0, 255
L -713.5, 2124.0, -31.0, -737.6, 2126.2, -31.0, 0, 0, 255
L -737.6, 2126.2, -31.0, -758.7, 2131.1, -31.0, 0, 0, 255
L -758.7, 2131.1, -31.0, -787.7, 2135.8, -31.0, 0, 0, 255
L -787.7, 2135.8, -31.0, -798.3, 2140.6, -31.0, 0, 0, 255
L -798.3, 2140.6, -31.0, -816.4, 2143.5, -30.9, 0, 0, 255
L -816.4, 2143.5, -30.9, -849.9, 2152.4, -31.1, 0, 0, 255
L -849.9, 2152.4, -31.1, -879.9, 2159.9, -31.0, 0, 0, 255
L -879.9, 2159.9, -31.0, -888.5, 2164.3, -31.0, 0, 0, 255
L -888.5, 2164.3, -31.0, -908.0, 2179.3, -31.0, 0, 0, 255
L -908.0, 2179.3, -31.0, -936.5, 2193.3, -31.0, 0, 0, 255
L -936.5, 2193.3, -31.0, -966.6, 2199.0, -30.9, 0, 0, 255
L -966.6, 2199.0, -30.9, -983.9, 2204.5, -31.0, 0, 0, 255
L -983.9, 2204.5, -31.0, -1017.1, 2221.8, -31.0, 0, 0, 255
L -1017.1, 2221.8, -31.0, -1037.3, 2226.2, -31.0, 0, 0, 255
L -1037.3, 2226.2, -31.0, -1052.8, 2235.3, -31.0, 0, 0, 255
L -1052.8, 2235.3, -31.0, -1087.5, 2240.3, -31.0, 0, 0, 255
L -1087.5, 2240.3, -31.0, -1094.1, 2243.8, -31.0, 0, 0, 255
L -1094.1, 2243.8, -31.0, -1137.3, 2251.7, -31.0, 0, 0, 255
L -1137.3, 2251.7, -31.0, -1160.2, 2277.4, -31.0, 0, 0, 255
L -1160.2, 2277.4, -31.0, -1189.6, 2285.1, -31.0, 0, 0, 255
L -1189.6, 2285.1, -31.0, -1200.2, 2289.4, -31.0, 0, 0, 255
L -1200.2, 2289.4, -31.0, -1242.7, 2295.5, -31.0, 0, 0, 255
L -1242.7, 2295.5, -31.0, -1287.0, 2300.4, -30.9, 0, 0, 255
L -1287.0, 2300.4, -30.9, -1336.9, 2300.7, -31.0, 0, 0, 255
L -1336.9, 2300.7, -31.0, -1387.5, 2293.2, -31.0, 0, 0, 255
L -1387.5, 2293.2, -31.0, -1402.2, 2285.8, -31.0, 0, 0, 255
L -1402.2, 2285.8, -31.0, -1436.4, 2275.7, -31.0, 0, 0, 255
L -1436.4, 2275.7, -31.0, -1463.6, 2246.1, -30.9, 0, 0, 255
L -1463.6, 2246.1, -30.9, -1481.8, 2201.0, -30.9, 0, 0, 255
L -1481.8, 2201.0, -30.9, -1476.4, 2159.1, -30.9, 0, 0, 255
L -1476.4, 2159.1, -30.9, -1472.5, 2148.1, -31.0, 0, 0, 255
L -1472.5, 2148.1, -31.0, -1463.2, 2123.3, -30.9, 0, 0, 255
L -1463.2, 2123.3, -30.9, -1434.8, 2099.5, -31.0, 0, 0, 255
L -1434.8, 2099.5, -31.0, -1416.1, 2070.7, -31.0, 0, 0, 255
L -1416.1, 2070.7, -31.0, -1386.3, 2055.9, -31.0, 0, 0, 255
L -1386.3, 2055.9, -31.0, -1385.8, 2036.2, -31.0, 0, 0, 255
L -1385.8, 2036.2, -31.0, -1399.8, 2002.0, -31.0, 0, 0, 255
L -1399.8, 2002.0, -31.0, -1437.8, 1982.6, -31.0, 0, 0, 255
L -1437.8, 1982.6, -31.0, -1471.3, 1950.2, -30.9, 0, 0, 255
L -1471.3, 1950.2, -30.9, -1485.6, 1898.7, -30.9, 0, 0, 255
L -1485.6, 1898.7, -30.9, -1485.3, 1849.8, -31.0, 0, 0, 255
L -1485.3, 1849.8, -31.0, -1474.7, 1812.2, -31.0, 0, 0, 255
L -1474.7, 1812.2, -31.0, -1453.5, 1799.8, -31.0, 0, 0, 255
L -1453.5, 1799.8, -31.0, -1449.1, 1787.7, -31.0, 0, 0, 255
L -1449.1, 1787.7, -31.0, -1435.7, 1786.0, -31.0, 0, 0, 255
L -1435.7, 1786.0, -31.0, -1417.7, 1767.4, -31.2, 0, 0, 255
L -1417.7, 1767.4, -31.2, -1388.0, 1765.8, -31.2, 0, 0, 255
L -1388.0, 1765.8, -31.2, -1374.1, 1762.8, -30.8, 0, 0, 255
L -1374.1, 1762.8, -30.8, -1336.2, 1759.3, -30.9, 0, 0, 255
L -1336.2, 1759.3, -30.9, -1282.1, 1751.6, -31.0, 0, 0, 255
L -1282.1, 1751.6, -31.0, -1262.9, 1721.9, -31.1, 0, 0, 255
L -1262.9, 1721.9, -31.1, -1218.1, 1700.4, -31.0, 0, 0, 255
L -1218.1, 1700.4, -31.0, -1203.5, 1683.1, -31.0, 0, 0, 255
L -1203.5, 1683.1, -31.0, -1184.6, 1681.4, -30.9, 0, 0, 255
L -1184.6, 1681.4, -30.9, -1167.1, 1668.1, -31.1, 0, 0, 255
L -1167.1, 1668.1, -31.1, -1134.3, 1661.8, -31.0, 0, 0, 255
L -1134.3, 1661.8, -31.0, -1083.6, 1659.5, -30.9, 0, 0, 255
L -1083.6, 1659.5, -30.9, -1054.4, 1666.2, -31.0, 0, 0, 255
L -1054.4, 1666.2, -31.0, -1034.4, 1670.9, -31.0, 0, 0, 255
L -1034.4, 1670.9, -31.0, -997.2, 1687.9, -31.0, 0, 0, 255
L -997.2, 1687.9, -31.0, -984.7, 1690.1, -31.0, 0, 0, 255
L -984.7, 1690.1, -31.0, -967.7, 1701.8, -31.1, 0, 0, 255
L -967.7, 1701.8, -31.1, -935.6, 1724.3, -31.0, 0, 0, 255
L -935.6, 1724.3, -31.0, -915.2, 1752.3, -31.0, 0, 0, 255
L -915.2, 1752.3, -31.0, -911.4, 1775.4, -31.0, 0, 0, 255
L -911.4, 1775.4, -31.0, -896.3, 1802.4, -31.0, 0, 0, 255
L -896.3, 1802.4, -31.0, -887.7, 1853.6, -31.2, 0, 0, 255
L -887.7, 1853.6, -31.2, -881.8, 1860.3, -31.0, 0, 0, 255
L -881.8, 1860.3, -31.0, -825.2, 1886.3, -31.0, 0, 0, 255
L -825.2, 1886.3, -31.0, -814.5, 1889.6, -30.9, 0, 0, 255
L -814.5, 1889.6, -30.9, -785.0, 1895.7, -31.0, 0, 0, 255
L -785.0, 1895.7, -31.0, -733.0, 1895.7, -31.0, 0, 0, 255
L -733.0, 1895.7, -31.0, -694.2, 1891.7, -31.1, 0, 0, 255
L -694.2, 1891.7, -31.1, -685.3, 1897.2, -30.9, 0, 0, 255
L -685.3, 1897.2, -30.9, -629.6, 1897.5, -30.9, 0, 0, 255
L -629.6, 1897.5, -30.9, -589.7, 1895.2, -30.8, 0, 0, 255
L -589.7, 1895.2, -30.8, -584.2, 1889.7, -31.0, 0, 0, 255
L -584.2, 1889.7, -31.0, -533.9, 1884.0, -30.9, 0, 0, 255
L -533.9, 1884.0, -30.9, -498.2, 1881.7, -31.0, 0, 0, 255
L -498.2, 1881.7, -31.0, -484.3, 1882.2, -31.0, 0, 0, 255
L -484.3, 1882.2, -31.0, -454.2, 1880.3, -30.9, 0, 0, 255
L -454.2, 1880.3, -30.9, -434.1, 1880.3, -31.0, 0, 0, 255
L -434.1, 1880.3, -31.0, -395.7, 1891.4, -31.0, 0, 0, 255
L -395.7, 1891.4, -31.0, -385.9, 1891.9, -31.0, 0, 0, 255
L -385.9, 1891.9, -31.0, -373.5, 1902.1, -31.0, 0, 0, 255
L -373.5, 1902.1, -31.0, -352.2, 1934.7, -31.1, 0, 0, 255
L -352.2, 1934.7, -31.1, -339.7, 1952.8, -30.9, 0, 0, 255
L -339.7, 1952.8, -30.9, -338.0, 1974.5, -31.0, 0, 0, 255
L -338.0, 1974.5, -31.0, -339.1, 2012.7, -30.9, 0, 0, 255
L -339.1, 2012.7, -30.9, -345.4, 2041.9, -30.7, 0, 0, 255
L -345.4, 2041.9, -30.7, -353.6, 2051.6, -30.9, 0, 0, 255
L -353.6, 2051.6, -30.9, -334.9, 2077.3, -31.0, 0, 0, 255
L -334.9, 2077.3, -31.0, -305.5, 2080.8, -31.0, 0, 0, 255
L -305.5, 2080.8, -31.0, -285.3, 2086.9, -31.0, 0, 0, 255
L -285.3, 2086.9, -31.0, -252.9, 2102.9, -31.0, 0, 0, 255
L -252.9, 2102.9, -31.0, -235.3, 2110.3, -31.0, 0, 0, 255
L -235.3, 2110.3, -31.0, -193.7, 2147.7, -31.1, 0, 0, 255
L -193.7, 2147.7, -31.1, -177.7, 2182.0, -31.1, 0, 0, 255
L -177.7, 2182.0, -31.1, -172.2, 2202.0, -30.9, 0, 0, 255
L -172.2, 2202.0, -30.9, -173.6, 2214.1, -30.9, 0, 0, 255
L -173.6, 2214.1, -30.9, -186.6, 2226.0, -31.0, 0, 0, 255
L -186.6, 2226.0, -31.0, -194.7, 2242.7, -30.9, 0, 0, 255
L -194.7, 2242.7, -30.9, -205.3, 2250.7, -31.0, 0, 0, 255
L -205.3, 2250.7, -31.0, -211.3, 2275.0, -31.0, 0, 0, 255
L -211.3, 2275.0, -31.0, -246.8, 2289.9, -30.9, 0, 0, 255
L -246.8, 2289.9, -30.9, -287.1, 2286.7, -31.0, 0, 0, 255
L -287.1, 2286.7, -31.0, -309.6, 2280.9, -31.0, 0, 0, 255
L -309.6, 2280.9, -31.0, -339.2, 2275.2, -31.0, 0, 0, 255
L -339.2, 2275.2, -31.0, -386.5, 2277.5, -31.1, 0, 0, 255
L -386.5, 2277.5, -31.1, -398.5, 2290.0, -31.0, 0, 0, 255
L -398.5, 2290.0, -31.0, -411.4, 2300.9, -31.0, 0, 0, 255
L -411.4, 2300.9, -31.0, -418.1, 2319.1, -30.9, 0, 0, 255
L -418.1, 2319.1, -30.9, -436.2, 2332.8, -31.1, 0, 0, 255
L -436.2, 2332.8, -31.1, -445.3, 2353.2, -30.9, 0, 0, 255
L -445.3, 2353.2, -30.9, -451.0, 2388.4, -30.9, 0, 0, 255
L -451.0, 2388.4, -30.9, -465.2, 2433.1, -31.0, 0, 0, 255
L -465.2, 2433.1, -31.0, -481.1, 2451.3, -31.0, 0, 0, 255
L -481.1, 2451.3, -31.0, -486.9, 2463.1, -30.9, 0, 0, 255
L -486.9, 2463.1, -30.9, -495.3, 2492.5, -30.9, 0, 0, 255
L -495.3, 2492.5, -30.9, -499.9, 2500.4, -31.0, 0, 0, 255
L -499.9, 2500.4, -31.0, -519.7, 2518.5, -31.2, 0, 0, 255
L -519.7, 2518.5, -31.2, -520.6, 2551.5, -31.0, 0, 0, 255
L -520.6, 2551.5, -31.0, -516.5, 2570.1, -31.0, 0, 0, 255
L -516.5, 2570.1, -31.0, -504.5, 2601.4, -30.8, 0, 0, 255
L -504.5, 2601.4, -30.8, -480.0, 2604.8, -30.8, 0, 0, 255
L -480.0, 2604.8, -30.8, -426.3, 2608.5, -30.8, 0, 0, 255
L -426.3, 2608.5, -30.8, -381.2, 2604.2, -31.0, 0, 0, 255
L -381.2, 2604.2, -31.0, -371.4, 2600.3, -30.5, 0, 0, 255
L -371.4, 2600.3, -30.5, -365.5, 2570.0, -30.9, 0, 0, 255
L -365.5, 2570.0, -30.9, -333.2, 2550.0, -31.0, 0, 0, 255
L -333.2, 2550.0, -31.0, -330.0, 2506.6, -30.8, 0, 0, 255
L -330.0, 2506.6, -30.8, -310.4, 2500.9, -31.0, 0, 0, 255
L -310.4, 2500.9, -31.0, -325.9, 2460.2, -30.9, 0, 0, 255
L -325.9, 2460.2, -30.9, -331.6, 2450.7, -30.9, 0, 0, 255
L -331.6, 2450.7, -30.9, -332.1, 2399.7, -31.0, 0, 0, 255
L -332.1, 2399.7, -31.0, -321.7, 2362.2, -31.1, 0, 0, 255
L -321.7, 2362.2, -31.1, -310.8, 2350.9, -31.0, 0, 0, 255
L -310.8, 2350.9, -31.0, -310.3, 2326.3, -31.0, 0, 0, 255
L -310.3, 2326.3, -31.0, -285.9, 2319.1, -31.1, 0, 0, 255
L -285.9, 2319.1, -31.1, -276.6, 2309.4, -31.0, 0, 0, 255
L -276.6, 2309.4, -31.0, -235.2, 2306.8, -31.1, 0, 0, 255
L -235.2, 2306.8, -31.1, -186.0, 2315.8, -31.0, 0, 0, 255
L -186.0, 2315.8, -31.0, -162.7, 2322.1, -31.0, 0, 0, 255
L -162.7, 2322.1, -31.0, -105.6, 2330.3, -31.0, 0, 0, 255
L -105.6, 2330.3, -31.0, -85.9, 2330.3, -31.0, 0, 0, 255
L -85.9, 2330.3, -31.0, -48.4, 2336.3, -31.0, 0, 0, 255
L -48.4, 2336.3, -31.0, -35.5, 2338.0, -31.0, 0, 0, 255
L -35.5, 2338.0, -31.0, 16.0, 2351.9, -31.0, 0, 0, 255
L 16.0, 2351.9, -31.0, 64.6, 2361.9, -30.8, 0, 0, 255
L 64.6, 2361.9, -30.8, 102.2, 2401.4, -31.0, 0, 0, 255
L 102.2, 2401.4, -31.0, 134.0, 2410.0, -30.8, 0, 0, 255
L 134.0, 2410.0, -30.8, 163.6, 2411.6, -31.1, 0, 0, 255
L 163.6, 2411.6, -31.1, 197.8, 2400.8, -31.0, 0, 0, 255
L 197.8, 2400.8, -31.0, 190.6, 2377.1, -31.0, 0, 0, 255
L 190.6, 2377.1, -31.0, 210.8, 2383.6, -31.0, 0, 0, 255
L 210.8, 2383.6, -31.0, 214.9, 2385.8, -30.8, 0, 0, 255
L 214.9, 2385.8, -30.8, 224.8, 2361.0, -30.9, 0, 0, 255
L 224.8, 2361.0, -30.9, 255.0, 2350.6, -31.0, 0, 0, 255
L 255.0, 2350.6, -31.0, 267.4, 2339.7, -30.9, 0, 0, 255
L 267.4, 2339.7, -30.9, 279.5, 2317.7, -30.9, 0, 0, 255
L 279.5, 2317.7, -30.9, 317.7, 2306.1, -31.0, 0, 0, 255
L 317.7, 2306.1, -31.0, 348.3, 2301.1, -31.0, 0, 0, 255
L 348.3, 2301.1, -31.0, 358.1, 2295.7, -31.0, 0, 0, 255
L 358.1, 2295.7, -31.0, 407.5, 2304.5, -30.9, 0, 0, 255
L 407.5, 2304.5, -30.9, 432.4, 2327.6, -31.2, 0, 0, 255
L 432.4, 2327.6, -31.2, 448.6, 2353.8, -30.8, 0, 0, 255
L 448.6, 2353.8, -30.8, 445.3, 2403.0, -31.0, 0, 0, 255
L 445.3, 2403.0, -31.0, 436.3, 2427.0, -30.7, 0, 0, 255
L 436.3, 2427.0, -30.7, 401.0, 2452.2, -30.9, 0, 0, 255
L 401.0, 2452.2, -30.9, 392.7, 2468.6, -31.0, 0, 0, 255
L 392.7, 2468.6, -31.0, 364.2, 2485.8, -31.0, 0, 0, 255
L 364.2, 2485.8, -31.0, 356.8, 2495.9, -30.9, 0, 0, 255
L 356.8, 2495.9, -30.9, 350.7, 2502.4, -31.0, 0, 0, 255
L 350.7, 2502.4, -31.0, 349.1, 2537.7, -31.0, 0, 0, 255
L 349.1, 2537.7, -31.0, 354.7, 2551.4, -31.1, 0, 0, 255
L 354.7, 2551.4, -31.1, 395.0, 2600.5, -31.1, 0, 0, 255
L 395.0, 2600.5, -31.1, 430.1, 2598.6, -31.0, 0, 0, 255
L 430.1, 2598.6, -31.0, 430.8, 2566.8, -31.0, 0, 0, 255
L 430.8, 2566.8, -31.0, 453.5, 2572.8, -30.7, 0, 0, 255
L 453.5, 2572.8, -30.7, 515.1, 2592.3, -30.9, 0, 0, 255
L 515.1, 2592.3, -30.9, 543.0, 2578.1, -30.9, 0, 0, 255
L 543.0, 2578.1, -30.9, 574.0, 2560.2, -31.1, 0, 0, 255
L 574.0, 2560.2, -31.1, 592.0, 2548.8, -31.1, 0, 0, 255
L 592.0, 2548.8, -31.1, 589.4, 2520.3, -30.9, 0, 0, 255
L 589.4, 2520.3, -30.9, 589.3, 2484.3, -30.8, 0, 0, 255
L 589.3, 2484.3, -30.8, 591.7, 2476.8, -31.0, 0, 0, 255
L 591.7, 2476.8, -31.0, 596.6, 2449.1, -30.9, 0, 0, 255
L 596.6, 2449.1, -30.9, 594.6, 2431.2, -31.1, 0, 0, 255
L 594.6, 2431.2, -31.1, 591.6, 2398.8, -31.0, 0, 0, 255
L 591.6, 2398.8, -31.0, 594.3, 2380.7, -31.0, 0, 0, 255
L 594.3, 2380.7, -31.0, 614.5, 2374.3, -30.8, 0, 0, 255
L 614.5, 2374.3, -30.8, 623.2, 2350.6, -31.1, 0, 0, 255
L 623.2, 2350.6, -31.1, 631.7, 2318.8, -31.2, 0, 0, 255
L 631.7, 2318.8, -31.2, 627.8, 2298.6, -31.1, 0, 0, 255
L 627.8, 2298.6, -31.1, 611.9, 2272.3, -30.9, 0, 0, 255
L 611.9, 2272.3, -30.9, 579.8, 2249.6, -31.2, 0, 0, 255
L 579.8, 2249.6, -31.2, 569.9, 2207.0, -31.0, 0, 0, 255
L 569.9, 2207.0, -31.0, 569.8, 2199.0, -31.0, 0, 0, 255
L 569.8, 2199.0, -31.0, 563.9, 2183.1, -30.9, 0, 0, 255
L 563.9, 2183.1, -30.9, 545.8, 2149.2, -31.0, 0, 0, 255
L 545.8, 2149.2, -31.0, 542.2, 2129.0, -31.0, 0, 0, 255
L 542.2, 2129.0, -31.0, 542.4, 2100.4, -30.9, 0, 0, 255
L 542.4, 2100.4, -30.9, 513.2, 2058.3, -30.9, 0, 0, 255
L 513.2, 2058.3, -30.9, 498.5, 2086.4, -31.0, 0, 0, 255
L 498.5, 2086.4, -31.0, 464.0, 2093.7, -31.0, 0, 0, 255
L 464.0, 2093.7, -31.0, 460.0, 2097.7, -31.0, 0, 0, 255
L 460.0, 2097.7, -31.0, 448.2, 2100.6, -30.8, 0, 0, 255
L 448.2, 2100.6, -30.8, 432.2, 2119.7, -30.9, 0, 0, 255
L 432.2, 2119.7, -30.9, 423.5, 2122.0, -30.9, 0, 0, 255
L 423.5, 2122.0, -30.9, 398.1, 2141.2, -31.1, 0, 0, 255
L 398.1, 2141.2, -31.1, 363.4, 2151.1, -31.0, 0, 0, 255
L 363.4, 2151.1, -31.0, 336.7, 2174.0, -31.0, 0, 0, 255
L 336.7, 2174.0, -31.0, 313.4, 2175.7, -30.9, 0, 0, 255
L 313.4, 2175.7, -30.9, 299.8, 2187.3, -30.8, 0, 0, 255
L 299.8, 2187.3, -30.8, 257.3, 2197.7, -30.9, 0, 0, 255
L 257.3, 2197.7, -30.9, 251.4, 2201.4, -30.9, 0, 0, 255
L 251.4, 2201.4, -30.9, 237.7, 2225.6, -30.9, 0, 0, 255
L 237.7, 2225.6, -30.9, 213.7, 2250.8, -31.0, 0, 0, 255
L 213.7, 2250.8, -31.0, 203.0, 2301.5, -31.0, 0, 0, 255
L 203.0, 2301.5, -31.0, 202.0, 2340.4, -31.0, 0, 0, 255
L 202.0, 2340.4, -31.0, 158.2, 2345.7, -30.9, 0, 0, 255
L 158.2, 2345.7, -30.9, 113.4, 2350.2, -30.9, 0, 0, 255
L 113.4, 2350.2, -30.9, 79.6, 2344.0, -31.0, 0, 0, 255
L 79.6, 2344.0, -31.0, 63.6, 2340.3, -31.0, 0, 0, 255
L 63.6, 2340.3, -31.0, 43.9, 2300.6, -31.0, 0, 0, 255
L 43.9, 2300.6, -31.0, 41.9, 2278.4, -31.0, 0, 0, 255
L 41.9, 2278.4, -31.0, 37.0, 2249.4, -31.0, 0, 0, 255
L 37.0, 2249.4, -31.0, 39.2, 2225.9, -31.0, 0, 0, 255
L 39.2, 2225.9, -31.0, 48.0, 2200.1, -31.0, 0, 0, 255
L 48.0, 2200.1, -31.0, 51.0, 2189.3, -30.9, 0, 0, 255
L 51.0, 2189.3, -30.9, 64.2, 2182.4, -31.0, 0, 0, 255
L 64.2, 2182.4, -31.0, 80.1, 2150.2, -31.0, 0, 0, 255
L 80.1, 2150.2, -31.0, 84.4, 2120.4, -30.9, 0, 0, 255
L 84.4, 2120.4, -30.9, 115.8, 2099.6, -30.9, 0, 0, 255
L 115.8, 2099.6, -30.9, 135.9, 2069.7, -31.0, 0, 0, 255
L 135.9, 2069.7, -31.0, 164.0, 2059.1, -31.0, 0, 0, 255
L 164.0, 2059.1, -31.0, 168.8, 2049.5, -30.9, 0, 0, 255
L 168.8, 2049.5, -30.9, 171.4, 2007.0, -30.9, 0, 0, 255
L 171.4, 2007.0, -30.9, 166.4, 1982.5, -31.1, 0, 0, 255
L 166.4, 1982.5, -31.1, 158.6, 1963.2, -31.0, 0, 0, 255
L 158.6, 1963.2, -31.0, 139.1, 1950.7, -31.0, 0, 0, 255
L 139.1, 1950.7, -31.0, 108.4, 1935.8, -30.8, 0, 0, 255
L 108.4, 1935.8, -30.8, 79.1, 1902.9, -30.9, 0, 0, 255
L 79.1, 1902.9, -30.9, 75.8, 1901.1, -31.1, 0, 0, 255
L 75.8, 1901.1, -31.1, 64.2, 1849.8, -31.0, 0, 0, 255
L 64.2, 1849.8, -31.0, 73.4, 1808.0, -30.9, 0, 0, 255
L 73.4, 1808.0, -30.9, 78.5, 1797.5, -31.0, 0, 0, 255
L 78.5, 1797.5, -31.0, 85.9, 1771.9, -31.0, 0, 0, 255
L 85.9, 1771.9, -31.0, 114.0, 1769.2, -30.9, 0, 0, 255
L 114.0, 1769.2, -30.9, 129.0, 1764.9, -31.0, 0, 0, 255
L 129.0, 1764.9, -31.0, 164.8, 1761.2, -31.0, 0, 0, 255
L 164.8, 1761.2, -31.0, 176.2, 1761.9, -31.0, 0, 0, 255
L 176.2, 1761.9, -31.0, 215.2, 1769.1, -31.0, 0, 0, 255
L 215.2, 1769.1, -31.0, 265.7, 1787.0, -31.0, 0, 0, 255
L 265.7, 1787.0, -31.0, 289.9, 1801.0, -30.9, 0, 0, 255
L 289.9, 1801.0, -30.9, 302.6, 1841.2, -30.9, 0, 0, 255
L 302.6, 1841.2, -30.9, 308.5, 1852.4, -30.9, 0, 0, 255
L 308.5, 1852.4, -30.9, 314.7, 1872.4, -31.0, 0, 0, 255
L 314.7, 1872.4, -31.0, 330.5, 1902.0, -31.0, 0, 0, 255
L 330.5, 1902.0, -31.0, 364.5, 1951.2, -31.0, 0, 0, 255
L 364.5, 1951.2, -31.0, 414.2, 1956.2, -31.0, 0, 0, 255
L 414.2, 1956.2, -31.0, 424.1, 1960.0, -31.0, 0, 0, 255
L 424.1, 1960.0, -31.0, 464.3, 1965.7, -31.0, 0, 0, 255
L 464.3, 1965.7, -31.0, 517.3, 2004.2, -31.0, 0, 0, 255
L 517.3, 2004.2, -31.0, 563.8, 2024.6, -31.0, 0, 0, 255
L 563.8, 2024.6, -31.0, 567.2, 2003.1, -31.0, 0, 0, 255
L 567.2, 2003.1, -31.0, 569.4, 1999.8, -31.1, 0, 0, 255
L 569.4, 1999.8, -31.1, 579.1, 1975.7, -31.1, 0, 0, 255
L 579.1, 1975.7, -31.1, 600.9, 1951.1, -31.0, 0, 0, 255
L 600.9, 1951.1, -31.0, 609.6, 1943.4, -31.0, 0, 0, 255
L 609.6, 1943.4, -31.0, 625.8, 1912.1, -30.9, 0, 0, 255
L 625.8, 1912.1, -30.9, 632.1, 1867.9, -31.1, 0, 0, 255
L 632.1, 1867.9, -31.1, 617.7, 1794.6, -31.2, 0, 0, 255
L 617.7, 1794.6, -31.2, 619.2, 1752.7, -31.6, 0, 0, 255
L 619.2, 1752.7, -31.6, 623.9, 1733.0, -30.8, 0, 0, 255
L 623.9, 1733.0, -30.8, 625.5, 1707.1, -31.1, 0, 0, 255
L 625.5, 1707.1, -31.1, 632.8, 1699.0, -30.6, 0, 0, 255
L 632.8, 1699.0, -30.6, 581.6, 1598.6, -31.1, 0, 0, 255
L 581.6, 1598.6, -31.1, 581.3, 1569.7, -31.1, 0, 0, 255
L 581.3, 1569.7, -31.1, 576.0, 1549.7, -30.9, 0, 0, 255
L 576.0, 1549.7, -30.9, 579.0, 1512.2, -31.0, 0, 0, 255
L 579.0, 1512.2, -31.0, 587.7, 1499.5, -31.0, 0, 0, 255
L 587.7, 1499.5, -31.0, 591.4, 1425.3, -31.0, 0, 0, 255
L 591.4, 1425.3, -31.0, 596.0, 1400.3, -30.9, 0, 0, 255
L 596.0, 1400.3, -30.9, 596.9, 1384.1, -31.0, 0, 0, 255
L 596.9, 1384.1, -31.0, 576.4, 1350.4, -30.9, 0, 0, 255
L 576.4, 1350.4, -30.9, 575.8, 1312.4, -31.2, 0, 0, 255
L 575.8, 1312.4, -31.2, 614.0, 1309.4, -31.1, 0, 0, 255
L 614.0, 1309.4, -31.1, 619.6, 1299.4, -31.1, 0, 0, 255
L 619.6, 1299.4, -31.1, 619.8, 1249.9, -31.1, 0, 0, 255
L 619.8, 1249.9, -31.1, 612.3, 1235.0, -30.9, 0, 0, 255
L 612.3, 1235.0, -30.9, 580.1, 1199.5, -31.0, 0, 0, 255
L 580.1, 1199.5, -31.0, 569.7, 1148.9, -31.0, 0, 0, 255
L 569.7, 1148.9, -31.0, 542.6, 1099.2, -30.9, 0, 0, 255
L 542.6, 1099.2, -30.9, 512.8, 1061.3, -31.0, 0, 0, 255
L 512.8, 1061.3, -31.0, 502.4, 1051.7, -30.9, 0, 0, 255
L 502.4, 1051.7, -30.9, 473.8, 1029.3, -31.1, 0, 0, 255
L 473.8, 1029.3, -31.1, 463.1, 1018.3, -31.0, 0, 0, 255
L 463.1, 1018.3, -31.0, 447.3, 997.4, -31.0, 0, 0, 255
L 447.3, 997.4, -31.0, 426.7, 963.4, -30.9, 0, 0, 255
L 426.7, 963.4, -30.9, 416.2, 951.1, -31.1, 0, 0, 255
L 416.2, 951.1, -31.1, 412.0, 942.3, -31.0, 0, 0, 255
L 412.0, 942.3, -31.0, 376.7, 898.9, -31.0, 0, 0, 255
L 376.7, 898.9, -31.0, 362.8, 887.4, -31.1, 0, 0, 255
L 362.8, 887.4, -31.1, 338.4, 850.7, -31.1, 0, 0, 255
L 338.4, 850.7, -31.1, 333.8, 817.6, -31.0, 0, 0, 255
L 333.8, 817.6, -31.0, 333.4, 799.0, -30.9, 0, 0, 255
L 333.4, 799.0, -30.9, 341.5, 778.0, -30.9, 0, 0, 255
L 341.5, 778.0, -30.9, 369.0, 750.3, -31.0, 0, 0, 255
L 369.0, 750.3, -31.0, 385.1, 721.9, -30.9, 0, 0, 255
L 385.1, 721.9, -30.9, 413.8, 709.4, -31.0, 0, 0, 255
L 413.8, 709.4, -31.0, 418.9, 704.7, -31.0, 0, 0, 255
L 418.9, 704.7, -31.0, 427.9, 701.0, -30.9, 0, 0, 255
L 427.9, 701.0, -30.9, 441.7, 679.8, -31.0, 0, 0, 255
L 441.7, 679.8, -31.0, 475.0, 660.7, -30.9, 0, 0, 255
L 475.0, 660.7, -30.9, 478.2, 649.1, -31.0, 0, 0, 255
L 478.2, 649.1, -31.0, 480.3, 615.9, -31.0, 0, 0, 255
L 480.3, 615.9, -31.0, 476.9, 599.3, -31.0, 0, 0, 255
L 476.9, 599.3, -31.0, 479.1, 565.7, -31.0, 0, 0, 255
L 479.1, 565.7, -31.0, 484.9, 548.2, -31.0, 0, 0, 255
L 484.9, 548.2, -31.0, 487.9, 525.8, -31.1, 0, 0, 255
L 487.9, 525.8, -31.1, 508.3, 515.3, -31.0, 0, 0, 255
L 508.3, 515.3, -31.0, 520.3, 499.6, -30.8, 0, 0, 255
L 520.3, 499.6, -30.8, 526.7, 464.3, -30.9, 0, 0, 255
L 526.7, 464.3, -30.9, 535.9, 450.4, -31.1, 0, 0, 255
L 535.9, 450.4, -31.1, 540.2, 428.3, -31.0, 0, 0, 255
L 540.2, 428.3, -31.0, 563.6, 401.0, -31.0, 0, 0, 255
L 563.6, 401.0, -31.0, 562.6, 350.8, -31.0, 0, 0, 255
L 562.6, 350.8, -31.0, 545.9, 300.0, -31.0, 0, 0, 255
L 545.9, 300.0, -31.0, 547.3, 286.4, -31.0, 0, 0, 255
L 547.3, 286.4, -31.0, 547.0, 251.6, -31.1, 0, 0, 255
L 547.0, 251.6, -31.1, 555.0, 241.4, -31.1, 0, 0, 255
L 555.0, 241.4, -31.1, 564.4, 240.9, -31.0, 0, 0, 255
L 564.4, 240.9, -31.0, 585.6, 220.2, -30.9, 0, 0, 255
L 585.6, 220.2, -30.9, 592.1, 199.2, -30.9, 0, 0, 255
L 592.1, 199.2, -30.9, 598.4, 184.6, -31.1, 0, 0, 255
L 598.4, 184.6, -31.1, 606.7, 141.1, -30.8, 0, 0, 255
L 606.7, 141.1, -30.8, 598.9, 84.5, -31.3, 0, 0, 255
L 598.9, 84.5, -31.3, 618.0, 83.6, -29.7, 0, 0, 255
L 618.0, 83.6, -29.7, 640.0, 41.4, -30.8, 0, 0, 255
L 640.0, 41.4, -30.8, 640.7, 24.2, -31.6, 0, 0, 255
L 640.7, 24.2, -31.6, 664.4, 6.8, -30.8, 0, 0, 255
L 664.4, 6.8, -30.8, 662.7, -15.5, -30.9, 0, 0, 255
L 662.7, -15.5, -30.9, 645.8, -52.1, -30.8, 0, 0, 255
L 645.8, -52.1, -30.8, 615.9, -99.6, -31.0, 0, 0, 255
L 615.9, -99.6, -31.0, 622.2, -139.9, -30.7, 0, 0, 255
L -1898.5, 1156.6, -8.3, -1928.5, 1156.6, -8.3, 0, 0, 0
L -1890.2, 1114.8, -11.7, -1928.5, 1114.8, -11.7, 0, 0, 0
L -1179.4, -2570.9, -8.0, -1196.4, -2529.8, 4.4, 0, 0, 0
L -1136.0, -2551.8, -23.9, -1130.2, -2567.2, -21.5, 0, 0, 0
L -723.6, -2300.2, -27.8, -886.4, -2301.8, -29.8, 0, 0, 0
