P 30.8579, 723.1355, -29.264, 255, 0, 0, 3, to_The_Plane_of_Knowledge_(Click_Book)
P -1873.2861, 1124.6287, -6.7743, 255, 0, 0, 3, to_The_Feerott
P -1177.9014, -2540.632, -9.3952, 255, 0, 0, 3, to_South_Desert_of_Ro
P 811.8274, -143.6908, -10.874, 255, 0, 0, 3, to_The_City_of_Guk
P 616.366, 2763.5266, -33.9365, 255, 0, 0, 3, to_Grobb
P 588, 2192, 0, 255, 0, 0, 2, Succor
P -1183, -1359, 0, 255, 255, 0, 2, Hollow_Log_(LDON)
P -881, 1072, 0, 240, 240, 240, 2, Swamp_Boat
P -1237, 1237, 0, 255, 255, 255, 2, Submerged_Hut
P 156, -1909, 0, 240, 240, 240, 2, Undead_Tower
P -147.317, -1891.496, -21.722, 0, 0, 0, 2, Dven_Tulvnek
P -227.875, 1754.2709, -23.4549, 240, 240, 240, 2, Kobolds
P -984.735, 1996.4149, -4.5149, 240, 240, 240, 2, Fallen_Troll_&_Froglok
P -1141.904, 1689.37, -27.9589, 0, 0, 0, 2, Deblik_Grumblok
P -990.989, 446.4039, -0.941, 0, 0, 0, 2, Anlut_Heavenfall
P -995.1169, 446.598, -1.922, 0, 0, 0, 2, Igok
P -541.49, -1185.402, 13.768, 0, 0, 0, 2, Sugal_the_Fist
P -1442, 1542, 0, 240, 240, 240, 2, Kolbolds
P 317.8451, 2560.9636, -18.7674, 0, 128, 0, 2, Ruala_(Merchant)
P -786.5778, 1613.8965, -24.4483, 128, 128, 128, 2, Galdok_(GM_Cleric)
P -929.9873, 1322.7606, -24.9159, 128, 128, 128, 2, Kintok_(GM_Shaman)
P 250, 92, 0, 0, 0, 240, 1, GS_(Vial_of_Swamp_Water)