P 658.1942, 13.1542, 119.9384, 255, 0, 0, 2, to_Eastern_Wastes
P -3196.6242, 129.4610, -399.8426, 255, 0, 0, 2, to_The_Wakening_Land
P 633.0000, 47.0000, 0.0000, 255, 0, 0, 2, Succor
P -1442.0000, 404.0000, -199.9051, 255, 210, 0, 2, Pollos_(Banker)
P -1908.0000, 1679.0000, -159.9364, 255, 210, 0, 2, Weyen_(Banker)
P -1946.7824, -173.7142, -199.9051, 0, 128, 0, 2, Svekk_(Merchant)
P -1867.0000, -267.0000, -199.9051, 0, 128, 0, 2, Kellek_(Merchant)
P -1394.0000, 403.0000, -199.9051, 0, 128, 0, 2, Weyrevar_(Armor)
P -1953.0000, 1658.0000, -159.9364, 0, 128, 0, 2, Bendad_(Merchant)
P -1932.0000, 1740.0000, -159.9364, 0, 127, 0, 2, Ymik_(Merchant)
P -828.0000, -238.0000, -139.9364, 0, 128, 0, 2, Kevelak_(Merchant)
P -848.0000, -254.0000, -139.9364, 0, 128, 0, 2, Wevek_(Weapons)
P -872.0000, -245.0000, -139.9364, 0, 128, 0, 2, Graggaz_(Armor)
P -1279.3400, -2673.4909, -78.4186, 240, 240, 0, 2, Fake_Wall
P -2536.9101, 241.7302, -329.8718, 0, 0, 0, 2, Captain_Mc`Hersh
P -1285.3582, -1187.9566, -78.4484, 240, 240, 0, 2, One-way_wall_(South)
P -1382.8184, -2165.5756, -38.0393, 240, 127, 0, 2, Derakor_the_Vindicator_(Raid)
P -1736.0000, 1540.0000, -191.0000, 240, 127, 0, 2, King_Tormax_(Raid)
P -1382.2674, -2767.1115, -68.4513, 240, 127, 0, 2, The_Avatar_of_War_(Raid)
P -1002.5535, 1074.1110, -128.4103, 127, 64, 0, 2, Bjoskhua_Blackfist_(Hunter)
P -1469.5076, -1232.1110, -108.4353, 127, 64, 0, 2, Bjrakor_the_Cold_(Hunter)
P -1427.8737, 273.9480, -198.3750, 127, 64, 0, 2, Captain_Bvellos_(Hunter)
P -1451.2271, 842.3167, -118.3815, 127, 64, 0, 2, Clrakk_Blackfist_(Hunter)
P -1625.2904, 1173.5911, -148.4192, 127, 64, 0, 2, Dlammaz_Stormslayer_(Hunter)
P -997.8300, -1178.8394, -52.6641, 127, 64, 0, 2, Gkrean_Prophet_of_Tallon_(Hunter)
P -1640.9678, 952.8750, -218.3709, 127, 64, 0, 2, Gleed_Dragonhunter_(Hunter)
P -1420.5552, 300.3932, -198.0449, 127, 64, 0, 2, Kael_Militia_Captain_(Hunter)
P -1151.4560, 838.9452, -127.5695, 127, 64, 0, 2, Klaggan_Iceshard_(Hunter)
P -2679.5312, 300.1731, -329.5758, 127, 64, 0, 2, Korakaz_(Hunter)
P -1574.8377, 1416.1347, -190.1642, 127, 64, 0, 2, Kyenka_(Hunter)
P -1028.4163, 626.5244, -123.2216, 127, 64, 0, 2, Nojas_Blackfist_(Hunter)
P -1546.1446, 785.4083, -118.4211, 127, 64, 0, 2, Reivaj_the_Battlerager_(Hunter)
P -1558.4932, -1180.3798, -58.4399, 127, 64, 0, 2, Semkak_Prophet_of_Vallon_(Hunter)
P -1345.3223, -236.3871, -138.4209, 127, 64, 0, 2, Slaggak_the_Trainer_(Hunter)
P -1624.8002, 1175.7178, -148.0887, 127, 64, 0, 2, a_Storm_Giant_Warlord_(Hunter)
P -1085.0314, 310.2548, -178.4173, 127, 64, 0, 2, Tuuak_(Hunter)
P -1106.9982, -1309.5994, -108.4426, 127, 64, 0, 2, Vealok_the_Angry_(Hunter)
P -1149.1297, 803.7755, -127.5681, 127, 64, 0, 2, Vorken_Iceshard_(Hunter)
P -1814.7478, 1434.3095, -198.3854, 127, 64, 0, 2, Yetarr_(Hunter)
P -1705.3424, 1353.8273, -159.9354, 240, 240, 240, 2, Court_of_King_Tormax
P -1374.7872, -2330.3642, -39.9667, 240, 240, 240, 2, Temple_of_Rallos_Zek
