P -40.0000, -370.0000, 0.0000, 255, 0, 0, 2, Succor
P 123.4049, -199.2579, -127.9369, 0, 0, 0, 2, Door
P 57.0000, -202.0000, 0.0000, 240, 240, 0, 2, TRAP:_Pit
P 32.0000, -297.0000, 0.0000, 240, 240, 0, 2, TRAP:_Pit
P -5.0000, -193.0000, 47.0000, 240, 240, 0, 2, TRAP:_Pit
P -40.0000, -133.0000, 32.0000, 240, 240, 0, 2, TRAP:_Pit
P 85.0000, -57.0000, 1.0000, 240, 240, 0, 2, Fake
P -640.0000, 80.0000, 0.0000, 255, 255, 255, 2, Hole_To_Floor_Below
P 399.5911, -135.8624, -103.9666, 127, 64, 0, 2, failed_crypt_raider_(Hunter)
P 83.0401, -127.0377, 0.1581, 127, 64, 0, 2, frenzied_strathbone_(Hunter)
P 605.0640, -159.3808, -110.9666, 127, 64, 0, 2, hungered_ravener_(Hunter)
P 12.4411, -414.3102, -172.1778, 127, 64, 0, 2, reaver_of_Xalgoz_(Hunter)
P 413.2954, -118.3055, -103.8103, 127, 64, 0, 2, spectral_librarian_(Hunter)
P -72.1883, -178.5526, -63.9666, 127, 64, 0, 2, strathbone_runelord_(Hunter)
P 396.9922, -91.7283, -103.9666, 127, 64, 0, 2, tortured_librarian_(Hunter)
P -559.7473, 111.5268, -292.1281, 127, 64, 0, 2, Xalgoz_(Hunter)
P -43.8539, -370.2354, 95.9707, 240, 0, 0, 3, to_The_Field_of_Bone
