L -246.6, -767.8, -7.4, -238.0, -767.2, -7.4, 0, 0, 0
L -250.3, -771.6, -7.4, -246.6, -767.8, -7.4, 0, 0, 0
L -250.2, -779.9, -7.4, -250.3, -771.6, -7.4, 0, 0, 0
L -245.9, -784.1, -7.4, -250.2, -779.9, -7.4, 0, 0, 0
L -237.7, -784.0, -7.4, -245.9, -784.1, -7.4, 0, 0, 0
L -233.6, -779.9, -7.4, -237.7, -784.0, -7.4, 0, 0, 0
L -233.5, -771.8, -7.4, -233.6, -779.9, -7.4, 0, 0, 0
L -238.0, -767.2, -7.4, -233.5, -771.8, -7.4, 0, 0, 0
L 287.5, -364.2, -3.4, 279.5, -364.2, -5.4, 0, 0, 0
L 287.5, -385.1, 0.6, 287.5, -364.2, -3.4, 0, 0, 0
L 287.5, -414.2, -0.4, 287.5, -385.1, 0.6, 0, 0, 0
L 287.5, -433.4, -3.4, 287.5, -414.2, -0.4, 0, 0, 0
L 279.5, -433.4, -5.4, 287.5, -433.4, -3.4, 0, 0, 0
L 148.9, 479.7, -47.3, 164.2, 483.5, -47.3, 150, 150, 150
L 131.5, 484.0, -47.3, 148.9, 479.7, -47.3, 150, 150, 150
L 127.7, 497.3, -47.3, 131.5, 484.0, -47.3, 150, 150, 150
L 127.6, 511.9, -47.3, 127.7, 497.3, -47.3, 150, 150, 150
L 133.0, 522.8, -47.3, 127.6, 511.9, -47.3, 150, 150, 150
L 147.7, 526.1, -47.3, 133.0, 522.8, -47.3, 150, 150, 150
L 166.5, 523.5, -47.3, 147.7, 526.1, -47.3, 150, 150, 150
L 170.1, 516.3, -47.3, 166.5, 523.5, -47.3, 150, 150, 150
L 172.2, 507.3, -47.3, 170.1, 516.3, -47.3, 150, 150, 150
L 170.3, 493.7, -47.3, 172.2, 507.3, -47.3, 150, 150, 150
L 164.2, 483.5, -47.3, 170.3, 493.7, -47.3, 150, 150, 150
L 164.2, 472.3, -47.3, 171.7, 474.3, -47.3, 178, 102, 255
L 132.1, 474.2, -47.3, 164.2, 472.3, -47.3, 178, 102, 255
L 120.2, 482.7, -47.3, 132.1, 474.2, -47.3, 178, 102, 255
L 114.4, 514.0, -47.3, 120.2, 482.7, -47.3, 178, 102, 255
L 120.2, 531.4, -47.3, 114.4, 514.0, -47.3, 178, 102, 255
L 132.0, 537.4, -47.3, 120.2, 531.4, -47.3, 178, 102, 255
L 142.4, 535.4, -47.3, 132.0, 537.4, -47.3, 178, 102, 255
L 165.7, 537.4, -47.3, 142.4, 535.4, -47.3, 178, 102, 255
L 183.5, 507.7, -47.3, 165.7, 537.4, -47.3, 178, 102, 255
L 171.7, 474.1, -47.3, 183.5, 507.7, -47.3, 178, 102, 255
L 135.0, 523.9, 0.6, 128.3, 512.1, 0.6, 150, 150, 150
L 148.3, 525.4, 0.6, 135.0, 523.9, 0.6, 150, 150, 150
L 165.9, 523.7, 0.6, 148.3, 525.4, 0.6, 150, 150, 150
L 169.4, 516.2, 0.6, 165.9, 523.7, 0.6, 150, 150, 150
L 171.8, 508.1, 0.6, 169.4, 516.2, 0.6, 150, 150, 150
L 169.8, 495.8, 0.7, 171.8, 508.1, 0.6, 150, 150, 150
L 163.5, 484.3, 0.6, 169.8, 495.8, 0.7, 150, 150, 150
L 147.5, 480.3, 0.6, 163.5, 484.3, 0.6, 150, 150, 150
L 132.1, 483.9, 0.6, 147.5, 480.3, 0.6, 150, 150, 150
L 128.1, 498.3, 0.6, 132.1, 483.9, 0.6, 150, 150, 150
L 128.3, 512.1, 0.6, 128.1, 498.3, 0.6, 150, 150, 150
L 150.4, -232.0, 8.6, 149.3, -232.0, 8.6, 0, 0, 0
L 153.8, -262.6, 8.6, 150.4, -232.0, 8.6, 0, 0, 0
L 149.3, -232.0, 8.6, 152.8, -263.4, 8.6, 0, 0, 0
L 142.5, -205.3, 11.0, 140.6, -206.1, 8.6, 0, 0, 0
L 143.8, -212.0, 11.0, 142.5, -205.3, 11.0, 0, 0, 0
L 141.5, -198.2, 11.0, 139.4, -198.7, 8.6, 0, 0, 0
L 140.5, -191.4, 11.0, 141.5, -198.2, 11.0, 0, 0, 0
L 162.7, -187.9, 11.0, 140.5, -191.4, 11.0, 0, 0, 0
L 166.0, -208.5, 11.0, 162.7, -187.9, 11.0, 0, 0, 0
L 143.8, -212.0, 11.0, 166.0, -208.5, 11.0, 0, 0, 0
L 142.1, -214.9, 8.6, 140.6, -206.1, 8.6, 0, 0, 0
L 168.5, -210.7, 8.6, 142.1, -214.9, 8.6, 0, 0, 0
L 164.3, -184.9, 8.6, 168.5, -210.7, 8.6, 0, 0, 0
L 138.0, -189.2, 8.6, 164.3, -184.9, 8.6, 0, 0, 0
L 139.4, -198.7, 8.6, 138.0, -189.2, 8.6, 0, 0, 0
L 31.6, -343.5, 0.6, 31.6, -345.7, 0.6, 0, 0, 0
L 34.2, -343.2, 1.6, 31.6, -343.5, 0.6, 0, 0, 0
L 34.3, -348.1, 2.6, 34.2, -343.2, 1.6, 0, 0, 0
L 33.2, -348.2, 2.6, 34.3, -348.1, 2.6, 0, 0, 0
L 26.4, -355.0, 2.6, 33.2, -348.2, 2.6, 0, 0, 0
L 26.4, -368.7, 2.6, 26.4, -355.0, 2.6, 0, 0, 0
L 33.2, -375.5, 2.6, 26.4, -368.7, 2.6, 0, 0, 0
L 46.8, -375.5, 2.6, 33.2, -375.5, 2.6, 0, 0, 0
L 53.6, -368.7, 2.6, 46.8, -375.5, 2.6, 0, 0, 0
L 53.6, -368.4, 2.6, 53.6, -368.7, 2.6, 0, 0, 0
L 53.6, -355.0, 2.6, 53.6, -368.4, 2.6, 0, 0, 0
L 47.3, -348.7, 2.6, 53.6, -355.0, 2.6, 0, 0, 0
L 46.0, -348.2, 2.6, 47.3, -348.7, 2.6, 0, 0, 0
L 45.9, -343.5, 1.6, 46.0, -348.2, 2.6, 0, 0, 0
L 48.3, -343.4, 0.6, 45.9, -343.5, 1.6, 0, 0, 0
L 48.3, -345.4, 0.6, 48.3, -343.4, 0.6, 0, 0, 0
L 56.3, -353.8, 0.6, 48.3, -345.4, 0.6, 0, 0, 0
L 56.4, -369.9, 0.6, 56.3, -353.8, 0.6, 0, 0, 0
L 47.7, -378.2, 0.6, 56.4, -369.9, 0.6, 0, 0, 0
L 32.4, -378.4, 0.6, 47.7, -378.2, 0.6, 0, 0, 0
L 23.6, -369.8, 0.6, 32.4, -378.4, 0.6, 0, 0, 0
L 23.6, -354.0, 0.6, 23.6, -369.8, 0.6, 0, 0, 0
L 31.6, -345.7, 0.6, 23.6, -354.0, 0.6, 0, 0, 0
L -137.6, -265.7, 6.6, -137.6, -267.5, 6.6, 0, 0, 0
L -140.1, -265.6, 6.6, -137.6, -265.7, 6.6, 0, 0, 0
L -140.1, -272.2, 6.6, -140.1, -265.6, 6.6, 0, 0, 0
L -137.7, -272.2, 6.6, -140.1, -272.2, 6.6, 0, 0, 0
L -137.6, -270.3, 6.6, -137.7, -272.2, 6.6, 0, 0, 0
L -126.1, -270.3, 6.6, -137.6, -270.3, 6.6, 0, 0, 0
L -112.5, -283.9, 6.6, -126.1, -270.3, 6.6, 0, 0, 0
L -112.3, -311.7, 6.6, -112.5, -283.9, 6.6, 0, 0, 0
L -126.0, -325.4, 6.6, -112.3, -311.7, 6.6, 0, 0, 0
L -165.7, -325.5, 6.6, -126.0, -325.4, 6.6, 0, 0, 0
L -179.5, -311.7, 6.6, -165.7, -325.5, 6.6, 0, 0, 0
L -179.6, -284.1, 6.6, -179.5, -311.7, 6.6, 0, 0, 0
L -165.8, -270.3, 6.6, -179.6, -284.1, 6.6, 0, 0, 0
L -154.3, -270.3, 6.6, -165.8, -270.3, 6.6, 0, 0, 0
L -154.4, -272.1, 6.6, -154.3, -270.3, 6.6, 0, 0, 0
L -151.8, -272.2, 6.6, -154.4, -272.1, 6.6, 0, 0, 0
L -151.6, -265.7, 6.6, -151.8, -272.2, 6.6, 0, 0, 0
L -154.3, -265.5, 6.6, -151.6, -265.7, 6.6, 0, 0, 0
L -154.3, -267.5, 6.6, -154.3, -265.5, 6.6, 0, 0, 0
L -166.3, -267.7, 6.6, -154.3, -267.5, 6.6, 0, 0, 0
L -182.1, -283.5, 6.6, -166.3, -267.7, 6.6, 0, 0, 0
L -182.0, -312.3, 6.6, -182.1, -283.5, 6.6, 0, 0, 0
L -165.9, -328.2, 6.6, -182.0, -312.3, 6.6, 0, 0, 0
L -125.7, -328.2, 6.6, -165.9, -328.2, 6.6, 0, 0, 0
L -109.7, -312.1, 6.6, -125.7, -328.2, 6.6, 0, 0, 0
L -109.7, -283.7, 6.6, -109.7, -312.1, 6.6, 0, 0, 0
L -125.8, -267.6, 6.6, -109.7, -283.7, 6.6, 0, 0, 0
L -137.6, -267.5, 6.6, -125.8, -267.6, 6.6, 0, 0, 0
L -53.6, -79.7, 0.6, -53.6, -81.6, 0.6, 0, 0, 0
L -58.1, -79.6, 1.6, -53.6, -79.7, 0.6, 0, 0, 0
L -58.1, -84.3, 1.6, -58.1, -79.6, 1.6, 0, 0, 0
L -30.2, -84.3, 1.6, -58.1, -84.3, 1.6, 0, 0, 0
L -12.4, -102.1, 1.6, -30.2, -84.3, 1.6, 0, 0, 0
L -12.3, -108.1, 1.6, -12.4, -102.1, 1.6, 0, 0, 0
L -3.6, -108.0, 1.6, -12.3, -108.1, 1.6, 0, 0, 0
L -3.6, -104.1, 1.6, -3.6, -108.0, 1.6, 0, 0, 0
L 6.2, -94.3, 1.6, -3.6, -104.1, 1.6, 0, 0, 0
L 25.8, -94.3, 1.6, 6.2, -94.3, 1.6, 0, 0, 0
L 35.5, -104.0, 1.6, 25.8, -94.3, 1.6, 0, 0, 0
L 35.6, -123.8, 1.6, 35.5, -104.0, 1.6, 0, 0, 0
L 25.5, -133.6, 1.6, 35.6, -123.8, 1.6, 0, 0, 0
L 6.5, -133.6, 1.6, 25.5, -133.6, 1.6, 0, 0, 0
L -3.6, -123.8, 1.6, 6.5, -133.6, 1.6, 0, 0, 0
L -3.9, -119.6, 1.6, -3.6, -123.8, 1.6, 0, 0, 0
L -12.3, -119.5, 1.6, -3.9, -119.6, 1.6, 0, 0, 0
L -12.4, -125.8, 1.6, -12.3, -119.5, 1.6, 0, 0, 0
L -30.2, -143.6, 1.6, -12.4, -125.8, 1.6, 0, 0, 0
L -97.4, -143.6, 1.6, -30.2, -143.6, 1.6, 0, 0, 0
L -115.6, -125.8, 1.6, -97.4, -143.6, 1.6, 0, 0, 0
L -115.8, -119.6, 1.6, -115.6, -125.8, 1.6, 0, 0, 0
L -139.6, -119.6, 0.6, -115.8, -119.6, 1.6, 0, 0, 0
L -139.6, -104.3, 0.6, -139.6, -119.6, 0.6, 0, 0, 0
L -115.7, -104.8, 1.6, -139.6, -104.3, 0.6, 0, 0, 0
L -115.6, -102.1, 1.6, -115.7, -104.8, 1.6, 0, 0, 0
L -97.8, -84.3, 1.6, -115.6, -102.1, 1.6, 0, 0, 0
L -69.7, -84.3, 1.6, -97.8, -84.3, 1.6, 0, 0, 0
L -69.6, -79.8, 1.6, -69.7, -84.3, 1.6, 0, 0, 0
L -74.3, -79.8, 0.6, -69.6, -79.8, 1.6, 0, 0, 0
L -74.3, -81.6, 0.6, -74.3, -79.8, 0.6, 0, 0, 0
L -53.6, -63.6, 0.6, -74.3, -63.6, 0.6, 150, 150, 150
L -53.6, -63.6, 0.6, -53.6, -81.6, 0.6, 150, 150, 150
L -74.3, -81.6, 0.6, -74.3, -63.6, 0.6, 150, 150, 150
L -98.3, -81.7, 0.6, -74.3, -81.6, 0.6, 0, 0, 0
L -118.0, -101.5, 0.6, -98.3, -81.7, 0.6, 0, 0, 0
L -142.2, -101.2, 0.6, -118.0, -101.5, 0.6, 0, 0, 0
L -142.3, -122.0, 0.6, -142.2, -101.2, 0.6, 0, 0, 0
L -122.1, -122.3, 0.6, -142.3, -122.0, 0.6, 0, 0, 0
L -98.4, -146.2, 0.6, -122.1, -122.3, 0.6, 0, 0, 0
L -30.1, -146.3, 0.6, -98.4, -146.2, 0.6, 0, 0, 0
L -9.7, -126.2, 0.6, -30.1, -146.3, 0.6, 0, 0, 0
L -9.6, -122.3, 0.6, -9.7, -126.2, 0.6, 0, 0, 0
L -6.4, -122.3, 0.6, -9.6, -122.3, 0.6, 0, 0, 0
L -5.8, -124.7, 0.6, -6.4, -122.3, 0.6, 0, 0, 0
L 5.9, -136.3, 0.6, -5.8, -124.7, 0.6, 0, 0, 0
L 25.8, -136.4, 0.6, 5.9, -136.3, 0.6, 0, 0, 0
L 38.2, -124.3, 0.6, 25.8, -136.4, 0.6, 0, 0, 0
L 38.4, -104.3, 0.6, 38.2, -124.3, 0.6, 0, 0, 0
L 26.6, -92.0, 0.6, 38.4, -104.3, 0.6, 0, 0, 0
L 6.0, -91.6, 0.6, 26.6, -92.0, 0.6, 0, 0, 0
L -6.3, -103.7, 0.6, 6.0, -91.6, 0.6, 0, 0, 0
L -6.4, -105.6, 0.6, -6.3, -103.7, 0.6, 0, 0, 0
L -9.6, -105.6, 0.6, -6.4, -105.6, 0.6, 0, 0, 0
L -9.9, -101.5, 0.6, -9.6, -105.6, 0.6, 0, 0, 0
L -30.1, -81.6, 0.6, -9.9, -101.5, 0.6, 0, 0, 0
L -53.6, -81.6, 0.6, -30.1, -81.6, 0.6, 0, 0, 0
L -254.3, 134.1, 0.6, -251.5, 134.0, 0.6, 0, 0, 0
L -254.3, 128.3, 0.6, -254.3, 134.1, 0.6, 0, 0, 0
L -283.5, 128.3, 0.6, -254.3, 128.3, 0.6, 0, 0, 0
L -283.5, 155.6, 0.6, -283.5, 128.3, 0.6, 0, 0, 0
L -254.3, 155.6, 0.6, -283.5, 155.6, 0.6, 0, 0, 0
L -254.1, 149.6, 0.6, -254.3, 155.6, 0.6, 0, 0, 0
L -251.7, 149.6, 0.6, -254.1, 149.6, 0.6, 0, 0, 0
L -251.7, 160.3, 0.6, -251.7, 149.6, 0.6, 0, 0, 0
L -288.3, 160.3, 0.6, -251.7, 160.3, 0.6, 0, 0, 0
L -288.3, 123.7, 0.6, -288.3, 160.3, 0.6, 0, 0, 0
L -251.6, 123.7, 0.6, -288.3, 123.7, 0.6, 0, 0, 0
L -251.5, 133.9, 0.6, -251.6, 123.7, 0.6, 0, 0, 0
L -255.6, 96.3, 0.6, -257.5, 96.3, 0.6, 0, 0, 0
L -255.5, 93.9, 1.6, -255.6, 96.3, 0.6, 0, 0, 0
L -260.3, 93.9, 2.6, -255.5, 93.9, 1.6, 0, 0, 0
L -260.3, 97.8, 2.6, -260.3, 93.9, 2.6, 0, 0, 0
L -268.1, 105.6, 2.6, -260.3, 97.8, 2.6, 0, 0, 0
L -287.7, 105.6, 2.6, -268.1, 105.6, 2.6, 0, 0, 0
L -295.5, 97.8, 2.6, -287.7, 105.6, 2.6, 0, 0, 0
L -295.5, 78.1, 2.6, -295.5, 97.8, 2.6, 0, 0, 0
L -287.7, 70.3, 2.6, -295.5, 78.1, 2.6, 0, 0, 0
L -268.1, 70.3, 2.6, -287.7, 70.3, 2.6, 0, 0, 0
L -260.3, 78.1, 2.6, -268.1, 70.3, 2.6, 0, 0, 0
L -260.1, 82.3, 2.6, -260.3, 78.1, 2.6, 0, 0, 0
L -255.5, 82.1, 1.6, -260.1, 82.3, 2.6, 0, 0, 0
L -255.2, 79.6, 0.6, -255.5, 82.1, 1.6, 0, 0, 0
L -257.5, 79.6, 0.6, -255.2, 79.6, 0.6, 0, 0, 0
L -257.8, 77.6, 0.6, -257.5, 79.6, 0.6, 0, 0, 0
L -267.8, 67.6, 0.6, -257.8, 77.6, 0.6, 0, 0, 0
L -288.0, 67.6, 0.6, -267.8, 67.6, 0.6, 0, 0, 0
L -298.2, 78.0, 0.6, -288.0, 67.6, 0.6, 0, 0, 0
L -298.2, 98.2, 0.6, -298.2, 78.0, 0.6, 0, 0, 0
L -288.2, 108.2, 0.6, -298.2, 98.2, 0.6, 0, 0, 0
L -267.6, 108.1, 0.6, -288.2, 108.2, 0.6, 0, 0, 0
L -257.5, 97.8, 0.6, -267.6, 108.1, 0.6, 0, 0, 0
L -257.5, 96.3, 0.6, -257.5, 97.8, 0.6, 0, 0, 0
L -361.5, -893.3, 6.6, -361.5, -923.8, 6.6, 0, 0, 0
L -364.2, -893.3, 6.6, -361.5, -893.3, 6.6, 0, 0, 0
L -389.5, -893.3, 6.6, -392.0, -893.3, 6.6, 0, 0, 0
L -364.2, -921.2, 6.6, -364.2, -893.3, 6.6, 0, 0, 0
L -389.5, -921.2, 6.6, -364.2, -921.2, 6.6, 0, 0, 0
L -389.5, -893.3, 6.6, -389.5, -921.2, 6.6, 0, 0, 0
L -392.2, -922.0, 6.6, -392.0, -893.3, 6.6, 0, 0, 0
L -361.5, -923.8, 6.6, -390.3, -924.0, 6.6, 0, 0, 0
L -357.9, -801.2, 0.6, -359.7, -801.3, 0.6, 0, 0, 0
L -357.5, -803.5, 0.6, -357.9, -801.2, 0.6, 0, 0, 0
L -362.2, -803.8, 0.6, -357.5, -803.5, 0.6, 0, 0, 0
L -362.2, -802.8, 0.6, -362.2, -803.8, 0.6, 0, 0, 0
L -373.0, -792.1, 0.6, -362.2, -802.8, 0.6, 0, 0, 0
L -386.7, -792.1, 0.6, -373.0, -792.1, 0.6, 0, 0, 0
L -397.5, -802.8, 0.6, -386.7, -792.1, 0.6, 0, 0, 0
L -397.5, -816.5, 0.6, -397.5, -802.8, 0.6, 0, 0, 0
L -386.7, -827.3, 0.6, -397.5, -816.5, 0.6, 0, 0, 0
L -373.2, -827.3, 0.6, -386.7, -827.3, 0.6, 0, 0, 0
L -361.8, -815.3, 0.6, -373.2, -827.3, 0.6, 0, 0, 0
L -357.9, -815.3, 0.6, -361.8, -815.3, 0.6, 0, 0, 0
L -357.8, -818.1, 0.6, -357.9, -815.3, 0.6, 0, 0, 0
L -359.7, -818.1, 0.6, -357.8, -818.1, 0.6, 0, 0, 0
L -372.1, -830.0, 0.6, -359.7, -818.1, 0.6, 0, 0, 0
L -386.7, -830.0, 0.6, -372.1, -830.0, 0.6, 0, 0, 0
L -400.2, -817.3, 0.6, -386.7, -830.0, 0.6, 0, 0, 0
L -400.5, -802.2, 0.6, -400.2, -817.3, 0.6, 0, 0, 0
L -388.1, -789.4, 0.6, -400.5, -802.2, 0.6, 0, 0, 0
L -371.5, -789.5, 0.6, -388.1, -789.4, 0.6, 0, 0, 0
L -359.7, -801.3, 0.6, -371.5, -789.5, 0.6, 0, 0, 0
L -317.7, -765.4, 0.6, -319.5, -765.3, 0.6, 0, 0, 0
L -317.5, -767.2, 0.6, -317.7, -765.4, 0.6, 0, 0, 0
L -321.2, -767.3, 0.6, -317.5, -767.2, 0.6, 0, 0, 0
L -321.2, -763.9, 0.6, -321.2, -767.3, 0.6, 0, 0, 0
L -330.0, -755.1, 0.6, -321.2, -763.9, 0.6, 0, 0, 0
L -349.7, -755.1, 0.6, -330.0, -755.1, 0.6, 0, 0, 0
L -358.5, -763.8, 0.6, -349.7, -755.1, 0.6, 0, 0, 0
L -358.5, -783.5, 0.6, -358.5, -763.8, 0.6, 0, 0, 0
L -349.7, -792.3, 0.6, -358.5, -783.5, 0.6, 0, 0, 0
L -330.0, -792.3, 0.6, -349.7, -792.3, 0.6, 0, 0, 0
L -321.2, -783.5, 0.6, -330.0, -792.3, 0.6, 0, 0, 0
L -321.2, -780.0, 0.6, -321.2, -783.5, 0.6, 0, 0, 0
L -317.5, -779.6, 0.6, -321.2, -780.0, 0.6, 0, 0, 0
L -317.6, -781.9, 0.6, -317.5, -779.6, 0.6, 0, 0, 0
L -319.5, -782.1, 0.6, -317.6, -781.9, 0.6, 0, 0, 0
L -360.4, -783.4, 0.6, -360.2, -764.4, 0.6, 0, 0, 0
L -349.9, -794.1, 0.6, -360.4, -783.4, 0.6, 0, 0, 0
L -329.5, -793.9, 0.6, -349.9, -794.1, 0.6, 0, 0, 0
L -319.5, -783.7, 0.6, -329.5, -793.9, 0.6, 0, 0, 0
L -319.5, -782.1, 0.6, -319.5, -783.7, 0.6, 0, 0, 0
L -350.2, -753.5, 0.6, -359.7, -763.0, 0.6, 0, 0, 0
L -329.5, -753.5, 0.6, -350.2, -753.5, 0.6, 0, 0, 0
L -319.5, -763.6, 0.6, -329.5, -753.5, 0.6, 0, 0, 0
L -319.5, -765.3, 0.6, -319.5, -763.6, 0.6, 0, 0, 0
L -290.0, -717.3, 0.6, -287.0, -717.3, 0.6, 0, 0, 0
L -307.8, -735.2, 0.6, -290.0, -717.3, 0.6, 0, 0, 0
L -319.4, -735.3, 0.6, -307.8, -735.2, 0.6, 0, 0, 0
L -337.5, -716.9, 0.6, -319.4, -735.3, 0.6, 0, 0, 0
L -337.5, -705.9, 0.6, -337.5, -716.9, 0.6, 0, 0, 0
L -319.8, -688.2, 0.6, -337.5, -705.9, 0.6, 0, 0, 0
L -307.8, -688.3, 0.6, -319.8, -688.2, 0.6, 0, 0, 0
L -289.7, -706.1, 0.6, -307.8, -688.3, 0.6, 0, 0, 0
L -287.5, -705.7, 0.6, -289.7, -706.1, 0.6, 0, 0, 0
L -308.1, -685.3, 0.6, -287.5, -705.7, 0.6, 0, 0, 0
L -320.1, -685.4, 0.6, -308.1, -685.3, 0.6, 0, 0, 0
L -340.2, -705.4, 0.6, -320.1, -685.4, 0.6, 0, 0, 0
L -340.1, -718.1, 0.6, -340.2, -705.4, 0.6, 0, 0, 0
L -320.4, -737.8, 0.6, -340.1, -718.1, 0.6, 0, 0, 0
L -307.9, -738.1, 0.6, -320.4, -737.8, 0.6, 0, 0, 0
L -287.0, -717.3, 0.6, -307.9, -738.1, 0.6, 0, 0, 0
L -214.6, -506.0, 14.6, -216.2, -505.9, 14.6, 0, 0, 0
L -214.5, -495.2, 14.6, -214.6, -506.0, 14.6, 0, 0, 0
L -203.3, -495.2, 14.6, -214.5, -495.2, 14.6, 0, 0, 0
L -203.2, -506.0, 14.6, -203.3, -495.2, 14.6, 0, 0, 0
L -201.5, -505.9, 14.6, -203.2, -506.0, 14.6, 0, 0, 0
L -201.7, -493.5, 14.6, -201.5, -505.9, 14.6, 0, 0, 0
L -216.1, -493.5, 14.6, -201.7, -493.5, 14.6, 0, 0, 0
L -216.2, -505.9, 14.6, -216.1, -493.5, 14.6, 0, 0, 0
L -154.2, -540.2, 14.6, -151.7, -540.1, 14.6, 0, 0, 0
L -168.3, -540.2, 14.6, -165.9, -540.2, 14.6, 0, 0, 0
L -168.3, -540.2, 14.6, -168.3, -538.2, 14.6, 0, 0, 0
L -165.8, -535.5, 14.6, -165.9, -540.2, 14.6, 0, 0, 0
L -175.7, -535.4, 14.6, -165.8, -535.5, 14.6, 0, 0, 0
L -185.5, -525.7, 14.6, -175.7, -535.4, 14.6, 0, 0, 0
L -185.6, -508.2, 14.6, -185.5, -525.7, 14.6, 0, 0, 0
L -176.3, -508.2, 14.6, -185.6, -508.2, 14.6, 0, 0, 0
L -176.3, -526.0, 14.6, -176.3, -508.2, 14.6, 0, 0, 0
L -171.6, -526.1, 14.6, -176.3, -526.0, 14.6, 0, 0, 0
L -171.6, -508.2, 14.6, -171.6, -526.1, 14.6, 0, 0, 0
L -143.6, -508.1, 14.6, -171.6, -508.2, 14.6, 0, 0, 0
L -143.7, -505.5, 14.6, -143.6, -508.1, 14.6, 0, 0, 0
L -192.3, -505.7, 0.6, -186.2, -505.6, 2.4, 178, 102, 255
L -192.2, -508.1, 0.6, -192.3, -505.7, 0.6, 178, 102, 255
L -190.3, -508.2, 0.6, -192.2, -508.1, 0.6, 178, 102, 255
L -190.3, -527.4, 0.6, -190.3, -508.2, 0.6, 178, 102, 255
L -208.2, -527.5, 0.6, -190.3, -527.4, 0.6, 178, 102, 255
L -208.1, -538.1, 0.6, -208.2, -527.5, 0.6, 178, 102, 255
L -182.3, -538.2, 0.6, -208.1, -538.1, 0.6, 178, 102, 255
L -182.3, -569.4, 0.6, -182.3, -538.2, 0.6, 178, 102, 255
L -231.5, -569.4, 0.6, -182.3, -569.4, 0.6, 178, 102, 255
L -231.5, -538.2, 0.6, -231.5, -569.4, 0.6, 178, 102, 255
L -220.1, -538.2, 0.6, -231.5, -538.2, 0.6, 178, 102, 255
L -219.5, -508.2, 0.6, -220.1, -538.2, 0.6, 178, 102, 255
L -204.0, -508.2, 0.6, -219.5, -508.2, 0.6, 178, 102, 255
L -203.5, -496.2, 0.6, -204.0, -508.2, 0.6, 178, 102, 255
L -134.3, -506.0, 14.6, -144.1, -496.2, 14.6, 0, 0, 0
L -134.3, -525.6, 14.6, -134.3, -506.0, 14.6, 0, 0, 0
L -144.1, -535.4, 14.6, -134.3, -525.6, 14.6, 0, 0, 0
L -154.1, -535.4, 14.6, -144.1, -535.4, 14.6, 0, 0, 0
L -154.2, -540.2, 14.6, -154.1, -535.4, 14.6, 0, 0, 0
L -151.6, -538.2, 14.6, -151.7, -540.1, 14.6, 0, 0, 0
L -143.9, -538.2, 14.6, -151.6, -538.2, 14.6, 0, 0, 0
L -131.6, -525.4, 14.6, -143.9, -538.2, 14.6, 0, 0, 0
L -131.5, -505.8, 14.6, -131.6, -525.4, 14.6, 0, 0, 0
L -144.0, -493.4, 14.6, -131.5, -505.8, 14.6, 0, 0, 0
L -176.2, -493.5, 14.6, -144.0, -493.4, 14.6, 0, 0, 0
L -187.7, -505.0, 14.6, -176.2, -493.5, 14.6, 0, 0, 0
L -188.2, -526.0, 14.6, -187.7, -505.0, 14.6, 0, 0, 0
L -176.0, -538.1, 14.6, -188.2, -526.0, 14.6, 0, 0, 0
L -168.3, -538.2, 14.6, -176.0, -538.1, 14.6, 0, 0, 0
L -138.2, -574.0, 14.6, -136.1, -574.2, 14.6, 0, 0, 0
L -138.3, -571.9, 14.6, -138.2, -574.0, 14.6, 0, 0, 0
L -133.6, -571.8, 14.6, -138.3, -571.9, 14.6, 0, 0, 0
L -133.6, -572.6, 14.6, -133.6, -571.8, 14.6, 0, 0, 0
L -126.8, -579.4, 14.6, -133.6, -572.6, 14.6, 0, 0, 0
L -113.1, -579.4, 14.6, -126.8, -579.4, 14.6, 0, 0, 0
L -106.3, -572.6, 14.6, -113.1, -579.4, 14.6, 0, 0, 0
L -106.3, -558.9, 14.6, -106.3, -572.6, 14.6, 0, 0, 0
L -113.1, -552.2, 14.6, -106.3, -558.9, 14.6, 0, 0, 0
L -127.1, -552.4, 14.6, -113.1, -552.2, 14.6, 0, 0, 0
L -134.4, -560.2, 14.6, -127.1, -552.4, 14.6, 0, 0, 0
L -137.8, -560.2, 14.6, -134.4, -560.2, 14.6, 0, 0, 0
L -137.8, -557.4, 14.6, -137.8, -560.2, 14.6, 0, 0, 0
L -136.1, -557.4, 14.6, -137.8, -557.4, 14.6, 0, 0, 0
L -128.5, -549.6, 14.6, -136.1, -557.4, 14.6, 0, 0, 0
L -112.1, -549.4, 14.6, -128.5, -549.6, 14.6, 0, 0, 0
L -103.7, -557.6, 14.6, -112.1, -549.4, 14.6, 0, 0, 0
L -103.6, -573.4, 14.6, -103.7, -557.6, 14.6, 0, 0, 0
L -112.0, -582.2, 14.6, -103.6, -573.4, 14.6, 0, 0, 0
L -128.3, -582.0, 14.6, -112.0, -582.2, 14.6, 0, 0, 0
L -136.1, -574.2, 14.6, -128.3, -582.0, 14.6, 0, 0, 0
L -55.6, -579.9, 14.6, -55.6, -582.2, 14.6, 0, 0, 0
L -58.4, -582.2, 14.6, -55.6, -582.2, 14.6, 0, 0, 0
L -58.3, -578.6, 14.6, -58.4, -582.2, 14.6, 0, 0, 0
L -52.3, -572.6, 14.6, -58.3, -578.6, 14.6, 0, 0, 0
L -52.3, -562.9, 14.6, -52.3, -572.6, 14.6, 0, 0, 0
L -59.1, -556.2, 14.6, -52.3, -562.9, 14.6, 0, 0, 0
L -68.8, -556.2, 14.6, -59.1, -556.2, 14.6, 0, 0, 0
L -75.6, -562.9, 14.6, -68.8, -556.2, 14.6, 0, 0, 0
L -75.6, -572.6, 14.6, -75.6, -562.9, 14.6, 0, 0, 0
L -69.6, -578.7, 14.6, -75.6, -572.6, 14.6, 0, 0, 0
L -69.6, -582.2, 14.6, -69.6, -578.7, 14.6, 0, 0, 0
L -72.3, -582.2, 14.6, -69.6, -582.2, 14.6, 0, 0, 0
L -72.3, -579.9, 14.6, -72.3, -582.2, 14.6, 0, 0, 0
L -78.2, -574.2, 14.6, -72.3, -579.9, 14.6, 0, 0, 0
L -78.3, -561.6, 14.6, -78.2, -574.2, 14.6, 0, 0, 0
L -70.6, -553.8, 14.6, -78.3, -561.6, 14.6, 0, 0, 0
L -57.7, -553.5, 14.6, -70.6, -553.8, 14.6, 0, 0, 0
L -49.7, -561.6, 14.6, -57.7, -553.5, 14.6, 0, 0, 0
L -49.9, -574.3, 14.6, -49.7, -561.6, 14.6, 0, 0, 0
L -55.6, -579.9, 14.6, -49.9, -574.3, 14.6, 0, 0, 0
L -16.4, -657.8, 0.6, -16.4, -660.6, 0.6, 0, 0, 0
L -25.6, -657.6, 0.6, -25.6, -660.7, 0.6, 0, 0, 0
L -39.6, -643.6, 0.6, -25.6, -657.6, 0.6, 0, 0, 0
L -39.6, -633.9, 0.6, -39.6, -643.6, 0.6, 0, 0, 0
L -25.8, -620.1, 0.6, -39.6, -633.9, 0.6, 0, 0, 0
L -16.2, -620.1, 0.6, -25.8, -620.1, 0.6, 0, 0, 0
L -2.4, -633.9, 0.6, -16.2, -620.1, 0.6, 0, 0, 0
L -2.4, -643.6, 0.6, -2.4, -633.9, 0.6, 0, 0, 0
L -16.4, -657.8, 0.6, -2.4, -643.6, 0.6, 0, 0, 0
L 0.6, -643.8, 0.6, -16.4, -660.6, 0.6, 0, 0, 0
L 0.4, -633.7, 0.6, 0.6, -643.8, 0.6, 0, 0, 0
L -15.2, -617.5, 0.7, 0.4, -633.7, 0.6, 0, 0, 0
L -26.0, -617.3, 0.9, -15.2, -617.5, 0.7, 0, 0, 0
L -42.3, -633.6, 0.6, -26.0, -617.3, 0.9, 0, 0, 0
L -42.3, -643.9, 0.6, -42.3, -633.6, 0.6, 0, 0, 0
L -25.6, -660.7, 0.6, -42.3, -643.9, 0.6, 0, 0, 0
L -16.4, -766.1, 0.6, -18.4, -766.1, 0.6, 0, 0, 0
L -18.4, -763.3, 0.6, -18.4, -766.1, 0.6, 0, 0, 0
L -13.6, -763.3, 0.6, -18.4, -763.3, 0.6, 0, 0, 0
L -13.6, -766.5, 0.6, -13.6, -763.3, 0.6, 0, 0, 0
L -4.8, -775.3, 0.6, -13.6, -766.5, 0.6, 0, 0, 0
L 12.8, -775.3, 0.6, -4.8, -775.3, 0.6, 0, 0, 0
L 21.6, -766.5, 0.6, 12.8, -775.3, 0.6, 0, 0, 0
L 21.6, -748.8, 0.6, 21.6, -766.5, 0.6, 0, 0, 0
L 12.8, -740.1, 0.6, 21.6, -748.8, 0.6, 0, 0, 0
L -4.8, -740.1, 0.6, 12.8, -740.1, 0.6, 0, 0, 0
L -13.6, -748.8, 0.6, -4.8, -740.1, 0.6, 0, 0, 0
L -13.6, -752.1, 0.6, -13.6, -748.8, 0.6, 0, 0, 0
L -18.4, -752.1, 0.6, -13.6, -752.1, 0.6, 0, 0, 0
L -18.4, -749.3, 0.6, -18.4, -752.1, 0.6, 0, 0, 0
L -16.4, -749.3, 0.6, -18.4, -749.3, 0.6, 0, 0, 0
L -16.4, -747.6, 0.6, -16.4, -749.3, 0.6, 0, 0, 0
L -6.3, -737.4, 0.6, -16.4, -747.6, 0.6, 0, 0, 0
L 14.2, -737.4, 0.6, -6.3, -737.4, 0.6, 0, 0, 0
L 24.0, -747.0, 0.6, 14.2, -737.4, 0.6, 0, 0, 0
L 24.5, -767.4, 0.6, 24.0, -747.0, 0.6, 0, 0, 0
L 14.1, -778.1, 0.6, 24.5, -767.4, 0.6, 0, 0, 0
L -5.9, -778.1, 0.6, 14.1, -778.1, 0.6, 0, 0, 0
L -16.4, -767.8, 0.6, -5.9, -778.1, 0.6, 0, 0, 0
L -16.4, -766.1, 0.6, -16.4, -767.8, 0.6, 0, 0, 0
L 658.8, -654.3, 10.1, 659.9, -654.7, 10.1, 0, 0, 0
L 649.2, -692.8, 7.7, 668.8, -733.3, 5.2, 0, 0, 0
L 658.8, -654.3, 10.0, 649.2, -692.8, 7.7, 0, 0, 0
L 650.4, -692.7, 7.7, 669.4, -731.6, 5.3, 0, 0, 0
L 659.9, -654.7, 10.0, 650.4, -692.7, 7.7, 0, 0, 0
L 670.4, -632.7, 13.9, 668.6, -639.1, 13.9, 0, 0, 0
L 668.3, -632.2, 11.5, 670.4, -632.7, 13.9, 0, 0, 0
L 665.7, -641.1, 10.9, 668.3, -632.2, 11.5, 0, 0, 0
L 691.7, -648.2, 10.5, 665.7, -641.1, 10.9, 0, 0, 0
L 699.1, -623.3, 12.0, 691.7, -648.2, 10.5, 0, 0, 0
L 672.8, -616.1, 12.5, 699.1, -623.3, 12.0, 0, 0, 0
L 670.4, -624.6, 11.9, 672.8, -616.1, 12.5, 0, 0, 0
L 672.5, -625.1, 13.9, 670.4, -624.6, 11.9, 0, 0, 0
L 674.2, -619.0, 13.9, 672.5, -625.1, 13.9, 0, 0, 0
L 695.9, -625.0, 13.9, 674.2, -619.0, 13.9, 0, 0, 0
L 690.3, -645.2, 13.9, 695.9, -625.0, 13.9, 0, 0, 0
L 668.6, -639.1, 13.9, 690.3, -645.2, 13.9, 0, 0, 0
L 628.6, -390.7, 16.6, 635.6, -398.0, 16.6, 0, 0, 0
L 647.5, -410.5, 16.6, 640.9, -403.5, 16.6, 0, 0, 0
L 642.5, -401.9, 19.2, 640.9, -403.5, 19.2, 0, 0, 0
L 637.1, -396.6, 19.2, 635.6, -398.0, 16.6, 0, 0, 0
L 632.2, -391.1, 19.2, 636.9, -396.0, 19.2, 0, 0, 0
L 649.6, -374.5, 19.2, 632.2, -391.1, 19.2, 0, 0, 0
L 665.0, -390.7, 19.2, 649.6, -374.5, 19.2, 0, 0, 0
L 647.6, -407.3, 19.2, 665.0, -390.7, 19.2, 0, 0, 0
L 642.5, -401.9, 19.2, 647.6, -407.3, 19.2, 0, 0, 0
L 649.4, -371.0, 16.6, 661.4, -383.6, 16.6, 0, 0, 0
L 628.6, -390.7, 16.6, 649.4, -371.0, 16.6, 0, 0, 0
L 668.2, -391.6, 16.6, 647.5, -410.5, 16.6, 0, 0, 0
L -339.1, 208.5, 0.6, -331.4, 176.9, 0.6, 0, 0, 0
L -331.4, 176.9, 0.6, -351.7, 154.6, 0.6, 0, 0, 0
L -351.7, 154.6, 0.6, -359.5, 119.3, 0.6, 0, 0, 0
L -359.5, 119.3, 0.6, -359.5, 96.2, 0.6, 0, 0, 0
L -359.5, 96.2, 0.6, -226.9, 11.9, 0.6, 0, 0, 0
L -226.9, 11.9, 0.6, -155.7, -23.8, 0.6, 0, 0, 0
L -155.7, -23.8, 0.6, -155.6, -120.1, 0.6, 0, 0, 0
L -155.6, -120.1, 0.6, -217.4, -211.9, 0.6, 0, 0, 0
L -217.4, -211.9, 0.6, -193.6, -239.4, 0.6, 0, 0, 0
L -193.6, -239.4, 0.6, -191.6, -311.2, 6.6, 0, 0, 0
L -191.6, -311.2, 6.6, -165.5, -337.5, 6.6, 0, 0, 0
L -165.5, -337.5, 6.6, -61.8, -337.5, 6.5, 0, 0, 0
L -61.8, -337.5, 6.5, -39.5, -365.8, 0.6, 0, 0, 0
L -39.5, -365.8, 0.6, -15.6, -396.0, 0.6, 0, 0, 0
L -15.6, -396.0, 0.6, -15.6, -437.4, 0.6, 0, 0, 0
L -15.6, -437.4, 0.6, 72.2, -437.5, 0.6, 0, 0, 0
L 72.2, -437.5, 0.6, 72.2, -458.2, 0.6, 0, 0, 0
L 72.2, -458.2, 0.6, 70.5, -462.1, 0.6, 0, 0, 0
L 70.5, -462.1, 0.6, 94.3, -520.2, 0.6, 0, 0, 0
L 94.3, -520.2, 0.6, 94.3, -577.1, 0.6, 0, 0, 0
L 94.3, -577.1, 0.6, 78.4, -609.7, 6.6, 0, 0, 0
L 78.4, -609.7, 6.6, 94.2, -639.4, 11.7, 0, 0, 0
L 94.2, -639.4, 11.7, 122.6, -696.3, 24.7, 0, 0, 0
L 122.6, -696.3, 24.7, 138.2, -733.4, 30.2, 0, 0, 0
L 138.2, -733.4, 30.2, 160.4, -790.0, 48.6, 0, 0, 0
L 160.4, -790.0, 48.6, 156.1, -812.3, 48.6, 0, 0, 0
L 156.1, -812.3, 48.6, 132.4, -831.7, 42.1, 0, 0, 0
L 132.4, -831.7, 42.1, 85.1, -832.6, 22.7, 0, 0, 0
L 85.1, -832.6, 22.7, 43.7, -840.0, 8.6, 0, 0, 0
L 43.7, -840.0, 8.6, 39.6, -803.8, 0.7, 0, 0, 0
L 39.6, -803.8, 0.7, 35.4, -763.0, 0.6, 0, 0, 0
L 35.4, -763.0, 0.6, 7.6, -667.5, 0.6, 0, 0, 0
L 7.6, -667.5, 0.6, -0.4, -617.2, 0.9, 0, 0, 0
L -0.4, -617.2, 0.9, -4.6, -585.8, 14.6, 0, 0, 0
L -4.6, -585.8, 14.6, -135.6, -492.2, 14.6, 0, 0, 0
L -135.6, -492.2, 14.6, -217.7, -492.2, 14.6, 0, 0, 0
L -217.7, -492.2, 14.6, -239.5, -543.7, 14.6, 0, 0, 0
L -239.5, -543.7, 14.6, -253.5, -550.0, 14.6, 0, 0, 0
L -435.4, -584.2, 14.6, -435.4, -585.6, 14.6, 0, 0, 0
L -435.4, -585.6, 14.6, -429.5, -617.4, 1.1, 0, 0, 0
L -429.5, -617.4, 1.1, -395.3, -668.2, 0.6, 0, 0, 0
L -395.3, -668.2, 0.6, -359.7, -763.0, 0.6, 0, 0, 0
L -360.2, -764.4, 0.6, -417.5, -803.9, 0.6, 0, 0, 0
L -417.5, -803.9, 0.6, -429.2, -831.3, 0.6, 0, 0, 0
L -429.2, -831.3, 0.6, -421.3, -861.9, 6.6, 0, 0, 0
L -421.3, -861.9, 6.6, -392.2, -922.0, 6.6, 0, 0, 0
L -390.3, -924.0, 6.6, -324.3, -956.3, 6.6, 0, 0, 0
L -324.3, -956.3, 6.6, -163.9, -959.2, 6.6, 0, 0, 0
L -163.9, -959.2, 6.6, -99.2, -923.9, 6.6, 0, 0, 0
L -99.2, -923.9, 6.6, -76.6, -862.4, 6.6, 0, 0, 0
L -76.6, -862.4, 6.6, -75.5, -830.2, 0.6, 0, 0, 0
L -75.5, -830.2, 0.6, -64.3, -810.1, 0.6, 0, 0, 0
L -64.3, -810.1, 0.6, -63.8, -803.3, 0.6, 0, 0, 0
L -63.8, -803.3, 0.6, -5.8, -803.4, 0.6, 0, 0, 0
L -5.8, -803.4, 0.6, 14.4, -839.3, 7.0, 0, 0, 0
L 14.4, -839.3, 7.0, 14.4, -861.3, 8.2, 0, 0, 0
L 14.4, -861.3, 8.2, 44.4, -867.2, 8.8, 0, 0, 0
L 44.4, -867.2, 8.8, 133.7, -857.3, 38.8, 0, 0, 0
L 133.7, -857.3, 38.8, 151.7, -857.3, 39.0, 0, 0, 0
L 151.7, -857.3, 39.0, 166.0, -835.0, 41.3, 0, 0, 0
L 166.0, -835.0, 41.3, 185.1, -812.1, 46.5, 0, 0, 0
L 185.1, -812.1, 46.5, 250.8, -756.1, 46.6, 0, 0, 0
L 250.8, -756.1, 46.6, 174.6, -757.5, 41.8, 0, 0, 0
L 174.6, -757.5, 41.8, 159.5, -733.5, 30.2, 0, 0, 0
L 159.5, -733.5, 30.2, 149.5, -693.4, 35.2, 0, 0, 0
L 149.5, -693.4, 35.2, 143.5, -642.8, 36.4, 0, 0, 0
L 143.5, -642.8, 36.4, 165.6, -623.5, 36.5, 0, 0, 0
L 165.6, -623.5, 36.5, 244.2, -589.3, 36.5, 0, 0, 0
L 244.2, -589.3, 36.5, 335.0, -593.3, 36.4, 0, 0, 0
L 335.0, -593.3, 36.4, 450.7, -628.5, 16.6, 0, 0, 0
L 450.7, -628.5, 16.6, 499.4, -713.3, 16.6, 0, 0, 0
L 398.2, -285.6, 16.3, 234.2, -165.7, 8.7, 0, 0, 0
L 234.2, -165.7, 8.7, 184.3, -67.8, 0.7, 0, 0, 0
L 184.3, -67.8, 0.7, 145.2, -31.4, 0.6, 0, 0, 0
L 145.2, -31.4, 0.6, 126.8, -27.9, 0.6, 0, 0, 0
L 126.8, -27.9, 0.6, 127.6, -77.6, 8.5, 0, 0, 0
L 127.6, -77.6, 8.5, 169.4, -187.5, 8.6, 0, 0, 0
L 169.4, -187.5, 8.6, 171.5, -249.8, 8.6, 0, 0, 0
L 171.5, -249.8, 8.6, 153.8, -262.6, 8.6, 0, 0, 0
L 152.8, -263.4, 8.6, 125.7, -284.8, 8.0, 0, 0, 0
L 125.7, -284.8, 8.0, 105.8, -317.4, 1.4, 0, 0, 0
L 105.8, -317.4, 1.4, 103.5, -337.8, 0.6, 0, 0, 0
L 103.5, -337.8, 0.6, 59.4, -385.7, 0.6, 0, 0, 0
L 59.4, -385.7, 0.6, 23.6, -401.2, 0.6, 0, 0, 0
L 23.6, -401.2, 0.6, 2.3, -391.6, 0.6, 0, 0, 0
L 2.3, -391.6, 0.6, -0.2, -395.4, 0.6, 0, 0, 0
L -0.2, -395.4, 0.6, 0.6, -423.6, 0.6, 0, 0, 0
L 0.6, -423.6, 0.6, 92.2, -422.2, 0.6, 0, 0, 0
L 92.2, -422.2, 0.6, 92.3, -400.2, 0.6, 0, 0, 0
L 92.3, -400.2, 0.6, 105.8, -400.2, 0.6, 0, 0, 0
L 105.8, -400.2, 0.6, 139.1, -392.4, 0.6, 0, 0, 0
L 139.1, -392.4, 0.6, 165.6, -392.2, 0.6, 0, 0, 0
L 165.6, -392.2, 0.6, 198.3, -388.0, 0.6, 0, 0, 0
L 198.3, -388.0, 0.6, 223.5, -364.7, -4.5, 0, 0, 0
L 223.5, -364.7, -4.5, 279.5, -364.2, -5.4, 0, 0, 0
L 279.5, -364.2, -5.4, 279.5, -383.4, -5.4, 150, 150, 150
L 279.5, -383.4, -5.4, 273.6, -389.6, -5.4, 150, 150, 150
L 273.6, -389.6, -5.4, 273.5, -407.9, -5.4, 150, 150, 150
L 273.5, -407.9, -5.4, 279.3, -413.8, -5.4, 150, 150, 150
L 279.3, -413.8, -5.4, 279.5, -433.4, -5.4, 150, 150, 150
L 279.5, -433.4, -5.4, 226.3, -433.4, -5.4, 0, 0, 0
L 226.3, -433.4, -5.4, 198.3, -409.3, 0.6, 0, 0, 0
L 198.3, -409.3, 0.6, 140.7, -405.5, 0.6, 0, 0, 0
L 140.7, -405.5, 0.6, 107.3, -413.1, 0.6, 0, 0, 0
L 107.3, -413.1, 0.6, 105.6, -437.4, 0.6, 0, 0, 0
L 105.6, -437.4, 0.6, 95.4, -437.4, 0.6, 0, 0, 0
L 95.4, -437.4, 0.6, 91.7, -437.6, 0.6, 0, 0, 0
L 91.7, -437.6, 0.6, 92.0, -458.9, 0.6, 0, 0, 0
L 92.0, -458.9, 0.6, 96.2, -465.1, 0.6, 0, 0, 0
L 96.2, -465.1, 0.6, 140.8, -518.9, 0.6, 0, 0, 0
L 140.8, -518.9, 0.6, 189.6, -502.4, 0.6, 0, 0, 0
L 189.6, -502.4, 0.6, 336.6, -530.2, 16.6, 0, 0, 0
L 336.6, -530.2, 16.6, 448.2, -451.3, 16.6, 0, 0, 0
L 448.2, -451.3, 16.6, 398.2, -285.6, 16.6, 0, 0, 0
L -339.3, 209.1, 0.6, -312.3, 195.9, 0.6, 0, 0, 255
L -312.3, 195.9, 0.6, -219.8, 181.7, 0.6, 0, 0, 255
L -219.8, 181.7, 0.6, -178.9, 116.2, 0.6, 0, 0, 255
L -178.9, 116.2, 0.6, -155.0, 105.8, 0.6, 0, 0, 255
L -155.0, 105.8, 0.6, -120.3, 109.6, 0.6, 0, 0, 255
L -93.6, 109.8, 0.6, -25.2, 87.2, 0.5, 0, 0, 255
L -25.2, 87.2, 0.5, -7.2, 63.1, 0.6, 0, 0, 255
L -7.2, 63.1, 0.6, 23.6, 59.7, 0.6, 0, 0, 255
L 23.6, 59.7, 0.6, 71.6, 85.6, 0.6, 0, 0, 255
L 102.3, 85.8, 0.6, 130.8, 62.8, 0.6, 0, 0, 255
L 130.8, 62.8, 0.6, 146.0, 27.4, 0.6, 0, 0, 255
L 146.0, 27.4, 0.6, 183.6, -30.0, 0.6, 0, 0, 255
L 183.6, -30.0, 0.6, 233.5, -68.6, 8.0, 0, 0, 255
L 233.5, -68.6, 8.0, 294.9, -100.9, 11.2, 0, 0, 255
L 294.9, -100.9, 11.2, 327.7, -158.5, 10.9, 0, 0, 255
L 327.7, -158.5, 10.9, 357.8, -172.4, 14.4, 0, 0, 255
L 357.8, -172.4, 14.4, 451.8, -264.4, 16.6, 0, 0, 255
L 451.8, -264.4, 16.6, 529.8, -452.4, 16.6, 0, 0, 255
L 529.8, -452.4, 16.6, 537.6, -460.1, 16.6, 0, 0, 255
L 537.6, -460.1, 16.6, 529.1, -479.4, 16.6, 0, 0, 255
L 529.0, -520.2, 16.6, 535.3, -555.7, 16.6, 0, 0, 255
L 535.3, -555.7, 16.6, 529.6, -578.7, 16.6, 0, 0, 255
L 529.6, -578.7, 16.6, 499.4, -713.3, 16.6, 0, 0, 255
L 618.2, -783.3, 2.0, 623.8, -548.6, 16.6, 0, 0, 255
L 620.5, -479.4, 16.6, 623.2, -459.6, 15.3, 0, 0, 255
L 623.2, -459.6, 15.3, 525.3, -263.9, 16.6, 0, 0, 255
L 525.3, -263.9, 16.6, 359.0, -58.6, 37.0, 0, 0, 255
L 359.0, -58.6, 37.0, 340.8, -21.6, 42.6, 0, 0, 255
L 340.8, -21.6, 42.6, 341.1, 108.7, 36.9, 0, 0, 255
L 341.1, 108.7, 36.9, 494.5, 244.1, 36.9, 0, 0, 255
L 494.5, 244.1, 36.9, 574.0, 289.8, 38.3, 0, 0, 255
L 574.0, 289.8, 38.3, 609.3, 407.8, 40.8, 0, 0, 255
L 609.3, 407.8, 40.8, 572.6, 551.7, 36.6, 0, 0, 255
L 572.6, 551.7, 36.6, 381.5, 783.4, 48.9, 0, 0, 255
L 381.5, 783.4, 48.9, 315.2, 797.5, 53.5, 0, 0, 255
L 315.2, 797.5, 53.5, 296.4, 800.6, 42.8, 0, 0, 255
L 296.4, 800.6, 42.8, 147.7, 799.7, 33.5, 0, 0, 255
L 147.7, 799.7, 33.5, 122.2, 793.5, 23.9, 0, 0, 255
L 122.2, 793.5, 23.9, 77.8, 780.1, 29.8, 0, 0, 255
L 77.8, 780.1, 29.8, 10.4, 747.7, 24.8, 0, 0, 255
L 10.4, 747.7, 24.8, -202.7, 748.2, 39.1, 0, 0, 255
L -202.7, 748.2, 39.1, -395.7, 622.7, 28.7, 0, 0, 255
L -395.7, 622.7, 28.7, -467.6, 372.2, 30.2, 0, 0, 255
L -467.6, 372.2, 30.2, -468.0, 360.7, 42.0, 0, 0, 255
L -468.0, 360.7, 42.0, -468.8, 299.2, 53.2, 0, 0, 255
L -468.8, 299.2, 53.2, -439.8, 278.2, 23.6, 0, 0, 255
L -439.8, 278.2, 23.6, -392.2, 240.4, 17.9, 0, 0, 255
L -392.2, 240.4, 17.9, -339.1, 208.5, 0.6, 0, 0, 255
L 171.7, 358.2, 0.7, 172.0, 409.5, 0.7, 0, 0, 255
L 172.0, 409.5, 0.7, 182.2, 409.6, 2.6, 0, 0, 0
L 182.2, 409.6, 2.6, 197.2, 447.9, 2.6, 0, 0, 0
L 197.2, 447.9, 2.6, 218.2, 499.5, 2.6, 0, 0, 0
L 218.2, 499.5, 2.6, 224.2, 541.2, 2.6, 0, 0, 0
L 224.2, 541.2, 2.6, 216.4, 571.4, 2.6, 0, 0, 0
L 216.4, 571.4, 2.6, 177.9, 566.2, 2.6, 0, 0, 0
L 177.9, 566.2, 2.6, 151.6, 566.3, 2.6, 0, 0, 0
L 151.6, 566.3, 2.6, 131.3, 574.0, 2.6, 0, 0, 0
L 131.3, 574.0, 2.6, 120.6, 570.4, 2.6, 0, 0, 0
L 120.6, 570.4, 2.6, 120.7, 558.2, 2.6, 0, 0, 0
L 120.7, 558.2, 2.6, 132.9, 549.0, 2.6, 0, 0, 0
L 132.9, 549.0, 2.6, 144.3, 545.6, 2.6, 0, 0, 0
L 144.3, 545.6, 2.6, 162.4, 547.1, 2.6, 0, 0, 0
L 162.4, 547.1, 2.6, 165.8, 547.4, 2.6, 0, 0, 0
L 165.8, 547.4, 2.6, 181.7, 537.3, 2.6, 0, 0, 0
L 181.7, 537.3, 2.6, 193.5, 507.6, 2.6, 0, 0, 0
L 193.5, 507.6, 2.6, 179.6, 468.3, 2.6, 0, 0, 0
L 179.6, 468.3, 2.6, 159.5, 464.2, 2.6, 0, 0, 0
L 159.5, 464.2, 2.6, 142.1, 464.2, 2.6, 0, 0, 0
L 142.1, 464.2, 2.6, 131.0, 466.8, 2.6, 0, 0, 0
L 131.0, 466.8, 2.6, 105.8, 482.6, 2.6, 0, 0, 0
L 105.8, 482.6, 2.6, 82.1, 514.7, 2.6, 0, 0, 0
L 82.1, 514.7, 2.6, 78.6, 532.4, 2.6, 0, 0, 0
L 78.6, 532.4, 2.6, 86.3, 549.5, 2.6, 0, 0, 0
L 86.3, 549.5, 2.6, 86.7, 560.5, 2.6, 0, 0, 0
L 86.7, 560.5, 2.6, 92.7, 571.9, 2.6, 0, 0, 0
L 92.7, 571.9, 2.6, 106.5, 581.5, 2.6, 0, 0, 0
L 106.5, 581.5, 2.6, 121.8, 585.3, 2.6, 0, 0, 0
L 121.8, 585.3, 2.6, 124.6, 597.8, 2.6, 0, 0, 0
L 124.6, 597.8, 2.6, 132.2, 603.3, 2.6, 0, 0, 0
L 132.2, 603.3, 2.6, 141.2, 601.4, 2.6, 0, 0, 0
L 141.2, 601.4, 2.6, 144.5, 601.8, 2.6, 0, 0, 0
L 144.5, 601.8, 2.6, 148.2, 607.5, 2.6, 0, 0, 0
L 148.2, 607.5, 2.6, 153.2, 609.4, 2.6, 0, 0, 0
L 153.2, 609.4, 2.6, 158.4, 608.7, 2.6, 0, 0, 0
L 158.4, 608.7, 2.6, 161.6, 605.2, 2.6, 0, 0, 0
L 161.6, 605.2, 2.6, 161.3, 597.5, 2.6, 0, 0, 0
L 161.3, 597.5, 2.6, 157.4, 592.0, 2.6, 0, 0, 0
L 157.4, 592.0, 2.6, 149.4, 590.3, 2.6, 0, 0, 0
L 149.4, 590.3, 2.6, 145.1, 591.8, 2.6, 0, 0, 0
L 145.1, 591.8, 2.6, 140.3, 594.0, 2.6, 0, 0, 0
L 140.3, 594.0, 2.6, 132.5, 594.1, 2.6, 0, 0, 0
L 132.5, 594.1, 2.6, 131.6, 587.9, 2.6, 0, 0, 0
L 131.6, 587.9, 2.6, 152.4, 579.4, 2.6, 0, 0, 0
L 152.4, 579.4, 2.6, 180.7, 579.6, 2.6, 0, 0, 0
L 180.7, 579.6, 2.6, 216.3, 589.0, 2.7, 0, 0, 0
L 216.3, 589.0, 2.7, 239.6, 571.3, 2.6, 0, 0, 0
L 239.6, 571.3, 2.6, 245.4, 542.3, 2.6, 0, 0, 0
L 245.4, 542.3, 2.6, 233.5, 498.9, 2.6, 0, 0, 0
L 233.5, 498.9, 2.6, 231.6, 446.5, 2.6, 0, 0, 0
L 231.6, 446.5, 2.6, 274.5, 480.8, 2.6, 0, 0, 0
L 274.5, 480.8, 2.6, 276.4, 497.8, 2.6, 0, 0, 0
L 276.4, 497.8, 2.6, 291.4, 513.4, 2.6, 0, 0, 0
L 291.4, 513.4, 2.6, 294.3, 518.4, 2.6, 0, 0, 0
L 294.3, 518.4, 2.6, 276.3, 539.9, 2.6, 0, 0, 0
L 276.3, 539.9, 2.6, 280.1, 572.9, 2.6, 0, 0, 0
L 280.1, 572.9, 2.6, 255.9, 586.2, 2.6, 0, 0, 0
L 255.9, 586.2, 2.6, 243.7, 586.4, 2.6, 0, 0, 0
L 243.7, 586.4, 2.6, 226.3, 600.3, 2.6, 0, 0, 0
L 226.3, 600.3, 2.6, 226.3, 611.5, 2.6, 0, 0, 0
L 226.3, 611.5, 2.6, 238.4, 617.2, 2.6, 0, 0, 0
L 238.4, 617.2, 2.6, 251.6, 613.4, 2.6, 0, 0, 0
L 251.6, 613.4, 2.6, 255.6, 599.5, 2.6, 0, 0, 0
L 255.6, 599.5, 2.6, 291.6, 587.4, 2.6, 0, 0, 0
L 291.6, 587.4, 2.6, 295.5, 573.8, 2.6, 0, 0, 0
L 295.5, 573.8, 2.6, 289.7, 546.9, 2.6, 0, 0, 0
L 289.7, 546.9, 2.6, 303.2, 526.1, 2.6, 0, 0, 0
L 303.2, 526.1, 2.6, 316.7, 525.6, 2.6, 0, 0, 0
L 316.7, 525.6, 2.6, 326.6, 528.1, 2.6, 0, 0, 0
L 326.6, 528.1, 2.6, 336.3, 540.8, 2.6, 0, 0, 0
L 336.3, 540.8, 2.6, 329.5, 554.5, 2.6, 0, 0, 0
L 329.5, 554.5, 2.6, 329.5, 542.0, 2.6, 0, 0, 0
L 329.5, 542.0, 2.6, 325.6, 540.3, 2.6, 0, 0, 0
L 325.6, 540.3, 2.6, 319.6, 542.8, 2.6, 0, 0, 0
L 319.6, 542.8, 2.6, 314.1, 550.7, 2.6, 0, 0, 0
L 314.1, 550.7, 2.6, 312.3, 559.6, 2.6, 0, 0, 0
L 312.3, 559.6, 2.6, 324.1, 565.3, 2.6, 0, 0, 0
L 324.1, 565.3, 2.6, 334.9, 559.9, 2.6, 0, 0, 0
L 334.9, 559.9, 2.6, 345.6, 548.6, 2.6, 0, 0, 0
L 345.6, 548.6, 2.6, 347.2, 533.4, 2.6, 0, 0, 0
L 347.2, 533.4, 2.6, 337.4, 516.0, 2.6, 0, 0, 0
L 337.4, 516.0, 2.6, 327.6, 512.2, 2.6, 0, 0, 0
L 327.6, 512.2, 2.6, 315.3, 511.8, 2.6, 0, 0, 0
L 315.3, 511.8, 2.6, 297.9, 498.3, 2.6, 0, 0, 0
L 297.9, 498.3, 2.6, 285.8, 482.4, 2.6, 0, 0, 0
L 285.8, 482.4, 2.6, 314.7, 481.4, 2.6, 0, 0, 0
L 314.7, 481.4, 2.6, 363.2, 503.1, 0.6, 0, 0, 0
L 363.2, 503.1, 0.6, 363.2, 436.5, 0.6, 0, 0, 255
L 363.2, 436.5, 0.6, 315.4, 460.3, 2.6, 0, 0, 0
L 315.4, 460.3, 2.6, 275.6, 452.5, 2.6, 0, 0, 0
L 275.6, 452.5, 2.6, 232.3, 426.5, 2.6, 0, 0, 0
L 232.3, 426.5, 2.6, 268.5, 390.0, 2.6, 0, 0, 0
L 268.5, 390.0, 2.6, 277.4, 373.3, 2.6, 0, 0, 0
L 277.4, 373.3, 2.6, 275.1, 359.6, 2.6, 0, 0, 0
L 275.1, 359.6, 2.6, 263.1, 346.9, 2.6, 0, 0, 0
L 263.1, 346.9, 2.6, 279.5, 317.8, 2.6, 0, 0, 0
L 279.5, 317.8, 2.6, 277.1, 303.7, 2.6, 0, 0, 0
L 277.1, 303.7, 2.6, 258.2, 290.5, 2.6, 0, 0, 0
L 258.2, 290.5, 2.6, 248.2, 292.2, 2.6, 0, 0, 0
L 248.2, 292.2, 2.6, 244.4, 303.6, 2.6, 0, 0, 0
L 244.4, 303.6, 2.6, 253.5, 313.0, 2.6, 0, 0, 0
L 253.5, 313.0, 2.6, 263.0, 317.1, 2.6, 0, 0, 0
L 263.0, 317.1, 2.6, 256.2, 338.1, 2.6, 0, 0, 0
L 256.2, 338.1, 2.6, 245.1, 338.0, 2.6, 0, 0, 0
L 245.1, 338.0, 2.6, 216.4, 323.5, 2.6, 0, 0, 0
L 216.4, 323.5, 2.6, 203.9, 316.3, 2.6, 0, 0, 0
L 203.9, 316.3, 2.6, 209.4, 302.2, 2.6, 0, 0, 0
L 209.4, 302.2, 2.6, 194.7, 296.5, 2.6, 0, 0, 0
L 194.7, 296.5, 2.6, 183.7, 298.8, 2.6, 0, 0, 0
L 183.7, 298.8, 2.6, 178.4, 305.9, 2.6, 0, 0, 0
L 178.4, 305.9, 2.6, 184.6, 316.0, 2.6, 0, 0, 0
L 184.6, 316.0, 2.6, 195.2, 324.2, 2.6, 0, 0, 0
L 195.2, 324.2, 2.6, 221.7, 338.9, 2.6, 0, 0, 0
L 221.7, 338.9, 2.6, 246.2, 359.6, 2.6, 0, 0, 0
L 246.2, 359.6, 2.6, 254.1, 373.5, 2.6, 0, 0, 0
L 254.1, 373.5, 2.6, 244.4, 391.7, 2.6, 0, 0, 0
L 244.4, 391.7, 2.6, 224.7, 409.6, 2.6, 0, 0, 0
L 224.7, 409.6, 2.6, 223.5, 384.3, 2.6, 0, 0, 0
L 223.5, 384.3, 2.6, 207.4, 372.0, 2.6, 0, 0, 0
L 207.4, 372.0, 2.6, 171.7, 358.2, 0.7, 0, 0, 0
L 499.4, -713.3, 16.6, 484.3, -783.3, -0.3, 0, 0, 0
L 484.3, -783.3, -0.3, 408.5, -899.2, 0.3, 0, 0, 0
L 408.5, -899.2, 0.3, 523.1, -899.2, 0.8, 0, 0, 0
L 523.1, -899.2, 0.8, 618.2, -783.3, 2.0, 0, 0, 0
L -253.3, -549.9, 14.6, -253.6, -558.1, 14.6, 0, 0, 0
L -253.6, -558.1, 14.6, -262.3, -557.9, 14.6, 0, 0, 0
L -262.3, -557.9, 14.6, -262.3, -549.4, 14.6, 0, 0, 0
L -262.3, -549.4, 14.6, -254.3, -549.4, 14.6, 0, 0, 0
L -254.3, -549.4, 14.6, -254.6, -485.6, 14.6, 0, 0, 0
L -254.6, -485.6, 14.6, -290.3, -446.2, 14.6, 0, 0, 0
L -290.3, -446.2, 14.6, -447.4, -446.2, 14.6, 0, 0, 0
L -447.4, -446.2, 14.6, -447.4, -499.4, 14.6, 0, 0, 0
L -447.4, -499.4, 14.6, -430.2, -499.4, 14.6, 0, 0, 0
L -430.2, -499.4, 14.6, -430.2, -486.2, 14.6, 0, 0, 0
L -430.2, -486.2, 14.6, -433.9, -486.2, 14.6, 0, 0, 0
L -433.9, -486.2, 14.6, -433.9, -467.2, 14.6, 0, 0, 0
L -433.9, -467.2, 14.6, -415.6, -467.5, 14.6, 0, 0, 0
L -415.6, -467.5, 14.6, -415.5, -471.4, 14.6, 0, 0, 0
L -415.5, -471.4, 14.6, -372.2, -471.4, 14.6, 0, 0, 0
L -372.2, -471.4, 14.6, -372.1, -467.6, 14.6, 0, 0, 0
L -372.1, -467.6, 14.6, -353.7, -467.5, 14.6, 0, 0, 0
L -353.7, -467.5, 14.6, -353.5, -485.4, 14.6, 0, 0, 0
L -353.5, -485.4, 14.6, -295.6, -485.6, 14.6, 0, 0, 0
L -295.6, -485.6, 14.6, -295.5, -500.0, 14.6, 0, 0, 0
L -295.5, -500.0, 14.6, -308.3, -499.9, 14.6, 0, 0, 0
L -308.3, -499.9, 14.6, -320.0, -488.2, 14.6, 0, 0, 0
L -320.0, -488.2, 14.6, -327.5, -488.2, 14.6, 0, 0, 0
L -327.5, -488.2, 14.6, -327.5, -491.6, 14.6, 0, 0, 0
L -327.5, -491.6, 14.6, -356.3, -491.5, 14.6, 0, 0, 0
L -356.3, -491.5, 14.6, -356.2, -488.2, 14.6, 0, 0, 0
L -356.2, -488.2, 14.6, -382.0, -488.1, 14.6, 0, 0, 0
L -382.0, -488.1, 14.6, -387.6, -475.3, 14.6, 0, 0, 0
L -387.6, -475.3, 14.6, -388.1, -474.2, 14.6, 0, 0, 0
L -388.1, -474.2, 14.6, -425.5, -474.2, 14.6, 0, 0, 0
L -425.5, -474.2, 14.6, -425.5, -502.0, 14.6, 0, 0, 0
L -425.5, -502.0, 14.6, -429.3, -501.9, 12.9, 178, 102, 255
L -456.2, -501.9, 0.6, -456.0, -487.5, 0.6, 178, 102, 255
L -456.0, -487.5, 0.6, -430.2, -487.4, 0.6, 178, 102, 255
L -430.2, -487.4, 0.6, -430.2, -452.2, 0.6, 178, 102, 255
L -430.2, -452.2, 0.6, -453.4, -452.2, 0.6, 178, 102, 255
L -453.4, -452.2, 0.6, -453.3, -476.0, 0.6, 178, 102, 255
L -453.3, -476.0, 0.6, -453.6, -478.1, 0.6, 178, 102, 255
L -453.6, -478.1, 0.6, -456.4, -478.1, 0.6, 178, 102, 255
L -456.4, -478.1, 0.6, -456.2, -476.2, 0.6, 178, 102, 255
L -456.2, -476.2, 0.6, -467.4, -476.2, 0.6, 178, 102, 255
L -467.4, -476.2, 0.6, -467.4, -478.3, 0.6, 178, 102, 255
L -467.4, -478.3, 0.6, -470.6, -478.1, 0.6, 178, 102, 255
L -470.6, -478.1, 0.6, -470.2, -452.2, 0.6, 178, 102, 255
L -470.2, -452.2, 0.6, -505.4, -452.2, 0.6, 178, 102, 255
L -505.4, -452.2, 0.6, -505.4, -487.4, 0.6, 178, 102, 255
L -505.4, -487.4, 0.6, -467.5, -487.5, 0.6, 178, 102, 255
L -467.5, -487.5, 0.6, -467.4, -513.4, 0.6, 178, 102, 255
L -425.8, -513.4, 14.6, -425.5, -541.4, 14.6, 0, 0, 0
L -425.5, -541.4, 14.6, -388.1, -541.3, 14.6, 0, 0, 0
L -388.1, -541.3, 14.6, -382.1, -527.5, 14.6, 0, 0, 0
L -382.1, -527.5, 14.6, -356.2, -527.4, 14.6, 0, 0, 0
L -356.2, -527.4, 14.6, -356.5, -523.7, 14.6, 0, 0, 0
L -356.5, -523.7, 14.6, -327.5, -523.8, 14.6, 0, 0, 0
L -327.5, -523.8, 14.6, -327.5, -527.4, 14.6, 0, 0, 0
L -327.5, -527.4, 14.6, -320.0, -527.4, 14.6, 0, 0, 0
L -320.0, -527.4, 14.6, -308.1, -515.5, 14.6, 0, 0, 0
L -308.1, -515.5, 14.6, -295.4, -515.5, 14.6, 0, 0, 0
L -295.4, -515.5, 14.6, -295.7, -530.1, 14.6, 0, 0, 0
L -295.7, -530.1, 14.6, -353.5, -530.2, 14.6, 0, 0, 0
L -353.5, -530.2, 14.6, -353.7, -548.3, 14.6, 0, 0, 0
L -353.7, -548.3, 14.6, -372.5, -548.1, 14.6, 0, 0, 0
L -372.5, -548.1, 14.6, -372.2, -544.2, 14.6, 0, 0, 0
L -372.2, -544.2, 14.6, -415.5, -544.2, 14.6, 0, 0, 0
L -415.5, -544.2, 14.6, -415.5, -548.2, 14.6, 0, 0, 0
L -415.5, -548.2, 14.6, -434.1, -548.2, 14.6, 0, 0, 0
L -434.1, -548.2, 14.6, -434.1, -529.2, 14.6, 0, 0, 0
L -434.1, -529.2, 14.6, -430.2, -529.4, 14.6, 0, 0, 0
L -430.2, -529.4, 14.6, -430.2, -516.4, 14.6, 0, 0, 0
L -430.2, -516.4, 14.6, -447.4, -516.2, 14.6, 0, 0, 0
L -447.4, -516.2, 14.6, -447.4, -549.7, 14.6, 0, 0, 0
L -447.4, -549.7, 14.6, -435.5, -576.6, 14.6, 0, 0, 0
L -435.5, -576.6, 14.6, -435.4, -579.4, 14.6, 0, 0, 0
L -435.4, -579.4, 14.6, -408.2, -579.4, 14.6, 0, 0, 0
L -408.2, -579.4, 14.6, -408.0, -577.1, 14.6, 0, 0, 0
L -408.0, -577.1, 14.6, -400.2, -577.1, 14.6, 0, 0, 0
L -400.2, -577.1, 14.6, -399.3, -577.3, 14.6, 0, 0, 0
L -399.3, -577.3, 14.6, -399.5, -579.4, 14.6, 0, 0, 0
L -399.5, -579.4, 14.6, -360.2, -579.4, 14.6, 0, 0, 0
L -360.2, -579.4, 14.6, -360.1, -577.5, 14.6, 0, 0, 0
L -360.1, -577.5, 14.6, -351.5, -577.6, 14.6, 0, 0, 0
L -351.5, -577.6, 14.6, -351.5, -579.4, 14.6, 0, 0, 0
L -351.5, -579.4, 14.6, -310.2, -579.4, 14.6, 0, 0, 0
L -310.2, -579.4, 14.6, -310.3, -577.4, 14.6, 0, 0, 0
L -310.3, -577.4, 14.6, -301.5, -577.4, 14.6, 0, 0, 0
L -301.5, -577.4, 14.6, -301.5, -579.4, 14.6, 0, 0, 0
L -301.5, -579.4, 14.6, -262.3, -579.4, 14.6, 0, 0, 0
L -262.3, -579.4, 14.6, -262.2, -577.5, 14.6, 0, 0, 0
L -262.2, -577.5, 14.6, -253.6, -577.5, 14.6, 0, 0, 0
L -253.6, -577.5, 14.6, -253.5, -585.4, 14.6, 0, 0, 0
L -253.5, -585.4, 14.6, -253.6, -586.0, 14.5, 0, 0, 0
L -253.6, -586.0, 14.5, -262.2, -586.0, 14.5, 0, 0, 0
L -262.2, -586.0, 14.5, -262.3, -584.2, 14.6, 0, 0, 0
L -262.3, -584.2, 14.6, -301.5, -584.2, 14.6, 0, 0, 0
L -301.5, -584.2, 14.6, -301.5, -586.2, 14.5, 0, 0, 0
L -301.5, -586.2, 14.5, -310.2, -586.2, 14.5, 0, 0, 0
L -310.2, -586.2, 14.5, -310.2, -584.2, 14.6, 0, 0, 0
L -310.2, -584.2, 14.6, -351.5, -584.2, 14.6, 0, 0, 0
L -351.5, -584.2, 14.6, -351.5, -586.3, 14.4, 0, 0, 0
L -351.5, -586.3, 14.4, -360.2, -586.4, 14.4, 0, 0, 0
L -360.2, -586.4, 14.4, -360.2, -584.2, 14.6, 0, 0, 0
L -360.2, -584.2, 14.6, -399.5, -584.2, 14.6, 0, 0, 0
L -399.5, -584.2, 14.6, -399.5, -586.4, 14.4, 0, 0, 0
L -399.5, -586.4, 14.4, -408.5, -586.3, 14.4, 0, 0, 0
L -408.5, -586.3, 14.4, -408.2, -584.2, 14.6, 0, 0, 0
L -408.2, -584.2, 14.6, -435.4, -584.2, 14.6, 0, 0, 0
L -347.6, -658.0, 0.6, -357.6, -668.0, 0.6, 0, 0, 0
L -357.6, -668.0, 0.6, -378.6, -667.9, 0.6, 0, 0, 0
L -378.6, -667.9, 0.6, -388.4, -657.5, 0.6, 0, 0, 0
L -388.4, -657.5, 0.6, -388.2, -638.1, 0.6, 0, 0, 0
L -388.2, -638.1, 0.6, -378.4, -627.7, 0.6, 0, 0, 0
L -378.4, -627.7, 0.6, -358.7, -627.4, 0.6, 0, 0, 0
L -358.7, -627.4, 0.6, -348.0, -637.1, 0.6, 0, 0, 0
L -348.0, -637.1, 0.6, -347.5, -639.4, 0.6, 0, 0, 0
L -347.5, -639.4, 0.6, -345.7, -639.4, 0.6, 0, 0, 0
L -345.7, -639.4, 0.6, -345.8, -642.1, 0.6, 0, 0, 0
L -345.8, -642.1, 0.6, -350.2, -641.9, 0.6, 0, 0, 0
L -350.2, -641.9, 0.6, -350.4, -637.7, 0.6, 0, 0, 0
L -350.4, -637.7, 0.6, -358.1, -630.1, 0.6, 0, 0, 0
L -358.1, -630.1, 0.6, -377.7, -630.1, 0.6, 0, 0, 0
L -377.7, -630.1, 0.6, -385.5, -638.2, 0.6, 0, 0, 0
L -385.5, -638.2, 0.6, -385.5, -657.6, 0.6, 0, 0, 0
L -385.5, -657.6, 0.6, -377.5, -665.3, 0.6, 0, 0, 0
L -377.5, -665.3, 0.6, -357.7, -665.0, 0.6, 0, 0, 0
L -357.7, -665.0, 0.6, -350.3, -657.1, 0.6, 0, 0, 0
L -350.3, -657.1, 0.6, -350.2, -653.5, 0.6, 0, 0, 0
L -350.2, -653.5, 0.6, -345.6, -653.5, 0.6, 0, 0, 0
L -345.6, -653.5, 0.6, -345.5, -655.6, 0.6, 0, 0, 0
L -345.5, -655.6, 0.6, -345.7, -656.1, 0.6, 0, 0, 0
L -347.5, -656.1, 0.6, -347.6, -658.0, 0.6, 0, 0, 0
L -345.7, -656.1, 0.6, -347.5, -656.1, 0.6, 0, 0, 0
L -269.5, -660.1, 0.6, -269.5, -627.4, 0.6, 0, 0, 0
L -269.5, -627.4, 0.6, -281.2, -627.4, 0.6, 0, 0, 0
L -289.5, -627.4, 0.6, -302.2, -627.4, 0.6, 0, 0, 0
L -302.2, -627.4, 0.6, -302.3, -660.1, 0.6, 0, 0, 0
L -302.3, -660.1, 0.6, -269.5, -660.1, 0.6, 0, 0, 0
L -289.5, -630.1, 0.6, -297.5, -630.1, 0.6, 0, 0, 0
L -297.5, -630.1, 0.6, -297.7, -632.1, 0.6, 0, 0, 0
L -297.7, -632.1, 0.6, -299.5, -632.1, 0.6, 0, 0, 0
L -299.5, -632.1, 0.6, -299.5, -655.4, 0.6, 0, 0, 0
L -299.5, -655.4, 0.6, -297.8, -655.4, 0.6, 0, 0, 0
L -297.8, -655.4, 0.6, -297.5, -657.4, 0.6, 0, 0, 0
L -297.5, -657.4, 0.6, -274.2, -657.4, 0.6, 0, 0, 0
L -274.2, -657.4, 0.6, -274.2, -655.9, 0.6, 0, 0, 0
L -274.2, -655.9, 0.6, -272.3, -655.4, 0.6, 0, 0, 0
L -272.3, -655.4, 0.6, -272.3, -632.1, 0.6, 0, 0, 0
L -272.3, -632.1, 0.6, -273.6, -632.1, 0.6, 0, 0, 0
L -273.6, -632.1, 0.6, -274.2, -630.1, 0.6, 0, 0, 0
L -274.2, -630.1, 0.6, -281.2, -630.1, 0.6, 0, 0, 0
L -281.2, -630.1, 0.6, -281.2, -627.4, 0.6, 0, 0, 0
L -289.5, -627.4, 0.6, -289.5, -630.1, 0.6, 0, 0, 0
L -180.3, -685.3, 0.6, -180.1, -667.3, 0.6, 0, 0, 0
L -180.1, -667.3, 0.6, -149.7, -637.3, 0.6, 0, 0, 0
L -149.7, -637.3, 0.6, -93.2, -637.9, 0.6, 0, 0, 0
L -93.2, -637.9, 0.6, -63.5, -668.0, 0.6, 0, 0, 0
L -63.5, -668.0, 0.6, -63.7, -724.1, 0.6, 0, 0, 0
L -63.7, -724.1, 0.6, -94.1, -754.2, 0.6, 0, 0, 0
L -94.1, -754.2, 0.6, -109.6, -754.1, 0.6, 0, 0, 0
L -132.3, -754.1, 0.6, -149.8, -754.1, 0.6, 0, 0, 0
L -149.8, -754.1, 0.6, -180.3, -723.9, 0.6, 0, 0, 0
L -177.6, -688.1, 0.6, -177.6, -667.9, 0.6, 0, 0, 0
L -177.6, -667.9, 0.6, -149.6, -640.1, 0.6, 0, 0, 0
L -149.6, -640.1, 0.6, -94.1, -640.1, 0.6, 0, 0, 0
L -94.1, -640.1, 0.6, -66.3, -668.1, 0.6, 0, 0, 0
L -66.3, -668.1, 0.6, -66.3, -667.9, 0.6, 0, 0, 0
L -66.3, -667.9, 0.6, -66.3, -723.6, 0.6, 0, 0, 0
L -66.3, -723.6, 0.6, -94.1, -751.3, 0.6, 0, 0, 0
L -94.1, -751.3, 0.6, -112.3, -751.3, 0.6, 0, 0, 0
L -129.6, -751.3, 0.6, -149.8, -751.3, 0.6, 0, 0, 0
L -149.8, -751.3, 0.6, -177.6, -723.6, 0.6, 0, 0, 0
L -177.6, -723.6, 0.6, -177.6, -703.3, 0.6, 0, 0, 0
L -177.6, -688.1, 0.6, -182.3, -688.1, 0.6, 0, 0, 0
L -180.3, -685.3, 0.6, -182.3, -685.3, 0.6, 0, 0, 0
L -182.3, -685.3, 0.6, -182.3, -688.1, 0.6, 0, 0, 0
L -177.6, -703.3, 0.6, -182.3, -703.3, 0.6, 0, 0, 0
L -182.3, -703.3, 0.6, -182.3, -706.1, 0.6, 0, 0, 0
L -180.3, -706.1, 0.6, -182.3, -706.1, 0.6, 0, 0, 0
L -180.3, -706.1, 0.6, -180.3, -723.9, 0.6, 0, 0, 0
L -129.6, -751.3, 0.6, -129.6, -756.1, 0.6, 0, 0, 0
L -132.3, -756.1, 0.6, -129.6, -756.1, 0.6, 0, 0, 0
L -132.3, -754.1, 0.6, -132.3, -756.1, 0.6, 0, 0, 0
L -112.3, -751.3, 0.6, -112.3, -756.1, 0.6, 0, 0, 0
L -112.3, -756.1, 0.6, -109.6, -756.1, 0.6, 0, 0, 0
L -109.6, -754.1, 0.6, -109.6, -756.1, 0.6, 0, 0, 0
L -103.8, -823.3, 0.6, -97.7, -829.3, 0.6, 0, 0, 0
L -97.7, -829.3, 0.6, -86.1, -829.3, 0.6, 0, 0, 0
L -86.1, -829.3, 0.6, -80.3, -823.5, 0.6, 0, 0, 0
L -80.3, -823.5, 0.6, -80.3, -811.8, 0.6, 0, 0, 0
L -80.3, -811.8, 0.6, -86.1, -806.1, 0.6, 0, 0, 0
L -86.1, -806.1, 0.6, -97.8, -806.1, 0.6, 0, 0, 0
L -97.8, -806.1, 0.6, -103.8, -812.1, 0.6, 0, 0, 0
L -103.8, -812.1, 0.6, -106.9, -812.1, 0.6, 0, 0, 0
L -106.9, -812.1, 0.6, -98.3, -803.5, 0.6, 0, 0, 0
L -98.3, -803.5, 0.6, -85.6, -803.5, 0.6, 0, 0, 0
L -85.6, -803.5, 0.6, -77.6, -811.5, 0.6, 0, 0, 0
L -77.6, -811.5, 0.6, -77.6, -823.8, 0.6, 0, 0, 0
L -77.6, -823.8, 0.6, -85.8, -832.0, 0.6, 0, 0, 0
L -85.8, -832.0, 1.8, -98.1, -832.0, 1.8, 0, 0, 0
L -98.1, -832.0, 0.6, -106.9, -823.3, 0.6, 0, 0, 0
L -103.8, -823.3, 0.6, -106.9, -823.3, 0.6, 0, 0, 0
L -175.6, -897.3, 6.6, -164.1, -897.3, 6.6, 0, 0, 0
L -164.1, -897.3, 6.6, -146.2, -879.4, 6.6, 0, 0, 0
L -146.2, -879.4, 6.6, -126.0, -879.3, 6.6, 0, 0, 0
L -126.0, -879.3, 6.6, -107.6, -897.9, 6.6, 0, 0, 0
L -107.6, -897.9, 6.6, -107.6, -917.5, 6.6, 0, 0, 0
L -107.6, -917.5, 6.6, -125.6, -935.8, 6.6, 0, 0, 0
L -125.6, -935.8, 6.6, -146.2, -935.9, 6.6, 0, 0, 0
L -146.2, -935.9, 6.6, -164.5, -918.0, 6.6, 0, 0, 0
L -164.5, -918.0, 6.6, -203.5, -918.0, 6.6, 0, 0, 0
L -203.5, -918.0, 6.6, -203.9, -922.2, 6.6, 0, 0, 0
L -203.9, -922.2, 6.6, -224.8, -942.5, 6.6, 0, 0, 0
L -224.8, -942.5, 6.6, -252.9, -941.7, 6.6, 0, 0, 0
L -252.9, -941.7, 6.6, -272.2, -921.9, 6.6, 0, 0, 0
L -272.2, -921.9, 6.6, -271.6, -892.9, 6.6, 0, 0, 0
L -271.6, -892.9, 6.6, -251.7, -873.2, 6.6, 0, 0, 0
L -251.7, -873.2, 6.6, -223.9, -873.3, 6.6, 0, 0, 0
L -223.9, -873.3, 6.6, -203.7, -893.4, 6.6, 0, 0, 0
L -203.7, -893.4, 6.6, -203.5, -897.3, 6.6, 0, 0, 0
L -203.5, -897.3, 6.6, -192.3, -897.3, 6.6, 0, 0, 0
L -192.3, -897.3, 6.6, -192.3, -895.5, 6.6, 0, 0, 0
L -192.3, -895.5, 6.6, -189.6, -895.8, 6.6, 0, 0, 0
L -189.6, -895.8, 6.6, -189.7, -899.9, 6.6, 0, 0, 0
L -189.7, -899.9, 6.6, -205.7, -900.0, 6.6, 0, 0, 0
L -205.7, -900.0, 6.6, -206.3, -899.1, 6.6, 0, 0, 0
L -206.3, -899.1, 6.6, -206.3, -894.0, 6.6, 0, 0, 0
L -206.3, -894.0, 6.6, -224.2, -876.0, 6.6, 0, 0, 0
L -224.2, -876.0, 6.6, -251.1, -876.0, 6.6, 0, 0, 0
L -251.1, -876.0, 6.6, -269.5, -894.2, 6.6, 0, 0, 0
L -269.5, -894.2, 6.6, -269.5, -921.5, 6.6, 0, 0, 0
L -269.5, -921.5, 6.6, -251.0, -939.2, 5.4, 0, 0, 0
L -251.0, -939.2, 5.4, -247.5, -939.3, 3.5, 178, 102, 255
L -223.5, -939.5, -9.4, -223.8, -942.1, -9.4, 178, 102, 255
L -223.8, -942.1, -9.4, -272.3, -941.9, -9.4, 178, 102, 255
L -272.3, -941.9, -9.4, -272.3, -880.0, -9.4, 178, 102, 255
L -272.3, -880.0, -9.4, -287.4, -880.0, -9.4, 178, 102, 255
L -287.4, -880.0, -9.4, -288.0, -880.0, -9.4, 178, 102, 255
L -288.0, -880.0, -9.4, -288.2, -868.0, -9.4, 178, 102, 255
L -288.2, -868.0, -9.4, -361.5, -868.0, -9.4, 178, 102, 255
L -361.5, -868.0, -9.4, -361.5, -913.2, -9.4, 178, 102, 255
L -361.5, -913.2, -9.4, -342.2, -913.2, -9.4, 178, 102, 255
L -342.2, -913.2, -9.4, -342.2, -891.2, -9.4, 178, 102, 255
L -342.2, -891.2, -9.4, -285.5, -891.6, -9.4, 178, 102, 255
L -285.5, -891.6, -9.4, -285.5, -909.7, -9.4, 178, 102, 255
L -285.5, -909.7, -9.4, -288.2, -909.6, -9.4, 178, 102, 255
L -288.2, -909.6, -9.4, -288.2, -894.0, -9.4, 178, 102, 255
L -288.2, -894.0, -9.4, -339.5, -894.0, -9.4, 178, 102, 255
L -339.5, -894.0, -9.4, -339.5, -943.2, -9.4, 178, 102, 255
L -339.5, -943.2, -9.4, -314.2, -943.2, -9.4, 178, 102, 255
L -314.2, -943.2, -9.4, -314.1, -927.4, -9.4, 178, 102, 255
L -314.1, -927.4, -9.4, -288.2, -927.2, -9.4, 178, 102, 255
L -288.2, -927.2, -9.4, -288.2, -922.0, -9.4, 178, 102, 255
L -288.2, -922.0, -9.4, -285.5, -922.1, -9.4, 178, 102, 255
L -285.5, -922.1, -9.4, -285.7, -942.2, -9.4, 178, 102, 255
L -285.7, -942.2, -9.4, -288.6, -942.1, -9.4, 178, 102, 255
L -288.6, -942.1, -9.4, -288.2, -930.0, -9.4, 178, 102, 255
L -288.2, -930.0, -9.4, -311.5, -930.0, -9.4, 178, 102, 255
L -311.5, -930.0, -9.4, -311.5, -955.2, -9.4, 178, 102, 255
L -311.5, -955.2, -9.4, -288.2, -955.2, -9.4, 178, 102, 255
L -288.2, -955.2, -9.4, -288.2, -953.1, -9.4, 178, 102, 255
L -288.2, -953.1, -9.4, -208.3, -953.2, -9.4, 178, 102, 255
L -208.3, -953.2, -9.4, -208.3, -924.0, -9.4, 178, 102, 255
L -251.5, -924.0, 5.5, -251.5, -919.2, 6.6, 0, 0, 0
L -251.5, -919.2, 6.6, -249.7, -919.3, 6.6, 0, 0, 0
L -249.7, -919.3, 6.6, -249.5, -921.2, 6.6, 0, 0, 0
L -249.5, -921.2, 6.6, -226.3, -921.2, 6.6, 0, 0, 0
L -226.3, -921.2, 6.6, -226.1, -919.3, 6.6, 0, 0, 0
L -226.1, -919.3, 6.6, -223.5, -919.5, 6.6, 0, 0, 0
L -223.5, -919.5, 6.6, -223.5, -921.2, 6.6, 0, 0, 0
L -223.5, -921.2, 6.6, -206.3, -921.2, 6.6, 0, 0, 0
L -206.3, -921.2, 6.6, -206.2, -915.4, 6.6, 0, 0, 0
L -206.2, -915.4, 6.6, -161.2, -915.3, 6.6, 0, 0, 0
L -161.2, -915.3, 6.6, -161.4, -917.7, 6.6, 0, 0, 0
L -126.1, -933.2, 6.6, -110.8, -917.9, 6.6, 0, 0, 0
L -110.8, -917.9, 6.6, -110.3, -897.8, 6.6, 0, 0, 0
L -110.3, -897.8, 6.6, -126.3, -882.0, 6.6, 0, 0, 0
L -126.3, -882.0, 6.6, -145.8, -882.1, 6.6, 0, 0, 0
L -145.8, -882.1, 6.6, -161.6, -898.2, 6.6, 0, 0, 0
L -161.6, -898.2, 6.6, -161.7, -899.9, 6.6, 0, 0, 0
L -161.7, -899.9, 6.6, -178.1, -900.0, 6.6, 0, 0, 0
L -178.1, -900.0, 6.6, -178.1, -895.3, 6.6, 0, 0, 0
L -178.1, -895.3, 6.6, -175.6, -895.3, 6.6, 0, 0, 0
L -175.6, -897.3, 6.6, -175.6, -895.3, 6.6, 0, 0, 0
L -161.6, -917.5, 6.6, -145.8, -933.2, 6.6, 0, 0, 0
L -145.8, -933.2, 6.6, -126.1, -933.2, 6.6, 0, 0, 0
L 939.3, -429.4, 20.6, 939.3, -400.2, 20.6, 199, 21, 133
L 939.3, -400.2, 20.6, 931.7, -400.2, 20.6, 0, 0, 0
L 931.7, -400.2, 20.6, 909.9, -410.1, 20.6, 0, 0, 0
L 909.9, -410.1, 20.6, 900.0, -429.9, 20.6, 0, 0, 0
L 900.0, -429.9, 20.6, 899.3, -460.2, 20.6, 0, 0, 0
L 899.3, -460.2, 20.6, 859.1, -460.2, 20.6, 0, 0, 0
L 859.1, -460.2, 20.6, 832.9, -462.1, 18.6, 0, 0, 0
L 832.9, -462.1, 18.6, 789.7, -456.2, 16.6, 0, 0, 0
L 789.7, -456.2, 16.6, 725.6, -460.2, 16.6, 0, 0, 0
L 725.6, -460.2, 16.6, 668.2, -391.6, 16.6, 0, 0, 0
L 661.4, -383.6, 16.6, 561.4, -264.3, 16.6, 0, 0, 0
L 561.4, -264.3, 16.6, 526.5, -264.3, 16.6, 0, 0, 0
L 526.5, -264.3, 16.6, 525.5, -264.3, 16.6, 0, 0, 0
L 618.2, -783.3, 2.0, 653.5, -783.3, 2.0, 0, 0, 0
L 653.5, -783.3, 2.0, 668.8, -733.3, 5.2, 0, 0, 0
L 669.4, -731.6, 5.3, 725.3, -549.8, 16.6, 0, 0, 0
L 725.3, -549.8, 16.6, 739.3, -511.7, 16.6, 0, 0, 0
L 739.3, -511.7, 16.6, 789.8, -517.3, 16.6, 0, 0, 0
L 789.8, -517.3, 16.6, 834.1, -501.2, 18.7, 0, 0, 0
L 834.1, -501.2, 18.7, 859.4, -489.5, 20.6, 0, 0, 0
L 859.4, -489.5, 20.6, 900.2, -489.1, 20.6, 0, 0, 0
L 900.2, -489.1, 20.6, 919.5, -479.1, 20.6, 0, 0, 0
L 919.5, -479.1, 20.6, 929.2, -458.4, 20.6, 0, 0, 0
L 929.2, -458.4, 20.6, 929.4, -429.3, 20.6, 0, 0, 0
L 929.4, -429.3, 20.6, 939.3, -429.4, 20.6, 0, 0, 0
L 939.3, -400.2, 20.6, 964.1, -400.2, 20.6, 0, 0, 0
L 939.3, -429.4, 20.6, 964.1, -429.4, 20.6, 0, 0, 0
L -456.2, -501.9, 0.6, -456.2, -513.4, 0.6, 150, 150, 150
L -467.4, -513.4, 0.6, -456.2, -513.4, 0.6, 178, 102, 255
L -456.2, -513.4, 0.6, -452.4, -513.4, 2.4, 178, 102, 255
L -425.5, -502.0, 14.6, -425.8, -513.4, 14.6, 150, 150, 150
L -440.8, -501.9, 7.6, -444.7, -501.9, 5.9, 178, 102, 255
L -441.0, -513.4, 7.6, -433.4, -513.4, 11.1, 178, 102, 255
L -440.8, -501.9, 7.6, -441.0, -513.4, 7.6, 150, 150, 150
L -433.2, -501.9, 11.1, -437.0, -501.9, 9.4, 178, 102, 255
L -433.4, -513.4, 11.1, -425.8, -513.4, 14.6, 178, 102, 255
L -433.2, -501.9, 11.1, -433.4, -513.4, 11.1, 150, 150, 150
L -429.3, -501.9, 12.9, -433.2, -501.9, 11.1, 178, 102, 255
L -429.3, -501.9, 12.9, -429.3, -513.4, 12.9, 150, 150, 150
L -448.5, -501.9, 4.1, -452.3, -501.9, 2.4, 178, 102, 255
L -448.6, -513.4, 4.1, -444.8, -513.4, 5.9, 178, 102, 255
L -448.5, -501.9, 4.1, -448.6, -513.4, 4.1, 150, 150, 150
L -444.7, -501.9, 5.9, -448.5, -501.9, 4.1, 178, 102, 255
L -444.8, -513.4, 5.9, -441.0, -513.4, 7.6, 178, 102, 255
L -444.7, -501.9, 5.9, -444.8, -513.4, 5.9, 150, 150, 150
L -437.0, -501.9, 9.4, -440.8, -501.9, 7.6, 178, 102, 255
L -437.0, -501.9, 9.4, -437.0, -513.4, 9.4, 150, 150, 150
L -452.3, -501.9, 2.4, -456.2, -501.9, 0.6, 178, 102, 255
L -452.4, -513.4, 2.4, -448.6, -513.4, 4.1, 178, 102, 255
L -452.3, -501.9, 2.4, -452.4, -513.4, 2.4, 150, 150, 150
L -192.3, -505.7, 0.6, -192.3, -496.2, 0.6, 150, 150, 150
L -203.5, -496.2, 0.6, -192.3, -496.2, 0.6, 178, 102, 255
L -144.1, -496.2, 14.6, -150.1, -496.2, 12.9, 178, 102, 255
L -143.7, -505.5, 14.6, -144.1, -496.2, 14.6, 150, 150, 150
L -168.2, -496.2, 7.6, -174.2, -496.2, 5.9, 178, 102, 255
L -168.0, -505.6, 7.6, -161.9, -505.6, 9.4, 178, 102, 255
L -168.2, -496.2, 7.6, -168.0, -505.6, 7.6, 150, 150, 150
L -156.1, -496.2, 11.1, -162.2, -496.2, 9.4, 178, 102, 255
L -155.8, -505.6, 11.1, -143.7, -505.5, 14.6, 178, 102, 255
L -156.1, -496.2, 11.1, -155.8, -505.6, 11.1, 150, 150, 150
L -150.1, -496.2, 12.9, -156.1, -496.2, 11.1, 178, 102, 255
L -150.1, -496.2, 12.9, -150.1, -505.6, 12.9, 150, 150, 150
L -162.2, -496.2, 9.4, -168.2, -496.2, 7.6, 178, 102, 255
L -161.9, -505.6, 9.4, -155.8, -505.6, 11.1, 178, 102, 255
L -162.2, -496.2, 9.4, -161.9, -505.6, 9.4, 150, 150, 150
L -180.2, -496.2, 4.1, -186.3, -496.2, 2.4, 178, 102, 255
L -180.1, -505.6, 4.1, -174.1, -505.6, 5.9, 178, 102, 255
L -180.2, -496.2, 4.1, -180.1, -505.6, 4.1, 150, 150, 150
L -174.2, -496.2, 5.9, -180.2, -496.2, 4.1, 178, 102, 255
L -174.1, -505.6, 5.9, -168.0, -505.6, 7.6, 178, 102, 255
L -174.2, -496.2, 5.9, -174.1, -505.6, 5.9, 150, 150, 150
L -186.3, -496.2, 2.4, -192.3, -496.2, 0.6, 178, 102, 255
L -186.2, -505.6, 2.4, -180.1, -505.6, 4.1, 178, 102, 255
L -186.3, -496.2, 2.4, -186.2, -505.6, 2.4, 150, 150, 150
L -223.5, -939.5, -9.4, -223.5, -924.0, -9.4, 150, 150, 150
L -208.3, -924.0, -9.4, -223.5, -924.0, -9.4, 178, 102, 255
L -251.5, -924.0, 5.5, -248.0, -924.0, 3.6, 178, 102, 255
L -251.0, -939.2, 5.4, -251.5, -924.0, 5.5, 150, 150, 150
L -237.2, -939.4, -2.0, -233.8, -939.4, -3.8, 178, 102, 255
L -237.5, -924.0, -2.0, -234.0, -924.0, -3.8, 178, 102, 255
L -237.2, -939.4, -2.0, -237.5, -924.0, -2.0, 150, 150, 150
L -244.5, -924.0, 1.7, -241.0, -924.0, -0.1, 178, 102, 255
L -244.1, -939.3, 1.7, -240.7, -939.3, -0.1, 178, 102, 255
L -244.5, -924.0, 1.7, -244.1, -939.3, 1.7, 150, 150, 150
L -230.5, -924.0, -5.7, -227.0, -924.0, -7.5, 178, 102, 255
L -230.4, -939.4, -5.7, -227.0, -939.5, -7.5, 178, 102, 255
L -230.5, -924.0, -5.7, -230.4, -939.4, -5.7, 150, 150, 150
L -234.0, -924.0, -3.8, -230.5, -924.0, -5.7, 178, 102, 255
L -233.8, -939.4, -3.8, -230.4, -939.4, -5.7, 178, 102, 255
L -234.0, -924.0, -3.8, -233.8, -939.4, -3.8, 150, 150, 150
L -227.0, -924.0, -7.5, -223.5, -924.0, -9.4, 178, 102, 255
L -227.0, -939.5, -7.5, -223.5, -939.5, -9.4, 178, 102, 255
L -227.0, -924.0, -7.5, -227.0, -939.5, -7.5, 150, 150, 150
L -241.0, -924.0, -0.1, -237.5, -924.0, -2.0, 178, 102, 255
L -240.7, -939.3, -0.1, -237.2, -939.4, -2.0, 178, 102, 255
L -241.0, -924.0, -0.1, -240.7, -939.3, -0.1, 150, 150, 150
L -248.0, -924.0, 3.6, -244.5, -924.0, 1.7, 178, 102, 255
L -247.5, -939.3, 3.5, -244.1, -939.3, 1.7, 178, 102, 255
L -248.0, -924.0, 3.6, -247.5, -939.3, 3.5, 150, 150, 150
L 509.9, -515.3, 18.6, 496.8, -526.4, 18.6, 139, 69, 19
L 510.4, -484.2, 18.6, 497.3, -473.1, 16.7, 139, 69, 19
L 639.9, -515.7, 18.6, 653.0, -526.8, 18.6, 139, 69, 19
L 639.8, -484.0, 18.6, 652.9, -472.9, 18.6, 139, 69, 19
L 639.8, -484.0, 18.6, 620.7, -484.0, 18.6, 139, 69, 19
L 623.8, -548.6, 16.6, 623.0, -532.7, 18.6, 0, 0, 255
L 529.1, -479.4, 16.6, 529.1, -484.2, 18.6, 0, 0, 255
L 509.9, -515.3, 18.6, 529.0, -515.4, 18.6, 139, 69, 19
L 622.2, -515.6, 18.6, 639.9, -515.7, 18.6, 139, 69, 19
L 623.0, -532.7, 18.6, 622.2, -515.6, 18.6, 0, 0, 255
L 620.7, -484.0, 18.6, 529.1, -484.2, 18.6, 139, 69, 19
L 620.7, -484.0, 18.6, 620.5, -479.4, 16.6, 0, 0, 0
L 529.1, -484.2, 18.6, 510.4, -484.2, 18.6, 139, 69, 19
L 529.0, -515.4, 18.6, 622.2, -515.6, 18.6, 139, 69, 19
L 529.0, -515.4, 18.6, 529.0, -520.2, 16.6, 0, 0, 255
L 77.3, 60.0, 0.6, 77.4, 85.6, 0.6, 139, 69, 19
L -98.3, 191.2, 0.6, -97.8, 109.8, 0.6, 139, 69, 19
L -115.5, 86.9, 0.6, -115.5, 109.6, 0.6, 139, 69, 19
L -97.7, 87.6, 0.6, -115.5, 86.9, 0.6, 139, 69, 19
L 78.0, 215.3, 0.6, 97.6, 214.4, 0.6, 139, 69, 19
L -115.4, 191.3, 0.6, -98.3, 191.2, 0.6, 139, 69, 19
L 97.6, 214.4, 0.6, 96.8, 85.8, 0.6, 139, 69, 19
L 96.6, 60.5, 0.6, 77.3, 60.0, 0.6, 139, 69, 19
L -120.3, 109.6, 0.6, -115.5, 109.6, 0.6, 0, 0, 255
L 71.6, 85.6, 0.6, 77.4, 85.6, 0.6, 0, 0, 255
L 96.8, 85.8, 0.6, 96.6, 60.5, 0.6, 139, 69, 19
L 96.8, 85.8, 0.6, 102.3, 85.8, 0.6, 0, 0, 255
L 77.4, 85.6, 0.6, 78.0, 215.3, 0.6, 139, 69, 19
L -97.8, 109.8, 0.6, -97.7, 87.6, 0.6, 139, 69, 19
L -97.8, 109.8, 0.6, -93.6, 109.8, 0.6, 0, 0, 255
L -115.5, 109.6, 0.6, -115.4, 191.3, 0.6, 139, 69, 19
