P -3825.0000, -2021.0000, 462.0000, 255, 0, 0, 3, to_Rivervale
P -4890.0000, -557.0000, 692.0000, 255, 0, 0, 3, to_Highpass_Hold
P 1087.0000, -1450.0000, -52.0000, 255, 0, 0, 3, to_The_Commonlands
P -3828.0000, -1889.0000, 0.0000, 255, 0, 0, 2, Succor
P -3280.9924, 83.5110, 413.4085, 0, 0, 240, 1, GS:_Ignot_of_the_Reliant
P -1139.8538, -1727.3865, 222.8324, 0, 0, 240, 1, GS:_Turgan`s_Note
P -1382.5010, 277.7141, 158.6318, 240, 240, 240, 2, Shadowman_Ruins
P 673.0000, -1132.0000, -43.0000, 0, 128, 0, 2, Innkeep_Darvon_(General)
P -2263.0000, -1456.0000, 295.0000, 0, 128, 0, 2, Mune_(Merchant)
P -3821.0000, 282.0000, 492.0000, 0, 128, 0, 2, Innkeep_Jurn_(General)
P -4001.0000, 266.0000, 495.0000, 0, 128, 0, 2, Lena_(Tailor)
P -3882.0000, 333.0000, 493.0000, 0, 128, 0, 2, Krile_Arrowsmith_(Fletching)
P -3813.0000, 218.0000, 492.0000, 0, 128, 0, 2, Jeena_Firechaser_(General)
P 683.0000, -1092.0000, -44.0000, 0, 128, 0, 2, Innkeep_Grace_(General)
P -2315.0000, -1518.0000, 296.0000, 128, 128, 128, 2, Morin_(GM_Ranger)
P -1962.0000, 573.0000, 224.0000, 128, 128, 128, 2, Kithicor_(GM_Ranger)
P 839.0000, -1433.0000, -47.0000, 0, 128, 0, 2, Clomen_Walker_(Shoes)
P 499.0000, 103.0000, -39.0000, 0, 0, 0, 2, Shamus_Gull
P -4670.0000, -368.0000, 659.0000, 0, 0, 0, 2, Dusis_Moor
P -4157.0000, -1534.0000, 503.0000, 0, 0, 0, 2, Lothlen_Selendru
P 830.0000, -1430.0000, -47.0000, 0, 127, 0, 2, Eithne_Walker_(Satchels)
P 680.0000, -1157.0000, -44.0000, 0, 0, 0, 2, Tallyn_Starwatch
P -1933.0000, 552.0000, 220.0000, 0, 0, 0, 2, Thumper
P -2040.0000, 302.0000, 241.0000, 0, 0, 0, 2, Unked_Shralok
P -1899.0000, -478.0000, 218.0000, 0, 0, 0, 2, Ged_Twigborn_(Roam)
P -1670.0000, -576.0000, 188.0000, 0, 0, 0, 2, Tarnamil
P -2638.0000, -23.0000, 313.0000, 0, 0, 0, 2, Irin_Lunis_(Roam)
P -4243.0972, -122.3324, 509.8114, 0, 0, 0, 2, Tulonk_Shralok
P -3944.8730, 117.3629, 487.4967, 0, 0, 0, 2, Felltruia_Moru
P -3795.4255, 307.6390, 492.4432, 0, 127, 0, 2, Innkeep_Lynnie_(General)
P -4523.9414, 674.5201, 592.7563, 0, 0, 0, 2, Talok_Shralok
P -4501.6753, 785.7567, 618.0345, 0, 0, 0, 2, Renkil_Shralok
P -4435.6299, 866.1805, 666.9742, 0, 0, 0, 2, Chief_Gan`Shrlok
P -3083.3989, 768.9233, 471.3273, 0, 127, 0, 2, Elsbyth_(General)
P -1946.6072, 369.6437, 222.2137, 0, 0, 0, 2, Madeanna_Drathen
P -2323.9153, -1446.0079, 296.5002, 240, 240, 240, 2, Ranger_Camp
P -2182.0305, -638.0047, 252.6270, 0, 0, 240, 1, GS:_Haunted_Pumpkin_(Night_of_the_Dead)
