P 4379.0000, -1297.0000, 207.0000, 255, 0, 0, 3, to_Firiona_Vie
P 6700.0000, -6415.0000, 35.0000, 255, 0, 0, 3, to_Cabilis_West
P -1135.0000, -4297.0000, 47.0000, 255, 0, 0, 3, to_Warsliks_Woods
P -3345.0000, 410.0000, 111.0000, 240, 0, 0, 3, to_Frontier_Mountains
P 5383.0000, -5747.0000, 64.0000, 255, 0, 0, 2, Succor
P 49.0000, 380.0000, 0.0000, 255, 0, 0, 3, to_Veksar
P -267.0000, -1737.0000, 98.0000, 240, 240, 240, 2, Explorers
P 1812.0000, -3223.0000, 70.0000, 240, 240, 240, 2, Iksar_Bandits
P -3060.0000, -3380.0000, 160.0000, 240, 240, 240, 2, Goblin_Mines
P -2952.0000, -4524.0000, 0.0000, 240, 240, 240, 2, Barracks
P 2994.0000, 2708.0000, 0.0000, 255, 255, 255, 2, The_Windmill
P 1951.0000, 3025.0000, 0.0000, 255, 255, 255, 2, Undead_Ruins
P 3421.0000, 110.0000, 228.0000, 240, 240, 240, 2, Valley_of_McArik`s_Reflection
P 6452.0000, -6128.0000, 69.0000, 0, 128, 0, 2, Klok_Foob_(Armor)
P 6350.0000, -6392.0000, 75.0000, 0, 128, 0, 2, Klok_Gnask_(General)
P 6230.0000, -6265.0000, 75.0000, 0, 128, 0, 2, Klok_Vydl_(Merchant)
P 6335.0000, -6013.0000, 74.0000, 0, 127, 0, 2, Klok_Sargin_(General)
P 2941.8828, 2514.0112, 115.5583, 0, 127, 0, 2, Twedwr_Blackgranite_(Merchant)
P 2935.7961, 2524.4321, 115.5583, 0, 127, 0, 2, Nubs_Blackgranite_(Merchant)
P 2927.0217, 2532.7375, 115.5583, 0, 127, 0, 2, Cylen_Blackgranite_(Merchant)
P 1464.0000, -894.0000, 72.0000, 0, 0, 0, 2, Shikez_Kaelsorath
P 517.0000, -134.0000, 66.0000, 0, 0, 0, 2, Gikrani_Do`Saraken
P -1119.0000, 301.0000, 72.0000, 0, 0, 0, 2, Syrik_Iceblood
P 3093.0000, -4569.0000, 75.0000, 0, 0, 0, 2, Trooper_Vaurk
P -1171.0000, -1053.0000, 102.0000, 0, 0, 0, 2, Fullic_D`Vinn
P -1101.0000, -2751.0000, 110.0000, 0, 0, 0, 2, Spirit_Sentinel
P -2466.2104, -64.8015, 195.3703, 0, 0, 0, 2, Lingering_Axefall
P -447.0494, 2197.1140, 71.7205, 0, 0, 0, 2, Gai_Nuhost
P 2993.7353, 2548.6042, 115.5583, 0, 0, 0, 2, Professor_Akabao
P 3050.4582, 2550.4924, 115.5583, 0, 0, 0, 2, Villuloz_Shellzar
P 549.0581, 806.2326, 77.0292, 0, 0, 0, 2, Astral_Projection
P 3417.1025, 116.9118, 239.1489, 0, 0, 0, 2, Keras_McArik
P -5006.0000, 2514.0000, 226.0000, 0, 0, 0, 2, Chancellor_of_Di`Zok
P -4700.0000, 2049.0000, 227.0000, 0, 0, 0, 2, Weaponsmith_Ko`zirr
P -5017.4121, 2459.8857, 224.6892, 0, 0, 0, 2, Advisor_Sh`Orok
P 3612.2971, -3848.3132, 62.4691, 0, 0, 0, 2, Malkez_Glyphen
P 46.2957, 379.6546, -189.5989, 0, 0, 0, 2, Bloodgill_Marauder
P -263.0477, -1783.0628, 102.4802, 127, 64, 0, 2, a_lead_explorer_(Hunter)
P -2727.6916, 2709.9409, 91.9707, 240, 240, 240, 2, The_Sarnak_Fortress
