P -2708.1391, -2344.7348, 92.4961, 255, 0, 0, 3, to_The_Arena
P -1180.0000, -4250.0000, 0.0000, 255, 0, 0, 3, to_The_Southern_Plains_of_Karana
P 2282.0000, -2518.0000, 1.7509, 255, 0, 0, 3, to_The_Rathe_Mountains
P -1213.0000, -4183.0000, 0.0000, 255, 0, 0, 2, Succor
P -134.0000, -2790.0000, 0.0000, 255, 255, 255, 2, Underwater_Tower
P -2081.1640, -3769.6308, -16.7464, 255, 255, 255, 2, Guard_Tower
P -450.0000, 424.0000, 49.9071, 0, 128, 0, 2, Dreana_(Merchant)
P -637.0000, 507.0000, 50.5571, 0, 128, 0, 2, Srynda_(Merchant)
P -657.0000, 433.0000, 49.9071, 0, 128, 0, 2, Abrod_(Bar)
P 1815.0000, -3126.0000, 50.3879, 0, 128, 0, 2, Turga_(Merchant)
P 920.0000, -211.0000, 0.0000, 255, 255, 255, 2, Aviaks
P -1198.0000, -3813.0000, 0.0000, 255, 255, 255, 2, Ruins_of_Murdunk`s_Army_Outpost
P 1806.6708, -2386.1269, 51.4284, 240, 240, 240, 2, Bandit_Camp
P 664.5493, -2466.7250, -20.4031, 0, 0, 0, 2, Egonis
P 555.2620, -2610.6474, 8.2263, 0, 0, 0, 2, Eldreth
P 1805.1796, -3064.9201, 51.4331, 240, 240, 240, 2, Ogre_Camp
P 1113.9069, -3536.2299, 52.2744, 240, 240, 240, 2, Bandit_Camp
P 646.9347, -3492.5053, -29.5752, 240, 240, 240, 2, Orc_Camp
P -145.5048, -3639.5346, 52.4234, 0, 0, 0, 2, Turgan
P 676.9275, -2770.5187, -27.9689, 0, 0, 0, 2, Kanthurn
P -155.6671, -2778.0788, -374.9135, 0, 0, 0, 2, Deep
P -982.7250, -2485.9809, 105.0254, 240, 240, 240, 2, Aviak_Watch_Tower
P -2803.9375, 202.4183, -19.1992, 240, 240, 240, 2, Aviaks
P -2259.8969, 944.8584, -11.6842, 0, 0, 0, 2, Kimm_McShannel
P -2410.2133, 942.5830, -16.5506, 0, 0, 0, 2, Jonah_Brucker
P -2207.1879, -247.4606, 51.4547, 0, 0, 0, 2, Kyralynn
P -2236.2062, -701.8989, -3.5137, 240, 240, 240, 2, Barbarian_Fishing_Village
P -2396.4572, -612.5170, 51.4271, 0, 0, 0, 2, Rondel
P -2391.6896, -764.7839, 51.4261, 0, 0, 0, 2, Aija
P -2129.1198, -591.7802, 2.6895, 0, 0, 0, 2, Hruthgar
P -2124.6596, -642.1531, 1.8360, 0, 0, 0, 2, Grinda
P -2135.6525, -744.0635, -38.9531, 0, 0, 0, 2, Brundar
P -2183.7565, -771.1896, -42.7162, 0, 0, 0, 2, Lorud
P -2196.4052, -779.3894, -42.9089, 0, 0, 0, 2, Tralinda
P -1171.3300, -3838.6010, -5.1102, 127, 64, 0, 2, a_gnoll_emblamer_(Hunter)
P 583.5181, -3579.5939, 49.9729, 0, 0, 0, 2, Lenklo
P 594.6196, -3582.1403, 50.2408, 0, 0, 0, 2, Groethar
P 605.6041, -3584.3444, 50.4738, 0, 0, 0, 2, Hulga
P 608.1330, -3595.1535, 54.7715, 0, 0, 0, 2, Deillia
P 620.2473, -3500.6525, -30.4982, 0, 0, 240, 1, GS:_Abandoned_Orc_Shovel
P -0.4966, -3611.9140, 55.6920, 0, 0, 0, 2, Shmendrik_Lavawalker
P -145.8434, -3620.3256, 52.5338, 0, 0, 0, 2, Jorna
P -1533.1591, -66.7702, -235.4274, 0, 0, 0, 2, Guja_Master_Therik
P -619.9517, 439.2296, 51.4397, 240, 240, 240, 2, Gypsy_Camp
P -604.5661, 477.5082, 51.4366, 127, 127, 0, 2, Elsabet_(Parcels)
P -565.9992, 463.5651, 51.4220, 0, 0, 0, 2, Dunndrylla
P 651.9447, -958.9755, -21.7023, 0, 0, 0, 2, Rykas
P 1459.4256, -255.5332, 54.3863, 0, 0, 0, 2, Emkel_Kabae
P 1585.3129, -336.7860, 52.8497, 0, 0, 0, 2, Kazen_Fecae
P 1243.3953, 27.6442, 54.3042, 240, 240, 240, 2, Stone_Skeleton_Tower
P 889.1864, -2582.3583, -34.2476, 0, 0, 0, 2, Taia_Lyfol
P -150.5622, -2777.2919, -374.8998, 0, 0, 0, 2, Lord_Bergurgle
P -131.0543, -2783.6154, -375.2726, 0, 0, 240, 1, GS:Rod
P -2064.0817, -1329.9313, -22.5643, 0, 0, 0, 2, a_fallen_student
P -2144.3554, -187.7244, 54.5280, 0, 0, 0, 2, Vrynn
P -2404.4372, -521.1984, 54.5251, 0, 0, 0, 2, Tabitha
P 1780.7252, -3048.4187, 51.4266, 0, 0, 0, 2, Trug
P 1831.9801, -3065.1845, 51.5022, 0, 0, 0, 2, Grud
P 1794.6778, -3080.1596, 51.5016, 0, 0, 0, 2, Punga
P 1839.5498, -3013.8627, 52.6452, 0, 0, 0, 2, Derg
