P 2045.2371, 215.8611, -156.4051, 255, 0, 0, 3, to_The_Umbral_Plains
P -182.0155, 2249.3461, -159.9989, 255, 0, 0, 3, to_The_Akheva_Ruins
P -2117.9345, -1006.9055, -234.7790, 255, 0, 0, 3, to_Dawnshroud_Peaks
P -1485.0000, -960.0000, 0.0000, 255, 0, 0, 2, Succor
P -489.8094, 1912.6142, -158.3357, 0, 0, 0, 2, Scout_Chonf
P -1639.5352, 1534.8389, -147.7674, 240, 240, 240, 2, Coterie_Outpost
P -1401.7288, 899.6635, -173.7896, 240, 240, 240, 2, Coterie_Outpost
P -1542.2814, -33.4906, -164.8567, 240, 240, 240, 2, Coterie_Outpost
P -284.7132, -1260.9080, -154.3350, 240, 240, 240, 2, Shadow_Overlord_Outpost
P 706.7262, 30.2579, -122.8564, 0, 0, 240, 1, GS:_Ancient_Torch
P -183.0121, 1249.6674, -193.0102, 127, 64, 0, 2, a_goranga_battlemaster_(Hunter)
P -1218.7189, -1431.9925, -154.9286, 127, 64, 0, 2, a_goranga_chieftan_(Hunter)
P -706.4459, 270.0532, -156.0498, 127, 64, 0, 2, a_goranga_forager_(Hunter)
P 509.3728, 1402.3886, -150.5722, 127, 64, 0, 2, a_goranga_prophet_(Hunter)
P -675.0275, 330.6104, -156.4665, 127, 64, 0, 2, a_goranga_savant_(Hunter)
P -1005.2523, -851.9007, -159.7615, 127, 64, 0, 2, a_goranga_seer_(Hunter)
P -667.2263, -1403.8150, -154.0608, 127, 64, 0, 2, A_Shadow_Overlord_(Hunter)
P 1462.4577, 821.2885, -4.8611, 127, 64, 0, 2, a_thought_stealer_(Hunter,Roam)
P 997.7794, -1246.2857, -147.8632, 127, 64, 0, 2, Xi_Thall_(Hunter)
P -1563.0463, -34.6861, -165.8728, 0, 0, 0, 2, Vellar_Toranalis
P 773.9304, -1196.3599, -198.8164, 240, 240, 240, 2, Firegard_Lake
