P 395.0000, 1410.0000, 90.0000, 255, 0, 0, 3, Zone_In
P 353.0000, 1017.0000, 90.0000, 255, 0, 0, 3, to_Cobalt_Scar_(click_tree)
P 405.4800, 1415.5825, 112.5058, 240, 0, 0, 2, Succor
P -411.0000, -1415.0000, -10.0000, 255, 255, 255, 2, Scaling_Size_Wing
P -168.0000, -432.0000, 0.0000, 255, 255, 255, 2, Audience
P 928.0000, -285.0000, 110.0000, 255, 255, 255, 2, Black_and_White_Room
P 927.0000, -443.0000, 110.0000, 255, 255, 255, 2, Black_and_White_Room
P -78.0000, -248.0000, 115.0000, 255, 255, 255, 2, Dining_Hall
P 957.0000, -821.0000, 120.0000, 255, 255, 255, 2, Chess_Board
P 959.0000, -620.0000, 0.0000, 255, 255, 255, 2, Chessboard_A
P -157.0000, -676.0000, 0.0000, 255, 255, 255, 2, Chessboard_B
P 125.0000, -709.0000, 175.0000, 255, 255, 255, 2, Room_of_Doors
P 370.0000, 100.0000, 0.0000, 255, 255, 255, 2, Entrance
P 391.0000, -130.0000, 115.0000, 255, 255, 255, 2, Chest_Room
P 417.0000, -1351.0000, 265.0000, 255, 255, 255, 2, Flower_Garden
P 1011.0000, -197.0000, 115.0000, 255, 255, 255, 2, Library
P -190.0000, -480.0000, 0.0000, 255, 255, 255, 2, Theatre
P -165.0000, -519.0000, 115.0000, 255, 255, 255, 2, Puppet_Theater
P 125.0000, -888.0000, 175.0000, 255, 255, 255, 2, Throne_Room
P -78.0000, -281.0000, 175.0000, 255, 255, 255, 2, Upside-Down_Wing-1
P -112.0000, -234.0000, 172.0000, 255, 255, 255, 2, Upside-Down-Wing-2
P 5.0000, -81.0000, 115.0000, 255, 255, 255, 2, West_Wing-2
P 177.0000, -122.0000, 115.0000, 255, 255, 255, 2, West_Wing-3
P 1084.0000, -821.0000, 120.0000, 0, 0, 255, 2, to_Alice_(click_chair)
P 102.4553, -230.5104, 116.4845, 0, 0, 240, 2, to_Black_and_White_Room_(click_book)
P -148.0000, -672.0000, 185.0000, 0, 0, 255, 2, to_Chessboard
P 42.0000, -353.0000, 165.0000, 0, 0, 255, 2, to_Doors_Room_(click_painting)
P 928.0000, -277.0000, 110.0000, 0, 0, 255, 2, to_Entry_(click_torch)
P 125.0000, -761.0000, 175.0000, 0, 0, 255, 2, to_Entry_(click_painting)
P 477.0000, -1889.0000, -10.0000, 0, 0, 255, 2, to_Entry_(click_painting)
P -402.0000, -1438.0000, -10.0000, 0, 0, 255, 2, to_Entry_(click_vase)
P 417.0000, -1471.0000, 265.0000, 0, 0, 240, 2, to_East_Wing_(click_vase)
P 154.0000, -148.0000, 115.0000, 0, 0, 255, 2, to_Garden_(click_pot)
P 819.0000, -45.0000, 115.0000, 0, 0, 255, 2, to_Theatre_(click_book)
P 95.0000, -673.0000, 175.0000, 255, 255, 0, 2, to_Throne_Room
P -232.0000, -222.0000, 172.0000, 255, 255, 0, 2, to_Upside-Down_Wing-1_(click_chandolier)
P -257.0000, -149.0000, 165.0000, 255, 255, 0, 2, to_Upside-Down_Wing-2
P 403.0000, -1249.0000, 265.0000, 0, 0, 240, 2, to_Upside-Down_Wing-1_(click_vase)
P 832.0000, -821.0000, 120.0000, 0, 0, 240, 2, to_Upside-Down_Wing-1_(click_chair)
P 26.3977, -46.9174, 117.2492, 0, 0, 255, 2, to_West_Wing-3_(click_torch)
P 175.0000, -65.0000, 115.0000, 0, 0, 255, 2, to_West_Wing-2_(click_painting)
P -302.0000, -542.0000, 0.0000, 255, 255, 0, 2, Loc#11
P 957.0000, -621.0000, 120.0000, 0, 0, 255, 2, from_Theatre
P -301.0000, -388.0000, 115.0000, 0, 0, 255, 2, from_East_Wing
P 916.0000, -97.0000, 115.0000, 0, 0, 255, 2, from_Garden
P 127.0000, -687.0000, 175.0000, 0, 0, 255, 2, from_Upside-Down_Wing
P -77.0544, -330.5472, 166.5620, 0, 0, 255, 2, Upside-Down_Wing-1
P 413.0000, -1520.0000, 265.0000, 0, 0, 255, 2, from_West_Wing
P -421.0000, -1426.0000, -10.0000, 0, 0, 255, 2, from_Chessboard
P 125.0000, -767.0000, 175.0000, 0, 0, 255, 2, from_Doors_Room
P 450.0000, -298.0000, 0.0000, 255, 255, 0, 2, ----SALVATION
P 160.0000, -300.0000, 0.0000, 255, 255, 0, 2, DEATH!!!----
P -290.0000, -393.0000, 0.0000, 0, 0, 0, 2, Book_A
P 817.0000, -46.0000, 0.0000, 0, 0, 0, 2, Book_a
P -201.9480, -170.7515, 96.4808, 240, 240, 0, 2, Fake_Wall
P -74.8345, -725.8145, 145.4397, 240, 240, 0, 2, Sliding_Door
P -59.4077, -726.7335, 145.4444, 240, 240, 0, 2, Fake_Wall
P -23.4262, -436.0459, 176.4462, 240, 240, 0, 2, Fake_Wall
P 931.1571, -513.7418, 116.4802, 0, 0, 0, 2, Jaxoa_Hrussin
P -25.0812, 640.3626, 92.4915, 240, 240, 0, 2, Invisible_Bridge
P 390.7649, 627.3378, 92.4865, 240, 240, 240, 2, Fake_Bridge
P 849.2658, 633.7693, 90.9706, 240, 240, 0, 2, Invisible_Bridge
P 838.8308, -827.5329, 124.9403, 0, 0, 0, 2, Leea_Brumplefoot
P 1227.5780, 77.6995, 90.9716, 0, 127, 127, 2, Clukker_The_Crazy_(Spontaneous_Generator)
P 1197.5518, 947.2437, 92.4893, 0, 127, 127, 2, Nahas_the_Treasure_Hunter
P 1079.0750, -824.8513, 124.9403, 0, 0, 0, 2, Ronald_Brumplefoot
P 527.0000, -1666.0000, -10.0000, 0, 0, 0, 2, The_Bunny_Behemoth
P 417.0000, -1291.0000, 265.0000, 0, 0, 0, 2, All-Seeing_Eye
P 121.0000, -683.0000, 175.0000, 0, 0, 0, 2, A_Mischievous_Jester
P 125.0000, -938.0000, 175.0000, 240, 127, 0, 2, Bristlebane_King_of_Thieves_(Raid)
P 99.0000, -665.0000, 171.0000, 240, 127, 0, 2, the_Hidden_Jester_(Raid)
P 98.2845, -382.5381, 167.4714, 128, 64, 0, 2, an_asinine_ape_(Hunter)
P 140.0000, -130.0000, 115.0000, 128, 64, 0, 2, an_astray_hand_(Hunter)
P -277.0000, -188.0000, 162.0000, 128, 64, 0, 2, a_barmy_burglar_(Hunter)
P -180.0000, -218.0000, 115.0000, 128, 64, 0, 2, a_bogus_treasure_chest_(Hunter)
P -268.0324, -1409.7498, -9.9979, 127, 64, 0, 2, a_bouncing_bunny_(Hunter)
P 135.4932, 695.0424, 90.9716, 127, 64, 0, 2, Bzzibuzzana_(Hunter)
P 13.0000, -200.0000, 115.0000, 128, 64, 0, 2, a_craven_rascal_(Hunter)
P 720.0000, -708.0000, 115.0000, 128, 64, 0, 2, a_forsaken_hand_(Hunter)
P 387.0000, -93.0000, 115.0000, 128, 64, 0, 2, a_fraudulent_chest_(Hunter)
P -243.0000, -752.0000, 145.0000, 128, 64, 0, 2, a_frolicking_performer_(Hunter)
P -659.5049, 245.2781, 92.4840, 127, 64, 0, 2, a_funky_skunk_(Hunter)
P 809.0000, -64.0000, 115.0000, 128, 64, 0, 2, a_gifted_sphinx_(Hunter)
P 1026.0000, -146.0000, 115.0000, 128, 64, 0, 2, a_gorilla_prodigy_(Hunter)
P 112.9687, -587.6488, 116.4849, 127, 64, 0, 2, _a_gorilla_professor_(Hunter)
P 460.0000, -1300.0000, 265.0000, 128, 64, 0, 2, the_Grand_Gardener_(Hunter)
P 518.0000, -1413.0000, 265.0000, 128, 64, 0, 2, a_hedge_magus_(Hunter)
P 350.0000, -1080.0000, 265.0000, 128, 64, 0, 2, a_hedge_soldier_(Hunter)
P -544.3739, 765.6132, 92.4798, 127, 64, 0, 2, an_irratating_mushroom_(Hunter)
P 1507.6081, 296.2766, 90.9706, 127, 64, 0, 2, a_maddened_mushroom_man_(Hunter)
P -63.7952, -1305.6342, -9.9979, 128, 64, 0, 2, the_Master_of_Mayhem_(Hunter)
P -66.0000, -474.0000, 115.0000, 128, 64, 0, 2, a_method_actor_(Hunter)
P -164.6000, -395.0051, 163.4504, 128, 64, 0, 2, an_obsessed_patron_(Hunter)
P 120.0000, -489.0000, 165.0000, 128, 64, 0, 2, a_paradoxical_sphinx_(Hunter)
P 1156.0000, -348.0000, 115.0000, 128, 64, 0, 2, a_savvy_sphinx_(Hunter)
P -169.0000, -641.0000, 175.0000, 128, 64, 0, 2, a_theatre_fanatic_(Hunter)
P 346.0000, -868.0000, 115.0000, 128, 64, 0, 2, a_troublesome_charlatan_(Hunter)
P -268.0000, -538.0000, 175.0000, 128, 64, 0, 2, a_wicked_performer_(Hunter)
P -290.0000, -275.0000, 115.0000, 128, 64, 0, 2, a_witty_sphinx_(Hunter)
P 349.9945, 129.1130, 119.9394, 240, 240, 0, 2, Fake_Wall
P 347.2752, 889.8515, 90.9707, 240, 240, 240, 2, Forest_of_Dreams
