P -126.0000, 347.0000, -182.0000, 255, 0, 0, 3, to_The_Lesser_Faydark
P -120.0000, 330.0000, -180.1875, 240, 0, 0, 2, Succor
P -100.8648, 202.9919, -157.9351, 255, 255, 0, 2, Fake_Wall
P -101.9142, 154.2825, -191.9351, 255, 255, 0, 2, Fake_Wall
P -338.2619, 84.1167, -238.6849, 255, 246, 0, 2, Fake_Wall
P -318.7315, 91.9480, -237.9038, 255, 255, 0, 2, Fake_Wall
P -333.6567, 50.5724, -237.9038, 255, 255, 0, 2, Fake_Wall
P -357.0000, 245.0000, -141.0000, 255, 255, 0, 2, Elevator
P -317.0000, 158.0000, -210.0000, 255, 255, 255, 2, Eirod_Haerod`s_Ledge
P -413.0000, 324.0000, -238.0000, 255, 255, 255, 2, Courtyard
P 58.0000, 141.0000, -192.0000, 255, 255, 255, 2, Secret_Passage
P 105.0000, 140.0000, -192.0000, 255, 255, 255, 2, Grand_Dining_Hall
P 3.0000, 142.0000, -196.0000, 255, 255, 255, 2, Grand_Ballroom
P -45.0000, 306.0000, -186.0000, 255, 255, 255, 2, Crypt
P 163.0000, -93.0000, -226.0000, 255, 255, 255, 2, Blood_Wolves
P -79.0000, 73.0000, -164.0000, 255, 255, 255, 2, Library
P 106.0000, 88.0000, -164.0000, 255, 255, 255, 2, Guest_Room
P 95.0241, 200.2667, -191.9351, 255, 255, 255, 2, Gargoyle_Lair
P -46.0000, 357.0000, 0.0000, 255, 255, 255, 2, Mistmoore`s_Coffin
P 112.0000, -79.0000, 0.0000, 255, 255, 255, 2, Enynti`s_Ledge
P -392.0000, -89.0000, 0.0000, 255, 255, 255, 2, Graveyard
P -378.0000, 7.0000, 0.0000, 255, 255, 255, 2, Mausoleum
P -183.0000, 233.0000, 0.0000, 255, 255, 255, 2, Torture_Room
P -350.0000, 222.0000, 0.0000, 255, 255, 255, 2, Tower
P -91.4062, 184.9305, -158.9352, 255, 255, 255, 2, Pool_Room
P -314.0000, 74.0000, 0.0000, 255, 255, 255, 2, Jail
P -0.2779, 56.1973, -177.9351, 255, 255, 255, 2, Balcony
P -40.0299, -123.0260, -194.2994, 0, 0, 240, 1, GS:_Gyrospire_Beza_Gyroscope_123`178`015
P -37.3969, 133.1173, -155.1294, 240, 240, 240, 2, Throne_Room
P -79.8869, 119.6053, -157.9351, 240, 240, 240, 2, Drawing_Room
P -3.8026, 4.5049, -191.9351, 240, 240, 240, 2, Entry_Hall
P 116.2483, 255.9940, -190.4159, 240, 240, 240, 2, Kitchen
P 120.3511, 325.3953, -190.4086, 240, 240, 240, 2, Servant`s_Quarters
P 77.8551, 328.1233, -190.4135, 240, 240, 240, 2, Servant`s_Quarters
P -82.4011, 133.4501, -190.4996, 240, 240, 240, 2, Recital_Chamber
P -150.3895, 96.1573, -194.3777, 240, 240, 240, 2, Garden
P -93.5982, -9.6669, -194.3821, 240, 240, 240, 2, Fountain
P -47.0341, 195.7123, -157.9351, 240, 240, 240, 2, Mayong`s_Bedroom
P -323.6891, 64.2043, -237.9038, 240, 240, 0, 2, Fake_Wall
P 56.4242, 86.3491, -191.9351, 240, 240, 0, 2, Fake_Wall
P 56.1484, 192.5120, -191.9351, 240, 240, 0, 2, Fake_Wall
P -23.1604, 132.3854, -156.5857, 0, 0, 0, 2, Princess_Cherista
P -380.9761, 192.1917, -209.9036, 0, 0, 0, 2, The_Stone_Guardian
P -6.2475, -121.0665, -194.3701, 0, 0, 0, 2, Xicotl
P -94.9173, 21.1149, -195.3937, 0, 0, 240, 1, GS:_Dusty_Ribcage
P -359.2288, 58.9787, -236.3652, 0, 0, 0, 2, Ssynthi
P -410.6182, -18.8710, -236.3781, 0, 0, 240, 1, GS:_Rune_of_Yirno
P -307.8610, 151.4393, -208.3637, 0, 0, 0, 2, Eirod_Haerod
P 108.9277, -82.2500, -222.3910, 0, 0, 0, 2, Enynti
P -339.6217, 231.0723, -138.4159, 0, 0, 240, 1, GS:_Taste_of_Enticement_(Mushroom)
P 123.7338, 135.1856, -159.3369, 0, 0, 240, 1, GS:_Leatherbound_Journal
P -323.7151, 67.4242, -236.3697, 127, 64, 0, 2, an_avenging_caitiff_(Hunter,Roam)
P 112.3680, 316.0231, -191.9351, 127, 64, 0, 2, Butler_Syncall_(Hunter)
P -74.8400, 5.7384, -196.9039, 127, 64, 0, 2, a_cloaked_dhampyre_(Hunter)
P -352.3013, 205.5197, -139.9350, 127, 64, 0, 2, Garton_Viswin_(Hunter)
P -515.1231, 385.7247, -222.3696, 127, 64, 0, 2, a_glyphed_ghoul_(Hunter)
P -89.7011, 175.5907, -165.9350, 127, 64, 0, 2, Lasna_Cheroon_(Hunter)
P 88.6139, 338.4754, -191.9351, 127, 64, 0, 2, Maid_Issis_(Hunter)
P 13.4717, 151.1928, -195.9038, 127, 64, 0, 2, Mynthi_Davissi_(Hunter)
P 26.6447, 130.9125, -162.4186, 240, 240, 240, 2, The_Hall
P -346.9393, 226.9759, -133.6913, 240, 0, 0, 3, to_Bloodfalls
