L 2011.1, -338.7, -19.4, 2000.8, -319.8, -15.4, 0, 0, 0
L 2014.8, -336.4, -19.1, 2011.1, -338.7, -19.4, 0, 0, 0
L 2002.2, -314.0, -14.7, 2014.8, -336.4, -19.1, 0, 0, 0
L 1977.1, -328.1, -13.3, 2002.2, -314.0, -14.7, 0, 0, 0
L 1979.1, -331.6, -14.1, 1977.1, -328.1, -13.3, 0, 0, 0
L 2000.8, -319.8, -15.4, 1979.1, -331.6, -14.1, 0, 0, 0
L 2034.0, -362.2, -17.6, 2029.9, -364.4, -17.9, 0, 0, 0
L 2020.8, -339.3, -19.4, 2034.0, -362.2, -17.6, 0, 0, 0
L 2016.9, -342.1, -19.9, 2020.8, -339.3, -19.4, 0, 0, 0
L 2029.9, -364.4, -18.2, 2016.9, -342.1, -19.9, 0, 0, 0
L 2047.8, -394.2, -15.1, 2051.7, -392.3, -14.5, 0, 0, 0
L 2036.8, -370.9, -17.0, 2047.8, -394.2, -15.1, 0, 0, 0
L 2040.4, -368.8, -16.6, 2036.8, -370.9, -17.0, 0, 0, 0
L 2051.7, -392.3, -14.8, 2040.4, -368.8, -16.6, 0, 0, 0
L 2017.5, -534.5, -18.5, 2022.5, -508.3, -18.1, 0, 0, 0
L 2013.1, -533.7, -18.8, 2017.5, -534.5, -18.5, 0, 0, 0
L 2018.5, -503.3, -18.4, 2013.1, -533.7, -18.8, 0, 0, 0
L 2044.5, -508.2, -16.7, 2018.5, -503.3, -18.4, 0, 0, 0
L 2044.0, -512.5, -16.7, 2044.5, -508.2, -16.7, 0, 0, 0
L 2022.5, -508.3, -18.1, 2044.0, -512.5, -16.7, 0, 0, 0
L 1814.6, -535.9, 109.9, 1804.1, -535.9, 109.9, 155, 155, 155
L 1814.7, -521.9, 109.9, 1814.6, -535.9, 109.9, 155, 155, 155
L 1804.2, -521.9, 109.9, 1814.7, -521.9, 109.9, 155, 155, 155
L 1804.1, -535.9, 109.9, 1804.2, -521.9, 109.9, 155, 155, 155
L 1799.6, -517.7, 109.9, 1799.6, -560.5, 109.9, 0, 204, 0
L 1842.3, -517.7, 109.9, 1799.6, -517.7, 109.9, 0, 204, 0
L 1842.3, -560.5, 109.9, 1842.3, -517.7, 109.9, 0, 204, 0
L 1799.6, -560.5, 109.9, 1842.3, -560.5, 109.9, 0, 204, 0
L 1814.2, -565.3, 53.0, 1811.2, -565.3, 53.0, 0, 0, 0
L 1814.2, -560.5, 52.9, 1814.2, -565.3, 53.0, 0, 0, 0
L 1799.6, -560.5, 52.9, 1814.2, -560.5, 52.9, 0, 0, 0
L 1799.6, -517.7, 52.9, 1799.6, -560.5, 52.9, 0, 0, 0
L 1842.3, -517.7, 52.9, 1799.6, -517.7, 52.9, 0, 0, 0
L 1842.3, -560.5, 52.9, 1842.3, -517.7, 52.9, 0, 0, 0
L 1825.8, -561.1, 53.2, 1842.3, -560.5, 52.9, 0, 0, 0
L 1826.1, -565.2, 53.0, 1825.8, -561.1, 53.2, 0, 0, 0
L 1847.2, -563.9, 43.4, 1826.1, -565.2, 53.0, 0, 0, 0
L 1847.2, -547.1, 37.8, 1847.2, -563.9, 43.4, 0, 0, 0
L 1847.2, -547.1, 37.8, 1847.2, -512.9, 54.2, 0, 0, 0
L 1857.4, -574.1, 25.9, 1857.4, -549.9, 36.5, 0, 0, 0
L 1811.0, -574.5, 25.3, 1857.4, -574.2, 25.9, 0, 0, 0
L 1810.7, -565.3, 29.3, 1811.0, -574.5, 25.3, 0, 0, 0
L 1794.7, -564.6, 29.5, 1810.7, -565.3, 29.3, 0, 0, 0
L 1794.9, -512.9, 42.9, 1794.7, -564.6, 29.5, 0, 0, 0
L 1847.2, -512.9, 54.6, 1794.9, -512.9, 42.9, 0, 0, 0
L 1890.1, -671.2, -11.4, 1888.5, -649.5, -11.1, 0, 0, 0
L 1894.8, -670.5, -11.4, 1890.1, -671.2, -11.4, 0, 0, 0
L 1892.5, -644.7, -8.9, 1894.8, -670.5, -11.4, 0, 0, 0
L 1862.4, -647.3, -8.9, 1892.5, -644.7, -8.9, 0, 0, 0
L 1863.0, -651.9, -10.2, 1862.4, -647.3, -8.9, 0, 0, 0
L 1888.5, -649.5, -11.1, 1863.0, -651.9, -10.2, 0, 0, 0
L 1953.7, -795.1, -7.7, 1955.7, -795.0, -7.7, 0, 0, 0
L 1958.6, -803.6, -7.7, 1953.7, -795.1, -7.7, 0, 0, 0
L 1968.6, -809.7, -7.7, 1958.6, -803.6, -7.7, 0, 0, 0
L 1978.8, -809.6, -7.7, 1968.6, -809.7, -7.7, 0, 0, 0
L 1987.5, -804.3, -7.7, 1978.8, -809.6, -7.7, 0, 0, 0
L 1992.7, -795.6, -7.7, 1987.5, -804.3, -7.7, 0, 0, 0
L 1992.9, -785.2, -7.7, 1992.7, -795.6, -7.7, 0, 0, 0
L 1987.4, -775.8, -7.7, 1992.9, -785.2, -7.7, 0, 0, 0
L 1978.5, -770.4, -7.7, 1987.4, -775.8, -7.7, 0, 0, 0
L 1967.9, -770.6, -7.7, 1978.5, -770.4, -7.7, 0, 0, 0
L 1959.1, -776.1, -7.7, 1967.9, -770.6, -7.7, 0, 0, 0
L 1953.7, -785.1, -7.7, 1959.1, -776.1, -7.7, 0, 0, 0
L 1955.4, -785.7, -7.7, 1953.7, -785.1, -7.7, 0, 0, 0
L 1960.1, -777.5, -7.7, 1955.6, -785.4, -7.7, 0, 0, 0
L 1969.0, -772.3, -7.4, 1960.1, -777.5, -7.7, 0, 0, 0
L 1977.3, -772.3, -7.4, 1969.0, -772.3, -7.4, 0, 0, 0
L 1985.9, -776.7, -7.4, 1977.3, -772.3, -7.4, 0, 0, 0
L 1991.3, -785.4, -7.4, 1985.9, -776.7, -7.4, 0, 0, 0
L 1991.2, -795.1, -7.4, 1991.3, -785.4, -7.4, 0, 0, 0
L 1986.4, -803.0, -7.4, 1991.2, -795.1, -7.4, 0, 0, 0
L 1978.2, -807.7, -7.7, 1986.4, -803.0, -7.4, 0, 0, 0
L 1970.1, -805.9, -5.7, 1978.2, -807.7, -7.7, 0, 0, 0
L 1960.4, -802.9, -7.7, 1970.1, -805.9, -5.7, 0, 0, 0
L 1955.7, -794.8, -7.7, 1960.4, -802.9, -7.7, 0, 0, 0
L 1935.0, -834.0, -7.7, 1932.8, -834.9, -7.7, 0, 0, 0
L 1929.4, -823.7, -7.7, 1935.0, -834.0, -7.7, 0, 0, 0
L 1920.5, -820.1, -7.7, 1929.4, -823.7, -7.7, 0, 0, 0
L 1910.2, -819.9, -7.7, 1920.5, -820.1, -7.7, 0, 0, 0
L 1901.0, -825.2, -7.7, 1910.2, -819.9, -7.7, 0, 0, 0
L 1895.7, -834.4, -7.7, 1901.0, -825.2, -7.7, 0, 0, 0
L 1895.6, -845.2, -7.7, 1895.7, -834.4, -7.7, 0, 0, 0
L 1900.7, -853.5, -7.7, 1895.6, -845.2, -7.7, 0, 0, 0
L 1909.9, -859.2, -7.7, 1900.7, -853.5, -7.7, 0, 0, 0
L 1920.2, -859.2, -7.7, 1909.9, -859.2, -7.7, 0, 0, 0
L 1929.5, -853.2, -7.7, 1920.2, -859.2, -7.7, 0, 0, 0
L 1935.2, -845.1, -7.7, 1929.5, -853.2, -7.7, 0, 0, 0
L 1932.9, -844.6, -7.7, 1935.2, -845.1, -7.7, 0, 0, 0
L 1927.9, -852.4, -7.4, 1932.9, -844.6, -7.7, 0, 0, 0
L 1919.3, -857.4, -7.4, 1927.9, -852.4, -7.4, 0, 0, 0
L 1910.0, -857.3, -7.4, 1919.3, -857.4, -7.4, 0, 0, 0
L 1903.9, -853.5, -7.4, 1910.0, -857.3, -7.4, 0, 0, 0
L 1897.4, -844.6, -7.4, 1903.9, -853.5, -7.4, 0, 0, 0
L 1897.4, -836.4, -7.4, 1897.4, -844.6, -7.4, 0, 0, 0
L 1901.7, -827.3, -7.4, 1897.4, -836.4, -7.4, 0, 0, 0
L 1909.7, -822.0, -7.7, 1901.7, -827.3, -7.4, 0, 0, 0
L 1919.1, -821.8, -7.7, 1909.7, -822.0, -7.7, 0, 0, 0
L 1928.7, -825.0, -6.9, 1919.1, -821.8, -7.7, 0, 0, 0
L 1932.9, -835.0, -7.7, 1928.7, -825.0, -6.9, 0, 0, 0
L 2343.3, -879.2, -7.7, 2340.6, -879.1, -7.7, 0, 0, 0
L 2343.3, -877.3, -7.7, 2343.3, -879.2, -7.7, 0, 0, 0
L 2338.6, -877.5, -7.7, 2343.3, -877.3, -7.7, 0, 0, 0
L 2330.8, -882.7, -7.7, 2338.6, -877.5, -7.7, 0, 0, 0
L 2325.0, -891.9, -7.7, 2330.8, -882.7, -7.7, 0, 0, 0
L 2325.4, -902.9, -7.7, 2325.0, -891.9, -7.7, 0, 0, 0
L 2330.8, -911.8, -7.7, 2325.4, -902.9, -7.7, 0, 0, 0
L 2339.9, -916.7, -7.7, 2330.8, -911.8, -7.7, 0, 0, 0
L 2351.0, -916.3, -7.5, 2339.9, -916.7, -7.7, 0, 0, 0
L 2359.0, -911.4, -7.5, 2351.0, -916.3, -7.5, 0, 0, 0
L 2364.8, -902.0, -7.5, 2359.0, -911.4, -7.5, 0, 0, 0
L 2364.7, -891.6, -7.7, 2364.8, -902.0, -7.5, 0, 0, 0
L 2359.1, -882.8, -7.7, 2364.7, -891.6, -7.7, 0, 0, 0
L 2349.9, -877.2, -7.7, 2359.1, -882.8, -7.7, 0, 0, 0
L 2345.4, -877.0, -7.7, 2349.9, -877.2, -7.7, 0, 0, 0
L 2345.3, -878.7, -6.6, 2345.4, -877.0, -7.7, 0, 0, 0
L 2349.5, -879.2, -7.7, 2345.3, -878.7, -6.6, 0, 0, 0
L 2357.5, -883.7, -7.7, 2349.5, -879.2, -7.7, 0, 0, 0
L 2362.6, -892.1, -7.5, 2357.5, -883.7, -7.7, 0, 0, 0
L 2362.7, -901.8, -7.4, 2362.6, -892.1, -7.5, 0, 0, 0
L 2358.3, -909.5, -7.4, 2362.7, -901.8, -7.4, 0, 0, 0
L 2350.0, -914.7, -7.4, 2358.3, -909.5, -7.4, 0, 0, 0
L 2340.7, -914.9, -7.4, 2350.0, -914.7, -7.4, 0, 0, 0
L 2332.4, -910.5, -7.5, 2340.7, -914.9, -7.4, 0, 0, 0
L 2327.0, -901.7, -7.7, 2332.4, -910.5, -7.5, 0, 0, 0
L 2327.0, -892.5, -7.7, 2327.0, -901.7, -7.7, 0, 0, 0
L 2331.9, -883.8, -7.7, 2327.0, -892.5, -7.7, 0, 0, 0
L 2340.6, -879.1, -7.7, 2331.9, -883.8, -7.7, 0, 0, 0
L 2334.0, -585.3, -7.7, 2332.4, -585.0, -7.7, 0, 0, 0
L 2333.8, -582.6, -7.7, 2334.0, -585.3, -7.7, 0, 0, 0
L 2335.2, -592.1, -7.7, 2340.1, -599.2, -7.7, 0, 0, 0
L 2334.6, -589.1, -7.7, 2335.2, -592.1, -7.7, 0, 0, 0
L 2332.4, -588.9, -7.7, 2334.6, -589.1, -7.7, 0, 0, 0
L 2332.5, -592.1, -7.7, 2332.4, -588.9, -7.7, 0, 0, 0
L 2339.9, -600.9, -7.7, 2332.5, -592.1, -7.7, 0, 0, 0
L 2349.4, -605.0, -7.7, 2339.9, -600.9, -7.7, 0, 0, 0
L 2359.4, -603.7, -7.7, 2349.4, -605.0, -7.7, 0, 0, 0
L 2367.8, -597.0, -7.7, 2359.4, -603.7, -7.7, 0, 0, 0
L 2371.6, -587.3, -7.7, 2367.8, -597.0, -7.7, 0, 0, 0
L 2370.5, -578.0, -7.6, 2371.6, -587.3, -7.7, 0, 0, 0
L 2364.3, -569.2, -7.7, 2370.5, -578.0, -7.6, 0, 0, 0
L 2355.3, -564.8, -7.7, 2364.3, -569.2, -7.7, 0, 0, 0
L 2344.5, -566.1, -7.7, 2355.3, -564.8, -7.7, 0, 0, 0
L 2336.3, -572.4, -7.7, 2344.5, -566.1, -7.7, 0, 0, 0
L 2332.0, -581.7, -7.6, 2336.3, -572.4, -7.7, 0, 0, 0
L 2332.4, -585.0, -6.9, 2332.0, -581.7, -7.6, 0, 0, 0
L 2337.6, -573.1, -7.7, 2333.7, -582.6, -7.7, 0, 0, 0
L 2347.2, -567.5, -7.4, 2337.6, -573.1, -7.7, 0, 0, 0
L 2354.5, -566.9, -7.4, 2347.2, -567.5, -7.4, 0, 0, 0
L 2363.9, -570.2, -7.7, 2354.5, -566.9, -7.4, 0, 0, 0
L 2365.6, -573.5, -7.4, 2363.9, -570.2, -7.7, 0, 0, 0
L 2369.8, -586.1, -7.4, 2365.6, -573.5, -7.4, 0, 0, 0
L 2370.1, -588.0, -7.5, 2369.8, -586.2, -7.4, 0, 0, 0
L 2366.2, -596.8, -7.7, 2370.1, -588.0, -7.5, 0, 0, 0
L 2359.4, -601.5, -7.7, 2366.2, -596.8, -7.7, 0, 0, 0
L 2349.2, -604.1, -7.7, 2359.4, -601.5, -7.7, 0, 0, 0
L 2340.2, -599.2, -7.7, 2349.2, -604.1, -7.7, 0, 0, 0
L 2589.4, -418.3, -10.1, 2589.7, -395.1, -10.1, 199, 21, 133
L 2478.1, -512.3, -2.5, 2460.6, -513.1, 8.0, 0, 0, 0
L 2497.5, -502.1, -10.4, 2478.1, -512.3, -2.5, 0, 0, 0
L 2546.1, -502.3, -10.1, 2497.5, -502.1, -10.4, 0, 0, 0
L 2558.0, -490.6, -10.1, 2546.1, -502.3, -10.1, 0, 0, 0
L 2557.1, -432.1, -10.1, 2558.0, -490.6, -10.1, 0, 0, 0
L 2570.2, -418.4, -10.1, 2557.1, -432.1, -10.1, 0, 0, 0
L 2605.6, -417.9, -10.1, 2570.2, -418.4, -10.1, 0, 0, 0
L 2497.1, -479.4, -10.4, 2460.0, -476.0, 1.7, 0, 0, 0
L 2522.2, -479.1, -10.1, 2497.1, -479.4, -10.4, 0, 0, 0
L 2534.7, -466.9, -10.1, 2522.2, -479.1, -10.1, 0, 0, 0
L 2535.4, -406.2, -10.1, 2534.7, -466.9, -10.1, 0, 0, 0
L 2547.2, -395.1, -10.1, 2535.4, -406.2, -10.1, 0, 0, 0
L 2630.2, -395.1, -10.1, 2547.2, -395.1, -10.1, 0, 0, 0
L -1442.6, 831.5, -10.1, -1416.5, 831.6, -10.1, 199, 21, 133
L -1208.3, 773.3, -2.4, -1270.8, 738.0, 65.4, 0, 0, 0
L -1326.2, 777.4, -10.5, -1208.3, 773.3, -2.4, 0, 0, 0
L -1377.0, 788.3, -10.3, -1326.2, 777.4, -10.5, 0, 0, 0
L -1415.8, 789.1, -10.1, -1377.0, 788.3, -10.3, 0, 0, 0
L -1442.6, 815.9, -10.1, -1415.8, 789.1, -10.1, 0, 0, 0
L -1442.6, 851.7, -10.1, -1442.6, 815.9, -10.1, 0, 0, 0
L -1207.8, 824.6, -2.6, -1270.1, 857.8, 60.8, 0, 0, 0
L -1416.4, 815.6, -10.1, -1207.8, 824.6, -2.6, 0, 0, 0
L -1416.3, 838.5, -10.1, -1416.4, 815.6, -10.1, 0, 0, 0
L 48.6, -908.7, -13.0, 48.6, -793.1, -33.5, 0, 0, 0
L 48.6, -305.1, -19.0, 48.6, -426.4, -24.8, 0, 0, 0
L 48.6, 91.1, 3.0, 48.6, -55.6, -1.7, 0, 0, 0
L 101.0, -595.7, -43.4, 100.2, -616.9, -33.9, 0, 0, 0
L 84.7, -595.3, -49.5, 101.0, -595.7, -43.4, 0, 0, 0
L 100.2, -616.9, -33.9, 95.6, -616.8, -33.9, 0, 0, 0
L 95.3, -628.3, -33.9, 100.2, -628.4, -33.9, 0, 0, 0
L 100.1, -631.3, -34.1, 100.2, -628.4, -34.1, 0, 0, 0
L 96.0, -600.5, -34.2, 95.6, -616.8, -34.2, 0, 0, 0
L 53.3, -599.4, -34.2, 52.3, -642.1, -34.2, 0, 0, 0
L 96.0, -600.5, -34.2, 53.3, -599.4, -34.2, 0, 0, 0
L 95.0, -643.2, -34.2, 95.3, -628.3, -34.2, 0, 0, 0
L 52.3, -642.1, -34.2, 95.0, -643.2, -34.2, 0, 0, 0
L 70.3, -627.4, 22.8, 70.4, -638.0, 22.8, 155, 155, 155
L 57.0, -627.3, 22.8, 70.3, -627.4, 22.8, 155, 155, 155
L 56.5, -637.6, 22.8, 57.0, -627.3, 22.8, 155, 155, 155
L 70.4, -638.0, 22.8, 56.5, -637.6, 22.8, 155, 155, 155
L 52.3, -642.1, 22.8, 95.0, -643.2, 22.8, 0, 204, 0
L 53.3, -599.4, 22.8, 52.3, -642.1, 22.8, 0, 204, 0
L 96.0, -600.5, 22.8, 53.3, -599.4, 22.8, 0, 204, 0
L 95.0, -643.2, 22.8, 96.0, -600.5, 22.8, 0, 204, 0
L 70.8, -118.3, 55.9, 70.7, -128.8, 55.9, 155, 155, 155
L 57.2, -118.0, 55.9, 70.8, -118.3, 55.9, 155, 155, 155
L 56.7, -128.8, 55.9, 57.2, -118.0, 55.9, 155, 155, 155
L 70.7, -128.8, 55.9, 56.7, -128.8, 55.9, 155, 155, 155
L 52.5, -133.2, 55.9, 95.3, -133.7, 55.9, 0, 204, 0
L 53.0, -90.5, 55.9, 52.5, -133.2, 55.9, 0, 204, 0
L 95.8, -91.0, 55.9, 53.0, -90.5, 55.9, 0, 204, 0
L 95.3, -133.7, 55.9, 95.8, -91.0, 55.9, 0, 204, 0
L 100.4, -107.4, -0.7, 95.6, -107.3, -0.7, 0, 0, 0
L 100.3, -122.0, -0.9, 100.3, -118.9, -0.9, 0, 0, 0
L 95.4, -118.8, -0.7, 100.3, -118.9, -0.7, 0, 0, 0
L 95.3, -133.7, -1.0, 95.4, -118.8, -1.0, 0, 0, 0
L 52.5, -133.2, -1.0, 95.3, -133.7, -1.0, 0, 0, 0
L 53.0, -90.5, -1.0, 52.5, -133.2, -1.0, 0, 0, 0
L 95.8, -91.0, -1.0, 53.0, -90.5, -1.0, 0, 0, 0
L 95.6, -107.3, -1.0, 95.8, -91.0, -1.0, 0, 0, 0
L 100.6, -93.4, -4.6, 100.4, -107.4, -0.9, 0, 0, 0
L 169.1, 216.0, 15.8, 179.8, 230.5, 8.2, 0, 0, 0
L 165.2, 218.9, 16.0, 169.1, 216.0, 16.0, 0, 0, 0
L 162.2, 206.8, 15.8, 160.2, 204.1, 15.8, 0, 0, 0
L 158.3, 209.7, 16.0, 162.2, 206.8, 16.0, 0, 0, 0
L 140.6, 257.5, 15.7, 115.1, 223.2, 15.7, 0, 0, 0
L 174.9, 232.0, 15.7, 140.6, 257.5, 15.7, 0, 0, 0
L 165.2, 218.9, 15.7, 174.9, 232.0, 15.7, 0, 0, 0
L 149.5, 197.7, 15.7, 158.3, 209.7, 15.7, 0, 0, 0
L 115.1, 223.2, 15.7, 149.5, 197.7, 15.7, 0, 0, 0
L 138.6, 224.7, 72.6, 132.5, 216.2, 72.6, 155, 155, 155
L 127.7, 232.6, 72.6, 138.6, 224.7, 72.6, 155, 155, 155
L 121.2, 224.4, 72.6, 127.7, 232.6, 72.6, 155, 155, 155
L 132.5, 216.2, 72.6, 121.2, 224.4, 72.6, 155, 155, 155
L 115.1, 223.2, 72.6, 149.5, 197.7, 72.6, 0, 204, 0
L 140.6, 257.5, 72.6, 115.1, 223.2, 72.6, 0, 204, 0
L 174.9, 232.0, 72.6, 140.6, 257.5, 72.6, 0, 204, 0
L 149.5, 197.7, 72.6, 174.9, 232.0, 72.6, 0, 204, 0
L 327.1, 558.0, 75.2, 360.7, 590.8, 55.1, 0, 0, 0
L 326.1, 455.7, 35.5, 327.1, 558.0, 75.2, 0, 0, 0
L 485.6, 754.6, 53.8, 486.6, 756.9, 53.8, 0, 0, 0
L 482.2, 758.8, 54.0, 486.6, 756.9, 54.0, 0, 0, 0
L 491.3, 767.7, 53.8, 486.9, 769.8, 53.7, 0, 0, 0
L 499.3, 787.1, 44.5, 491.3, 767.7, 53.8, 0, 0, 0
L 472.5, 798.5, 33.8, 499.3, 787.1, 44.5, 0, 0, 0
L 453.9, 801.3, 53.7, 437.0, 762.0, 53.7, 0, 0, 0
L 493.0, 784.5, 53.7, 453.9, 801.3, 53.7, 0, 0, 0
L 486.9, 769.8, 53.7, 493.0, 784.5, 53.7, 0, 0, 0
L 476.3, 745.1, 53.7, 482.2, 758.8, 53.7, 0, 0, 0
L 437.0, 762.0, 53.7, 476.3, 745.1, 53.7, 0, 0, 0
L 459.7, 768.9, 110.7, 446.9, 774.3, 110.7, 155, 155, 155
L 455.8, 759.1, 110.7, 459.7, 768.9, 110.7, 155, 155, 155
L 442.7, 764.6, 110.7, 455.8, 759.1, 110.7, 155, 155, 155
L 446.9, 774.3, 110.7, 442.7, 764.6, 110.7, 155, 155, 155
L 476.3, 745.1, 110.7, 493.2, 784.4, 110.7, 0, 204, 0
L 437.0, 762.0, 110.7, 476.3, 745.1, 110.7, 0, 204, 0
L 453.9, 801.2, 110.7, 437.0, 762.0, 110.7, 0, 204, 0
L 493.2, 784.4, 110.7, 453.9, 801.2, 110.7, 0, 204, 0
L 1263.8, 386.6, 7.5, 1257.1, 507.1, 7.9, 205, 133, 63
L 1210.9, 354.2, 1.4, 1263.8, 386.6, 7.5, 205, 133, 63
L 1175.2, 289.4, -0.8, 1210.9, 354.2, 1.4, 205, 133, 63
L 1136.9, 284.1, -2.2, 1175.2, 289.4, -0.8, 205, 133, 63
L 1079.6, 194.0, -5.5, 1136.9, 284.1, -2.2, 205, 133, 63
L 1036.8, 182.4, -4.3, 1079.6, 194.0, -5.5, 205, 133, 63
L 962.9, 94.6, -2.8, 1036.8, 182.4, -4.3, 205, 133, 63
L 771.8, 104.0, -2.0, 962.9, 94.6, -2.8, 205, 133, 63
L 742.1, 90.7, -1.4, 771.8, 104.0, -2.0, 205, 133, 63
L 722.5, 98.7, -1.3, 742.1, 90.7, -1.4, 205, 133, 63
L 656.6, 81.6, -0.1, 722.5, 98.7, -1.3, 205, 133, 63
L 657.2, 1.4, 2.5, 656.6, 81.6, -0.1, 205, 133, 63
L 376.2, 103.3, -0.3, 56.4, 102.8, 1.0, 205, 133, 63
L 444.6, -6.4, 0.5, 376.2, 103.3, -0.3, 205, 133, 63
L 638.1, 8.7, 2.4, 444.6, -6.4, 0.5, 205, 133, 63
L 668.2, -4.5, 2.8, 638.1, 8.7, 2.4, 205, 133, 63
L 681.8, 2.1, 2.4, 668.2, -4.5, 2.8, 205, 133, 63
L 777.9, -1.9, 2.6, 681.8, 2.1, 2.4, 205, 133, 63
L 809.5, -51.9, 5.1, 777.9, -1.9, 2.6, 205, 133, 63
L 864.7, -82.6, 8.5, 809.5, -51.9, 5.1, 205, 133, 63
L 873.0, -122.9, 12.2, 864.7, -82.6, 8.5, 205, 133, 63
L 968.0, -176.9, 10.1, 873.0, -122.9, 12.2, 205, 133, 63
L 965.4, -217.3, 17.4, 968.0, -176.9, 10.1, 205, 133, 63
L 1014.9, -260.0, 18.7, 965.4, -217.3, 17.4, 205, 133, 63
L 1062.7, -282.2, 15.0, 1014.9, -260.0, 18.7, 205, 133, 63
L 1141.5, -402.7, 19.2, 1062.7, -282.2, 15.0, 205, 133, 63
L 1258.8, -406.4, 5.3, 1141.5, -402.7, 19.2, 205, 133, 63
L 1332.9, -314.1, -2.1, 1258.8, -406.4, 5.3, 205, 133, 63
L 1371.6, -310.3, -2.2, 1332.9, -314.1, -2.1, 205, 133, 63
L 1396.7, -271.2, -3.0, 1371.6, -310.3, -2.2, 205, 133, 63
L 1544.2, -98.0, 0.2, 1396.7, -271.2, -3.0, 205, 133, 63
L 1877.2, -96.9, 2.4, 1544.2, -98.0, 0.2, 205, 133, 63
L 1966.2, -173.8, -3.9, 1877.2, -96.9, 2.4, 205, 133, 63
L 1970.3, -213.6, -6.2, 1966.2, -173.8, -3.9, 205, 133, 63
L 2059.7, -271.7, -9.4, 1970.3, -213.6, -6.2, 205, 133, 63
L 2113.9, -359.3, -8.2, 2059.7, -271.7, -9.4, 205, 133, 63
L 2164.4, -374.2, -8.8, 2113.9, -359.3, -8.2, 205, 133, 63
L 2172.5, -424.6, -9.4, 2164.4, -374.2, -8.8, 205, 133, 63
L 2243.3, -502.8, -7.7, 2172.5, -424.6, -9.4, 205, 133, 63
L 2364.6, -506.1, -7.7, 2243.3, -502.8, -7.7, 205, 133, 63
L 28.4, 112.2, 1.5, 48.6, 112.2, 1.4, 0, 0, 0
L 48.6, 91.1, 0.7, 28.0, 91.1, 0.8, 0, 0, 0
L 48.6, -85.5, -1.7, 48.6, -55.4, -1.7, 0, 0, 0
L 100.8, -86.1, -3.9, 48.6, -85.5, -1.7, 0, 0, 0
L 100.6, -93.3, -4.6, 100.8, -86.1, -3.9, 0, 0, 0
L 109.2, -122.6, -8.0, 109.4, -94.2, -5.4, 0, 0, 0
L 100.3, -122.7, -7.2, 109.2, -122.6, -8.0, 0, 0, 0
L 100.2, -138.2, -8.7, 100.3, -122.7, -7.2, 0, 0, 0
L 48.6, -138.0, -4.2, 100.2, -138.2, -8.7, 0, 0, 0
L 48.6, -305.7, -18.7, 48.6, -138.0, -4.2, 0, 0, 0
L 48.6, -594.6, -44.9, 48.6, -423.8, -23.9, 0, 0, 0
L 84.1, -595.3, -49.6, 48.6, -594.6, -44.9, 0, 0, 0
L 109.8, -585.6, -51.7, 87.6, -585.3, -48.9, 0, 0, 0
L 109.0, -632.2, -57.0, 109.8, -585.6, -51.7, 0, 0, 0
L 100.1, -632.2, -55.9, 109.0, -632.2, -57.0, 0, 0, 0
L 99.4, -648.2, -57.6, 100.1, -632.2, -55.9, 0, 0, 0
L 48.6, -646.9, -51.2, 99.4, -648.2, -57.6, 0, 0, 0
L 48.6, -794.9, -33.2, 48.6, -646.9, -51.2, 0, 0, 0
L 48.6, -1129.6, 115.4, 48.6, -906.9, -13.2, 0, 0, 0
L 2441.6, -1167.7, 177.1, 48.6, -1129.6, 115.4, 0, 0, 0
L 2460.6, -513.1, 8.0, 2441.6, -1167.7, 177.1, 0, 0, 0
L 2358.0, 1180.0, 86.3, 2460.0, -476.0, 1.7, 0, 0, 0
L 477.4, 1142.6, 130.4, 2358.0, 1180.0, 86.3, 0, 0, 0
L 477.4, 863.3, 29.3, 477.4, 1142.6, 130.4, 0, 0, 0
L 452.1, 807.3, 39.7, 477.4, 863.3, 29.3, 0, 0, 0
L 472.7, 798.5, 33.7, 452.1, 807.3, 39.7, 0, 0, 0
L 511.7, 792.9, 21.9, 474.9, 808.4, 32.9, 0, 0, 0
L 493.5, 749.9, 28.2, 511.7, 792.9, 21.9, 0, 0, 0
L 485.2, 753.4, 30.8, 493.5, 749.9, 28.2, 0, 0, 0
L 479.1, 738.9, 32.2, 485.2, 753.4, 30.8, 0, 0, 0
L 431.0, 759.2, 47.6, 479.1, 738.9, 32.2, 0, 0, 0
L 431.1, 660.7, 43.7, 431.0, 759.2, 47.7, 0, 0, 0
L 358.2, 588.3, 56.0, 431.1, 660.7, 43.7, 0, 0, 0
L 180.4, 354.8, 26.7, 326.1, 455.7, 35.5, 0, 0, 0
L 138.1, 262.3, 12.6, 180.4, 354.8, 26.7, 0, 0, 0
L 181.7, 232.9, 8.4, 138.1, 262.3, 12.6, 0, 0, 0
L 179.4, 229.9, 8.3, 181.7, 232.9, 8.4, 0, 0, 0
L 167.2, 198.5, 5.7, 187.4, 226.0, 7.7, 0, 0, 0
L 160.0, 203.7, 6.2, 167.2, 198.5, 5.7, 0, 0, 0
L 150.7, 191.2, 5.2, 160.0, 203.7, 6.2, 0, 0, 0
L 108.4, 222.9, 8.7, 150.7, 191.2, 5.2, 0, 0, 0
L 48.6, 151.8, 2.8, 108.4, 222.9, 8.7, 0, 0, 0
L 48.6, 112.2, 1.6, 48.6, 151.8, 2.8, 0, 0, 0
L -1239.6, 1152.2, 72.2, 456.7, 1142.6, 127.3, 0, 0, 0
L -1244.7, 1103.2, 93.3, -1239.6, 1152.2, 72.2, 0, 0, 0
L -1270.2, 858.7, 60.9, -1244.7, 1103.2, 93.3, 0, 0, 0
L -1248.8, -1167.7, 105.0, -1270.8, 738.0, 63.9, 0, 0, 0
L -1004.8, -1160.5, 27.9, -1248.8, -1167.7, 105.0, 0, 0, 0
L -870.2, -1156.5, 32.2, -1004.8, -1160.5, 27.9, 0, 0, 0
L -509.8, -1145.9, 120.5, -870.2, -1156.5, 32.2, 0, 0, 0
L -298.0, -1139.7, 25.3, -509.8, -1145.9, 120.5, 0, 0, 0
L -94.1, -1133.6, 112.8, -298.0, -1139.7, 25.3, 0, 0, 0
L 27.9, -1130.1, 118.3, -94.1, -1133.6, 112.8, 0, 0, 0
L 27.9, -995.6, 9.2, 27.9, -1130.1, 118.3, 0, 0, 0
L 28.0, 91.1, 0.9, 27.9, -995.6, 9.2, 0, 0, 0
L 27.6, 150.7, 2.8, 28.0, 112.0, 1.5, 0, 0, 0
L 112.9, 253.1, 11.5, 27.6, 150.7, 2.8, 0, 0, 0
L 159.4, 354.6, 27.5, 112.9, 253.1, 11.5, 0, 0, 0
L 306.3, 457.0, 39.8, 159.4, 354.6, 27.5, 0, 0, 0
L 306.3, 558.1, 66.3, 306.3, 457.0, 39.8, 0, 0, 0
L 410.3, 659.8, 50.1, 306.3, 558.1, 66.3, 0, 0, 0
L 410.3, 758.4, 54.0, 410.3, 659.8, 50.1, 0, 0, 0
L 456.7, 862.8, 35.6, 410.3, 758.4, 54.0, 0, 0, 0
L 456.7, 1142.6, 127.3, 456.7, 862.8, 35.6, 0, 0, 0
L 2211.0, -650.0, -7.7, 2202.2, -653.0, -7.7, 0, 0, 0
L 2202.2, -653.0, -7.7, 2195.9, -661.2, -7.7, 0, 0, 0
L 2195.9, -661.2, -7.7, 2194.4, -669.7, -7.7, 0, 0, 0
L 2194.4, -669.7, -7.7, 2197.8, -679.1, -7.7, 0, 0, 0
L 2197.8, -679.1, -7.7, 2205.5, -685.1, -7.4, 0, 0, 0
L 2205.5, -685.1, -7.4, 2215.2, -686.4, -7.4, 0, 0, 0
L 2215.2, -686.4, -7.4, 2223.8, -683.0, -7.4, 0, 0, 0
L 2223.8, -683.0, -7.4, 2229.7, -675.5, -7.4, 0, 0, 0
L 2229.7, -675.5, -7.4, 2231.1, -666.9, -7.4, 0, 0, 0
L 2231.1, -666.9, -7.4, 2227.6, -657.2, -7.7, 0, 0, 0
L 2227.6, -657.2, -7.7, 2220.7, -651.3, -7.7, 0, 0, 0
L 2220.7, -651.3, -7.7, 2220.1, -649.2, -7.7, 0, 0, 0
L 2220.1, -649.2, -7.7, 2221.2, -649.8, -7.7, 0, 0, 0
L 2221.2, -649.8, -7.7, 2230.4, -657.6, -7.7, 0, 0, 0
L 2230.4, -657.6, -7.7, 2233.0, -666.7, -7.7, 0, 0, 0
L 2233.0, -666.7, -7.7, 2231.1, -677.9, -7.7, 0, 0, 0
L 2231.1, -677.9, -7.7, 2225.0, -684.1, -7.7, 0, 0, 0
L 2225.0, -684.1, -7.7, 2215.2, -688.3, -7.7, 0, 0, 0
L 2215.2, -688.3, -7.7, 2204.2, -686.1, -7.7, 0, 0, 0
L 2204.2, -686.1, -7.7, 2196.7, -680.0, -7.7, 0, 0, 0
L 2196.7, -680.0, -7.7, 2192.2, -670.1, -7.7, 0, 0, 0
L 2192.2, -670.1, -7.7, 2194.2, -659.2, -7.7, 0, 0, 0
L 2194.2, -659.2, -7.7, 2201.7, -651.3, -7.7, 0, 0, 0
L 2201.7, -651.3, -7.7, 2210.9, -647.8, -7.7, 0, 0, 0
L 2210.9, -647.8, -7.7, 2210.9, -650.0, -7.7, 0, 0, 0
L 2223.9, -575.8, -7.7, 2218.5, -567.1, -7.7, 0, 0, 0
L 2218.5, -567.1, -7.7, 2210.9, -562.8, -7.7, 0, 0, 0
L 2210.9, -562.8, -7.7, 2201.2, -563.0, -7.4, 0, 0, 0
L 2201.2, -563.0, -7.4, 2193.8, -567.2, -7.5, 0, 0, 0
L 2193.8, -567.2, -7.5, 2189.1, -575.5, -7.4, 0, 0, 0
L 2189.1, -575.5, -7.4, 2188.2, -585.1, -7.7, 0, 0, 0
L 2188.2, -585.1, -7.7, 2193.4, -593.5, -7.4, 0, 0, 0
L 2193.4, -593.5, -7.4, 2201.1, -598.8, -7.7, 0, 0, 0
L 2201.1, -598.8, -7.7, 2209.9, -598.2, -7.4, 0, 0, 0
L 2209.9, -598.2, -7.4, 2219.1, -593.7, -7.7, 0, 0, 0
L 2219.1, -593.7, -7.7, 2224.0, -585.5, -7.7, 0, 0, 0
L 2224.0, -585.5, -7.7, 2225.9, -585.5, -7.6, 0, 0, 0
L 2225.9, -585.5, -7.6, 2220.2, -595.2, -7.7, 0, 0, 0
L 2220.2, -595.2, -7.7, 2210.5, -600.1, -7.4, 0, 0, 0
L 2210.5, -600.1, -7.4, 2200.4, -600.0, -7.7, 0, 0, 0
L 2200.4, -600.0, -7.7, 2191.7, -594.6, -7.7, 0, 0, 0
L 2191.7, -594.6, -7.7, 2186.8, -586.1, -7.7, 0, 0, 0
L 2186.8, -586.1, -7.7, 2187.0, -576.1, -7.7, 0, 0, 0
L 2187.0, -576.1, -7.7, 2192.0, -566.6, -7.7, 0, 0, 0
L 2192.0, -566.6, -7.7, 2200.8, -561.3, -7.3, 0, 0, 0
L 2200.8, -561.3, -7.3, 2211.4, -561.0, -7.7, 0, 0, 0
L 2211.4, -561.0, -7.7, 2219.8, -566.2, -7.7, 0, 0, 0
L 2219.8, -566.2, -7.7, 2225.4, -574.8, -7.4, 0, 0, 0
L 2225.4, -574.8, -7.4, 2224.0, -575.7, -7.7, 0, 0, 0
L 2280.9, -349.8, -7.7, 2288.7, -345.5, -7.7, 0, 0, 0
L 2288.7, -345.5, -7.7, 2294.0, -337.3, -7.7, 0, 0, 0
L 2294.0, -337.3, -7.7, 2293.8, -328.2, -7.7, 0, 0, 0
L 2293.8, -328.2, -7.7, 2289.3, -319.2, -7.7, 0, 0, 0
L 2289.3, -319.2, -7.7, 2280.3, -314.4, -7.4, 0, 0, 0
L 2280.3, -314.4, -7.4, 2271.5, -314.5, -7.4, 0, 0, 0
L 2271.5, -314.5, -7.4, 2263.3, -318.8, -7.4, 0, 0, 0
L 2263.3, -318.8, -7.4, 2258.5, -327.3, -7.4, 0, 0, 0
L 2258.5, -327.3, -7.4, 2258.4, -336.6, -7.4, 0, 0, 0
L 2258.4, -336.6, -7.4, 2263.2, -345.0, -7.5, 0, 0, 0
L 2263.2, -345.0, -7.5, 2271.7, -349.9, -7.7, 0, 0, 0
L 2271.7, -349.9, -7.7, 2271.6, -351.8, -7.7, 0, 0, 0
L 2271.6, -351.8, -7.7, 2261.7, -345.9, -7.7, 0, 0, 0
L 2261.7, -345.9, -7.7, 2256.5, -337.5, -7.7, 0, 0, 0
L 2256.5, -337.5, -7.7, 2256.7, -326.3, -7.7, 0, 0, 0
L 2256.7, -326.3, -7.7, 2262.6, -317.7, -7.7, 0, 0, 0
L 2262.6, -317.7, -7.7, 2271.4, -313.0, -7.3, 0, 0, 0
L 2271.4, -313.0, -7.3, 2281.4, -313.0, -7.7, 0, 0, 0
L 2281.4, -313.0, -7.7, 2289.8, -318.0, -7.1, 0, 0, 0
L 2289.8, -318.0, -7.1, 2295.7, -327.1, -7.7, 0, 0, 0
L 2295.7, -327.1, -7.7, 2295.6, -337.4, -7.7, 0, 0, 0
L 2295.6, -337.4, -7.7, 2290.4, -346.4, -7.7, 0, 0, 0
L 2290.4, -346.4, -7.7, 2281.7, -351.4, -7.4, 0, 0, 0
L 2281.7, -351.4, -7.4, 2281.0, -349.9, -7.7, 0, 0, 0
L 1989.1, -617.4, -12.3, 1986.1, -620.1, -12.2, 0, 0, 0
L 1986.1, -620.1, -12.2, 1974.4, -602.0, -14.8, 0, 0, 0
L 1974.4, -602.0, -14.8, 1979.1, -599.3, -14.8, 0, 0, 0
L 1979.1, -599.3, -14.8, 1989.1, -617.4, -12.0, 0, 0, 0
L 1832.4, 524.6, 121.5, 1826.8, 507.0, 121.9, 0, 0, 0
L 1826.8, 507.0, 121.9, 1842.1, 500.9, 121.3, 0, 0, 0
L 1842.1, 500.9, 121.3, 1848.6, 518.7, 120.1, 0, 0, 0
L 1848.6, 518.7, 120.1, 1832.4, 524.6, 120.8, 0, 0, 0
L 1815.6, 491.2, 123.2, 1823.2, 487.6, 122.9, 0, 0, 0
L 1823.2, 487.6, 122.9, 1820.3, 480.3, 123.4, 0, 0, 0
L 1820.3, 480.3, 123.4, 1812.6, 483.7, 123.7, 0, 0, 0
L 1812.6, 483.7, 123.7, 1815.6, 491.2, 123.3, 0, 0, 0
L 1838.3, 482.5, 122.3, 1834.6, 474.9, 122.8, 0, 0, 0
L 1834.6, 474.9, 122.8, 1827.1, 477.5, 123.1, 0, 0, 0
L 1827.1, 477.5, 123.1, 1830.5, 485.6, 122.6, 0, 0, 0
L 1830.5, 485.6, 122.6, 1838.3, 482.5, 122.3, 0, 0, 0
L 1863.2, 491.4, 120.1, 1866.1, 498.2, 119.8, 0, 0, 0
L 1866.1, 498.2, 119.8, 1873.6, 495.1, 119.1, 0, 0, 0
L 1873.6, 495.1, 119.1, 1871.1, 487.9, 119.4, 0, 0, 0
L 1871.1, 487.9, 119.4, 1862.7, 490.9, 120.1, 0, 0, 0
L 1868.8, 505.8, 119.4, 1871.8, 513.3, 119.0, 0, 0, 0
L 1871.8, 513.3, 119.0, 1879.5, 509.7, 118.4, 0, 0, 0
L 1879.5, 509.7, 118.4, 1876.6, 502.1, 118.8, 0, 0, 0
L 1876.6, 502.1, 118.8, 1868.6, 505.4, 119.5, 0, 0, 0
L 1857.9, 533.0, 119.0, 1850.1, 536.0, 119.3, 0, 0, 0
L 1850.1, 536.0, 119.3, 1854.2, 544.3, 118.7, 0, 0, 0
L 1854.2, 544.3, 118.7, 1860.8, 540.6, 118.5, 0, 0, 0
L 1860.8, 540.6, 118.5, 1857.9, 533.0, 118.9, 0, 0, 0
L 1862.6, 539.7, 118.3, 1868.6, 545.9, 117.8, 0, 0, 0
L 1868.6, 545.9, 117.8, 1849.6, 565.0, 115.2, 0, 0, 0
L 1849.6, 565.0, 115.2, 1843.6, 559.0, 117.0, 0, 0, 0
L 1843.6, 559.0, 117.0, 1862.6, 539.7, 118.5, 0, 0, 0
L 1838.6, 549.5, 119.7, 1836.0, 541.9, 120.3, 0, 0, 0
L 1836.0, 541.9, 120.3, 1844.3, 538.0, 119.6, 0, 0, 0
L 1844.3, 538.0, 119.6, 1846.8, 546.3, 119.1, 0, 0, 0
L 1846.8, 546.3, 119.1, 1838.6, 549.5, 119.4, 0, 0, 0
L 1810.7, 535.8, 121.6, 1819.0, 532.2, 121.3, 0, 0, 0
L 1819.0, 532.2, 121.3, 1814.8, 524.8, 121.8, 0, 0, 0
L 1814.8, 524.8, 121.8, 1808.0, 527.8, 122.1, 0, 0, 0
L 1808.0, 527.8, 122.1, 1810.7, 535.8, 121.7, 0, 0, 0
L 1807.4, 510.8, 122.9, 1798.8, 509.5, 123.4, 0, 0, 0
L 1798.8, 509.5, 123.4, 1797.0, 517.9, 123.1, 0, 0, 0
L 1797.0, 517.9, 123.1, 1806.3, 519.1, 122.5, 0, 0, 0
L 1806.3, 519.1, 122.5, 1807.4, 510.8, 122.8, 0, 0, 0
L 1803.4, 518.9, 122.7, 1784.9, 537.8, 121.9, 0, 0, 0
L 1784.9, 537.8, 121.9, 1792.0, 543.0, 121.4, 0, 0, 0
L 1792.0, 543.0, 121.4, 1809.8, 524.8, 122.1, 0, 0, 0
L 1809.8, 524.8, 122.1, 1803.4, 518.9, 122.7, 0, 0, 0
L 2265.5, 880.6, -0.8, 2252.5, 866.7, -0.0, 0, 0, 0
L 2252.5, 866.7, -0.0, 2252.6, 857.7, 0.2, 0, 0, 0
L 2252.6, 857.7, 0.2, 2257.9, 848.6, 0.3, 0, 0, 0
L 2257.9, 848.6, 0.3, 2266.3, 844.0, 0.2, 0, 0, 0
L 2266.3, 844.0, 0.2, 2274.2, 843.7, -0.1, 0, 0, 0
L 2274.2, 843.7, -0.1, 2282.9, 848.6, 0.1, 0, 0, 0
L 2282.9, 848.6, 0.1, 2287.9, 858.0, 0.1, 0, 0, 0
L 2287.9, 858.0, 0.1, 2287.6, 867.0, 0.1, 0, 0, 0
L 2287.9, 866.0, 0.1, 2283.4, 874.4, 0.1, 0, 0, 0
L 2283.4, 874.4, 0.1, 2274.7, 879.6, -1.2, 0, 0, 0
L 2274.7, 879.6, -1.2, 2275.0, 882.4, -1.3, 0, 0, 0
L 2275.0, 882.4, -1.3, 2284.9, 877.0, -1.6, 0, 0, 0
L 2284.9, 877.0, -1.6, 2290.3, 867.3, -1.5, 0, 0, 0
L 2290.3, 867.3, -1.5, 2290.0, 855.6, -1.2, 0, 0, 0
L 2290.0, 855.6, -1.2, 2284.2, 847.4, -0.7, 0, 0, 0
L 2284.2, 847.4, -0.7, 2274.7, 842.3, -0.1, 0, 0, 0
L 2274.7, 842.3, -0.1, 2265.9, 842.1, 0.3, 0, 0, 0
L 2265.9, 842.1, 0.3, 2255.9, 847.6, 0.4, 0, 0, 0
L 2255.9, 847.6, 0.4, 2250.4, 856.7, 0.3, 0, 0, 0
L 2250.4, 856.7, 0.3, 2250.5, 866.3, 0.1, 0, 0, 0
L 2250.5, 866.3, 0.1, 2256.2, 875.9, -0.1, 0, 0, 0
L 2256.2, 875.9, -0.1, 2264.4, 882.1, -0.9, 0, 0, 0
L 2264.4, 882.1, -0.9, 2265.5, 880.6, -0.9, 0, 0, 0
L -470.6, 1099.7, -1.8, -469.1, 1097.1, -1.7, 0, 0, 0
L -469.1, 1097.1, -1.7, -454.6, 1093.5, -1.1, 0, 0, 0
L -454.6, 1093.5, -1.1, -441.9, 1100.6, -0.6, 0, 0, 0
L -441.9, 1100.6, -0.6, -437.1, 1115.6, -0.7, 0, 0, 0
L -437.1, 1115.6, -0.7, -444.8, 1128.7, -0.8, 0, 0, 0
L -444.8, 1128.7, -0.8, -458.6, 1133.2, -1.8, 0, 0, 0
L -458.6, 1133.2, -1.8, -472.2, 1126.1, -2.3, 0, 0, 0
L -472.2, 1126.1, -2.3, -477.1, 1110.9, -2.3, 0, 0, 0
L -477.1, 1110.9, -2.3, -475.4, 1107.8, -2.2, 0, 0, 0
L -1134.2, 897.8, -10.3, -1136.7, 894.9, -10.2, 0, 0, 0
L -1136.7, 894.9, -10.2, -1151.3, 894.5, -9.7, 0, 0, 0
L -1151.3, 894.5, -9.7, -1162.4, 905.5, -9.1, 0, 0, 0
L -1162.4, 905.5, -9.1, -1163.1, 920.5, -9.1, 0, 0, 0
L -1163.1, 920.5, -9.1, -1153.9, 931.8, -9.5, 0, 0, 0
L -1153.9, 931.8, -9.5, -1136.9, 932.5, -10.4, 0, 0, 0
L -1136.9, 932.5, -10.4, -1126.8, 922.8, -10.9, 0, 0, 0
L -1126.8, 922.8, -10.9, -1125.7, 907.0, -10.8, 0, 0, 0
L -1125.7, 907.0, -10.8, -1127.4, 905.0, -10.7, 0, 0, 0
L -1140.6, 868.8, -9.4, -1140.2, 871.6, -9.5, 0, 0, 0
L -1140.2, 871.6, -9.5, -1150.4, 881.6, -9.5, 0, 0, 0
L -1150.4, 881.6, -9.5, -1167.5, 882.0, -8.8, 0, 0, 0
L -1167.5, 882.0, -8.8, -1177.7, 870.3, -8.3, 0, 0, 0
L -1177.7, 870.3, -8.3, -1176.8, 855.3, -8.1, 0, 0, 0
L -1176.8, 855.3, -8.1, -1166.4, 845.1, -8.3, 0, 0, 0
L -1166.4, 845.1, -8.3, -1150.9, 845.7, -8.4, 0, 0, 0
L -1150.9, 845.7, -8.4, -1140.3, 855.7, -9.1, 0, 0, 0
L -1140.3, 855.7, -9.1, -1140.3, 859.8, -9.2, 0, 0, 0
L -1113.7, 315.0, -6.4, -1113.2, 312.7, -5.7, 0, 0, 0
L -1113.2, 312.7, -5.7, -1119.7, 299.1, -6.1, 0, 0, 0
L -1119.7, 299.1, -6.1, -1135.5, 294.2, -5.5, 0, 0, 0
L -1135.5, 294.2, -5.5, -1147.3, 300.8, -5.3, 0, 0, 0
L -1147.3, 300.8, -5.3, -1152.2, 314.9, -5.1, 0, 0, 0
L -1152.2, 314.9, -5.1, -1145.8, 328.8, -5.5, 0, 0, 0
L -1145.8, 328.8, -5.5, -1131.3, 333.7, -6.0, 0, 0, 0
L -1131.3, 333.7, -6.0, -1117.9, 327.1, -6.4, 0, 0, 0
L -1117.9, 327.1, -6.4, -1116.9, 324.5, -6.3, 0, 0, 0
L -1060.8, 316.6, -7.2, -1059.5, 319.1, -7.2, 0, 0, 0
L -1059.5, 319.1, -7.2, -1045.7, 325.7, -6.6, 0, 0, 0
L -1045.7, 325.7, -6.6, -1032.1, 321.0, -6.6, 0, 0, 0
L -1032.1, 321.0, -6.6, -1024.8, 307.4, -6.8, 0, 0, 0
L -1024.8, 307.4, -6.8, -1029.5, 293.4, -6.9, 0, 0, 0
L -1029.5, 293.4, -6.9, -1043.9, 286.1, -7.1, 0, 0, 0
L -1043.9, 286.1, -7.1, -1057.8, 291.4, -6.8, 0, 0, 0
L -1057.8, 291.4, -6.8, -1064.3, 304.7, -7.3, 0, 0, 0
L -1064.3, 304.7, -7.3, -1063.9, 307.8, -7.3, 0, 0, 0
L -1135.4, -947.6, -3.2, -1137.4, -964.9, -3.6, 0, 0, 0
L -1137.4, -964.9, -3.6, -1154.1, -963.3, -2.1, 0, 0, 0
L -1154.1, -963.3, -2.1, -1152.3, -945.9, -1.6, 0, 0, 0
L -1152.3, -945.9, -1.6, -1135.4, -947.6, -3.2, 0, 0, 0
L -1122.9, -987.0, -6.1, -1110.3, -1001.2, -6.7, 0, 0, 0
L -1110.3, -1001.2, -6.7, -1124.2, -1012.3, -6.1, 0, 0, 0
L -1124.2, -1012.3, -6.1, -1136.0, -998.8, -5.5, 0, 0, 0
L -1136.0, -998.8, -5.5, -1122.7, -986.8, -6.1, 0, 0, 0
L -1086.4, -986.9, -7.6, -1080.1, -995.1, -7.5, 0, 0, 0
L -1080.1, -995.1, -7.5, -1084.4, -1002.3, -7.6, 0, 0, 0
L -1084.4, -1002.3, -7.6, -1093.4, -1002.5, -7.3, 0, 0, 0
L -1093.4, -1002.5, -7.3, -1097.4, -995.7, -7.3, 0, 0, 0
L -1097.4, -995.7, -7.3, -1093.5, -987.3, -7.5, 0, 0, 0
L 1156.6, 343.2, -1.2, 1164.9, 348.1, -0.9, 0, 0, 0
L 1164.9, 348.1, -0.9, 1169.5, 356.5, -0.6, 0, 0, 0
L 1169.5, 356.5, -0.6, 1169.5, 365.3, -0.5, 0, 0, 0
L 1169.5, 365.3, -0.5, 1165.1, 373.8, -0.6, 0, 0, 0
L 1165.1, 373.8, -0.6, 1156.5, 378.7, -0.4, 0, 0, 0
L 1156.5, 378.7, -0.4, 1147.0, 378.9, -0.4, 0, 0, 0
L 1147.0, 378.9, -0.4, 1138.4, 373.0, -0.4, 0, 0, 0
L 1138.4, 373.0, -0.4, 1134.2, 365.0, -0.4, 0, 0, 0
L 1134.2, 365.0, -0.4, 1134.4, 356.1, -0.4, 0, 0, 0
L 1134.4, 356.1, -0.4, 1139.9, 347.6, -0.5, 0, 0, 0
L 1139.9, 347.6, -0.5, 1147.6, 343.1, -1.7, 0, 0, 0
L 1148.0, 343.3, -1.6, 1146.6, 340.7, -1.7, 0, 0, 0
L 1146.6, 340.7, -1.7, 1137.4, 347.1, -1.6, 0, 0, 0
L 1137.4, 347.1, -1.6, 1131.7, 357.2, -2.3, 0, 0, 0
L 1131.7, 357.2, -2.3, 1131.4, 365.8, -2.3, 0, 0, 0
L 1131.4, 365.8, -2.3, 1137.6, 375.7, -1.9, 0, 0, 0
L 1137.6, 375.7, -1.9, 1146.9, 380.9, -1.4, 0, 0, 0
L 1146.9, 380.9, -1.4, 1156.9, 380.4, -0.9, 0, 0, 0
L 1156.9, 380.4, -0.9, 1166.6, 374.9, -0.5, 0, 0, 0
L 1166.6, 374.9, -0.5, 1171.9, 365.9, -0.4, 0, 0, 0
L 1171.9, 365.9, -0.4, 1172.1, 356.0, -0.5, 0, 0, 0
L 1172.1, 356.0, -0.5, 1165.4, 346.0, -0.8, 0, 0, 0
L 1165.4, 346.0, -0.8, 1157.2, 340.9, -1.2, 0, 0, 0
L 1157.2, 340.9, -1.2, 1157.0, 343.1, -1.2, 0, 0, 0
