P 1263.8687, 557.6389, 9.9064, 255, 0, 0, 3, to_The_Plane_of_Knowledge_(Click_Book)
P -1389.9515, 803.7581, -8.3741, 255, 0, 0, 3, to_The_Liberated_Citadel_of_Runnyeye
P 2550.5840, -408.3348, -8.2490, 255, 0, 0, 3, to_Rivervale
P 1834.7112, 531.2221, 120.4015, 255, 0, 0, 2, Druid_Ring
P 2344.8545, -896.8146, -6.1641, 0, 128, 0, 2, Bim_(Baking)
P 2272.7036, -338.9176, -6.1642, 0, 128, 0, 2, Hanga_(Smithing)
P 2212.5325, -663.3465, -4.2656, 0, 128, 0, 2, Sonsa_(Tailoring)
P 2207.5088, -580.7158, -6.1642, 0, 128, 0, 2, Tipa_(Tailoring)
P 2347.9072, -586.0494, -6.1641, 0, 128, 0, 2, Topper_(Pottery)
P -415.0000, 1100.0000, 0.0000, 255, 255, 255, 2, Goblin_Camp
P -1133.0000, 969.0000, 0.0000, 255, 255, 255, 2, Goblin_Camp
P -1089.0000, 324.0000, 0.0000, 255, 255, 255, 2, Goblin_Camp
P -1092.0000, -1020.0000, 0.0000, 255, 255, 255, 2, Orc_Camp
P -564.0000, -308.0000, 0.0000, 255, 255, 255, 2, Undead_Camp
