P 1821.5060, -538.9578, -25.6865, 255, 0, 0, 3, to_Netherbian_Lair
P 1048.7568, 2137.7095, -31.1552, 255, 0, 0, 3, to_Sanctus_Seru
P 1150.3170, -2123.2285, 162.8092, 255, 0, 0, 3, to_Mons_Letalis
P 1668.0000, -540.0000, -7.5320, 255, 0, 0, 2, Succor
P -249.0000, -706.0000, 0.0000, 255, 255, 255, 2, Recuso_Camp
P -1376.0000, -252.0000, 0.0000, 255, 255, 255, 2, Recuso_Camp
P -948.0000, 1066.0000, 0.0000, 255, 255, 255, 2, Recuso_Camp
P 1479.0000, -1302.0000, -31.0000, 255, 255, 255, 2, Recuso_Camp
P 1066.0280, -326.3990, 8.7890, 255, 255, 255, 2, Rock_Camp
P 200.0000, -514.0000, 51.0000, 255, 255, 255, 2, Hilltop_Camp
P -1028.3250, 1513.7500, -0.7610, 255, 255, 255, 2, Wall_Camp
P 1077.3783, -1605.2365, 69.6785, 0, 0, 0, 2, Queen_Kvaknak
P -172.0810, -678.6394, -22.6116, 0, 0, 0, 2, Reothe
P -1139.6780, 851.9250, 2.9560, 0, 0, 0, 2, Gerak_Jelin
P -835.9540, -169.6777, 21.6774, 0, 0, 0, 2, An_Ancient_Zelniak_(Roam)
P 1195.7340, -1047.5198, 64.8681, 127, 64, 0, 2, a_Recuso_Hunter_(Hunter)
P -791, 643, 64, 127, 64, 0, 2, A_Giant_Lightcrawler_(Hunter,Roam)
