L 124.0000, -237.0000, -14.0000, 124.0000, -222.0000, -14.0000, 0, 0, 0
L 124.0000, -222.0000, -14.0000, 138.0000, -209.0000, -14.0000, 0, 0, 0
L 138.0000, -209.0000, -14.0000, 137.0000, -182.0000, -14.0000, 0, 0, 0
L 137.0000, -182.0000, -14.0000, 125.0000, -156.0000, -14.0000, 0, 0, 0
L 125.0000, -156.0000, -14.0000, 99.0000, -156.0000, -14.0000, 0, 0, 0
L 99.0000, -156.0000, -14.0000, 85.0000, -170.0000, -13.0000, 0, 0, 0
L 85.0000, -170.0000, -13.0000, 84.0000, -171.0000, -14.0000, 0, 0, 0
L 84.0000, -171.0000, -14.0000, 75.0000, -175.0000, -14.0000, 0, 0, 0
L 75.0000, -175.0000, -14.0000, 59.0000, -183.0000, -14.0000, 0, 0, 0
L 59.0000, -183.0000, -14.0000, 71.0000, -208.0000, -14.0000, 0, 0, 0
L 71.0000, -208.0000, -14.0000, 85.0000, -208.0000, -14.0000, 0, 0, 0
L 85.0000, -208.0000, -14.0000, 100.0000, -223.0000, -14.0000, 0, 0, 0
L 100.0000, -223.0000, -14.0000, 100.0000, -253.0000, -14.0000, 0, 0, 0
L 100.0000, -253.0000, -14.0000, 85.0000, -268.0000, -14.0000, 0, 0, 0
L 85.0000, -268.0000, -14.0000, 83.0000, -268.0000, -14.0000, 0, 0, 0
L 83.0000, -268.0000, -14.0000, 82.0000, -267.0000, -14.0000, 0, 0, 0
L 82.0000, -267.0000, -14.0000, 76.0000, -256.0000, -14.0000, 0, 0, 0
L 76.0000, -256.0000, -14.0000, 75.0000, -256.0000, -14.0000, 0, 0, 0
L 75.0000, -256.0000, -14.0000, 71.0000, -257.0000, -11.0000, 0, 0, 0
L 71.0000, -257.0000, -11.0000, 70.0000, -257.0000, -10.0000, 0, 0, 0
L 70.0000, -257.0000, -10.0000, 64.0000, -253.0000, -14.0000, 0, 0, 0
L 64.0000, -253.0000, -14.0000, 59.0000, -248.0000, -14.0000, 0, 0, 0
L 59.0000, -248.0000, -14.0000, 54.0000, -245.0000, -14.0000, 0, 0, 0
L 54.0000, -245.0000, -14.0000, 49.0000, -240.0000, -14.0000, 0, 0, 0
L 49.0000, -240.0000, -14.0000, 40.0000, -240.0000, -14.0000, 0, 0, 0
L 40.0000, -240.0000, -14.0000, 39.0000, -210.0000, -14.0000, 0, 0, 0
L 39.0000, -210.0000, -14.0000, 26.0000, -183.0000, -15.0000, 0, 0, 0
L 26.0000, -183.0000, -15.0000, 26.0000, -181.0000, -15.0000, 0, 0, 0
L 26.0000, -181.0000, -15.0000, 40.0000, -147.0000, -14.0000, 0, 0, 0
L 40.0000, -147.0000, -14.0000, 54.0000, -133.0000, -14.0000, 0, 0, 0
L 54.0000, -133.0000, -14.0000, 54.0000, -125.0000, -14.0000, 0, 0, 0
L 54.0000, -125.0000, -14.0000, 56.0000, -124.0000, -14.0000, 0, 0, 0
L 56.0000, -124.0000, -14.0000, 57.0000, -124.0000, -13.0000, 0, 0, 0
L 57.0000, -124.0000, -13.0000, 73.0000, -125.0000, -11.0000, 0, 0, 0
L 73.0000, -125.0000, -11.0000, 80.0000, -125.0000, -8.0000, 0, 0, 0
L 124.0000, -237.0000, -14.0000, 110.0000, -251.0000, -14.0000, 0, 0, 0
L 110.0000, -251.0000, -14.0000, 110.0000, -253.0000, -14.0000, 0, 0, 0
L 110.0000, -253.0000, -14.0000, 123.0000, -266.0000, -14.0000, 0, 0, 0
L 123.0000, -266.0000, -14.0000, 110.0000, -293.0000, -14.0000, 0, 0, 0
L 110.0000, -293.0000, -14.0000, 110.0000, -295.0000, -14.0000, 0, 0, 0
L 110.0000, -295.0000, -14.0000, 111.0000, -296.0000, -15.0000, 0, 0, 0
L 111.0000, -296.0000, -15.0000, 123.0000, -309.0000, -13.0000, 0, 0, 0
L 123.0000, -309.0000, -13.0000, 110.0000, -377.0000, 0.0000, 0, 0, 0
L 110.0000, -377.0000, 0.0000, 110.0000, -379.0000, 0.0000, 0, 0, 0
L 110.0000, -379.0000, 0.0000, 123.0000, -406.0000, 0.0000, 0, 0, 0
L -54.0000, -351.0000, 0.0000, -54.0000, -349.0000, 0.0000, 0, 0, 0
L -54.0000, -349.0000, 0.0000, -68.0000, -325.0000, 0.0000, 0, 0, 0
L -68.0000, -325.0000, 0.0000, -67.0000, -309.0000, 0.0000, 0, 0, 0
L -17.0000, -338.0000, 0.0000, -17.0000, -334.0000, -4.0000, 0, 0, 0
L -17.0000, -334.0000, -4.0000, -30.0000, -294.0000, -15.0000, 0, 0, 0
L -30.0000, -294.0000, -15.0000, -30.0000, -292.0000, -15.0000, 0, 0, 0
L -30.0000, -292.0000, -15.0000, -21.0000, -284.0000, -15.0000, 0, 0, 0
L -21.0000, -284.0000, -15.0000, -15.0000, -278.0000, -14.0000, 0, 0, 0
L -15.0000, -278.0000, -14.0000, -13.0000, -278.0000, -14.0000, 0, 0, 0
L -13.0000, -278.0000, -14.0000, -12.0000, -279.0000, -14.0000, 0, 0, 0
L -12.0000, -279.0000, -14.0000, 1.0000, -306.0000, -14.0000, 0, 0, 0
L 1.0000, -306.0000, -14.0000, 28.0000, -306.0000, -14.0000, 0, 0, 0
L 28.0000, -306.0000, -14.0000, 83.0000, -278.0000, -14.0000, 0, 0, 0
L 83.0000, -278.0000, -14.0000, 85.0000, -278.0000, -14.0000, 0, 0, 0
L 85.0000, -278.0000, -14.0000, 100.0000, -293.0000, -14.0000, 0, 0, 0
L 100.0000, -293.0000, -14.0000, 100.0000, -295.0000, -14.0000, 0, 0, 0
L 100.0000, -295.0000, -14.0000, 99.0000, -296.0000, -15.0000, 0, 0, 0
L 99.0000, -296.0000, -15.0000, 86.0000, -322.0000, -10.0000, 0, 0, 0
L 86.0000, -322.0000, -10.0000, 100.0000, -377.0000, 0.0000, 0, 0, 0
L 100.0000, -377.0000, 0.0000, 100.0000, -379.0000, 0.0000, 0, 0, 0
L 100.0000, -379.0000, 0.0000, 98.0000, -380.0000, 0.0000, 0, 0, 0
L 98.0000, -380.0000, 0.0000, 56.0000, -394.0000, 0.0000, 0, 0, 0
L 56.0000, -394.0000, 0.0000, 54.0000, -394.0000, 0.0000, 0, 0, 0
L 54.0000, -394.0000, 0.0000, 37.0000, -388.0000, 0.0000, 0, 0, 0
L 37.0000, -388.0000, 0.0000, 32.0000, -389.0000, 0.0000, 0, 0, 0
L 32.0000, -389.0000, 0.0000, 31.0000, -391.0000, 0.0000, 0, 0, 0
L 31.0000, -391.0000, 0.0000, 30.0000, -392.0000, 0.0000, 0, 0, 0
L -29.0000, -362.0000, 0.0000, 13.0000, -362.0000, 0.0000, 0, 0, 0
L 13.0000, -362.0000, 0.0000, 27.0000, -348.0000, 0.0000, 0, 0, 0
L 27.0000, -348.0000, 0.0000, 31.0000, -348.0000, 0.0000, 0, 0, 0
L 31.0000, -348.0000, 0.0000, 32.0000, -351.0000, 0.0000, 0, 0, 0
L 32.0000, -351.0000, 0.0000, 44.0000, -363.0000, 0.0000, 0, 0, 0
L 44.0000, -363.0000, 0.0000, 44.0000, -364.0000, 0.0000, 0, 0, 0
L 44.0000, -364.0000, 0.0000, 45.0000, -376.0000, 0.0000, 0, 0, 0
L 45.0000, -376.0000, 0.0000, 82.0000, -376.0000, 0.0000, 0, 0, 0
L 82.0000, -376.0000, 0.0000, 82.0000, -374.0000, 0.0000, 0, 0, 0
L 82.0000, -374.0000, 0.0000, 81.0000, -366.0000, 0.0000, 0, 0, 0
L 81.0000, -366.0000, 0.0000, 69.0000, -366.0000, 0.0000, 0, 0, 0
L 69.0000, -366.0000, 0.0000, 68.0000, -365.0000, 0.0000, 0, 0, 0
L 68.0000, -365.0000, 0.0000, 67.0000, -324.0000, 0.0000, 0, 0, 0
L 67.0000, -324.0000, 0.0000, 44.0000, -324.0000, 0.0000, 0, 0, 0
L 44.0000, -324.0000, 0.0000, 44.0000, -337.0000, 0.0000, 0, 0, 0
L 44.0000, -337.0000, 0.0000, 42.0000, -338.0000, 0.0000, 0, 0, 0
L 42.0000, -338.0000, 0.0000, 27.0000, -338.0000, 0.0000, 0, 0, 0
L 27.0000, -338.0000, 0.0000, 26.0000, -337.0000, 0.0000, 0, 0, 0
L 26.0000, -337.0000, 0.0000, 24.0000, -336.0000, 0.0000, 0, 0, 0
L 24.0000, -336.0000, 0.0000, 23.0000, -334.0000, 0.0000, 0, 0, 0
L 23.0000, -334.0000, 0.0000, 13.0000, -324.0000, 0.0000, 0, 0, 0
L 13.0000, -324.0000, 0.0000, 1.0000, -324.0000, 0.0000, 0, 0, 0
L 1.0000, -324.0000, 0.0000, -13.0000, -338.0000, 0.0000, 0, 0, 0
L -13.0000, -338.0000, 0.0000, -17.0000, -338.0000, 0.0000, 0, 0, 0
L 34.0000, -84.0000, -2.0000, 39.0000, -103.0000, -13.0000, 0, 0, 0
L 39.0000, -103.0000, -13.0000, 39.0000, -105.0000, -14.0000, 0, 0, 0
L 39.0000, -105.0000, -14.0000, 40.0000, -110.0000, -14.0000, 0, 0, 0
L 40.0000, -110.0000, -14.0000, 40.0000, -111.0000, -14.0000, 0, 0, 0
L 40.0000, -111.0000, -14.0000, 24.0000, -121.0000, -14.0000, 0, 0, 0
L 24.0000, -121.0000, -14.0000, 28.0000, -144.0000, -14.0000, 0, 0, 0
L 28.0000, -144.0000, -14.0000, 27.0000, -150.0000, -15.0000, 0, 0, 0
L 27.0000, -150.0000, -15.0000, 26.0000, -150.0000, -15.0000, 0, 0, 0
L 26.0000, -150.0000, -15.0000, -70.0000, -170.0000, -16.0000, 0, 0, 0
L -70.0000, -170.0000, -16.0000, -72.0000, -169.0000, -17.0000, 0, 0, 0
L -72.0000, -169.0000, -17.0000, -86.0000, -126.0000, -17.0000, 0, 0, 0
L -86.0000, -126.0000, -17.0000, -86.0000, -124.0000, -17.0000, 0, 0, 0
L -86.0000, -124.0000, -17.0000, -56.0000, -110.0000, -20.0000, 0, 0, 0
L -56.0000, -110.0000, -20.0000, -55.0000, -110.0000, -21.0000, 0, 0, 0
L -55.0000, -110.0000, -21.0000, -54.0000, -112.0000, -24.0000, 0, 0, 0
L -54.0000, -112.0000, -24.0000, -41.0000, -138.0000, -24.0000, 0, 0, 0
L -41.0000, -138.0000, -24.0000, -29.0000, -138.0000, -24.0000, 0, 0, 0
L -29.0000, -138.0000, -24.0000, -15.0000, -124.0000, -23.0000, 0, 0, 0
L -15.0000, -124.0000, -23.0000, -13.0000, -124.0000, -23.0000, 0, 0, 0
L -13.0000, -124.0000, -23.0000, -12.0000, -125.0000, -25.0000, 0, 0, 0
L -12.0000, -125.0000, -25.0000, -10.0000, -126.0000, -25.0000, 0, 0, 0
L -10.0000, -126.0000, -25.0000, -1.0000, -136.0000, -25.0000, 0, 0, 0
L -1.0000, -136.0000, -25.0000, 9.0000, -118.0000, -25.0000, 0, 0, 0
L 9.0000, -118.0000, -25.0000, 0.0000, -111.0000, -25.0000, 0, 0, 0
L 0.0000, -111.0000, -25.0000, -2.0000, -110.0000, -25.0000, 0, 0, 0
L -2.0000, -110.0000, -25.0000, -5.0000, -106.0000, -25.0000, 0, 0, 0
L -5.0000, -106.0000, -25.0000, -6.0000, -107.0000, -25.0000, 0, 0, 0
L -6.0000, -107.0000, -25.0000, -13.0000, -114.0000, -24.0000, 0, 0, 0
L -13.0000, -114.0000, -24.0000, -15.0000, -114.0000, -23.0000, 0, 0, 0
L -15.0000, -114.0000, -23.0000, -16.0000, -112.0000, -23.0000, 0, 0, 0
L -16.0000, -112.0000, -23.0000, -23.0000, -92.0000, -24.0000, 0, 0, 0
L -23.0000, -92.0000, -24.0000, -29.0000, -73.0000, -24.0000, 0, 0, 0
L -29.0000, -73.0000, -24.0000, -56.0000, -86.0000, -24.0000, 0, 0, 0
L -56.0000, -86.0000, -24.0000, -57.0000, -86.0000, -24.0000, 0, 0, 0
L -57.0000, -86.0000, -24.0000, -59.0000, -85.0000, -26.0000, 0, 0, 0
L -59.0000, -85.0000, -26.0000, -61.0000, -84.0000, -22.0000, 0, 0, 0
L -61.0000, -84.0000, -22.0000, -62.0000, -83.0000, -21.0000, 0, 0, 0
L -62.0000, -83.0000, -21.0000, -71.0000, -79.0000, -27.0000, 0, 0, 0
L -71.0000, -79.0000, -27.0000, -84.0000, -73.0000, -28.0000, 0, 0, 0
L -84.0000, -73.0000, -28.0000, -86.0000, -73.0000, -28.0000, 0, 0, 0
L -86.0000, -73.0000, -28.0000, -87.0000, -75.0000, -28.0000, 0, 0, 0
L -87.0000, -75.0000, -28.0000, -87.0000, -77.0000, -27.0000, 0, 0, 0
L -87.0000, -77.0000, -27.0000, -86.0000, -78.0000, -27.0000, 0, 0, 0
L -86.0000, -78.0000, -27.0000, -86.0000, -80.0000, -27.0000, 0, 0, 0
L -86.0000, -80.0000, -27.0000, -86.0000, -82.0000, -25.0000, 0, 0, 0
L -86.0000, -82.0000, -25.0000, -87.0000, -84.0000, -24.0000, 0, 0, 0
L -87.0000, -84.0000, -24.0000, -88.0000, -86.0000, -25.0000, 0, 0, 0
L -88.0000, -86.0000, -25.0000, -94.0000, -87.0000, -25.0000, 0, 0, 0
L -94.0000, -87.0000, -25.0000, -102.0000, -85.0000, -25.0000, 0, 0, 0
L -102.0000, -85.0000, -25.0000, -104.0000, -84.0000, -26.0000, 0, 0, 0
L -104.0000, -84.0000, -26.0000, -105.0000, -83.0000, -26.0000, 0, 0, 0
L -105.0000, -83.0000, -26.0000, -109.0000, -85.0000, -26.0000, 0, 0, 0
L -109.0000, -85.0000, -26.0000, -110.0000, -87.0000, -25.0000, 0, 0, 0
L -110.0000, -87.0000, -25.0000, -109.0000, -98.0000, -23.0000, 0, 0, 0
L -109.0000, -98.0000, -23.0000, -96.0000, -125.0000, -17.0000, 0, 0, 0
L -96.0000, -125.0000, -17.0000, -96.0000, -127.0000, -17.0000, 0, 0, 0
L -96.0000, -127.0000, -17.0000, -97.0000, -128.0000, -17.0000, 0, 0, 0
L -97.0000, -128.0000, -17.0000, -123.0000, -141.0000, -17.0000, 0, 0, 0
L -123.0000, -141.0000, -17.0000, -110.0000, -194.0000, -17.0000, 0, 0, 0
L -110.0000, -194.0000, -17.0000, -98.0000, -194.0000, -17.0000, 0, 0, 0
L -98.0000, -194.0000, -17.0000, -70.0000, -180.0000, -16.0000, 0, 0, 0
L -70.0000, -180.0000, -16.0000, -14.0000, -180.0000, -16.0000, 0, 0, 0
L -14.0000, -180.0000, -16.0000, -12.0000, -181.0000, -15.0000, 0, 0, 0
L -12.0000, -181.0000, -15.0000, -10.0000, -181.0000, -15.0000, 0, 0, 0
L -10.0000, -181.0000, -15.0000, -4.0000, -178.0000, -15.0000, 0, 0, 0
L -4.0000, -178.0000, -15.0000, -2.0000, -178.0000, -15.0000, 0, 0, 0
L -2.0000, -178.0000, -15.0000, -1.0000, -179.0000, -15.0000, 0, 0, 0
L -1.0000, -179.0000, -15.0000, 5.0000, -183.0000, -15.0000, 0, 0, 0
L 5.0000, -183.0000, -15.0000, 6.0000, -185.0000, -15.0000, 0, 0, 0
L 6.0000, -185.0000, -15.0000, 6.0000, -191.0000, -15.0000, 0, 0, 0
L 6.0000, -191.0000, -15.0000, 5.0000, -193.0000, -15.0000, 0, 0, 0
L 5.0000, -193.0000, -15.0000, 2.0000, -195.0000, -15.0000, 0, 0, 0
L 2.0000, -195.0000, -15.0000, 2.0000, -197.0000, -15.0000, 0, 0, 0
L 2.0000, -197.0000, -15.0000, 1.0000, -198.0000, -16.0000, 0, 0, 0
L 1.0000, -198.0000, -16.0000, -4.0000, -206.0000, -21.0000, 0, 204, 204
L -4.0000, -206.0000, -21.0000, -21.0000, -231.0000, -20.0000, 0, 204, 204
L -21.0000, -231.0000, -20.0000, -26.0000, -240.0000, -15.0000, 0, 204, 204
L -26.0000, -240.0000, -15.0000, -28.0000, -240.0000, -15.0000, 0, 0, 0
L -28.0000, -240.0000, -15.0000, -54.0000, -253.0000, -15.0000, 0, 0, 0
L -54.0000, -253.0000, -15.0000, -53.0000, -266.0000, -15.0000, 0, 0, 0
L -53.0000, -266.0000, -15.0000, -40.0000, -293.0000, -15.0000, 0, 0, 0
L -40.0000, -293.0000, -15.0000, -42.0000, -289.0000, -15.0000, 0, 0, 0
L -26.0000, -240.0000, -15.0000, -16.0000, -256.0000, -45.0000, 0, 0, 255
L -16.0000, -256.0000, -45.0000, -13.0000, -263.0000, -45.0000, 0, 0, 255
L -13.0000, -263.0000, -45.0000, 7.0000, -253.0000, -44.0000, 0, 0, 255
L 7.0000, -253.0000, -44.0000, -3.0000, -242.0000, -40.0000, 0, 0, 255
L -3.0000, -242.0000, -40.0000, 4.0000, -226.0000, -16.0000, 0, 0, 255
L 4.0000, -226.0000, -16.0000, 5.0000, -222.0000, -23.0000, 0, 0, 255
L 5.0000, -222.0000, -23.0000, 7.0000, -224.0000, -24.0000, 0, 0, 255
L 7.0000, -224.0000, -24.0000, 9.0000, -224.0000, -25.0000, 0, 0, 255
L 9.0000, -224.0000, -25.0000, 23.0000, -229.0000, -25.0000, 0, 0, 255
L 23.0000, -229.0000, -25.0000, 22.0000, -227.0000, -28.0000, 0, 0, 255
L 22.0000, -227.0000, -28.0000, 16.0000, -208.0000, -29.0000, 0, 0, 255
L 16.0000, -208.0000, -29.0000, 12.0000, -198.0000, -27.0000, 0, 0, 255
L 12.0000, -198.0000, -27.0000, 10.0000, -198.0000, -28.0000, 0, 0, 255
L 10.0000, -198.0000, -28.0000, 1.0000, -198.0000, -16.0000, 0, 0, 255
L -80.0000, -343.0000, 0.0000, -105.0000, -368.0000, 0.0000, 0, 0, 0
L -105.0000, -368.0000, 0.0000, -130.0000, -343.0000, 0.0000, 0, 0, 0
L -130.0000, -343.0000, 0.0000, -110.0000, -323.0000, 0.0000, 0, 0, 0
L -100.0000, -323.0000, 0.0000, -80.0000, -343.0000, 0.0000, 0, 0, 0
L -110.0000, -293.0000, 0.0000, -111.0000, -291.0000, -1.0000, 0, 0, 0
L -111.0000, -291.0000, -1.0000, -112.0000, -290.0000, -2.0000, 0, 0, 0
L -112.0000, -290.0000, -2.0000, -119.0000, -279.0000, -8.0000, 0, 0, 0
L -119.0000, -279.0000, -8.0000, -119.0000, -277.0000, -9.0000, 0, 0, 0
L -119.0000, -277.0000, -9.0000, -118.0000, -266.0000, -15.0000, 0, 0, 0
L -118.0000, -266.0000, -15.0000, -117.0000, -264.0000, -15.0000, 0, 0, 0
L -117.0000, -264.0000, -15.0000, -110.0000, -253.0000, -21.0000, 0, 0, 0
L -110.0000, -253.0000, -21.0000, -110.0000, -251.0000, -22.0000, 0, 0, 0
L -110.0000, -251.0000, -22.0000, -110.0000, -250.0000, -22.0000, 0, 0, 0
L -110.0000, -250.0000, -22.0000, -116.0000, -238.0000, -27.0000, 0, 0, 255
L -116.0000, -238.0000, -27.0000, -118.0000, -235.0000, -27.0000, 0, 0, 255
L -118.0000, -235.0000, -27.0000, -118.0000, -233.0000, -27.0000, 0, 0, 255
L -118.0000, -233.0000, -27.0000, -117.0000, -224.0000, -28.0000, 0, 0, 255
L -117.0000, -224.0000, -28.0000, -111.0000, -212.0000, -29.0000, 0, 0, 255
L -111.0000, -212.0000, -29.0000, -109.0000, -212.0000, -29.0000, 0, 0, 255
L -109.0000, -212.0000, -29.0000, -83.0000, -212.0000, -26.0000, 0, 0, 255
L -85.0000, -212.0000, -26.0000, -84.0000, -214.0000, -26.0000, 0, 204, 204
L -84.0000, -214.0000, -26.0000, -73.0000, -224.0000, -21.0000, 0, 204, 204
L -73.0000, -224.0000, -21.0000, -80.0000, -231.0000, -26.0000, 0, 0, 255
L -80.0000, -231.0000, -26.0000, -100.0000, -251.0000, -24.0000, 0, 0, 255
L -100.0000, -251.0000, -24.0000, -100.0000, -253.0000, -22.0000, 0, 0, 0
L -100.0000, -253.0000, -22.0000, -92.0000, -261.0000, -17.0000, 0, 0, 0
L -92.0000, -261.0000, -17.0000, -87.0000, -266.0000, -15.0000, 0, 0, 0
L -87.0000, -266.0000, -15.0000, -100.0000, -293.0000, 0.0000, 0, 0, 0
L -100.0000, -293.0000, 0.0000, -100.0000, -312.0000, 0.0000, 0, 0, 0
L -110.0000, -250.0000, -22.0000, -100.0000, -251.0000, -24.0000, 0, 0, 255
L -73.0000, -224.0000, -21.0000, -71.0000, -222.0000, -40.0000, 0, 0, 255
L -71.0000, -222.0000, -40.0000, -69.0000, -222.0000, -41.0000, 0, 0, 255
L -69.0000, -222.0000, -41.0000, -67.0000, -221.0000, -41.0000, 0, 0, 255
L -67.0000, -221.0000, -41.0000, -40.0000, -218.0000, -38.0000, 0, 0, 255
L -40.0000, -218.0000, -38.0000, -26.0000, -237.0000, -41.0000, 0, 0, 255
L -26.0000, -237.0000, -41.0000, -25.0000, -239.0000, -42.0000, 0, 0, 255
L -25.0000, -239.0000, -42.0000, -21.0000, -247.0000, -45.0000, 0, 0, 255
L -21.0000, -247.0000, -45.0000, -15.0000, -258.0000, -45.0000, 0, 0, 255
L -83.0000, -212.0000, -26.0000, -63.0000, -188.0000, -37.0000, 0, 0, 255
L -63.0000, -188.0000, -37.0000, -30.0000, -187.0000, -37.0000, 0, 0, 255
L -30.0000, -187.0000, -37.0000, 0.0000, -198.0000, -41.0000, 0, 0, 255
L -195.0000, -310.0000, -29.0000, -194.0000, -309.0000, -28.0000, 178, 102, 255
L -128.0000, -276.0000, -28.0000, -128.0000, -306.0000, -28.0000, 178, 102, 255
L -128.0000, -276.0000, -28.0000, -128.0000, -272.0000, -28.0000, 178, 102, 255
L -138.0000, -208.0000, -28.0000, -152.0000, -208.0000, -28.0000, 178, 102, 255
L -152.0000, -208.0000, -28.0000, -152.0000, -194.0000, -28.0000, 178, 102, 255
L -152.0000, -194.0000, -28.0000, -191.0000, -194.0000, -28.0000, 178, 102, 255
L -198.0000, -184.0000, -28.0000, -191.0000, -184.0000, -28.0000, 178, 102, 255
L -152.0000, -184.0000, -28.0000, -152.0000, -124.0000, -28.0000, 178, 102, 255
L -142.0000, -198.0000, -28.0000, -142.0000, -114.0000, -28.0000, 178, 102, 255
L -152.0000, -124.0000, -28.0000, -166.0000, -124.0000, -28.0000, 178, 102, 255
L -166.0000, -124.0000, -28.0000, -166.0000, -110.0000, -28.0000, 178, 102, 255
L -166.0000, -110.0000, -28.0000, -212.0000, -110.0000, -28.0000, 178, 102, 255
L -156.0000, -100.0000, -28.0000, -184.0000, -100.0000, -28.0000, 178, 102, 255
L -156.0000, -100.0000, -28.0000, -156.0000, -114.0000, -28.0000, 178, 102, 255
L -156.0000, -114.0000, -28.0000, -142.0000, -114.0000, -28.0000, 178, 102, 255
L -184.0000, -100.0000, -28.0000, -184.0000, -68.0000, -28.0000, 178, 102, 255
L -194.0000, -100.0000, -28.0000, -194.0000, -68.0000, -28.0000, 178, 102, 255
L -194.0000, -100.0000, -28.0000, -212.0000, -100.0000, -28.0000, 178, 102, 255
L -194.0000, -68.0000, -28.0000, -208.0000, -68.0000, -28.0000, 178, 102, 255
L -208.0000, -68.0000, -28.0000, -208.0000, -44.0000, -28.0000, 178, 102, 255
L -208.0000, -44.0000, -28.0000, -170.0000, -44.0000, -28.0000, 178, 102, 255
L -170.0000, -44.0000, -28.0000, -170.0000, -68.0000, -28.0000, 178, 102, 255
L -170.0000, -68.0000, -28.0000, -184.0000, -68.0000, -28.0000, 178, 102, 255
L -142.0000, -198.0000, -28.0000, -128.0000, -198.0000, -28.0000, 178, 102, 255
L -212.0000, -100.0000, -28.0000, -212.0000, -86.0000, -28.0000, 178, 102, 255
L -212.0000, -110.0000, -28.0000, -212.0000, -124.0000, -28.0000, 178, 102, 255
L -212.0000, -124.0000, -28.0000, -268.0000, -124.0000, -28.0000, 178, 102, 255
L -212.0000, -86.0000, -28.0000, -251.0000, -86.0000, -28.0000, 178, 102, 255
L -251.0000, -86.0000, -28.0000, -278.0000, -113.0000, -28.0000, 178, 102, 255
L -278.0000, -113.0000, -28.0000, -278.0000, -152.0000, -28.0000, 178, 102, 255
L -278.0000, -152.0000, -28.0000, -265.0000, -152.0000, -28.0000, 178, 102, 255
L -265.0000, -152.0000, -28.0000, -251.0000, -166.0000, -28.0000, 178, 102, 255
L -251.0000, -166.0000, -28.0000, -208.0000, -166.0000, -28.0000, 178, 102, 255
L -194.0000, -142.0000, -28.0000, -268.0000, -142.0000, -28.0000, 178, 102, 255
L -268.0000, -142.0000, -28.0000, -268.0000, -124.0000, -28.0000, 178, 102, 255
L -194.0000, -142.0000, -28.0000, -194.0000, -128.0000, -28.0000, 178, 102, 255
L -194.0000, -128.0000, -28.0000, -184.0000, -128.0000, -28.0000, 178, 102, 255
L -184.0000, -128.0000, -28.0000, -184.0000, -142.0000, -28.0000, 178, 102, 255
L -184.0000, -142.0000, -28.0000, -170.0000, -142.0000, -28.0000, 178, 102, 255
L -170.0000, -142.0000, -28.0000, -170.0000, -152.0000, -28.0000, 178, 102, 255
L -170.0000, -152.0000, -28.0000, -184.0000, -152.0000, -28.0000, 178, 102, 255
L -184.0000, -152.0000, -28.0000, -184.0000, -166.0000, -28.0000, 178, 102, 255
L -184.0000, -166.0000, -28.0000, -198.0000, -166.0000, -28.0000, 178, 102, 255
L -208.0000, -166.0000, -28.0000, -208.0000, -171.0000, -28.0000, 178, 102, 255
L -198.0000, -166.0000, -28.0000, -198.0000, -171.0000, -28.0000, 178, 102, 255
L -198.0000, -171.0000, -28.0000, -198.0000, -184.0000, -28.0000, 178, 102, 255
L -208.0000, -222.0000, -28.0000, -191.0000, -222.0000, -28.0000, 178, 102, 255
L -198.0000, -212.0000, -28.0000, -198.0000, -194.0000, -28.0000, 178, 102, 255
L -250.0000, -198.0000, -14.0000, -250.0000, -227.0000, -14.0000, 0, 0, 0
L -240.0000, -254.0000, -14.0000, -235.0000, -254.0000, -14.0000, 0, 0, 0
L -278.0000, -264.0000, -14.0000, -227.0000, -264.0000, -14.0000, 0, 0, 0
L -250.0000, -236.0000, -14.0000, -250.0000, -254.0000, -14.0000, 0, 0, 0
L -250.0000, -227.0000, -14.0000, -250.0000, -236.0000, -14.0000, 0, 0, 0
L -191.0000, -194.0000, -28.0000, -198.0000, -194.0000, -28.0000, 178, 102, 255
L -170.0000, -240.0000, -28.0000, -156.0000, -240.0000, -28.0000, 178, 102, 255
L -156.0000, -240.0000, -28.0000, -156.0000, -278.0000, -28.0000, 178, 102, 255
L -156.0000, -278.0000, -28.0000, -194.0000, -278.0000, -28.0000, 178, 102, 255
L -194.0000, -278.0000, -28.0000, -194.0000, -240.0000, -28.0000, 178, 102, 255
L -194.0000, -240.0000, -28.0000, -180.0000, -240.0000, -28.0000, 178, 102, 255
L -170.0000, -240.0000, -28.0000, -170.0000, -212.0000, -28.0000, 178, 102, 255
L -170.0000, -212.0000, -28.0000, -191.0000, -212.0000, -28.0000, 178, 102, 255
L -180.0000, -222.0000, -28.0000, -180.0000, -240.0000, -28.0000, 178, 102, 255
L -229.0000, -254.0000, -14.0000, -212.0000, -254.0000, -14.0000, 0, 0, 0
L -235.0000, -254.0000, -14.0000, -229.0000, -254.0000, -14.0000, 0, 0, 0
L -212.0000, -264.0000, -14.0000, -212.0000, -254.0000, -14.0000, 0, 0, 0
L -222.0000, -128.0000, 0.0000, -236.0000, -128.0000, 0.0000, 0, 0, 0
L -236.0000, -128.0000, 0.0000, -236.0000, -180.0000, 0.0000, 0, 0, 0
L -212.0000, -128.0000, 0.0000, -198.0000, -128.0000, 0.0000, 0, 0, 0
L -198.0000, -128.0000, 0.0000, -198.0000, -142.0000, 1.0000, 0, 0, 0
L -198.0000, -142.0000, 1.0000, -170.0000, -142.0000, 0.0000, 0, 0, 0
L -170.0000, -142.0000, 0.0000, -170.0000, -166.0000, 0.0000, 0, 0, 0
L -170.0000, -166.0000, 0.0000, -198.0000, -166.0000, 0.0000, 0, 0, 0
L -198.0000, -166.0000, 0.0000, -198.0000, -180.0000, 2.0000, 0, 0, 0
L -198.0000, -180.0000, 2.0000, -236.0000, -180.0000, 0.0000, 0, 0, 0
L -282.0000, -100.0000, 0.0000, -268.0000, -100.0000, 0.0000, 0, 0, 0
L -268.0000, -100.0000, 0.0000, -268.0000, -138.0000, 0.0000, 0, 0, 0
L 180.0000, 128.0000, -28.0000, 180.0000, 16.0000, -28.0000, 178, 102, 255
L 180.0000, 16.0000, -28.0000, 124.0000, 16.0000, -28.0000, 178, 102, 255
L 124.0000, 16.0000, -28.0000, 124.0000, 2.0000, -28.0000, 178, 102, 255
L 124.0000, 2.0000, -28.0000, 58.0000, 2.0000, -28.0000, 178, 102, 255
L 58.0000, 2.0000, -28.0000, 58.0000, 86.0000, -28.0000, 178, 102, 255
L 170.0000, 96.0000, -28.0000, 170.0000, 138.0000, -28.0000, 178, 102, 255
L 198.0000, 128.0000, -28.0000, 186.0000, 128.0000, -28.0000, 178, 102, 255
L 198.0000, 58.0000, -27.0000, 225.0000, 58.0000, -28.0000, 178, 102, 255
L 208.0000, 138.0000, -28.0000, 186.0000, 138.0000, -28.0000, 178, 102, 255
L 278.0000, 2.0000, -14.0000, 250.0000, 2.0000, -14.0000, 0, 0, 0
L 240.0000, 12.0000, -14.0000, 240.0000, -16.0000, -14.0000, 0, 0, 0
L 250.0000, 2.0000, -14.0000, 250.0000, -24.0000, -14.0000, 0, 0, 0
L 240.0000, -16.0000, -14.0000, 201.0000, -16.0000, -14.0000, 0, 0, 0
L 180.0000, -26.0000, -14.0000, 201.0000, -26.0000, -14.0000, 0, 0, 0
L 240.0000, -26.0000, -14.0000, 240.0000, -58.0000, -14.0000, 0, 0, 0
L 250.0000, -24.0000, -14.0000, 250.0000, -27.0000, -14.0000, 0, 0, 0
L 250.0000, -58.0000, -14.0000, 250.0000, -24.0000, -14.0000, 0, 0, 0
L 250.0000, -58.0000, -14.0000, 268.0000, -58.0000, -14.0000, 0, 0, 0
L 240.0000, -58.0000, -14.0000, 212.0000, -58.0000, -14.0000, 0, 0, 0
L 170.0000, -16.0000, -14.0000, 170.0000, 4.0000, -14.0000, 0, 0, 0
L 180.0000, -16.0000, -14.0000, 180.0000, 4.0000, -14.0000, 0, 0, 0
L 170.0000, 40.0000, -14.0000, 197.0000, 40.0000, -14.0000, 0, 0, 0
L 180.0000, 30.0000, -14.0000, 197.0000, 30.0000, -14.0000, 0, 0, 0
L 197.0000, 40.0000, -14.0000, 211.0000, 54.0000, -14.0000, 0, 0, 0
L 211.0000, 54.0000, -14.0000, 223.0000, 54.0000, -14.0000, 0, 0, 0
L 223.0000, 54.0000, -14.0000, 236.0000, 41.0000, -14.0000, 0, 0, 0
L 236.0000, 41.0000, -14.0000, 236.0000, 29.0000, -14.0000, 0, 0, 0
L 197.0000, 30.0000, -14.0000, 211.0000, 16.0000, -14.0000, 0, 0, 0
L 211.0000, 16.0000, -14.0000, 223.0000, 16.0000, -14.0000, 0, 0, 0
L 223.0000, 16.0000, -14.0000, 236.0000, 29.0000, -14.0000, 0, 0, 0
L 278.0000, -68.0000, -14.0000, 278.0000, -40.0000, -14.0000, 0, 0, 0
L 268.0000, -58.0000, -14.0000, 268.0000, -30.0000, -14.0000, 0, 0, 0
L 268.0000, -30.0000, -14.0000, 294.0000, -30.0000, -14.0000, 0, 0, 0
L 278.0000, -40.0000, -14.0000, 294.0000, -40.0000, -14.0000, 0, 0, 0
L 296.0000, -40.0000, -14.0000, 296.0000, -54.0000, -14.0000, 0, 0, 0
L 296.0000, -54.0000, -14.0000, 334.0000, -54.0000, -14.0000, 0, 0, 0
L 334.0000, -54.0000, -14.0000, 334.0000, -16.0000, -14.0000, 0, 0, 0
L 334.0000, -16.0000, -14.0000, 296.0000, -16.0000, -14.0000, 0, 0, 0
L 296.0000, -30.0000, -14.0000, 296.0000, -16.0000, -14.0000, 0, 0, 0
L -324.0000, -170.0000, 0.0000, -324.0000, -156.0000, 0.0000, 0, 0, 0
L -320.0000, -212.0000, 0.0000, -296.0000, -212.0000, 0.0000, 0, 0, 0
L -320.0000, -254.0000, 0.0000, -320.0000, -238.0000, 0.0000, 0, 0, 0
L -338.0000, -254.0000, 0.0000, -320.0000, -254.0000, 0.0000, 0, 0, 0
L -338.0000, -254.0000, 0.0000, -338.0000, -237.0000, 0.0000, 0, 0, 0
L -348.0000, -114.0000, 0.0000, -362.0000, -114.0000, 0.0000, 0, 0, 0
L -324.0000, -114.0000, 0.0000, -338.0000, -114.0000, 0.0000, 0, 0, 0
L -324.0000, -180.0000, 0.0000, -324.0000, -194.0000, 0.0000, 0, 0, 0
L -338.0000, -194.0000, 0.0000, -324.0000, -194.0000, 0.0000, 0, 0, 0
L -348.0000, -194.0000, 0.0000, -348.0000, -237.0000, 0.0000, 0, 0, 0
L -362.0000, -194.0000, 0.0000, -348.0000, -194.0000, 0.0000, 0, 0, 0
L -362.0000, -114.0000, 0.0000, -362.0000, -154.0000, 0.0000, 0, 0, 0
L -295.0000, -180.0000, 0.0000, -278.0000, -180.0000, 0.0000, 0, 0, 0
L -295.0000, -180.0000, 0.0000, -324.0000, -180.0000, 0.0000, 0, 0, 0
L -268.0000, -170.0000, 0.0000, -324.0000, -170.0000, 0.0000, 0, 0, 0
L -296.0000, -236.0000, 0.0000, -310.0000, -236.0000, 0.0000, 0, 0, 0
L -296.0000, -212.0000, 0.0000, -296.0000, -236.0000, 0.0000, 0, 0, 0
L -348.0000, -237.0000, 0.0000, -348.0000, -264.0000, 0.0000, 0, 0, 0
L -292.0000, -100.0000, 0.0000, -306.0000, -100.0000, 0.0000, 0, 0, 0
L -306.0000, -100.0000, 0.0000, -306.0000, -138.0000, 0.0000, 0, 0, 0
L -268.0000, -138.0000, 0.0000, -306.0000, -138.0000, 0.0000, 0, 0, 0
L -162.0000, -503.0000, 0.0000, -160.0000, -504.0000, 0.0000, 0, 0, 0
L -163.0000, -504.0000, 0.0000, -162.0000, -503.0000, 0.0000, 0, 0, 0
L -165.0000, -504.0000, 0.0000, -163.0000, -504.0000, 0.0000, 0, 0, 0
L -167.0000, -503.0000, 0.0000, -165.0000, -504.0000, 0.0000, 0, 0, 0
L -176.0000, -490.0000, 0.0000, -167.0000, -503.0000, 0.0000, 0, 0, 0
L -180.0000, -491.0000, 0.0000, -176.0000, -490.0000, 0.0000, 0, 0, 0
L -182.0000, -492.0000, 0.0000, -180.0000, -491.0000, 0.0000, 0, 0, 0
L -184.0000, -491.0000, 0.0000, -182.0000, -492.0000, 0.0000, 0, 0, 0
L -184.0000, -461.0000, 0.0000, -184.0000, -491.0000, 0.0000, 0, 0, 0
L -183.0000, -460.0000, 0.0000, -184.0000, -461.0000, 0.0000, 0, 0, 0
L -152.0000, -460.0000, 0.0000, -183.0000, -460.0000, 0.0000, 0, 0, 0
L -56.0000, -492.0000, 0.0000, -57.0000, -492.0000, 0.0000, 0, 0, 0
L -40.0000, -461.0000, 0.0000, -40.0000, -463.0000, 0.0000, 0, 0, 0
L -86.0000, -461.0000, 0.0000, -72.0000, -447.0000, 0.0000, 0, 0, 0
L -72.0000, -405.0000, 0.0000, -29.0000, -362.0000, 0.0000, 0, 0, 0
L -150.0000, -487.0000, 0.0000, -153.0000, -478.0000, 0.0000, 0, 0, 0
L -152.0000, -477.0000, 0.0000, -152.0000, -460.0000, 0.0000, 0, 0, 0
L -153.0000, -478.0000, 0.0000, -152.0000, -477.0000, 0.0000, 0, 0, 0
L 23.0000, -395.0000, 0.0000, 13.0000, -398.0000, 0.0000, 0, 0, 0
L -60.0000, -489.0000, 0.0000, -86.0000, -463.0000, 0.0000, 0, 0, 0
L 5.0000, -395.0000, 0.0000, 3.0000, -395.0000, 0.0000, 0, 0, 0
L 3.0000, -395.0000, 0.0000, -4.0000, -391.0000, 0.0000, 0, 0, 0
L -53.0000, -421.0000, 0.0000, -40.0000, -461.0000, 0.0000, 0, 0, 0
L -160.0000, -504.0000, 0.0000, -158.0000, -502.0000, 0.0000, 0, 0, 0
L 7.0000, -395.0000, 0.0000, 5.0000, -395.0000, 0.0000, 0, 0, 0
L -40.0000, -463.0000, 0.0000, -54.0000, -491.0000, 0.0000, 0, 0, 0
L -157.0000, -500.0000, 0.0000, -150.0000, -490.0000, 0.0000, 0, 0, 0
L -59.0000, -491.0000, 0.0000, -60.0000, -489.0000, 0.0000, 0, 0, 0
L -158.0000, -502.0000, 0.0000, -157.0000, -500.0000, 0.0000, 0, 0, 0
L -4.0000, -391.0000, 0.0000, -53.0000, -421.0000, 0.0000, 0, 0, 0
L 13.0000, -398.0000, 0.0000, 11.0000, -398.0000, 0.0000, 0, 0, 0
L 11.0000, -398.0000, 0.0000, 7.0000, -395.0000, 0.0000, 0, 0, 0
L -183.0000, -516.0000, 0.0000, -182.0000, -516.0000, 0.0000, 0, 0, 0
L -54.0000, -491.0000, 0.0000, -56.0000, -492.0000, 0.0000, 0, 0, 0
L -72.0000, -447.0000, 0.0000, -72.0000, -405.0000, 0.0000, 0, 0, 0
L -57.0000, -492.0000, 0.0000, -59.0000, -491.0000, 0.0000, 0, 0, 0
L -150.0000, -490.0000, 0.0000, -150.0000, -487.0000, 0.0000, 0, 0, 0
L -86.0000, -463.0000, 0.0000, -86.0000, -461.0000, 0.0000, 0, 0, 0
L -97.0000, -478.0000, 0.0000, -96.0000, -476.0000, 0.0000, 0, 0, 0
L -126.0000, -478.0000, 0.0000, -97.0000, -478.0000, 0.0000, 0, 0, 0
L -223.0000, -436.0000, 0.0000, -167.0000, -436.0000, 0.0000, 0, 0, 0
L -222.0000, -529.0000, 0.0000, -236.0000, -489.0000, 0.0000, 0, 0, 0
L -166.0000, -435.0000, 0.0000, -159.0000, -414.0000, 0.0000, 0, 0, 0
L -156.0000, -413.0000, 0.0000, -155.0000, -414.0000, 0.0000, 0, 0, 0
L -235.0000, -448.0000, 0.0000, -223.0000, -436.0000, 0.0000, 0, 0, 0
L -159.0000, -414.0000, 0.0000, -156.0000, -413.0000, 0.0000, 0, 0, 0
L -128.0000, -477.0000, 0.0000, -126.0000, -478.0000, 0.0000, 0, 0, 0
L -55.0000, -376.0000, 0.0000, -56.0000, -374.0000, 0.0000, 0, 0, 0
L -128.0000, -475.0000, 0.0000, -128.0000, -477.0000, 0.0000, 0, 0, 0
L -127.0000, -451.0000, 0.0000, -125.0000, -452.0000, 0.0000, 0, 0, 0
L -115.0000, -462.0000, 0.0000, -128.0000, -475.0000, 0.0000, 0, 0, 0
L -197.0000, -530.0000, 0.0000, -222.0000, -529.0000, 0.0000, 0, 0, 0
L -128.0000, -447.0000, 0.0000, -128.0000, -449.0000, 0.0000, 0, 0, 0
L -138.0000, -407.0000, 0.0000, -124.0000, -402.0000, 0.0000, 0, 0, 0
L -236.0000, -489.0000, 0.0000, -235.0000, -448.0000, 0.0000, 0, 0, 0
L -67.0000, -364.0000, 0.0000, -54.0000, -351.0000, 0.0000, 0, 0, 0
L -54.0000, -379.0000, 0.0000, -54.0000, -377.0000, 0.0000, 0, 0, 0
L -167.0000, -436.0000, 0.0000, -166.0000, -435.0000, 0.0000, 0, 0, 0
L -54.0000, -377.0000, 0.0000, -55.0000, -376.0000, 0.0000, 0, 0, 0
L 26.0000, -394.0000, 0.0000, 25.0000, -394.0000, 0.0000, 0, 0, 0
L -155.0000, -414.0000, 0.0000, -150.0000, -414.0000, 0.0000, 0, 0, 0
L -95.0000, -420.0000, 0.0000, -54.0000, -379.0000, 0.0000, 0, 0, 0
L 30.0000, -392.0000, 0.0000, 26.0000, -394.0000, 0.0000, 0, 0, 0
L -56.0000, -374.0000, 0.0000, -67.0000, -364.0000, 0.0000, 0, 0, 0
L -128.0000, -449.0000, 0.0000, -127.0000, -451.0000, 0.0000, 0, 0, 0
L -96.0000, -476.0000, 0.0000, -95.0000, -420.0000, 0.0000, 0, 0, 0
L -115.0000, -407.0000, 0.0000, -128.0000, -447.0000, 0.0000, 0, 0, 0
L 25.0000, -394.0000, 0.0000, 23.0000, -395.0000, 0.0000, 0, 0, 0
L -125.0000, -452.0000, 0.0000, -115.0000, -462.0000, 0.0000, 0, 0, 0
L -124.0000, -402.0000, 0.0000, -115.0000, -407.0000, 0.0000, 0, 0, 0
L -147.0000, -412.0000, 0.0000, -138.0000, -407.0000, 0.0000, 0, 0, 0
L -150.0000, -414.0000, 0.0000, -147.0000, -412.0000, 0.0000, 0, 0, 0
L 123.0000, -406.0000, 0.0000, 111.0000, -432.0000, 0.0000, 0, 0, 0
L 111.0000, -432.0000, 0.0000, 98.0000, -432.0000, 0.0000, 0, 0, 0
L 98.0000, -432.0000, 0.0000, 70.0000, -418.0000, 0.0000, 0, 0, 0
L 70.0000, -418.0000, 0.0000, 69.0000, -418.0000, 0.0000, 0, 0, 0
L 69.0000, -418.0000, 0.0000, 28.0000, -432.0000, 0.0000, 0, 0, 0
L 28.0000, -432.0000, 0.0000, 13.0000, -432.0000, 0.0000, 0, 0, 0
L 13.0000, -432.0000, 0.0000, -16.0000, -460.0000, 0.0000, 0, 0, 0
L -16.0000, -460.0000, 0.0000, -17.0000, -503.0000, 0.0000, 0, 0, 0
L -17.0000, -503.0000, 0.0000, -43.0000, -516.0000, 0.0000, 0, 0, 0
L -43.0000, -516.0000, 0.0000, -57.0000, -516.0000, 0.0000, 0, 0, 0
L -57.0000, -516.0000, 0.0000, -63.0000, -522.0000, 0.0000, 0, 0, 0
L -92.0000, -520.0000, 0.0000, -78.0000, -520.0000, 0.0000, 0, 0, 0
L -78.0000, -520.0000, 0.0000, -67.0000, -521.0000, 0.0000, 0, 0, 0
L -67.0000, -521.0000, 0.0000, -65.0000, -522.0000, 0.0000, 0, 0, 0
L -65.0000, -522.0000, 0.0000, -63.0000, -522.0000, 0.0000, 0, 0, 0
L -92.0000, -520.0000, 0.0000, -97.0000, -516.0000, 0.0000, 0, 0, 0
L -97.0000, -516.0000, 0.0000, -99.0000, -516.0000, 0.0000, 0, 0, 0
L -99.0000, -516.0000, 0.0000, -127.0000, -544.0000, 0.0000, 0, 0, 0
L -127.0000, -544.0000, 0.0000, -153.0000, -543.0000, 0.0000, 0, 0, 0
L -153.0000, -543.0000, 0.0000, -181.0000, -516.0000, 0.0000, 0, 0, 0
L -181.0000, -516.0000, 0.0000, -182.0000, -516.0000, 0.0000, 0, 0, 0
L -183.0000, -516.0000, 0.0000, -197.0000, -530.0000, 0.0000, 0, 0, 0
L 33.0000, -82.0000, 0.0000, 34.0000, -84.0000, -2.0000, 0, 0, 0
L 107.0000, -100.0000, 0.0000, 110.0000, -97.0000, 0.0000, 0, 0, 0
L 86.0000, -121.0000, 0.0000, 107.0000, -100.0000, 0.0000, 0, 0, 0
L 110.0000, -97.0000, 0.0000, 110.0000, -95.0000, 0.0000, 0, 0, 0
L 166.0000, -138.0000, 0.0000, 166.0000, -100.0000, 0.0000, 0, 0, 0
L 128.0000, -138.0000, 0.0000, 166.0000, -138.0000, 0.0000, 0, 0, 0
L 128.0000, -100.0000, 0.0000, 128.0000, -138.0000, 0.0000, 0, 0, 0
L 142.0000, -100.0000, 0.0000, 128.0000, -100.0000, 0.0000, 0, 0, 0
L 166.0000, -100.0000, 0.0000, 152.0000, -100.0000, 0.0000, 0, 0, 0
L -25.0000, 26.0000, 0.0000, 25.0000, 26.0000, 0.0000, 0, 0, 0
L -187.0000, -47.0000, 0.0000, -194.0000, -54.0000, 0.0000, 0, 0, 0
L -70.0000, -2.0000, 0.0000, -69.0000, -2.0000, 0.0000, 0, 0, 0
L -26.0000, -26.0000, 0.0000, -26.0000, -13.0000, 0.0000, 0, 0, 0
L -26.0000, -1.0000, 0.0000, -25.0000, 26.0000, 0.0000, 0, 0, 0
L -267.0000, -38.0000, 0.0000, -264.0000, -38.0000, 0.0000, 0, 0, 0
L -254.0000, -72.0000, 0.0000, -212.0000, -72.0000, 0.0000, 0, 0, 0
L -254.0000, -38.0000, 0.0000, -254.0000, -72.0000, 0.0000, 0, 0, 0
L -264.0000, -82.0000, 0.0000, -222.0000, -82.0000, 0.0000, 0, 0, 0
L -447.0000, 30.0000, 0.0000, -446.0000, 29.0000, 0.0000, 0, 0, 0
L 25.0000, -26.0000, 0.0000, -26.0000, -26.0000, 0.0000, 0, 0, 0
L -421.0000, -30.0000, 0.0000, -436.0000, -30.0000, 0.0000, 0, 0, 0
L -590.0000, 68.0000, 0.0000, -590.0000, 97.0000, 0.0000, 0, 0, 0
L -405.0000, -46.0000, 0.0000, -421.0000, -30.0000, 0.0000, 0, 0, 0
L -502.0000, -55.0000, 0.0000, -502.0000, -40.0000, 0.0000, 0, 0, 0
L -488.0000, -82.0000, 0.0000, -502.0000, -55.0000, 0.0000, 0, 0, 0
L -600.0000, 58.0000, 0.0000, -614.0000, 100.0000, 0.0000, 0, 0, 0
L -544.0000, 68.0000, 0.0000, -530.0000, 96.0000, 0.0000, 0, 0, 0
L -842.0000, 62.0000, 0.0000, -842.0000, 2.0000, 0.0000, 0, 0, 0
L -779.0000, 62.0000, 0.0000, -842.0000, 62.0000, 0.0000, 0, 0, 0
L -490.0000, 60.0000, 0.0000, -461.0000, 30.0000, 0.0000, 0, 0, 0
L -749.0000, 32.0000, 0.0000, -779.0000, 62.0000, 0.0000, 0, 0, 0
L -514.0000, 32.0000, 0.0000, -529.0000, -14.0000, 0.0000, 0, 0, 0
L -421.0000, -68.0000, 0.0000, -405.0000, -52.0000, 0.0000, 0, 0, 0
L -449.0000, 82.0000, 0.0000, -434.0000, 52.0000, 0.0000, 0, 0, 0
L -478.0000, 7.0000, 0.0000, -478.0000, 13.0000, 0.0000, 0, 0, 0
L -478.0000, -5.0000, 0.0000, -478.0000, 7.0000, 0.0000, 0, 0, 0
L -475.0000, 82.0000, 0.0000, -449.0000, 82.0000, 0.0000, 0, 0, 0
L -507.0000, 27.0000, 0.0000, -492.0000, 20.0000, 0.0000, 0, 0, 0
L -490.0000, 67.0000, 0.0000, -475.0000, 82.0000, 0.0000, 0, 0, 0
L -461.0000, 30.0000, 0.0000, -447.0000, 30.0000, 0.0000, 0, 0, 0
L -478.0000, -35.0000, 0.0000, -478.0000, -5.0000, 0.0000, 0, 0, 0
L -448.0000, -2.0000, 0.0000, -462.0000, -2.0000, 0.0000, 0, 0, 0
L -432.0000, 2.0000, 0.0000, -446.0000, 29.0000, 0.0000, 0, 0, 0
L -418.0000, 2.0000, 0.0000, -432.0000, 2.0000, 0.0000, 0, 0, 0
L -365.0000, -30.0000, 0.0000, -387.0000, -19.0000, 0.0000, 0, 0, 0
L -418.0000, -12.0000, 0.0000, -418.0000, 2.0000, 0.0000, 0, 0, 0
L -749.0000, 118.0000, 0.0000, -721.0000, 118.0000, 0.0000, 0, 0, 0
L -721.0000, 118.0000, 0.0000, -701.0000, 68.0000, 0.0000, 0, 0, 0
L -407.0000, -12.0000, 0.0000, -418.0000, -12.0000, 0.0000, 0, 0, 0
L -378.0000, 17.0000, 0.0000, -407.0000, -12.0000, 0.0000, 0, 0, 0
L -867.0000, 88.0000, 0.0000, -779.0000, 88.0000, 0.0000, 0, 0, 0
L -378.0000, 24.0000, 0.0000, -363.0000, 39.0000, 0.0000, 0, 0, 0
L -867.0000, 38.0000, 0.0000, -867.0000, 88.0000, 0.0000, 0, 0, 0
L -842.0000, 2.0000, 0.0000, -857.0000, 2.0000, 0.0000, 0, 0, 0
L -394.0000, 54.0000, 0.0000, -378.0000, 24.0000, 0.0000, 0, 0, 0
L -419.0000, 67.0000, 0.0000, -394.0000, 54.0000, 0.0000, 0, 0, 0
L -26.0000, -13.0000, 0.0000, -28.0000, -12.0000, 0.0000, 0, 0, 0
L -434.0000, 52.0000, 0.0000, -419.0000, 67.0000, 0.0000, 0, 0, 0
L -478.0000, -35.0000, 0.0000, -462.0000, -2.0000, 0.0000, 0, 0, 0
L -478.0000, 13.0000, 0.0000, -492.0000, 20.0000, 0.0000, 0, 0, 0
L -519.0000, 96.0000, 0.0000, -490.0000, 67.0000, 0.0000, 0, 0, 0
L -530.0000, 96.0000, 0.0000, -519.0000, 96.0000, 0.0000, 0, 0, 0
L -363.0000, 39.0000, 0.0000, -339.0000, 27.0000, 0.0000, 0, 0, 0
L -320.0000, 55.0000, 0.0000, -334.0000, -14.0000, 0.0000, 0, 0, 0
L -436.0000, -30.0000, 0.0000, -436.0000, -15.0000, 0.0000, 0, 0, 0
L -281.0000, 80.0000, 0.0000, -320.0000, 55.0000, 0.0000, 0, 0, 0
L -282.0000, -44.0000, 0.0000, -282.0000, -100.0000, 0.0000, 0, 0, 0
L -464.0000, -40.0000, 0.0000, -464.0000, -69.0000, 0.0000, 0, 0, 0
L -432.0000, -68.0000, 0.0000, -421.0000, -68.0000, 0.0000, 0, 0, 0
L -502.0000, -40.0000, 0.0000, -516.0000, -40.0000, 0.0000, 0, 0, 0
L -387.0000, -19.0000, 0.0000, -391.0000, -17.0000, 0.0000, 0, 0, 0
L -464.0000, -69.0000, 0.0000, -477.0000, -82.0000, 0.0000, 0, 0, 0
L -181.0000, -40.0000, 0.0000, -187.0000, -47.0000, 0.0000, 0, 0, 0
L -196.0000, -54.0000, 0.0000, -205.0000, -54.0000, 0.0000, 0, 0, 0
L -194.0000, -54.0000, 0.0000, -196.0000, -54.0000, 0.0000, 0, 0, 0
L -223.0000, -54.0000, 0.0000, -236.0000, -27.0000, 0.0000, 0, 0, 0
L -205.0000, -54.0000, 0.0000, -223.0000, -54.0000, 0.0000, 0, 0, 0
L -237.0000, -26.0000, 0.0000, -239.0000, -26.0000, 0.0000, 0, 0, 0
L -236.0000, -27.0000, 0.0000, -237.0000, -26.0000, 0.0000, 0, 0, 0
L -240.0000, -27.0000, 0.0000, -251.0000, -38.0000, 0.0000, 0, 0, 0
L -239.0000, -26.0000, 0.0000, -240.0000, -27.0000, 0.0000, 0, 0, 0
L -179.0000, -39.0000, 0.0000, -181.0000, -40.0000, 0.0000, 0, 0, 0
L -173.0000, -31.0000, 0.0000, -179.0000, -39.0000, 0.0000, 0, 0, 0
L -477.0000, -82.0000, 0.0000, -488.0000, -82.0000, 0.0000, 0, 0, 0
L -446.0000, -40.0000, 0.0000, -432.0000, -68.0000, 0.0000, 0, 0, 0
L -82.0000, -12.0000, 0.0000, -82.0000, 30.0000, 0.0000, 0, 0, 0
L -264.0000, -38.0000, 0.0000, -264.0000, -82.0000, 0.0000, 0, 0, 0
L -251.0000, -38.0000, 0.0000, -254.0000, -38.0000, 0.0000, 0, 0, 0
L -72.0000, 40.0000, 0.0000, -72.0000, -1.0000, 0.0000, 0, 0, 0
L -185.0000, 59.0000, 0.0000, -184.0000, 58.0000, 0.0000, 0, 0, 0
L -292.0000, 16.0000, 0.0000, -292.0000, -13.0000, 0.0000, 0, 0, 0
L 39.0000, -62.0000, 0.0000, 31.0000, -71.0000, 0.0000, 0, 0, 0
L 39.0000, -62.0000, 0.0000, 48.0000, -54.0000, 0.0000, 0, 0, 0
L 48.0000, -54.0000, 0.0000, 55.0000, -46.0000, 0.0000, 0, 0, 0
L -292.0000, -13.0000, 0.0000, -267.0000, -38.0000, 0.0000, 0, 0, 0
L 55.0000, -46.0000, 0.0000, 58.0000, -46.0000, 0.0000, 0, 0, 0
L 31.0000, -71.0000, 0.0000, 33.0000, -82.0000, 0.0000, 0, 0, 0
L 94.0000, -56.0000, 0.0000, 92.0000, -55.0000, 0.0000, 0, 0, 0
L -212.0000, -72.0000, 0.0000, -212.0000, -128.0000, 0.0000, 0, 0, 0
L -238.0000, 54.0000, 0.0000, -236.0000, 54.0000, 0.0000, 0, 0, 0
L -339.0000, 27.0000, 0.0000, -351.0000, 2.0000, 0.0000, 0, 0, 0
L -222.0000, -82.0000, 0.0000, -222.0000, -128.0000, 0.0000, 0, 0, 0
L -130.0000, 40.0000, 0.0000, -128.0000, 39.0000, 0.0000, 0, 0, 0
L -137.0000, 36.0000, 0.0000, -136.0000, 37.0000, 0.0000, 0, 0, 0
L -141.0000, 36.0000, 0.0000, -137.0000, 36.0000, 0.0000, 0, 0, 0
L -292.0000, -54.0000, 0.0000, -292.0000, -100.0000, 0.0000, 0, 0, 0
L -127.0000, 26.0000, 0.0000, -122.0000, 26.0000, 0.0000, 0, 0, 0
L -135.0000, 38.0000, 0.0000, -132.0000, 40.0000, 0.0000, 0, 0, 0
L -122.0000, 26.0000, 0.0000, -122.0000, 24.0000, 0.0000, 0, 0, 0
L 95.0000, -57.0000, 0.0000, 94.0000, -56.0000, 0.0000, 0, 0, 0
L 92.0000, -55.0000, 0.0000, 87.0000, -52.0000, 0.0000, 0, 0, 0
L 109.0000, -70.0000, 0.0000, 95.0000, -57.0000, 0.0000, 0, 0, 0
L 87.0000, -52.0000, 0.0000, 82.0000, -48.0000, 0.0000, 0, 0, 0
L 82.0000, -48.0000, 0.0000, 81.0000, -47.0000, 0.0000, 0, 0, 0
L 81.0000, -47.0000, 0.0000, 80.0000, -45.0000, 0.0000, 0, 0, 0
L 80.0000, -45.0000, 0.0000, 79.0000, -43.0000, 0.0000, 0, 0, 0
L 79.0000, -43.0000, 0.0000, 79.0000, -41.0000, 0.0000, 0, 0, 0
L 79.0000, -41.0000, 0.0000, 82.0000, -33.0000, 0.0000, 0, 0, 0
L 82.0000, -33.0000, 0.0000, 82.0000, -12.0000, 0.0000, 0, 0, 0
L 110.0000, -95.0000, 0.0000, 109.0000, -70.0000, 0.0000, 0, 0, 0
L 142.0000, -54.0000, 0.0000, 142.0000, -100.0000, 0.0000, 0, 0, 0
L 152.0000, -44.0000, 0.0000, 152.0000, -100.0000, 0.0000, 0, 0, 0
L -514.0000, 32.0000, 0.0000, -546.0000, 16.0000, 0.0000, 0, 0, 0
L -354.0000, -26.0000, 0.0000, -363.0000, -30.0000, 0.0000, 0, 0, 0
L -338.0000, -66.0000, 0.0000, -332.0000, -66.0000, 0.0000, 0, 0, 0
L -631.0000, 100.0000, 0.0000, -614.0000, 100.0000, 0.0000, 0, 0, 0
L -378.0000, -82.0000, 0.0000, -390.0000, -82.0000, 0.0000, 0, 0, 0
L -629.0000, 124.0000, 0.0000, -656.0000, 97.0000, 0.0000, 0, 0, 0
L -309.0000, -44.0000, 0.0000, -282.0000, -44.0000, 0.0000, 0, 0, 0
L -631.0000, 100.0000, 0.0000, -645.0000, 58.0000, 0.0000, 0, 0, 0
L -617.0000, 124.0000, 0.0000, -629.0000, 124.0000, 0.0000, 0, 0, 0
L -446.0000, -40.0000, 0.0000, -464.0000, -40.0000, 0.0000, 0, 0, 0
L -128.0000, 39.0000, 0.0000, -128.0000, 27.0000, 0.0000, 0, 0, 0
L -338.0000, -114.0000, 0.0000, -338.0000, -66.0000, 0.0000, 0, 0, 0
L -645.0000, 58.0000, 0.0000, -701.0000, 58.0000, 0.0000, 0, 0, 0
L -281.0000, 80.0000, 0.0000, -238.0000, 54.0000, 0.0000, 0, 0, 0
L -363.0000, 2.0000, 0.0000, -378.0000, 17.0000, 0.0000, 0, 0, 0
L -363.0000, -30.0000, 0.0000, -365.0000, -30.0000, 0.0000, 0, 0, 0
L -209.0000, 82.0000, 0.0000, -207.0000, 82.0000, 0.0000, 0, 0, 0
L -334.0000, -14.0000, 0.0000, -335.0000, -16.0000, 0.0000, 0, 0, 0
L -545.0000, 58.0000, 0.0000, -600.0000, 58.0000, 0.0000, 0, 0, 0
L -543.0000, 56.0000, 0.0000, -545.0000, 58.0000, 0.0000, 0, 0, 0
L -557.0000, 16.0000, 0.0000, -543.0000, 56.0000, 0.0000, 0, 0, 0
L -122.0000, 24.0000, 0.0000, -121.0000, 22.0000, 0.0000, 0, 0, 0
L -390.0000, -82.0000, 0.0000, -405.0000, -52.0000, 0.0000, 0, 0, 0
L -779.0000, 88.0000, 0.0000, -749.0000, 118.0000, 0.0000, 0, 0, 0
L -378.0000, -82.0000, 0.0000, -348.0000, -66.0000, 0.0000, 0, 0, 0
L -348.0000, -66.0000, 0.0000, -348.0000, -114.0000, 0.0000, 0, 0, 0
L -516.0000, -40.0000, 0.0000, -529.0000, -14.0000, 0.0000, 0, 0, 0
L -544.0000, 68.0000, 0.0000, -590.0000, 68.0000, 0.0000, 0, 0, 0
L -309.0000, -44.0000, 0.0000, -324.0000, -14.0000, 0.0000, 0, 0, 0
L -544.0000, 58.0000, 0.0000, -545.0000, 58.0000, 0.0000, 0, 0, 0
L -309.0000, 16.0000, 0.0000, -292.0000, 16.0000, 0.0000, 0, 0, 0
L 110.0000, 30.0000, 0.0000, 142.0000, 30.0000, 0.0000, 0, 0, 0
L -335.0000, -16.0000, 0.0000, -354.0000, -26.0000, 0.0000, 0, 0, 0
L -145.0000, 39.0000, 0.0000, -144.0000, 37.0000, 0.0000, 0, 0, 0
L -136.0000, 37.0000, 0.0000, -135.0000, 38.0000, 0.0000, 0, 0, 0
L -546.0000, 16.0000, 0.0000, -557.0000, 16.0000, 0.0000, 0, 0, 0
L -28.0000, -12.0000, 0.0000, -82.0000, -12.0000, 0.0000, 0, 0, 0
L -147.0000, 40.0000, 0.0000, -145.0000, 39.0000, 0.0000, 0, 0, 0
L -100.0000, 30.0000, 0.0000, -100.0000, 2.0000, 0.0000, 0, 0, 0
L -60.0000, -2.0000, 0.0000, -27.0000, -2.0000, 0.0000, 0, 0, 0
L -69.0000, -2.0000, 0.0000, -60.0000, -2.0000, 0.0000, 0, 0, 0
L -132.0000, 40.0000, 0.0000, -130.0000, 40.0000, 0.0000, 0, 0, 0
L 124.0000, -44.0000, 0.0000, 152.0000, -44.0000, 0.0000, 0, 0, 0
L -128.0000, 27.0000, 0.0000, -127.0000, 26.0000, 0.0000, 0, 0, 0
L -144.0000, 37.0000, 0.0000, -143.0000, 36.0000, 0.0000, 0, 0, 0
L 114.0000, -54.0000, 0.0000, 142.0000, -54.0000, 0.0000, 0, 0, 0
L -143.0000, 36.0000, 0.0000, -141.0000, 36.0000, 0.0000, 0, 0, 0
L 114.0000, -40.0000, 0.0000, 114.0000, -54.0000, 0.0000, 0, 0, 0
L -100.0000, 30.0000, 0.0000, -82.0000, 30.0000, 0.0000, 0, 0, 0
L 124.0000, -30.0000, 0.0000, 124.0000, -44.0000, 0.0000, 0, 0, 0
L -167.0000, -24.0000, 0.0000, -173.0000, -31.0000, 0.0000, 0, 0, 0
L 110.0000, -30.0000, 0.0000, 124.0000, -30.0000, 0.0000, 0, 0, 0
L -164.0000, -20.0000, 0.0000, -167.0000, -24.0000, 0.0000, 0, 0, 0
L -156.0000, -13.0000, 0.0000, -164.0000, -20.0000, 0.0000, 0, 0, 0
L -155.0000, -12.0000, 0.0000, -156.0000, -13.0000, 0.0000, 0, 0, 0
L -147.0000, -12.0000, 0.0000, -155.0000, -12.0000, 0.0000, 0, 0, 0
L -145.0000, -10.0000, 0.0000, -147.0000, -12.0000, 0.0000, 0, 0, 0
L -145.0000, -9.0000, 0.0000, -145.0000, -10.0000, 0.0000, 0, 0, 0
L -143.0000, -8.0000, 0.0000, -145.0000, -9.0000, 0.0000, 0, 0, 0
L -138.0000, -8.0000, 0.0000, -143.0000, -8.0000, 0.0000, 0, 0, 0
L -324.0000, -14.0000, 0.0000, -309.0000, 16.0000, 0.0000, 0, 0, 0
L -136.0000, -8.0000, 0.0000, -138.0000, -8.0000, 0.0000, 0, 0, 0
L -135.0000, -10.0000, 0.0000, -136.0000, -8.0000, 0.0000, 0, 0, 0
L -135.0000, -12.0000, 0.0000, -135.0000, -10.0000, 0.0000, 0, 0, 0
L -129.0000, -12.0000, 0.0000, -135.0000, -12.0000, 0.0000, 0, 0, 0
L -128.0000, 1.0000, 0.0000, -129.0000, -12.0000, 0.0000, 0, 0, 0
L -127.0000, 2.0000, 0.0000, -128.0000, 1.0000, 0.0000, 0, 0, 0
L -100.0000, 2.0000, 0.0000, -127.0000, 2.0000, 0.0000, 0, 0, 0
L -110.0000, 26.0000, 0.0000, -110.0000, 40.0000, 0.0000, 0, 0, 0
L -114.0000, 26.0000, 0.0000, -110.0000, 26.0000, 0.0000, 0, 0, 0
L -207.0000, 82.0000, 0.0000, -196.0000, 82.0000, 0.0000, 0, 0, 0
L -236.0000, 54.0000, 0.0000, -209.0000, 82.0000, 0.0000, 0, 0, 0
L -183.0000, 56.0000, 0.0000, -181.0000, 56.0000, 0.0000, 0, 0, 0
L -116.0000, 22.0000, 0.0000, -114.0000, 26.0000, 0.0000, 0, 0, 0
L -121.0000, 22.0000, 0.0000, -116.0000, 22.0000, 0.0000, 0, 0, 0
L -72.0000, -1.0000, 0.0000, -70.0000, -2.0000, 0.0000, 0, 0, 0
L -195.0000, 80.0000, 0.0000, -185.0000, 59.0000, 0.0000, 0, 0, 0
L -196.0000, 82.0000, 0.0000, -195.0000, 80.0000, 0.0000, 0, 0, 0
L 100.0000, -40.0000, 0.0000, 114.0000, -40.0000, 0.0000, 0, 0, 0
L 100.0000, -12.0000, 0.0000, 100.0000, -40.0000, 0.0000, 0, 0, 0
L 110.0000, -30.0000, 0.0000, 110.0000, 30.0000, 0.0000, 0, 0, 0
L -27.0000, -2.0000, 0.0000, -26.0000, -1.0000, 0.0000, 0, 0, 0
L -156.0000, 48.0000, 0.0000, -156.0000, 41.0000, 0.0000, 0, 0, 0
L -156.0000, 50.0000, 0.0000, -156.0000, 48.0000, 0.0000, 0, 0, 0
L -155.0000, 40.0000, 0.0000, -153.0000, 39.0000, 0.0000, 0, 0, 0
L -156.0000, 41.0000, 0.0000, -155.0000, 40.0000, 0.0000, 0, 0, 0
L 100.0000, -12.0000, 0.0000, 82.0000, -12.0000, 0.0000, 0, 0, 0
L -149.0000, 40.0000, 0.0000, -147.0000, 40.0000, 0.0000, 0, 0, 0
L -153.0000, 39.0000, 0.0000, -149.0000, 40.0000, 0.0000, 0, 0, 0
L -184.0000, 58.0000, 0.0000, -183.0000, 56.0000, 0.0000, 0, 0, 0
L -161.0000, 53.0000, 0.0000, -160.0000, 52.0000, 0.0000, 0, 0, 0
L -181.0000, 56.0000, 0.0000, -161.0000, 53.0000, 0.0000, 0, 0, 0
L -158.0000, 51.0000, 0.0000, -156.0000, 50.0000, 0.0000, 0, 0, 0
L -160.0000, 52.0000, 0.0000, -158.0000, 51.0000, 0.0000, 0, 0, 0
L -312.0000, -54.0000, 0.0000, -292.0000, -54.0000, 0.0000, 0, 0, 0
L -656.0000, 97.0000, 0.0000, -655.0000, 68.0000, 0.0000, 0, 0, 0
L -655.0000, 68.0000, 0.0000, -701.0000, 68.0000, 0.0000, 0, 0, 0
L -312.0000, -54.0000, 0.0000, -312.0000, -56.0000, 0.0000, 0, 0, 0
L -701.0000, 58.0000, 0.0000, -721.0000, 32.0000, 0.0000, 0, 0, 0
L -721.0000, 32.0000, 0.0000, -749.0000, 32.0000, 0.0000, 0, 0, 0
L -590.0000, 97.0000, 0.0000, -617.0000, 124.0000, 0.0000, 0, 0, 0
L -363.0000, 2.0000, 0.0000, -351.0000, 2.0000, 0.0000, 0, 0, 0
L -490.0000, 60.0000, 0.0000, -507.0000, 27.0000, 0.0000, 0, 0, 0
L -332.0000, -66.0000, 0.0000, -312.0000, -56.0000, 0.0000, 0, 0, 0
L -391.0000, -17.0000, 0.0000, -405.0000, -46.0000, 0.0000, 0, 0, 0
L -110.0000, 40.0000, 0.0000, -72.0000, 40.0000, 0.0000, 0, 0, 0
L 44.0000, 110.0000, -28.0000, 58.0000, 110.0000, -28.0000, 178, 102, 255
L 44.0000, 96.0000, -28.0000, 44.0000, 110.0000, -28.0000, 178, 102, 255
L 26.0000, 110.0000, -28.0000, 26.0000, 96.0000, -28.0000, 178, 102, 255
L -12.0000, 110.0000, -28.0000, 26.0000, 110.0000, -28.0000, 178, 102, 255
L -12.0000, 72.0000, -28.0000, -12.0000, 110.0000, -28.0000, 178, 102, 255
L 26.0000, 72.0000, -28.0000, -12.0000, 72.0000, -28.0000, 178, 102, 255
L 26.0000, 86.0000, -28.0000, 26.0000, 72.0000, -28.0000, 178, 102, 255
L 125.0000, 166.0000, -28.0000, 138.0000, 153.0000, -28.0000, 178, 102, 255
L 113.0000, 166.0000, -28.0000, 125.0000, 166.0000, -28.0000, 178, 102, 255
L 47.0000, 86.0000, -28.0000, 36.0000, 86.0000, -28.0000, 178, 102, 255
L 53.0000, 86.0000, -28.0000, 47.0000, 86.0000, -28.0000, 178, 102, 255
L 138.0000, 153.0000, -28.0000, 138.0000, 141.0000, -28.0000, 178, 102, 255
L 254.0000, 86.0000, -28.0000, 268.0000, 86.0000, -28.0000, 178, 102, 255
L 254.0000, 100.0000, -28.0000, 254.0000, 86.0000, -28.0000, 178, 102, 255
L 292.0000, 86.0000, -28.0000, 278.0000, 86.0000, -28.0000, 178, 102, 255
L 292.0000, 125.0000, -28.0000, 292.0000, 86.0000, -28.0000, 178, 102, 255
L 279.0000, 138.0000, -28.0000, 292.0000, 125.0000, -28.0000, 178, 102, 255
L 267.0000, 138.0000, -28.0000, 279.0000, 138.0000, -28.0000, 178, 102, 255
L 254.0000, 125.0000, -28.0000, 267.0000, 138.0000, -28.0000, 178, 102, 255
L 254.0000, 110.0000, -28.0000, 254.0000, 125.0000, -28.0000, 178, 102, 255
L 113.0000, 128.0000, -28.0000, 99.0000, 142.0000, -28.0000, 178, 102, 255
L 99.0000, 152.0000, -28.0000, 113.0000, 166.0000, -28.0000, 178, 102, 255
L 125.0000, 128.0000, -28.0000, 113.0000, 128.0000, -28.0000, 178, 102, 255
L 138.0000, 141.0000, -28.0000, 125.0000, 128.0000, -28.0000, 178, 102, 255
L 82.0000, 142.0000, -28.0000, 82.0000, 128.0000, -28.0000, 178, 102, 255
L 82.0000, 152.0000, -28.0000, 86.0000, 152.0000, -28.0000, 178, 102, 255
L 82.0000, 142.0000, -28.0000, 86.0000, 142.0000, -28.0000, 178, 102, 255
L 208.0000, 110.0000, -28.0000, 208.0000, 138.0000, -28.0000, 178, 102, 255
L 82.0000, 152.0000, -28.0000, 82.0000, 166.0000, -28.0000, 178, 102, 255
L 44.0000, 166.0000, -28.0000, 82.0000, 166.0000, -28.0000, 178, 102, 255
L 44.0000, 128.0000, -28.0000, 44.0000, 166.0000, -28.0000, 178, 102, 255
L 58.0000, 128.0000, -28.0000, 44.0000, 128.0000, -28.0000, 178, 102, 255
L 208.0000, 110.0000, -28.0000, 254.0000, 110.0000, -28.0000, 178, 102, 255
L 208.0000, 100.0000, -28.0000, 254.0000, 100.0000, -28.0000, 178, 102, 255
L 208.0000, 68.0000, -28.0000, 208.0000, 100.0000, -28.0000, 178, 102, 255
L 197.0000, -194.0000, -15.0000, 184.0000, -181.0000, -14.0000, 0, 0, 0
L 237.0000, -194.0000, -15.0000, 197.0000, -194.0000, -15.0000, 0, 0, 0
L 212.0000, -82.0000, -14.0000, 170.0000, -82.0000, -14.0000, 0, 0, 0
L 170.0000, -26.0000, -14.0000, 170.0000, -47.0000, -14.0000, 0, 0, 0
L 222.0000, -142.0000, -14.0000, 237.0000, -142.0000, -14.0000, 0, 0, 0
L 212.0000, -72.0000, -14.0000, 180.0000, -72.0000, -14.0000, 0, 0, 0
L 212.0000, -58.0000, -14.0000, 212.0000, -72.0000, -14.0000, 0, 0, 0
L 184.0000, -181.0000, -14.0000, 184.0000, -155.0000, -14.0000, 0, 0, 0
L 212.0000, -82.0000, -14.0000, 212.0000, -124.0000, -14.0000, 0, 0, 0
L 278.0000, -68.0000, -14.0000, 222.0000, -68.0000, -14.0000, 0, 0, 0
L 250.0000, -181.0000, -14.0000, 237.0000, -194.0000, -15.0000, 0, 0, 0
L 222.0000, -68.0000, -14.0000, 222.0000, -124.0000, -14.0000, 0, 0, 0
L 237.0000, -142.0000, -14.0000, 250.0000, -155.0000, -14.0000, 0, 0, 0
L 197.0000, -142.0000, -14.0000, 212.0000, -142.0000, -14.0000, 0, 0, 0
L 212.0000, -142.0000, -14.0000, 212.0000, -124.0000, -14.0000, 0, 0, 0
L 184.0000, -155.0000, -14.0000, 197.0000, -142.0000, -14.0000, 0, 0, 0
L 250.0000, -155.0000, -14.0000, 250.0000, -181.0000, -14.0000, 0, 0, 0
L 198.0000, 58.0000, -27.0000, 198.0000, 128.0000, -28.0000, 178, 102, 255
L 53.0000, 86.0000, -28.0000, 58.0000, 86.0000, -28.0000, 178, 102, 255
L -138.0000, -208.0000, -28.0000, -138.0000, -272.0000, -28.0000, 178, 102, 255
L -448.0000, -2.0000, 0.0000, -436.0000, -15.0000, 0.0000, 0, 0, 0
L 0.0000, -198.0000, -41.0000, 1.0000, -198.0000, -16.0000, 0, 0, 255
L 86.0000, -121.0000, 0.0000, 80.0000, -125.0000, -8.0000, 0, 0, 0
L -67.0000, -309.0000, 0.0000, -40.0000, -293.0000, -15.0000, 0, 0, 0
L -210.0000, -309.0000, 0.0000, -195.0000, -310.0000, -29.0000, 0, 204, 0
L -278.0000, -264.0000, -14.0000, -278.0000, -254.0000, -14.0000, 0, 0, 0
L -250.0000, -254.0000, -14.0000, -268.0000, -254.0000, -14.0000, 0, 0, 0
L -278.0000, -180.0000, 0.0000, -278.0000, -184.0000, 0.0000, 0, 0, 0
L -268.0000, -170.0000, 0.0000, -268.0000, -180.0000, 0.0000, 0, 0, 0
L -268.0000, -180.0000, 0.0000, -268.0000, -184.0000, 0.0000, 0, 0, 0
L -208.0000, -198.0000, -28.0000, -208.0000, -171.0000, -28.0000, 178, 102, 255
L -240.0000, -254.0000, -14.0000, -240.0000, -208.0000, -14.0000, 0, 0, 0
L -250.0000, -198.0000, -14.0000, -240.0000, -198.0000, -14.0000, 0, 0, 0
L -208.0000, -198.0000, -28.0000, -212.0000, -198.0000, -26.0000, 178, 102, 255
L -208.0000, -208.0000, -28.0000, -212.0000, -208.0000, -26.0000, 178, 102, 255
L -208.0000, -222.0000, -28.0000, -208.0000, -208.0000, -28.0000, 178, 102, 255
L 240.0000, 12.0000, -14.0000, 268.0000, 12.0000, -14.0000, 0, 0, 0
L 278.0000, 2.0000, -14.0000, 278.0000, 12.0000, -14.0000, 0, 0, 0
L 268.0000, 86.0000, -28.0000, 268.0000, 81.3999, -27.0999, 0, 0, 0
L 278.0000, 12.0000, -14.0000, 278.0000, 16.5999, -14.8999, 0, 0, 0
L -222.0000, -283.0000, 0.0000, -222.0000, -316.0000, 0.0000, 0, 204, 0
L -210.0000, -352.0000, -13.0000, -210.0000, -347.5000, -11.3999, 255, 0, 0
L -210.0000, -309.0000, 0.0000, -211.0000, -283.0000, 0.0000, 0, 204, 0
L -222.0000, -280.0000, 0.0000, -222.0000, -267.0000, 0.0000, 0, 204, 0
L -867.0000, 38.0000, 0.0000, -875.0000, 38.0000, 0.0000, 0, 0, 0
L -857.0000, 2.0000, 0.0000, -875.0000, 2.0000, 0.0000, 0, 0, 0
L -875.0000, 38.0000, 0.0000, -883.0000, 38.0000, 0.0000, 0, 0, 0
L -875.0000, 2.0000, 0.0000, -883.0000, 2.0000, 0.0000, 0, 0, 0
L -875.0000, 38.0000, 0.0000, -875.0000, 2.0000, 0.0000, 199, 21, 133
L -362.0000, -154.0000, 0.0000, -362.0000, -156.0000, 0.0000, 0, 0, 0
L -324.0000, -154.0000, 0.0000, -324.0000, -114.0000, 0.0000, 0, 0, 0
L -362.0000, -154.0000, 0.0000, -324.0000, -154.0000, 0.0000, 255, 255, 0
L -324.0000, -156.0000, 0.0000, -324.0000, -154.0000, 0.0000, 0, 0, 0
L -362.0000, -156.0000, 0.0000, -362.0000, -194.0000, 0.0000, 0, 0, 0
L -362.0000, -156.0000, 0.0000, -324.0000, -156.0000, 0.0000, 255, 255, 0
L -320.0000, -238.0000, 0.0000, -320.0000, -212.0000, 0.0000, 0, 0, 0
L -312.0000, -240.0000, 0.0000, -317.0000, -240.0000, 0.0000, 205, 133, 63
L -312.0000, -236.0000, 0.0000, -317.0000, -236.0000, 0.0000, 205, 133, 63
L -312.0000, -240.0000, 0.0000, -312.0000, -238.0000, 0.0000, 205, 133, 63
L -317.0000, -240.0000, 0.0000, -317.0000, -238.0000, 0.0000, 205, 133, 63
L -320.0000, -238.0000, 0.0000, -317.0000, -238.0000, 0.0000, 205, 133, 63
L -312.0000, -238.0000, 0.0000, -312.0000, -236.0000, 0.0000, 205, 133, 63
L -317.0000, -238.0000, 0.0000, -317.0000, -236.0000, 0.0000, 205, 133, 63
L -312.0000, -238.0000, 0.0000, -310.0000, -238.0000, 0.0000, 205, 133, 63
L -338.0000, -237.0000, 0.0000, -338.0000, -194.0000, 0.0000, 0, 0, 0
L -340.0000, -240.0000, 0.0000, -345.0000, -240.0000, 0.0000, 205, 133, 63
L -345.0000, -235.0000, 0.0000, -340.0000, -235.0000, 0.0000, 205, 133, 63
L -340.0000, -240.0000, 0.0000, -340.0000, -237.0000, 0.0000, 205, 133, 63
L -345.0000, -240.0000, 0.0000, -345.0000, -237.0000, 0.0000, 205, 133, 63
L -348.0000, -237.0000, 0.0000, -345.0000, -237.0000, 0.0000, 205, 133, 63
L -340.0000, -237.0000, 0.0000, -340.0000, -235.0000, 0.0000, 205, 133, 63
L -345.0000, -237.0000, 0.0000, -345.0000, -235.0000, 0.0000, 205, 133, 63
L -340.0000, -237.0000, 0.0000, -338.0000, -237.0000, 0.0000, 205, 133, 63
L -191.0000, -222.0000, -28.0000, -180.0000, -222.0000, -28.0000, 178, 102, 255
L -194.0000, -219.0000, -28.0000, -194.0000, -214.0000, -28.0000, 205, 133, 63
L -189.0000, -219.0000, -28.0000, -189.0000, -214.0000, -28.0000, 205, 133, 63
L -191.0000, -212.0000, -28.0000, -198.0000, -212.0000, -28.0000, 178, 102, 255
L -191.0000, -222.0000, -28.0000, -191.0000, -219.0000, -28.0000, 205, 133, 63
L -194.0000, -214.0000, -28.0000, -191.0000, -214.0000, -28.0000, 205, 133, 63
L -191.0000, -214.0000, -28.0000, -191.0000, -212.0000, -28.0000, 205, 133, 63
L -191.0000, -214.0000, -28.0000, -189.0000, -214.0000, -28.0000, 205, 133, 63
L -194.0000, -219.0000, -28.0000, -191.0000, -219.0000, -28.0000, 205, 133, 63
L -191.0000, -219.0000, -28.0000, -189.0000, -219.0000, -28.0000, 205, 133, 63
L -186.0000, -184.0000, -28.0000, -152.0000, -184.0000, -28.0000, 178, 102, 255
L -191.0000, -184.0000, -28.0000, -186.0000, -184.0000, -28.0000, 178, 102, 255
L -194.0000, -191.0000, -28.0000, -194.0000, -186.0000, -28.0000, 205, 133, 63
L -189.0000, -191.0000, -28.0000, -189.0000, -186.0000, -28.0000, 205, 133, 63
L -191.0000, -194.0000, -28.0000, -191.0000, -191.0000, -28.0000, 205, 133, 63
L -194.0000, -186.0000, -28.0000, -191.0000, -186.0000, -28.0000, 205, 133, 63
L -191.0000, -186.0000, -28.0000, -191.0000, -184.0000, -28.0000, 205, 133, 63
L -191.0000, -186.0000, -28.0000, -189.0000, -186.0000, -28.0000, 205, 133, 63
L -194.0000, -191.0000, -28.0000, -191.0000, -191.0000, -28.0000, 205, 133, 63
L -191.0000, -191.0000, -28.0000, -189.0000, -191.0000, -28.0000, 205, 133, 63
L -205.0000, -168.0000, -28.0000, -200.0000, -168.0000, -28.0000, 205, 133, 63
L -200.0000, -174.0000, -28.0000, -205.0000, -174.0000, -28.0000, 205, 133, 63
L -208.0000, -171.0000, -28.0000, -205.0000, -171.0000, -28.0000, 205, 133, 63
L -200.0000, -174.0000, -28.0000, -200.0000, -171.0000, -28.0000, 205, 133, 63
L -200.0000, -171.0000, -28.0000, -198.0000, -171.0000, -28.0000, 205, 133, 63
L -200.0000, -171.0000, -28.0000, -200.0000, -168.0000, -28.0000, 205, 133, 63
L -205.0000, -174.0000, -28.0000, -205.0000, -171.0000, -28.0000, 205, 133, 63
L -205.0000, -171.0000, -28.0000, -205.0000, -168.0000, -28.0000, 205, 133, 63
L -222.0000, -283.0000, 0.0000, -222.0000, -280.0000, 0.0000, 178, 102, 255
L -211.0000, -283.0000, 0.0000, -211.0000, -280.0000, 0.0000, 0, 204, 0
L -219.0000, -283.0000, 0.0000, -214.0000, -283.0000, 0.0000, 205, 133, 63
L -222.0000, -280.0000, 0.0000, -219.0000, -280.0000, 0.0000, 205, 133, 63
L -214.0000, -278.0000, 0.0000, -214.0000, -280.0000, 0.0000, 205, 133, 63
L -214.0000, -280.0000, 0.0000, -211.0000, -280.0000, 0.0000, 205, 133, 63
L -214.0000, -280.0000, 0.0000, -214.0000, -283.0000, 0.0000, 205, 133, 63
L -219.0000, -278.0000, 0.0000, -219.0000, -280.0000, 0.0000, 205, 133, 63
L -219.0000, -280.0000, 0.0000, -219.0000, -283.0000, 0.0000, 205, 133, 63
L -227.0000, -264.0000, -14.0000, -212.0000, -264.0000, -14.0000, 0, 0, 0
L -222.0000, -267.0000, 0.0000, -216.5000, -267.0000, 0.0000, 255, 255, 0
L -211.0000, -267.0000, 0.0000, -211.0000, -280.0000, 0.0000, 0, 204, 0
L -214.0000, -278.0000, 0.0000, -219.0000, -278.0000, 0.0000, 205, 133, 63
L -128.0000, -272.0000, -28.0000, -128.0000, -198.0000, -28.0000, 178, 102, 255
L -138.0000, -272.0000, -28.0000, -138.0000, -296.0000, -28.0000, 178, 102, 255
L -135.0000, -275.0000, -28.0000, -130.0000, -275.0000, -28.0000, 205, 133, 63
L -135.0000, -269.0000, -28.0000, -130.0000, -269.0000, -28.0000, 205, 133, 63
L -128.0000, -272.0000, -28.0000, -130.0000, -272.0000, -28.0000, 205, 133, 63
L -135.0000, -275.0000, -28.0000, -135.0000, -272.0000, -28.0000, 205, 133, 63
L -135.0000, -272.0000, -28.0000, -138.0000, -272.0000, -28.0000, 205, 133, 63
L -135.0000, -272.0000, -28.0000, -135.0000, -269.0000, -28.0000, 205, 133, 63
L -130.0000, -275.0000, -28.0000, -130.0000, -272.0000, -28.0000, 205, 133, 63
L -130.0000, -272.0000, -28.0000, -130.0000, -269.0000, -28.0000, 205, 133, 63
L -208.0000, -208.0000, -28.0000, -208.0000, -198.0000, -28.0000, 150, 150, 150
L -240.0000, -208.0000, -14.0000, -240.0000, -198.0000, -14.0000, 150, 150, 150
L -224.0000, -198.0000, -21.0000, -228.0000, -198.0000, -19.0000, 178, 102, 255
L -224.0000, -208.0000, -21.0000, -228.0000, -208.0000, -19.0000, 178, 102, 255
L -224.0000, -198.0000, -21.0000, -224.0000, -208.0000, -21.0000, 150, 150, 150
L -232.0000, -198.0000, -17.0000, -236.0000, -198.0000, -15.0000, 178, 102, 255
L -232.0000, -208.0000, -17.0000, -236.0000, -208.0000, -15.0000, 178, 102, 255
L -232.0000, -198.0000, -17.0000, -232.0000, -208.0000, -17.0000, 150, 150, 150
L -216.0000, -198.0000, -24.0000, -220.0000, -198.0000, -22.0000, 178, 102, 255
L -216.0000, -208.0000, -24.0000, -220.0000, -208.0000, -22.0000, 178, 102, 255
L -216.0000, -198.0000, -24.0000, -216.0000, -208.0000, -24.0000, 150, 150, 150
L -212.0000, -198.0000, -26.0000, -216.0000, -198.0000, -24.0000, 178, 102, 255
L -212.0000, -208.0000, -26.0000, -216.0000, -208.0000, -24.0000, 178, 102, 255
L -212.0000, -198.0000, -26.0000, -212.0000, -208.0000, -26.0000, 150, 150, 150
L -220.0000, -198.0000, -22.0000, -224.0000, -198.0000, -21.0000, 178, 102, 255
L -220.0000, -208.0000, -22.0000, -224.0000, -208.0000, -21.0000, 178, 102, 255
L -220.0000, -198.0000, -22.0000, -220.0000, -208.0000, -22.0000, 150, 150, 150
L -228.0000, -198.0000, -19.0000, -232.0000, -198.0000, -17.0000, 178, 102, 255
L -228.0000, -208.0000, -19.0000, -232.0000, -208.0000, -17.0000, 178, 102, 255
L -228.0000, -198.0000, -19.0000, -228.0000, -208.0000, -19.0000, 150, 150, 150
L -236.0000, -198.0000, -15.0000, -240.0000, -198.0000, -14.0000, 178, 102, 255
L -236.0000, -208.0000, -15.0000, -240.0000, -208.0000, -14.0000, 178, 102, 255
L -236.0000, -198.0000, -15.0000, -236.0000, -208.0000, -15.0000, 150, 150, 150
L -268.0000, -254.0000, -14.0000, -278.0000, -254.0000, -14.0000, 150, 150, 150
L -278.0000, -180.0000, 0.0000, -268.0000, -180.0000, 0.0000, 150, 150, 150
L -278.0000, -217.0000, -7.0000, -278.0000, -221.0000, -7.0000, 0, 0, 0
L -268.0000, -217.0000, -7.0000, -268.0000, -221.0000, -7.0000, 0, 0, 0
L -278.0000, -217.0000, -7.0000, -268.0000, -217.0000, -7.0000, 150, 150, 150
L -278.0000, -235.0000, -10.0000, -278.0000, -240.0000, -11.0000, 0, 0, 0
L -268.0000, -235.0000, -10.0000, -268.0000, -240.0000, -11.0000, 0, 0, 0
L -278.0000, -235.0000, -10.0000, -268.0000, -235.0000, -10.0000, 150, 150, 150
L -278.0000, -198.0000, -3.0000, -278.0000, -203.0000, -4.0000, 0, 0, 0
L -268.0000, -198.0000, -3.0000, -268.0000, -203.0000, -4.0000, 0, 0, 0
L -278.0000, -198.0000, -3.0000, -268.0000, -198.0000, -3.0000, 150, 150, 150
L -278.0000, -189.0000, -1.0000, -278.0000, -193.0000, -2.0000, 0, 0, 0
L -268.0000, -189.0000, -1.0000, -268.0000, -193.0000, -2.0000, 0, 0, 0
L -278.0000, -189.0000, -1.0000, -268.0000, -189.0000, -1.0000, 150, 150, 150
L -278.0000, -207.0000, -5.0000, -278.0000, -212.0000, -6.0000, 0, 0, 0
L -268.0000, -207.0000, -5.0000, -268.0000, -212.0000, -6.0000, 0, 0, 0
L -278.0000, -207.0000, -5.0000, -268.0000, -207.0000, -5.0000, 150, 150, 150
L -278.0000, -226.0000, -8.0000, -278.0000, -230.0000, -9.0000, 0, 0, 0
L -268.0000, -226.0000, -8.0000, -268.0000, -230.0000, -9.0000, 0, 0, 0
L -278.0000, -226.0000, -8.0000, -268.0000, -226.0000, -8.0000, 150, 150, 150
L -278.0000, -244.0000, -12.0000, -278.0000, -249.0000, -13.0000, 0, 0, 0
L -268.0000, -244.0000, -12.0000, -268.0000, -249.0000, -13.0000, 0, 0, 0
L -278.0000, -244.0000, -12.0000, -268.0000, -244.0000, -12.0000, 150, 150, 150
L -278.0000, -249.0000, -13.0000, -278.0000, -254.0000, -14.0000, 0, 0, 0
L -268.0000, -249.0000, -13.0000, -268.0000, -254.0000, -14.0000, 0, 0, 0
L -278.0000, -249.0000, -13.0000, -268.0000, -249.0000, -13.0000, 150, 150, 150
L -278.0000, -240.0000, -11.0000, -278.0000, -244.0000, -12.0000, 0, 0, 0
L -268.0000, -240.0000, -11.0000, -268.0000, -244.0000, -12.0000, 0, 0, 0
L -278.0000, -240.0000, -11.0000, -268.0000, -240.0000, -11.0000, 150, 150, 150
L -278.0000, -230.0000, -9.0000, -278.0000, -235.0000, -10.0000, 0, 0, 0
L -268.0000, -230.0000, -9.0000, -268.0000, -235.0000, -10.0000, 0, 0, 0
L -278.0000, -230.0000, -9.0000, -268.0000, -230.0000, -9.0000, 150, 150, 150
L -278.0000, -221.0000, -7.0000, -278.0000, -226.0000, -8.0000, 0, 0, 0
L -268.0000, -221.0000, -7.0000, -268.0000, -226.0000, -8.0000, 0, 0, 0
L -278.0000, -221.0000, -7.0000, -268.0000, -221.0000, -7.0000, 150, 150, 150
L -278.0000, -212.0000, -6.0000, -278.0000, -217.0000, -7.0000, 0, 0, 0
L -268.0000, -212.0000, -6.0000, -268.0000, -217.0000, -7.0000, 0, 0, 0
L -278.0000, -212.0000, -6.0000, -268.0000, -212.0000, -6.0000, 150, 150, 150
L -278.0000, -203.0000, -4.0000, -278.0000, -207.0000, -5.0000, 0, 0, 0
L -268.0000, -203.0000, -4.0000, -268.0000, -207.0000, -5.0000, 0, 0, 0
L -278.0000, -203.0000, -4.0000, -268.0000, -203.0000, -4.0000, 150, 150, 150
L -278.0000, -193.0000, -2.0000, -278.0000, -198.0000, -3.0000, 0, 0, 0
L -268.0000, -193.0000, -2.0000, -268.0000, -198.0000, -3.0000, 0, 0, 0
L -278.0000, -193.0000, -2.0000, -268.0000, -193.0000, -2.0000, 150, 150, 150
L -278.0000, -184.0000, 0.0000, -278.0000, -189.0000, -1.0000, 0, 0, 0
L -268.0000, -184.0000, 0.0000, -268.0000, -189.0000, -1.0000, 0, 0, 0
L -278.0000, -184.0000, 0.0000, -268.0000, -184.0000, 0.0000, 150, 150, 150
L -310.0000, -236.0000, 0.0000, -310.0000, -238.0000, 0.0000, 0, 0, 0
L -310.0000, -290.0000, 0.0000, -320.0000, -290.0000, 0.0000, 0, 0, 0
L -310.0000, -238.0000, 0.0000, -310.0000, -290.0000, 0.0000, 0, 0, 0
L -348.0000, -264.0000, 0.0000, -320.0000, -264.0000, 0.0000, 0, 0, 0
L -320.0000, -264.0000, 0.0000, -320.0000, -290.0000, 0.0000, 0, 0, 0
L -110.0000, -323.0000, 0.0000, -110.0000, -312.0000, 0.0000, 0, 0, 0
L -110.0000, -312.0000, 0.0000, -110.0000, -293.0000, 0.0000, 0, 0, 0
L -100.0000, -312.0000, 0.0000, -100.0000, -323.0000, 0.0000, 0, 0, 0
L -107.0000, -314.0000, 0.0000, -102.0000, -314.0000, 0.0000, 255, 255, 0
L -102.0000, -310.0000, 0.0000, -107.0000, -310.0000, 0.0000, 255, 255, 0
L -102.0000, -314.0000, 0.0000, -102.0000, -312.0000, 0.0000, 255, 255, 0
L -107.0000, -314.0000, 0.0000, -107.0000, -312.0000, 0.0000, 255, 255, 0
L -110.0000, -312.0000, 0.0000, -107.0000, -312.0000, 0.0000, 255, 255, 0
L -102.0000, -312.0000, 0.0000, -102.0000, -310.0000, 0.0000, 255, 255, 0
L -107.0000, -312.0000, 0.0000, -107.0000, -310.0000, 0.0000, 255, 255, 0
L -102.0000, -312.0000, 0.0000, -100.0000, -312.0000, 0.0000, 255, 255, 0
L 292.0000, -32.0000, -14.0000, 292.0000, -37.0000, -14.0000, 205, 133, 63
L 296.0000, -32.0000, -14.0000, 296.0000, -37.0000, -14.0000, 205, 133, 63
L 292.0000, -37.0000, -14.0000, 294.0000, -37.0000, -14.0000, 205, 133, 63
L 292.0000, -32.0000, -14.0000, 294.0000, -32.0000, -14.0000, 205, 133, 63
L 294.0000, -30.0000, -14.0000, 296.0000, -30.0000, -14.0000, 0, 0, 0
L 294.0000, -40.0000, -14.0000, 296.0000, -40.0000, -14.0000, 0, 0, 0
L 294.0000, -30.0000, -14.0000, 294.0000, -32.0000, -14.0000, 205, 133, 63
L 294.0000, -37.0000, -14.0000, 296.0000, -37.0000, -14.0000, 205, 133, 63
L 294.0000, -32.0000, -14.0000, 296.0000, -32.0000, -14.0000, 205, 133, 63
L 294.0000, -37.0000, -14.0000, 294.0000, -40.0000, -14.0000, 205, 133, 63
L 222.0000, -124.0000, -14.0000, 222.0000, -142.0000, -14.0000, 0, 0, 0
L 214.0000, -127.0000, -14.0000, 219.0000, -127.0000, -14.0000, 205, 133, 63
L 214.0000, -122.0000, -14.0000, 219.0000, -122.0000, -14.0000, 205, 133, 63
L 219.0000, -127.0000, -14.0000, 219.0000, -124.0000, -14.0000, 205, 133, 63
L 214.0000, -122.0000, -14.0000, 214.0000, -124.0000, -14.0000, 205, 133, 63
L 212.0000, -124.0000, -14.0000, 214.0000, -124.0000, -14.0000, 205, 133, 63
L 219.0000, -124.0000, -14.0000, 219.0000, -122.0000, -14.0000, 205, 133, 63
L 214.0000, -124.0000, -14.0000, 214.0000, -127.0000, -14.0000, 205, 133, 63
L 219.0000, -124.0000, -14.0000, 222.0000, -124.0000, -14.0000, 205, 133, 63
L 201.0000, -16.0000, -14.0000, 180.0000, -16.0000, -14.0000, 0, 0, 0
L 201.0000, -26.0000, -14.0000, 240.0000, -26.0000, -14.0000, 0, 0, 0
L 197.0000, -23.0000, -14.0000, 197.0000, -18.0000, -14.0000, 205, 133, 63
L 204.0000, -23.0000, -14.0000, 204.0000, -18.0000, -14.0000, 205, 133, 63
L 201.0000, -26.0000, -14.0000, 201.0000, -23.0000, -14.0000, 205, 133, 63
L 197.0000, -18.0000, -14.0000, 201.0000, -18.0000, -14.0000, 205, 133, 63
L 201.0000, -18.0000, -14.0000, 201.0000, -16.0000, -14.0000, 205, 133, 63
L 201.0000, -18.0000, -14.0000, 204.0000, -18.0000, -14.0000, 205, 133, 63
L 197.0000, -23.0000, -14.0000, 201.0000, -23.0000, -14.0000, 205, 133, 63
L 201.0000, -23.0000, -14.0000, 204.0000, -23.0000, -14.0000, 205, 133, 63
L 180.0000, 4.0000, -14.0000, 180.0000, 30.0000, -14.0000, 0, 0, 0
L 170.0000, 4.0000, -14.0000, 170.0000, 40.0000, -14.0000, 0, 0, 0
L 172.0000, 2.0000, -14.0000, 177.0000, 2.0000, -14.0000, 255, 255, 0
L 177.0000, 6.0000, -14.0000, 172.0000, 6.0000, -14.0000, 255, 255, 0
L 177.0000, 2.0000, -14.0000, 177.0000, 4.0000, -14.0000, 255, 255, 0
L 172.0000, 2.0000, -14.0000, 172.0000, 4.0000, -14.0000, 255, 255, 0
L 170.0000, 4.0000, -14.0000, 172.0000, 4.0000, -14.0000, 255, 255, 0
L 177.0000, 4.0000, -14.0000, 177.0000, 6.0000, -14.0000, 255, 255, 0
L 172.0000, 4.0000, -14.0000, 172.0000, 6.0000, -14.0000, 255, 255, 0
L 177.0000, 4.0000, -14.0000, 180.0000, 4.0000, -14.0000, 255, 255, 0
L 86.0000, 142.0000, -28.0000, 99.0000, 142.0000, -28.0000, 178, 102, 255
L 86.0000, 152.0000, -28.0000, 99.0000, 152.0000, -28.0000, 178, 102, 255
L 83.0000, 149.0000, -28.0000, 83.0000, 144.0000, -28.0000, 255, 255, 0
L 89.0000, 144.0000, -28.0000, 89.0000, 149.0000, -28.0000, 255, 255, 0
L 86.0000, 142.0000, -28.0000, 86.0000, 144.0000, -28.0000, 255, 255, 0
L 83.0000, 149.0000, -28.0000, 86.0000, 149.0000, -28.0000, 255, 255, 0
L 86.0000, 149.0000, -28.0000, 86.0000, 152.0000, -28.0000, 255, 255, 0
L 86.0000, 149.0000, -28.0000, 89.0000, 149.0000, -28.0000, 255, 255, 0
L 83.0000, 144.0000, -28.0000, 86.0000, 144.0000, -28.0000, 255, 255, 0
L 86.0000, 144.0000, -28.0000, 89.0000, 144.0000, -28.0000, 255, 255, 0
L 58.0000, 128.0000, -28.0000, 58.0000, 117.0000, -28.0000, 178, 102, 255
L 68.0000, 96.0000, -28.0000, 170.0000, 96.0000, -28.0000, 178, 102, 255
L 68.0000, 96.0000, -28.0000, 68.0000, 117.0000, -28.0000, 178, 102, 255
L 68.0000, 128.0000, -28.0000, 82.0000, 128.0000, -28.0000, 178, 102, 255
L 58.0000, 117.0000, -28.0000, 58.0000, 110.0000, -28.0000, 178, 102, 255
L 68.0000, 117.0000, -28.0000, 68.0000, 128.0000, -28.0000, 178, 102, 255
L 60.0000, 114.0000, -28.0000, 65.0000, 114.0000, -28.0000, 255, 255, 0
L 60.0000, 121.0000, -28.0000, 65.0000, 121.0000, -28.0000, 255, 255, 0
L 65.0000, 114.0000, -28.0000, 65.0000, 117.0000, -28.0000, 255, 255, 0
L 60.0000, 114.0000, -28.0000, 60.0000, 117.0000, -28.0000, 255, 255, 0
L 58.0000, 117.0000, -28.0000, 60.0000, 117.0000, -28.0000, 255, 255, 0
L 65.0000, 117.0000, -28.0000, 65.0000, 121.0000, -28.0000, 255, 255, 0
L 60.0000, 117.0000, -28.0000, 60.0000, 121.0000, -28.0000, 255, 255, 0
L 65.0000, 117.0000, -28.0000, 68.0000, 117.0000, -28.0000, 255, 255, 0
L 44.0000, 96.0000, -28.0000, 36.0000, 96.0000, -28.0000, 178, 102, 255
L 36.0000, 86.0000, -28.0000, 26.0000, 86.0000, -28.0000, 178, 102, 255
L 36.0000, 96.0000, -28.0000, 26.0000, 96.0000, -28.0000, 178, 102, 255
L 33.0000, 88.0000, -28.0000, 33.0000, 93.0000, -28.0000, 255, 255, 0
L 40.0000, 93.0000, -28.0000, 40.0000, 88.0000, -28.0000, 255, 255, 0
L 40.0000, 88.0000, -28.0000, 36.0000, 88.0000, -28.0000, 255, 255, 0
L 33.0000, 93.0000, -28.0000, 36.0000, 93.0000, -28.0000, 255, 255, 0
L 36.0000, 86.0000, -28.0000, 36.0000, 88.0000, -28.0000, 255, 255, 0
L 36.0000, 88.0000, -28.0000, 33.0000, 88.0000, -28.0000, 255, 255, 0
L 36.0000, 93.0000, -28.0000, 40.0000, 93.0000, -28.0000, 255, 255, 0
L 36.0000, 93.0000, -28.0000, 36.0000, 96.0000, -28.0000, 255, 255, 0
L 186.0000, 128.0000, -28.0000, 180.0000, 128.0000, -28.0000, 178, 102, 255
L 183.0000, 130.0000, -28.0000, 183.0000, 135.0000, -28.0000, 205, 133, 63
L 190.0000, 130.0000, -28.0000, 190.0000, 135.0000, -28.0000, 205, 133, 63
L 186.0000, 138.0000, -28.0000, 170.0000, 138.0000, -28.0000, 178, 102, 255
L 186.0000, 128.0000, -28.0000, 186.0000, 130.0000, -28.0000, 205, 133, 63
L 183.0000, 135.0000, -28.0000, 186.0000, 135.0000, -28.0000, 205, 133, 63
L 186.0000, 135.0000, -28.0000, 186.0000, 138.0000, -28.0000, 205, 133, 63
L 186.0000, 135.0000, -28.0000, 190.0000, 135.0000, -28.0000, 205, 133, 63
L 183.0000, 130.0000, -28.0000, 186.0000, 130.0000, -28.0000, 205, 133, 63
L 186.0000, 130.0000, -28.0000, 190.0000, 130.0000, -28.0000, 205, 133, 63
L 170.0000, 26.0000, -28.0000, 170.0000, 72.0000, -28.0000, 178, 102, 255
L 124.0000, 72.0000, -28.0000, 124.0000, 26.0000, -28.0000, 178, 102, 255
L 114.0000, 12.0000, -28.0000, 67.0000, 12.0000, -28.0000, 178, 102, 255
L 124.0000, 26.0000, -28.0000, 170.0000, 26.0000, -28.0000, 178, 102, 255
L 142.0000, 72.0000, -28.0000, 124.0000, 72.0000, -28.0000, 178, 102, 255
L 170.0000, 72.0000, -28.0000, 151.0000, 72.0000, -28.0000, 178, 102, 255
L 144.0000, 72.0000, -28.0000, 144.0000, 73.0000, -28.0000, 255, 255, 0
L 149.0000, 72.0000, -28.0000, 149.0000, 73.0000, -28.0000, 255, 255, 0
L 149.0000, 73.0000, -28.0000, 144.0000, 73.0000, -28.0000, 255, 255, 0
L 122.0000, 73.0000, -28.0000, 122.0000, 23.0000, -28.0000, 178, 102, 255
L 122.0000, 23.0000, -28.0000, 171.0000, 23.0000, -28.0000, 178, 102, 255
L 171.0000, 23.0000, -28.0000, 171.0000, 73.0000, -28.0000, 178, 102, 255
L 144.0000, 72.0000, -28.0000, 142.0000, 72.0000, -28.0000, 255, 255, 0
L 142.0000, 73.0000, -28.0000, 122.0000, 73.0000, -28.0000, 178, 102, 255
L 142.0000, 72.0000, -28.0000, 142.0000, 73.0000, -28.0000, 178, 102, 255
L 151.0000, 72.0000, -28.0000, 149.0000, 72.0000, -28.0000, 255, 255, 0
L 151.0000, 73.0000, -28.0000, 171.0000, 73.0000, -28.0000, 178, 102, 255
L 151.0000, 72.0000, -28.0000, 151.0000, 73.0000, -28.0000, 178, 102, 255
L 149.0000, 70.0000, -28.0000, 149.0000, 72.0000, -28.0000, 255, 255, 0
L 144.0000, 70.0000, -28.0000, 144.0000, 72.0000, -28.0000, 255, 255, 0
L 149.0000, 70.0000, -28.0000, 144.0000, 70.0000, -28.0000, 255, 255, 0
L 67.0000, 12.0000, -28.0000, 67.0000, 59.0000, -28.0000, 178, 102, 255
L 114.0000, 59.0000, -28.0000, 95.0000, 59.0000, -28.0000, 178, 102, 255
L 114.0000, 12.0000, -28.0000, 114.0000, 59.0000, -28.0000, 178, 102, 255
L 112.0000, 56.0000, -28.0000, 95.0000, 56.0000, -28.0000, 178, 102, 255
L 112.0000, 15.0000, -28.0000, 112.0000, 56.0000, -28.0000, 178, 102, 255
L 68.0000, 15.0000, -28.0000, 68.0000, 56.0000, -28.0000, 178, 102, 255
L 112.0000, 15.0000, -28.0000, 68.0000, 15.0000, -28.0000, 178, 102, 255
L 86.0000, 59.0000, -28.0000, 67.0000, 59.0000, -28.0000, 178, 102, 255
L 95.0000, 59.0000, -28.0000, 95.0000, 57.5000, -28.0000, 178, 102, 255
L 86.0000, 59.0000, -28.0000, 86.0000, 57.5000, -28.0000, 178, 102, 255
L 142.0000, 2.0000, 0.0000, 142.0000, 30.0000, 0.0000, 0, 0, 0
L 152.0000, -16.0000, -7.0000, 152.0000, -11.0000, -5.0000, 0, 0, 0
L 142.0000, -16.0000, -7.0000, 142.0000, -11.0000, -5.0000, 0, 0, 0
L 152.0000, 2.0000, 0.0000, 142.0000, 2.0000, 0.0000, 150, 150, 150
L 170.0000, -26.0000, -14.0000, 165.0000, -26.0000, -12.0000, 0, 0, 0
L 152.0000, -26.0000, -7.0000, 142.0000, -26.0000, -7.0000, 0, 0, 0
L 170.0000, -16.0000, -14.0000, 165.0000, -16.0000, -12.0000, 0, 0, 0
L 142.0000, -16.0000, -7.0000, 142.0000, -26.0000, -7.0000, 0, 0, 0
L 152.0000, -16.0000, -7.0000, 152.0000, -26.0000, -7.0000, 150, 150, 150
L 152.0000, -16.0000, -7.0000, 142.0000, -16.0000, -7.0000, 150, 150, 150
L 170.0000, -16.0000, -14.0000, 170.0000, -26.0000, -14.0000, 150, 150, 150
L 161.0000, -16.0000, -10.0000, 156.0000, -16.0000, -9.0000, 0, 0, 0
L 161.0000, -26.0000, -10.0000, 156.0000, -26.0000, -9.0000, 0, 0, 0
L 161.0000, -16.0000, -10.0000, 161.0000, -26.0000, -10.0000, 150, 150, 150
L 156.0000, -16.0000, -9.0000, 152.0000, -16.0000, -7.0000, 0, 0, 0
L 156.0000, -26.0000, -9.0000, 152.0000, -26.0000, -7.0000, 0, 0, 0
L 156.0000, -16.0000, -9.0000, 156.0000, -26.0000, -9.0000, 150, 150, 150
L 165.0000, -16.0000, -12.0000, 161.0000, -16.0000, -10.0000, 0, 0, 0
L 165.0000, -26.0000, -12.0000, 161.0000, -26.0000, -10.0000, 0, 0, 0
L 165.0000, -16.0000, -12.0000, 165.0000, -26.0000, -12.0000, 150, 150, 150
L 152.0000, -6.0000, -3.0000, 152.0000, -2.0000, -1.0000, 0, 0, 0
L 142.0000, -6.0000, -3.0000, 142.0000, -2.0000, -1.0000, 0, 0, 0
L 152.0000, -6.0000, -3.0000, 142.0000, -6.0000, -3.0000, 150, 150, 150
L 152.0000, -11.0000, -5.0000, 152.0000, -6.0000, -3.0000, 0, 0, 0
L 142.0000, -11.0000, -5.0000, 142.0000, -6.0000, -3.0000, 0, 0, 0
L 152.0000, -11.0000, -5.0000, 142.0000, -11.0000, -5.0000, 150, 150, 150
L 152.0000, -2.0000, -1.0000, 152.0000, 2.0000, 0.0000, 0, 0, 0
L 142.0000, -2.0000, -1.0000, 142.0000, 2.0000, 0.0000, 0, 0, 0
L 152.0000, -2.0000, -1.0000, 142.0000, -2.0000, -1.0000, 150, 150, 150
L 25.0000, -26.0000, 0.0000, 25.0000, -12.0000, 0.0000, 0, 0, 0
L 25.0000, 11.0000, 0.0000, 25.0000, 26.0000, 0.0000, 0, 0, 0
L 25.0000, -12.0000, 0.0000, 58.0000, -12.0000, 0.0000, 0, 0, 0
L 58.0000, -46.0000, 0.0000, 58.0000, -13.0000, 0.0000, 0, 0, 0
L 58.0000, -13.0000, 0.0000, 58.0000, -12.0000, 0.0000, 0, 0, 0
L 100.0000, 12.0000, 0.0000, 25.0000, 11.0000, 0.0000, 0, 0, 0
L 152.0000, 2.0000, 0.0000, 152.0000, 40.0000, 0.0000, 0, 0, 0
L 152.0000, 58.0000, 0.0000, 142.0000, 58.0000, 0.0000, 0, 0, 0
L 68.0000, 40.0000, 0.0000, 82.0000, 40.0000, 0.0000, 0, 0, 0
L 142.0000, 40.0000, 0.0000, 142.0000, 43.1999, 0.0000, 0, 0, 0
L 100.0000, 40.0000, 0.0000, 142.0000, 40.0000, 0.0000, 0, 0, 0
L 100.0000, 12.0000, 0.0000, 100.0000, 29.0000, 0.0000, 0, 0, 0
L 100.0000, 29.0000, 0.0000, 100.0000, 31.7999, 0.0000, 255, 255, 0
L 82.0000, 40.0000, 0.0000, 86.1999, 40.0000, 0.0000, 0, 0, 0
L 100.0000, 29.0000, 0.0000, 82.0000, 40.0000, 0.0000, 255, 255, 0
L 68.0000, 40.0000, 0.0000, 68.0000, 54.0000, 0.0000, 0, 0, 0
L 57.0000, 54.0000, 0.0000, 68.0000, 54.0000, 0.0000, 0, 0, 0
L 86.0000, 56.0000, -28.0000, 68.0000, 56.0000, -28.0000, 178, 102, 255
L 100.0000, 29.0000, 0.0000, 95.5000, 29.0000, 0.0000, 0, 0, 0
L 82.0000, 29.0000, 0.0000, 57.0000, 29.0000, 0.0000, 0, 0, 0
L 82.0000, 40.0000, 0.0000, 82.0000, 37.1999, 0.0000, 255, 255, 0
L 57.0000, 54.0000, 0.0000, 57.0000, 29.0000, 0.0000, 0, 0, 0
L 152.0000, 40.0000, 0.0000, 152.0000, 43.1999, 0.0000, 0, 0, 0
L 142.0000, 40.0000, 0.0000, 144.5000, 40.0000, 0.0000, 255, 255, 0
L 152.0000, 55.0000, 0.0000, 152.0000, 58.0000, 0.0000, 0, 0, 0
L 142.0000, 55.0000, 0.0000, 142.0000, 58.0000, 0.0000, 0, 0, 0
L 149.0000, 54.0000, 0.0000, 144.0000, 54.0000, 0.0000, 205, 133, 63
L 149.0000, 56.0000, 0.0000, 144.0000, 56.0000, 0.0000, 205, 133, 63
L 149.0000, 54.0000, 0.0000, 149.0000, 55.0000, 0.0000, 205, 133, 63
L 144.0000, 54.0000, 0.0000, 144.0000, 55.0000, 0.0000, 205, 133, 63
L 142.0000, 55.0000, 0.0000, 144.0000, 55.0000, 0.0000, 205, 133, 63
L 149.0000, 55.0000, 0.0000, 149.0000, 56.0000, 0.0000, 205, 133, 63
L 144.0000, 55.0000, 0.0000, 144.0000, 56.0000, 0.0000, 205, 133, 63
L 149.0000, 55.0000, 0.0000, 152.0000, 55.0000, 0.0000, 205, 133, 63
L 152.0000, 53.0000, 0.0000, 152.0000, 55.0000, 0.0000, 0, 0, 0
L 142.0000, 53.0000, 0.0000, 142.0000, 55.0000, 0.0000, 0, 0, 0
L 152.0000, 53.0000, 0.0000, 149.5000, 53.0000, 0.0000, 255, 255, 0
L 225.0000, 58.0000, -28.0000, 225.0000, 68.0000, -28.0000, 178, 102, 255
L 225.0000, 68.0000, -28.0000, 208.0000, 68.0000, -28.0000, 178, 102, 255
L 99.0000, 40.0000, 0.0000, 100.0000, 40.0000, 0.0000, 0, 0, 0
L 100.0000, 34.5000, 0.0000, 100.0000, 37.1999, 0.0000, 255, 255, 0
L 90.5000, 40.0000, 0.0000, 95.1999, 40.0000, 0.0000, 0, 0, 0
L 100.0000, 34.5000, 0.0000, 90.5000, 40.0000, 0.0000, 255, 255, 0
L 100.0000, 37.1999, 0.0000, 100.0000, 40.0000, 0.0000, 255, 255, 0
L 95.1999, 40.0000, 0.0000, 99.0000, 40.0000, 0.0000, 0, 0, 0
L 100.0000, 37.1999, 0.0000, 95.1999, 40.0000, 0.0000, 255, 255, 0
L 100.0000, 31.7999, 0.0000, 100.0000, 34.5000, 0.0000, 255, 255, 0
L 86.1999, 40.0000, 0.0000, 90.5000, 40.0000, 0.0000, 0, 0, 0
L 100.0000, 31.7999, 0.0000, 86.1999, 40.0000, 0.0000, 255, 255, 0
L 91.0000, 29.0000, 0.0000, 86.5000, 29.0000, 0.0000, 0, 0, 0
L 82.0000, 34.5000, 0.0000, 82.0000, 31.7999, 0.0000, 255, 255, 0
L 91.0000, 29.0000, 0.0000, 82.0000, 34.5000, 0.0000, 255, 255, 0
L 95.5000, 29.0000, 0.0000, 91.0000, 29.0000, 0.0000, 0, 0, 0
L 82.0000, 37.1999, 0.0000, 82.0000, 34.5000, 0.0000, 255, 255, 0
L 95.5000, 29.0000, 0.0000, 82.0000, 37.1999, 0.0000, 255, 255, 0
L 86.5000, 29.0000, 0.0000, 82.0000, 29.0000, 0.0000, 0, 0, 0
L 82.0000, 31.7999, 0.0000, 82.0000, 29.0000, 0.0000, 255, 255, 0
L 86.5000, 29.0000, 0.0000, 82.0000, 31.7999, 0.0000, 255, 255, 0
L 86.0000, 57.5000, -28.0000, 86.0000, 56.0000, -28.0000, 178, 102, 255
L 86.0000, 57.5000, -28.0000, 89.0000, 57.5000, -28.0000, 255, 255, 0
L 89.0000, 56.0000, -28.0000, 89.0000, 59.0000, -28.0000, 255, 255, 0
L 89.0000, 56.0000, -28.0000, 92.0000, 56.0000, -28.0000, 255, 255, 0
L 89.0000, 59.0000, -28.0000, 92.0000, 59.0000, -28.0000, 255, 255, 0
L 92.0000, 56.0000, -28.0000, 92.0000, 57.5000, -28.0000, 255, 255, 0
L 92.0000, 57.5000, -28.0000, 92.0000, 59.0000, -28.0000, 255, 255, 0
L 95.0000, 57.5000, -28.0000, 95.0000, 56.0000, -28.0000, 178, 102, 255
L 92.0000, 57.5000, -28.0000, 95.0000, 57.5000, -28.0000, 255, 255, 0
L 152.0000, 40.0000, 0.0000, 142.0000, 53.0000, 0.0000, 255, 255, 0
L 152.0000, 46.5000, 0.0000, 152.0000, 49.7999, 0.0000, 0, 0, 0
L 147.0000, 53.0000, 0.0000, 144.5000, 53.0000, 0.0000, 255, 255, 0
L 152.0000, 46.5000, 0.0000, 147.0000, 53.0000, 0.0000, 255, 255, 0
L 152.0000, 49.7999, 0.0000, 152.0000, 53.0000, 0.0000, 0, 0, 0
L 149.5000, 53.0000, 0.0000, 147.0000, 53.0000, 0.0000, 255, 255, 0
L 152.0000, 49.7999, 0.0000, 149.5000, 53.0000, 0.0000, 255, 255, 0
L 152.0000, 43.1999, 0.0000, 152.0000, 46.5000, 0.0000, 0, 0, 0
L 144.5000, 53.0000, 0.0000, 142.0000, 53.0000, 0.0000, 255, 255, 0
L 152.0000, 43.1999, 0.0000, 144.5000, 53.0000, 0.0000, 255, 255, 0
L 147.0000, 40.0000, 0.0000, 149.5000, 40.0000, 0.0000, 255, 255, 0
L 142.0000, 46.5000, 0.0000, 142.0000, 49.7999, 0.0000, 0, 0, 0
L 147.0000, 40.0000, 0.0000, 142.0000, 46.5000, 0.0000, 255, 255, 0
L 149.5000, 40.0000, 0.0000, 152.0000, 40.0000, 0.0000, 255, 255, 0
L 142.0000, 49.7999, 0.0000, 142.0000, 53.0000, 0.0000, 0, 0, 0
L 149.5000, 40.0000, 0.0000, 142.0000, 49.7999, 0.0000, 255, 255, 0
L 144.5000, 40.0000, 0.0000, 147.0000, 40.0000, 0.0000, 255, 255, 0
L 142.0000, 43.1999, 0.0000, 142.0000, 46.5000, 0.0000, 0, 0, 0
L 144.5000, 40.0000, 0.0000, 142.0000, 43.1999, 0.0000, 255, 255, 0
L -216.5000, -267.0000, 0.0000, -211.0000, -267.0000, 0.0000, 255, 255, 0
L -216.5000, -267.0000, 0.0000, -213.7999, -271.3999, 0.0000, 255, 255, 0
L -216.5000, -267.0000, 0.0000, -219.1999, -271.3999, 0.0000, 255, 255, 0
L -219.1999, -271.3999, 0.0000, -213.7999, -271.3999, 0.0000, 255, 255, 0
L 268.0000, 12.0000, -14.0000, 278.0000, 12.0000, -14.0000, 150, 150, 150
L 268.0000, 86.0000, -28.0000, 278.0000, 86.0000, -28.0000, 150, 150, 150
L 268.0000, 49.0000, -21.0000, 268.0000, 44.3999, -20.0999, 0, 0, 0
L 278.0000, 49.0000, -21.0000, 278.0000, 53.5999, -21.8999, 0, 0, 0
L 268.0000, 49.0000, -21.0000, 278.0000, 49.0000, -21.0000, 150, 150, 150
L 268.0000, 30.5000, -17.5000, 268.0000, 25.8999, -16.5999, 0, 0, 0
L 278.0000, 30.5000, -17.5000, 278.0000, 35.0999, -18.3999, 0, 0, 0
L 268.0000, 30.5000, -17.5000, 278.0000, 30.5000, -17.5000, 150, 150, 150
L 268.0000, 21.1999, -15.7999, 268.0000, 16.5999, -14.8999, 0, 0, 0
L 278.0000, 21.1999, -15.7999, 278.0000, 25.8999, -16.5999, 0, 0, 0
L 268.0000, 21.1999, -15.7999, 278.0000, 21.1999, -15.7999, 150, 150, 150
L 268.0000, 16.5999, -14.8999, 268.0000, 12.0000, -14.0000, 0, 0, 0
L 278.0000, 16.5999, -14.8999, 278.0000, 21.1999, -15.7999, 0, 0, 0
L 268.0000, 16.5999, -14.8999, 278.0000, 16.5999, -14.8999, 150, 150, 150
L 268.0000, 25.8999, -16.5999, 268.0000, 21.1999, -15.7999, 0, 0, 0
L 278.0000, 25.8999, -16.5999, 278.0000, 30.5000, -17.5000, 0, 0, 0
L 268.0000, 25.8999, -16.5999, 278.0000, 25.8999, -16.5999, 150, 150, 150
L 268.0000, 39.7999, -19.1999, 268.0000, 35.0999, -18.3999, 0, 0, 0
L 278.0000, 39.7999, -19.1999, 278.0000, 44.3999, -20.0999, 0, 0, 0
L 268.0000, 39.7999, -19.1999, 278.0000, 39.7999, -19.1999, 150, 150, 150
L 268.0000, 35.0999, -18.3999, 268.0000, 30.5000, -17.5000, 0, 0, 0
L 278.0000, 35.0999, -18.3999, 278.0000, 39.7999, -19.1999, 0, 0, 0
L 268.0000, 35.0999, -18.3999, 278.0000, 35.0999, -18.3999, 150, 150, 150
L 268.0000, 44.3999, -20.0999, 268.0000, 39.7999, -19.1999, 0, 0, 0
L 278.0000, 44.3999, -20.0999, 278.0000, 49.0000, -21.0000, 0, 0, 0
L 268.0000, 44.3999, -20.0999, 278.0000, 44.3999, -20.0999, 150, 150, 150
L 268.0000, 67.5000, -24.5000, 268.0000, 62.8999, -23.5999, 0, 0, 0
L 278.0000, 67.5000, -24.5000, 278.0000, 72.0999, -25.3999, 0, 0, 0
L 268.0000, 67.5000, -24.5000, 278.0000, 67.5000, -24.5000, 150, 150, 150
L 268.0000, 58.1999, -22.7999, 268.0000, 53.5999, -21.8999, 0, 0, 0
L 278.0000, 58.1999, -22.7999, 278.0000, 62.8999, -23.5999, 0, 0, 0
L 268.0000, 58.1999, -22.7999, 278.0000, 58.1999, -22.7999, 150, 150, 150
L 268.0000, 53.5999, -21.8999, 268.0000, 49.0000, -21.0000, 0, 0, 0
L 278.0000, 53.5999, -21.8999, 278.0000, 58.1999, -22.7999, 0, 0, 0
L 268.0000, 53.5999, -21.8999, 278.0000, 53.5999, -21.8999, 150, 150, 150
L 268.0000, 62.8999, -23.5999, 268.0000, 58.1999, -22.7999, 0, 0, 0
L 278.0000, 62.8999, -23.5999, 278.0000, 67.5000, -24.5000, 0, 0, 0
L 268.0000, 62.8999, -23.5999, 278.0000, 62.8999, -23.5999, 150, 150, 150
L 268.0000, 76.7999, -26.1999, 268.0000, 72.0999, -25.3999, 0, 0, 0
L 278.0000, 76.7999, -26.1999, 278.0000, 81.3999, -27.0999, 0, 0, 0
L 268.0000, 76.7999, -26.1999, 278.0000, 76.7999, -26.1999, 150, 150, 150
L 268.0000, 72.0999, -25.3999, 268.0000, 67.5000, -24.5000, 0, 0, 0
L 278.0000, 72.0999, -25.3999, 278.0000, 76.7999, -26.1999, 0, 0, 0
L 268.0000, 72.0999, -25.3999, 278.0000, 72.0999, -25.3999, 150, 150, 150
L 268.0000, 81.3999, -27.0999, 268.0000, 76.7999, -26.1999, 0, 0, 0
L 278.0000, 81.3999, -27.0999, 278.0000, 86.0000, -28.0000, 0, 0, 0
L 268.0000, 81.3999, -27.0999, 278.0000, 81.3999, -27.0999, 150, 150, 150
L -222.0000, -316.0000, 0.0000, -210.0000, -316.0000, 0.0000, 150, 150, 150
L -210.0000, -316.0000, 0.0000, -210.0000, -309.0000, 0.0000, 255, 0, 0
L -210.0000, -352.0000, -13.0000, -222.0000, -352.0000, -13.0000, 150, 150, 150
L -222.0000, -362.0000, -13.0000, -222.0000, -352.0000, -13.0000, 0, 204, 0
L -222.0000, -352.0000, -13.0000, -222.0000, -347.5000, -11.3999, 0, 204, 0
L -210.0000, -334.0000, -6.5000, -210.0000, -329.5000, -4.8999, 255, 0, 0
L -222.0000, -334.0000, -6.5000, -222.0000, -329.5000, -4.8999, 0, 204, 0
L -210.0000, -334.0000, -6.5000, -222.0000, -334.0000, -6.5000, 150, 150, 150
L -210.0000, -343.0000, -9.7999, -210.0000, -338.5000, -8.0999, 255, 0, 0
L -222.0000, -343.0000, -9.7999, -222.0000, -338.5000, -8.0999, 0, 204, 0
L -210.0000, -343.0000, -9.7999, -222.0000, -343.0000, -9.7999, 150, 150, 150
L -210.0000, -325.0000, -3.1999, -210.0000, -320.5000, -1.5999, 255, 0, 0
L -222.0000, -325.0000, -3.1999, -222.0000, -320.5000, -1.5999, 0, 204, 0
L -210.0000, -325.0000, -3.1999, -222.0000, -325.0000, -3.1999, 150, 150, 150
L -210.0000, -320.5000, -1.5999, -210.0000, -316.0000, 0.0000, 255, 0, 0
L -222.0000, -320.5000, -1.5999, -222.0000, -316.0000, 0.0000, 0, 204, 0
L -210.0000, -320.5000, -1.5999, -222.0000, -320.5000, -1.5999, 150, 150, 150
L -210.0000, -329.5000, -4.8999, -210.0000, -325.0000, -3.1999, 255, 0, 0
L -222.0000, -329.5000, -4.8999, -222.0000, -325.0000, -3.1999, 0, 204, 0
L -210.0000, -329.5000, -4.8999, -222.0000, -329.5000, -4.8999, 150, 150, 150
L -210.0000, -338.5000, -8.0999, -210.0000, -334.0000, -6.5000, 255, 0, 0
L -222.0000, -338.5000, -8.0999, -222.0000, -334.0000, -6.5000, 0, 204, 0
L -210.0000, -338.5000, -8.0999, -222.0000, -338.5000, -8.0999, 150, 150, 150
L -210.0000, -347.5000, -11.3999, -210.0000, -343.0000, -9.7999, 255, 0, 0
L -222.0000, -347.5000, -11.3999, -222.0000, -343.0000, -9.7999, 0, 204, 0
L -210.0000, -347.5000, -11.3999, -222.0000, -347.5000, -11.3999, 150, 150, 150
L -210.0000, -352.0000, -13.0000, -210.0000, -362.0000, -13.0000, 150, 150, 150
L -222.0000, -362.0000, -13.0000, -210.0000, -362.0000, -13.0000, 0, 204, 0
L -170.0000, -362.0000, -20.0000, -181.0000, -362.0000, -20.0000, 0, 204, 0
L -181.0000, -350.0000, -20.0000, -170.0000, -350.0000, -20.0000, 150, 150, 150
L -170.0000, -350.0000, -20.0000, -170.0000, -362.0000, -20.0000, 0, 204, 0
L -181.0000, -350.0000, -20.0000, -181.0000, -362.0000, -20.0000, 150, 150, 150
L -210.0000, -352.0000, -13.0000, -206.3999, -351.7999, -13.8999, 255, 0, 0
L -181.0000, -362.0000, -20.0000, -184.5999, -362.0000, -19.0999, 0, 204, 0
L -181.0000, -323.0000, -28.0000, -195.0000, -310.0000, -29.0000, 255, 0, 0
L -194.0000, -309.0000, -28.0000, -193.0000, -296.0000, -28.0000, 178, 102, 255
L -193.0000, -296.0000, -28.0000, -138.0000, -296.0000, -28.0000, 178, 102, 255
L -128.0000, -306.0000, -28.0000, -154.0000, -306.0000, -28.0000, 178, 102, 255
L -181.0000, -323.0000, -28.0000, -170.0000, -323.0000, -28.0000, 150, 150, 150
L -170.0000, -323.0000, -28.0000, -154.0000, -306.0000, -28.0000, 178, 102, 255
L -181.0000, -350.0000, -20.0000, -181.0000, -346.5999, -21.0000, 255, 0, 0
L -170.0000, -350.0000, -20.0000, -170.0000, -346.5999, -21.0000, 0, 204, 0
L -181.0000, -336.5000, -24.0000, -181.0000, -333.0999, -25.0000, 255, 0, 0
L -170.0000, -336.5000, -24.0000, -170.0000, -333.0999, -25.0000, 0, 204, 0
L -181.0000, -336.5000, -24.0000, -170.0000, -336.5000, -24.0000, 150, 150, 150
L -181.0000, -343.1999, -22.0000, -181.0000, -339.8999, -23.0000, 255, 0, 0
L -170.0000, -343.1999, -22.0000, -170.0000, -339.8999, -23.0000, 0, 204, 0
L -181.0000, -343.1999, -22.0000, -170.0000, -343.1999, -22.0000, 150, 150, 150
L -181.0000, -329.7999, -26.0000, -181.0000, -326.3999, -27.0000, 255, 0, 0
L -170.0000, -329.7999, -26.0000, -170.0000, -326.3999, -27.0000, 0, 204, 0
L -181.0000, -329.7999, -26.0000, -170.0000, -329.7999, -26.0000, 150, 150, 150
L -181.0000, -326.3999, -27.0000, -181.0000, -323.0000, -28.0000, 255, 0, 0
L -170.0000, -326.3999, -27.0000, -170.0000, -323.0000, -28.0000, 0, 204, 0
L -181.0000, -326.3999, -27.0000, -170.0000, -326.3999, -27.0000, 150, 150, 150
L -181.0000, -333.0999, -25.0000, -181.0000, -329.7999, -26.0000, 255, 0, 0
L -170.0000, -333.0999, -25.0000, -170.0000, -329.7999, -26.0000, 0, 204, 0
L -181.0000, -333.0999, -25.0000, -170.0000, -333.0999, -25.0000, 150, 150, 150
L -181.0000, -339.8999, -23.0000, -181.0000, -336.5000, -24.0000, 255, 0, 0
L -170.0000, -339.8999, -23.0000, -170.0000, -336.5000, -24.0000, 0, 204, 0
L -181.0000, -339.8999, -23.0000, -170.0000, -339.8999, -23.0000, 150, 150, 150
L -181.0000, -346.5999, -21.0000, -181.0000, -343.1999, -22.0000, 255, 0, 0
L -170.0000, -346.5999, -21.0000, -170.0000, -343.1999, -22.0000, 0, 204, 0
L -181.0000, -346.5999, -21.0000, -170.0000, -346.5999, -21.0000, 150, 150, 150
L -195.5000, -351.0000, -16.5000, -191.8999, -350.7999, -17.3999, 255, 0, 0
L -195.5000, -362.0000, -16.5000, -199.0999, -362.0000, -15.5999, 0, 204, 0
L -195.5000, -351.0000, -16.5000, -195.5000, -362.0000, -16.5000, 150, 150, 150
L -188.1999, -350.5000, -18.1999, -184.5999, -350.1999, -19.0999, 255, 0, 0
L -188.1999, -362.0000, -18.1999, -191.8999, -362.0000, -17.3999, 0, 204, 0
L -188.1999, -350.5000, -18.1999, -188.1999, -362.0000, -18.1999, 150, 150, 150
L -202.7999, -351.5000, -14.7999, -199.0999, -351.1999, -15.5999, 255, 0, 0
L -202.7999, -362.0000, -14.7999, -206.3999, -362.0000, -13.8999, 0, 204, 0
L -202.7999, -351.5000, -14.7999, -202.7999, -362.0000, -14.7999, 150, 150, 150
L -206.3999, -351.7999, -13.8999, -202.7999, -351.5000, -14.7999, 255, 0, 0
L -206.3999, -362.0000, -13.8999, -210.0000, -362.0000, -13.0000, 0, 204, 0
L -206.3999, -351.7999, -13.8999, -206.3999, -362.0000, -13.8999, 150, 150, 150
L -199.0999, -351.1999, -15.5999, -195.5000, -351.0000, -16.5000, 255, 0, 0
L -199.0999, -362.0000, -15.5999, -202.7999, -362.0000, -14.7999, 0, 204, 0
L -199.0999, -351.1999, -15.5999, -199.0999, -362.0000, -15.5999, 150, 150, 150
L -191.8999, -350.7999, -17.3999, -188.1999, -350.5000, -18.1999, 255, 0, 0
L -191.8999, -362.0000, -17.3999, -195.5000, -362.0000, -16.5000, 0, 204, 0
L -191.8999, -350.7999, -17.3999, -191.8999, -362.0000, -17.3999, 150, 150, 150
L -184.5999, -350.1999, -19.0999, -181.0000, -350.0000, -20.0000, 255, 0, 0
L -184.5999, -362.0000, -19.0999, -188.1999, -362.0000, -18.1999, 0, 204, 0
L -184.5999, -350.1999, -19.0999, -184.5999, -362.0000, -19.0999, 150, 150, 150
L 180.0000, -72.0000, -14.0000, 180.0000, -47.0000, -14.0000, 0, 0, 0
L 170.0000, -47.0000, -14.0000, 170.0000, -82.0000, -14.0000, 0, 0, 0
L 170.0000, -47.0000, -14.0000, 173.2999, -47.0000, -14.0000, 205, 133, 63
L 173.2999, -48.3999, -14.0000, 173.2999, -45.5999, -14.0000, 205, 133, 63
L 173.2999, -48.3999, -14.0000, 176.6999, -48.3999, -14.0000, 205, 133, 63
L 173.2999, -45.5999, -14.0000, 176.6999, -45.5999, -14.0000, 205, 133, 63
L 176.6999, -48.3999, -14.0000, 176.6999, -47.0000, -14.0000, 205, 133, 63
L 176.6999, -47.0000, -14.0000, 176.6999, -45.5999, -14.0000, 205, 133, 63
L 180.0000, -47.0000, -14.0000, 180.0000, -26.0000, -14.0000, 0, 0, 0
L 176.6999, -47.0000, -14.0000, 180.0000, -47.0000, -14.0000, 205, 133, 63
