P 1001.0000, -1798.0000, 23.0000, 255, 0, 0, 3, to_Neriak_-_Foreign_Quarter
P -1271.0000, 992.0000, -20.0000, 255, 0, 0, 3, to_Corathus_Creep
P 445.0000, 2238.0000, 0.0000, 255, 0, 0, 3, to_The_Commonlands
P -744.1250, -2275.8750, 36.5690, 240, 0, 0, 3, to_Lavastorm_Mountains
P 851.0000, 809.0000, 3.0000, 255, 0, 0, 3, to_The_Plane_of_Knowledge_(Click_Book)
P -821.0000, -43.0000, 6.0000, 240, 240, 240, 2, Druid_Ring
P -235.0000, 911.0000, 19.7617, 255, 0, 0, 2, Succor
P -1192.0000, 1907.0000, 29.0000, 255, 255, 0, 2, Instance
P -964.1917, 1668.1991, 4.4179, 240, 240, 240, 2, South_Orc_Camp
P 893.0000, 1913.0000, 42.0000, 255, 255, 255, 2, Pillar
P 390.0000, 518.0000, -1.0000, 255, 255, 255, 2, Small_Orc_camp
P 713.0000, 55.0000, 38.0000, 255, 255, 255, 2, Broken_Wizard_Spire
P -512.0000, 442.0000, 0.0000, 255, 255, 255, 2, Orc_camp
P -633.0000, -575.0000, 91.0000, 255, 255, 255, 2, Scout_hill
P -937.1172, -720.9272, 98.2260, 0, 0, 0, 2, Disciple_of_Rodcet
P -581.0000, -1047.0000, 0.0000, 255, 255, 255, 2, Halflings
P -646.0000, 1560.0000, 0.0000, 255, 255, 255, 2, Shadowmen
P 474.0000, 151.0000, 0.0000, 255, 255, 255, 2, Orcs
P 942.0000, -605.0000, 0.0000, 255, 255, 255, 2, Arcane
P 733.0000, -523.0000, 0.0000, 255, 255, 255, 2, Undead
P 56.0000, -865.0000, 11.0000, 255, 255, 255, 2, Newbie_Log
P -738.0000, 902.0000, 31.0000, 0, 128, 128, 2, a_Crushbone_thaumaturge_(Mission)
P 989.0000, -193.0000, 33.0000, 0, 0, 0, 2, First_Fragment_of_Igok
P -1033.0000, 1108.0000, 52.0000, 255, 255, 0, 1, 1
P 887.0000, 1913.0000, 43.0000, 255, 255, 0, 1, 2
P -26.0000, 1192.0000, 1.0000, 255, 255, 0, 1, 3
P -1052.0000, 498.0000, 88.0000, 255, 255, 0, 1, 4
P -533.0000, -886.0000, 11.0000, 255, 255, 0, 1, 5
P 528.0000, 887.0000, 83.0000, 255, 255, 0, 1, 6
P 738.0000, -18.0000, 5.0000, 255, 255, 0, 1, 7
P 66.0000, -857.0000, 12.0000, 255, 255, 0, 1, 8
P -691.0000, -1681.0000, 9.0000, 255, 255, 0, 1, 9
P -969.6409, -1906.8904, 19.0207, 0, 0, 0, 2, Hetha_V`Syph
P -987.0369, -1902.0667, 19.5565, 0, 0, 0, 2, Slarin_K`Vekn
P 3.9453, 398.3411, 42.5609, 0, 0, 0, 2, Kamidra_Voragone
P -351.6360, -879.0056, 18.7718, 0, 0, 0, 2, Leatherfoot_Corporal
P -389.5748, -939.7134, 16.5160, 0, 0, 0, 2, Begat_Neyat
P 700.8290, -1737.8268, 11.2930, 0, 0, 0, 2, Glob
P 663.9275, -1981.4197, 41.0108, 0, 0, 0, 2, Petra_Grenal_(a_distorted_soul)
P 810.7573, -2061.2664, 28.7667, 0, 0, 0, 2, Lorna_Sheecot_(a_distorted_soul)
P 860.4832, -1981.1205, 24.9236, 0, 0, 0, 2, Vol_T`Vke
P -372.3842, -525.8134, 34.1510, 0, 0, 0, 2, Droogo_Gron
P -663.0933, -40.9015, 1.5772, 0, 0, 0, 2, Initiate_Rambel_(Roam)
P -876.3392, -119.6438, 8.4060, 0, 0, 0, 2, Quester_Hannin_(Roam)
P -988.5408, 122.4519, 14.5923, 0, 0, 0, 2, Neophyte_Hazel_(Roam)
P -840.1266, -8.9424, 7.7666, 0, 0, 0, 2, Initiate_Pool_(Roam)
P -830.9997, -125.5675, 7.7663, 0, 0, 0, 2, Initiate_Umbra_(Roam)
P -909.6082, -187.8139, 27.6997, 0, 0, 0, 2, Neophyte_Edel_(Roam)
P 174.9488, 1034.7361, 7.6520, 0, 0, 0, 2, Farand_Sliver
P 258.7448, 1135.2433, 5.7149, 0, 0, 0, 2, Venenzi_Oberzendi
P 559.5641, -2102.6470, 20.3994, 0, 0, 0, 2, Saldis_Oro_(a_distorted_Soul)
P -526.7184, -890.4626, 11.9986, 0, 0, 0, 2, Leatherfoot_Captain
P -1105.9456, 1120.4944, 38.2614, 0, 0, 0, 2, Himmel
P -1041.6968, 1087.3932, 48.3464, 0, 0, 0, 2, Jossle
P -1025.9668, 1143.8279, 49.2080, 0, 0, 0, 2, Gollee
P -984.9731, 1062.1823, 42.2420, 0, 0, 0, 2, Mardoon
P -1001.6907, 1002.3721, 41.7862, 0, 0, 0, 2, Rauner
P 761.1844, -1439.5916, 15.5311, 0, 0, 0, 2, Kirak_Vil
P 238.1606, 1339.4800, 25.3488, 0, 0, 0, 2, Blugurg
P 201.3694, 1917.3744, 4.0305, 0, 0, 0, 2, Brizzawn_Villifar
P 964.2496, 1475.4594, 60.9180, 0, 0, 0, 2, Coldwind_Blackfoot
P 272.0000, 1965.0000, 11.0000, 127, 64, 0, 2, Travis_Two_Tone_(Hunter)
P -591.4596, 1463.4684, 64.9341, 0, 127, 127, 2, a_dark_spirit_of_Nektulos_(Mission,Roam)
P 819.4361, -889.6406, 12.1418, 0, 0, 240, 1, GS:_Dreadful_Pumpkin_(Nights_of_the_Dead)
