P 852.9167, -211.3433, -41.9676, 255, 0, 0, 3, to_Neriak_-_Commons
P 1782.7271, -911.0000, -69.9064, 255, 0, 0, 3, to_Neriak_-_Fourth_Gate
P 811.0000, -512.0000, -27.9969, 255, 0, 0, 2, from_The_Hole_(portal)
P 969.0000, -892.0000, 0.0000, 255, 0, 0, 2, Succor
P 1614.3004, -1351.1123, -97.9666, 240, 240, 240, 2, Altar_Room
P 1469.5678, -900.2118, -111.9666, 240, 240, 0, 2, Fake_Wall
P 1516.3466, -774.6770, -83.9676, 255, 255, 255, 2, The_Rack
P 1445.6107, -748.9585, -83.9676, 255, 255, 255, 2, Cuisine_Excelsior
P 1448.1704, -880.0204, -83.9676, 255, 255, 255, 2, The_Maiden`s_Fancy
P 1423.2384, -822.9168, -83.9676, 255, 255, 255, 2, The_Bauble
P 1320.7628, -765.1466, -83.9676, 255, 255, 255, 2, Furrier_Royale
P 1316.1223, -859.0180, -69.9676, 255, 255, 255, 2, Neriak_Library
P 810.1999, -403.6719, -52.4991, 240, 240, 240, 2, Gallows
P 856.1478, -412.4237, -55.9666, 0, 128, 0, 2, Lyniv_S`Kor_(Cleric_Spells)
P 853.5172, -405.9251, -55.9666, 0, 127, 0, 2, Myris_N`Tan_(Cleric_Spells)
P 836.1491, -408.2255, -55.9666, 0, 127, 0, 2, Tzanso_S`Tai_(Weapons)
P 1713.0595, -1361.2947, -97.9666, 0, 127, 0, 2, Petra_(Pottery)
P 811.9899, -418.7636, -55.9666, 0, 0, 0, 2, Verina_Tomb
P 820.0215, -410.5577, -55.9661, 0, 0, 0, 2, High_Priestess_Alexandria
P 799.1347, -403.5993, -55.9666, 0, 0, 0, 2, Qrixat_Du`voy
P 817.9366, -445.7977, -55.9666, 0, 127, 0, 2, Dvis_Zexus_(General)
P 806.5226, -412.3973, -13.9979, 127, 127, 127, 2, Ulazia_W`Selo_(GM_Cleric)
P 1352.0238, -907.7332, -69.9666, 0, 127, 0, 2, Misar_D`Dbth_(Wizard_Spells)
P 1315.5471, -910.2962, -69.9666, 0, 127, 0, 2, Mizr_N`Mar_(Enchanter_Spells)
P 1281.6005, -906.1829, -69.9666, 0, 127, 0, 2, Jusar_V`Lask_(Wizard_Spells)
P 1251.1215, -891.1430, -69.9666, 0, 0, 0, 2, Lokar_To`Biath
P 1352.2728, -911.6532, -55.9666, 0, 127, 0, 2, Ash_C`Luzz_(Magician_Spells)
P 1322.6828, -913.5073, -55.9666, 0, 0, 0, 2, Nallar_Q`Tentu
P 1284.4030, -915.4538, -55.9666, 0, 127, 0, 2, Drisi_J`Axx_(Wizard_Spells)
P 1777.8229, -693.3437, -90.9666, 0, 127, 0, 2, Draan_N`Ryt_(Smithing)
P 1816.6602, -680.3290, -83.9666, 0, 0, 0, 2, Krizin_J`Narus_(Roam)
P 1517.9522, -762.7609, -83.9666, 0, 127, 0, 2, Yally_G`Noir_(General)
P 1503.9468, -851.5426, -83.9666, 0, 127, 0, 2, Krystiana_N`Ryt_(Smithing)
P 1567.7708, -834.4406, -83.9666, 128, 0, 128, 2, Teir`Dal_Forge_(Cultural)
P 1474.5048, -706.9425, -83.9666, 0, 127, 0, 2, Katara_L`Crit_(Brewing)
P 1472.6597, -706.8955, -69.9666, 0, 127, 0, 2, Grazis_L`Crit_(Brewing)
P 1415.0723, -805.9780, -83.9666, 0, 127, 0, 2, Telnor_D`Unnar_(Jewelcrafting)
P 1428.9627, -890.8659, -83.9666, 0, 0, 0, 2, Ratraz
P 1409.6204, -910.8601, -83.9666, 0, 127, 0, 2, Cecile_K`Jartan_(General)
P 1402.2812, -900.4295, -83.9666, 128, 0, 128, 2, Brewing_Barrel
P 1423.0727, -867.0742, -111.9666, 0, 127, 0, 2, Baylea_K`Jartan_(General)
P 1435.9271, -849.9964, -111.9666, 0, 0, 0, 2, Dizra_To`Biath
P 1461.7257, -852.3419, -107.9666, 0, 0, 0, 2, Mare_X`Lottl
P 1463.3314, -865.4874, -111.9666, 0, 0, 0, 2, Ambassador_Rylan
P 1418.3068, -904.6084, -111.9666, 0, 0, 0, 2, Spice
P 1304.8721, -766.4080, -83.9666, 0, 127, 0, 2, Medron_Y`Lask_(Armor)
P 1289.4020, -600.7711, -83.9666, 0, 0, 0, 2, Sazan_K`Jartan
P 1310.7272, -661.4679, -104.9666, 127, 127, 127, 2, Tani_N`Mar_(GM_Rogue)
P 1361.3465, -674.4010, -111.9666, 127, 127, 127, 2, Pazin_Punox_(GM_Rogue)
P 1349.8728, -627.2211, -97.9666, 0, 127, 0, 2, Kanthu_M`Rekkor_(Weapons)
P 1406.6618, -627.5026, -97.9666, 0, 127, 0, 2, Jerris_W`Selo_(Weapons)
P 1642.1776, -1287.1083, -69.9666, 0, 0, 0, 2, Gribnor_the_Small
P 1648.5550, -1236.7316, -97.9656, 0, 0, 0, 2, Lisvan_X`Lottl_(Roam)
P 1170.6398, -1347.6293, -69.9666, 0, 0, 0, 2, DeGarran_Kixl_(Roam)
P 1224.9562, -1246.7974, -83.9666, 127, 127, 127, 2, Glazin_K`Jartan_(GM_Necromancer)
P 1233.9086, -1338.8869, -83.9666, 0, 127, 0, 2, Xantis_Ixtax_(Necromancer_Spells)
P 1270.5268, -1258.3205, -55.9666, 127, 127, 127, 2, Frizin_Q`Tentu_(GM_Necromancer)
P 1270.9873, -1278.6270, -55.9666, 0, 127, 0, 2, Gasia_N`Mare_(Necromancer_Spells)
P 1252.1466, -1307.5559, -41.9666, 127, 127, 127, 2, Noxhill_V`Sek_(GM_Necromancer)
P 1227.8126, -1274.0388, -41.9666, 0, 0, 0, 2, Talorial_D`Estalian
P 861.2160, -757.3445, -55.9656, 0, 0, 0, 2, Exterminator_Gilea
P 762.4105, -415.4241, -55.9666, 0, 127, 0, 2, Trik_N`Tax_(Cleric_Spells)
P 764.3574, -407.2152, -55.9666, 0, 127, 0, 2, Issia_H`Rugla_(Cleric_Spells)
P 783.7353, -401.2462, -55.9666, 0, 127, 0, 2, Svlia_C`Luzz_(Cleric_Spells)
P 792.0864, -408.5571, -55.9666, 0, 127, 0, 2, Friz_Punox_(Cleric_Spells)
P 840.6817, -399.7890, -55.9666, 0, 127, 0, 2, Sol_Punox_(Cleric_Spells)
P 842.1200, -446.6665, 0.0019, 127, 127, 127, 2, Ithvol_K`Jasn_(GM_Cleric)
P 779.5697, -448.3888, 0.0019, 127, 127, 127, 2, Kerton_R`Dev_(GM_Cleric)
P 1292.1889, -752.3878, -83.9666, 0, 127, 0, 2, Hutyn_L`Lozz_(Tailoring)
P 1364.3159, -773.6358, -83.9666, 0, 0, 0, 2, Torxal_Smalane
P 1307.7484, -637.3830, -83.9666, 127, 127, 127, 2, Selzar_L`Crit_(GM_Rogue)
P 1348.7985, -669.7299, -111.9666, 0, 127, 127, 2, Poison_Master_Oskar_(Poison_Tasks)
P 1357.0159, -652.5922, -111.9666, 127, 127, 127, 2, Hekzin_G`Zule_(GM_Rogue)
P 1271.2392, -1281.0563, -82.9666, 127, 127, 127, 2, Tralon_Din`a_(GM_Shadow_Knight)
P 1280.2490, -1246.8627, -83.9666, 127, 127, 127, 2, Ulraz_S`Lon_(GM_Shadow_Knight)
P 1215.6730, -1332.9503, -83.9666, 0, 127, 0, 2, Rizyra_F`Lok_(Necromancer_Spells)
P 1222.7353, -1336.0917, -83.9666, 0, 127, 0, 2, Olak_N`Mar_(Necromancer_Spells)
P 1240.1768, -1338.6542, -83.9666, 0, 127, 0, 2, Misal_S`Kor_(Necromancer_Spells)
P 1237.3894, -1318.9357, -83.9666, 0, 127, 0, 2, Vissa_D`Dbth_(Necromancer_Spells)
P 1265.4848, -1253.3311, -55.9666, 127, 127, 127, 2, Loveal_S`Nez_(GM_Shadow_Knight)
P 1237.0000, -1280.0000, -82.9676, 128, 128, 128, 2, Nezzka_Tolax_(GM_Shadowknight)
P 1253.0000, -1282.0000, -81.9676, 128, 128, 128, 2, Xon_Quexill_(GM_Necromancer)
P 1318.0000, -628.0000, -83.9676, 128, 128, 128, 2, Eolorn_J`Axx_(GM_Rogue)
P 789.0000, -408.0000, -55.9676, 128, 128, 128, 2, Perrir_Zexus_(GM_Cleric)
P 810.5334, -518.4429, -52.9667, 240, 240, 240, 2, The_Temple_of_Innoruuk
P 1253.5582, -1177.1068, -97.9666, 240, 240, 240, 2, The_Lodge_of_the_Dead
