P -155.1780, -20.6846, 28.6259, 255, 0, 0, 3, to_Nektulos_Forest
P 361.0000, -85.0000, -13.9969, 255, 0, 0, 3, to_Neriak_-_Commons
P 453.5140, 249.2489, 14.0019, 240, 0, 0, 3, to_Neriak_Commons
P 78.0000, 191.0000, 39.0009, 255, 0, 0, 2, Priest_of_Discord
P -157.0000, 3.0000, 0.0000, 255, 0, 0, 2, Succor
P 485.3254, 352.1282, 14.0019, 240, 240, 0, 2, Fake_Wall
P 404.1685, 272.9530, 14.0009, 128, 0, 128, 2, Forge
P 393.4217, 292.6951, 0.0009, 128, 0, 128, 2, Forge
P 275.3045, -143.3281, 0.0009, 128, 0, 128, 2, Oven
P 189.6875, -131.1992, 0.0009, 128, 0, 128, 2, Loom
P 160.6299, 362.2219, 0.0009, 128, 0, 128, 2, Oven
P 67.3341, -200.4320, 0.0009, 128, 0, 128, 2, Pottery_Wheel
P 80.1043, -206.1800, 0.0009, 128, 0, 128, 2, Kiln
P 174.8998, -224.1489, 14.0019, 128, 0, 128, 2, Brewing_Barrel
P 91.4879, -273.4404, 14.0019, 240, 240, 240, 2, Market_View
P 60.2313, -249.1564, 17.1259, 255, 255, 255, 2, Gambel`s_Greens
P 216.2301, -185.1955, 17.1259, 255, 255, 255, 2, Slug`s_Tavern
P 238.1875, -131.1219, -0.3739, 255, 255, 255, 2, Drana`s_Bread_and_Butcher
P 161.4031, -132.3797, 0.6259, 255, 255, 255, 2, Silk_Underground
P 101.1451, -151.8113, -0.3739, 255, 255, 255, 2, The_Smuggler`s_Inn
P 440.5072, 298.4491, 15.6259, 255, 255, 255, 2, Pig_Sticker
P 270.9522, 345.5782, -3.3739, 255, 255, 255, 2, Bulls_Pit
P 124.1252, 343.6441, 0.6259, 255, 255, 255, 2, Bites_N_Pieces
P 169.2820, 290.6125, 0.6259, 255, 255, 255, 2, Shinie_Tings
P 95.0000, -205.0000, 0.0009, 0, 0, 0, 2, Nola_(Soulbinder)
P 366.0000, 222.0000, 3.6259, 0, 128, 0, 2, Jarvah_(Tailor)
P 296.0141, 212.6015, 14.6259, 0, 128, 0, 2, Putad_(Smithing)
P 279.0000, 204.0000, 14.8452, 0, 128, 0, 2, Ungia_(Smithing)
P 386.0000, 240.0000, 3.6259, 0, 128, 0, 2, Bronk_(Armor)
P 418.0288, 603.7653, 23.8130, 0, 128, 0, 2, Spell_Vendors
P 437.0000, 562.0000, 1.0009, 0, 128, 0, 2, Zumzal_(Merchant)
P 472.0000, 598.0000, 19.6259, 128, 128, 128, 2, Hukulk_(GM_Shadowknight)
P 488.0000, 578.0000, 19.6259, 128, 128, 128, 2, Ranjor_(GM_Warrior)
P 350.0000, 578.0000, 19.6259, 128, 128, 128, 2, Gardunk_(GM_Beastlord)
P 367.0000, 598.0000, 19.6259, 128, 128, 128, 2, Kaglari_(GM_Shaman)
P 174.9609, -173.6167, 0.0019, 0, 127, 0, 2, Javen_Ta`Vos_(Tailoring)
P 110.9417, -203.2286, 0.0019, 0, 127, 0, 2, Palais_Derekor_(Satchels)
P 58.9497, -198.4099, 0.0019, 0, 127, 0, 2, Farlain_Stonethrower_(Armor)
P 181.0364, -145.4108, 0.0019, 0, 127, 0, 2, Jasma_Tather_(Armor)
P 179.6619, -120.9356, 0.0019, 0, 127, 0, 2, Mordant_Tather_(Armor)
P 101.7800, -134.9647, 14.0019, 0, 127, 0, 2, Tala_Felton_(General)
P 200.6902, -173.5897, 14.0019, 0, 127, 0, 2, Damar_Nislan_(General)
P 237.1160, -216.0935, 28.0019, 0, 127, 0, 2, Tanai_Tanbor_(General)
P 224.3353, -241.5723, 14.0019, 0, 127, 0, 2, Uawn_Betell_(General,Roam)
P 250.7746, -207.6151, 0.0019, 0, 127, 0, 2, Dran_`slug`_Rembor_(General)
P 219.5845, -216.0626, 0.0019, 0, 127, 0, 2, Vala_Tanbor_(General)
P 254.5262, -107.3938, 0.0019, 0, 127, 0, 2, Tal_Drana_(General)
P 239.5051, -105.0953, 0.0019, 0, 127, 0, 2, Sal_Drana_(General)
P 421.9213, 282.4091, 15.0019, 0, 0, 0, 2, Namarg
P 439.3378, 360.7613, 14.0019, 0, 0, 0, 2, Oosa_Shadowthumper
P 179.7761, 266.5910, 0.0019, 0, 127, 0, 2, Canarie_(Jewelcrafting)
P 99.2251, 342.6617, 0.0019, 0, 127, 0, 2, Smaka_(General)
P 119.0864, 319.0081, 0.0019, 0, 127, 0, 2, The_Gobbler_(General)
P 195.7979, 330.1280, 0.0019, 0, 127, 0, 2, Slunga_(General)
P 221.8824, 324.7602, 0.0019, 0, 0, 0, 2, Mrak
P 308.6203, 312.2259, 0.0019, 0, 0, 0, 2, Karnan
P 315.3345, 363.5326, 0.0019, 0, 0, 0, 2, Uglan
P 345.3874, 332.3843, 0.0019, 0, 0, 0, 2, Pungla
P 226.9328, 371.5703, 0.0019, 0, 0, 0, 2, Capee
P 250.7784, 396.2269, 0.0019, 0, 127, 0, 2, Bull_Crusher_(General)
P 352.7662, 339.9108, 18.0019, 0, 0, 0, 2, Relgor
P 208.9965, 346.2017, 18.0019, 0, 0, 0, 2, Svunsa
P 265.4351, 266.4793, 0.0019, 0, 0, 0, 2, Ghrag
P 271.9236, -240.0782, 0.0019, 0, 127, 0, 2, Yala_Thiss_(Gneral,Roam)
P 226.7348, -202.9298, 28.0019, 0, 127, 0, 2, Sara_Buelle_(General,Roam)
P 57.8767, -247.7209, 14.0019, 0, 127, 0, 2, Gambel_Quick_(Alchemy)
P 87.4978, -150.6495, 0.0019, 0, 127, 0, 2, Chon_Chon_(Pottery)
P 99.3088, -135.1945, -0.9979, 0, 127, 0, 2, Darien_Felton_(General)
P 109.6280, -152.6293, 14.0019, 0, 127, 0, 2, Wiska_(Brewing)
P 114.2247, 3.4380, 0.0019, 0, 127, 127, 2, Dvin_L`Crit_(Task_Master)
P 106.0881, -29.1684, 0.0019, 0, 0, 0, 2, Psal_G`Noir
P 102.7031, 31.5621, 0.0019, 0, 127, 127, 2, Lisv_D`Unnar_(Task_Master)
P 49.8816, 19.2486, 41.9706, 0, 0, 0, 2, X`Ta_Tompi
P 39.9149, 3.5540, 41.9706, 0, 0, 0, 2, X`Ta_Timpi
P 31.5710, 4.6969, 41.9706, 0, 0, 0, 2, X`Ta_Tempi
P 7.6352, -53.3053, 41.9706, 0, 240, 0, 2, Nerta_D`Vile_(Tribute)
P 231.7684, 258.4547, 14.0019, 0, 0, 0, 2, Jacker
P 459.3740, 305.8560, 15.0019, 0, 127, 0, 2, Kruna_(Weapons)
P 244.9088, 449.9846, 0.0019, 0, 127, 0, 2, Trissa_n`Reth_(Mercenary_Liason,Roam)
P 421.5331, 556.7415, 19.0019, 240, 240, 240, 2, Neriak_Overlook
