L 2739.0000, -130.0000, -38.0000, 2967.0000, -55.0000, 120.0000, 139, 69, 19
L 2965.0000, -37.0000, 118.0000, 2742.0000, -106.0000, -36.0000, 139, 69, 19
L 2959.0000, -46.0000, 114.0000, 2965.0000, -37.0000, 118.0000, 139, 69, 19
L 2964.0000, -53.0000, 119.0000, 2959.0000, -46.0000, 114.0000, 139, 69, 19
L 2967.0000, -55.0000, 120.0000, 2964.0000, -53.0000, 119.0000, 139, 69, 19
L 2971.0000, -53.0000, 121.0000, 2967.0000, -55.0000, 120.0000, 139, 69, 19
L 2975.0000, -46.0000, 122.0000, 2971.0000, -53.0000, 121.0000, 139, 69, 19
L 2973.0000, -41.0000, 122.0000, 2975.0000, -46.0000, 122.0000, 139, 69, 19
L 2965.0000, -37.0000, 119.0000, 2973.0000, -41.0000, 122.0000, 139, 69, 19
L 2726.0000, -123.0000, -38.0000, 2729.0000, -109.0000, -38.0000, 139, 69, 19
L 2731.0000, -129.0000, -38.0000, 2726.0000, -123.0000, -38.0000, 139, 69, 19
L 2739.0000, -130.0000, -38.0000, 2731.0000, -129.0000, -38.0000, 139, 69, 19
L 2749.0000, -121.0000, -37.0000, 2739.0000, -130.0000, -38.0000, 139, 69, 19
L 2748.0000, -114.0000, -37.0000, 2749.0000, -121.0000, -37.0000, 139, 69, 19
L 2742.0000, -106.0000, -36.0000, 2748.0000, -114.0000, -37.0000, 139, 69, 19
L 2729.0000, -109.0000, -38.0000, 2742.0000, -106.0000, -36.0000, 139, 69, 19
L 2965.0000, 32.0000, 121.0000, 2745.0000, 97.0000, -38.0000, 139, 69, 19
L 2958.0000, 23.0000, 116.0000, 2961.0000, 19.0000, 116.0000, 139, 69, 19
L 2961.0000, 31.0000, 118.0000, 2958.0000, 23.0000, 116.0000, 139, 69, 19
L 2965.0000, 32.0000, 121.0000, 2961.0000, 31.0000, 118.0000, 139, 69, 19
L 2972.0000, 30.0000, 122.0000, 2965.0000, 32.0000, 121.0000, 139, 69, 19
L 2974.0000, 24.0000, 123.0000, 2972.0000, 30.0000, 122.0000, 139, 69, 19
L 2973.0000, 19.0000, 123.0000, 2974.0000, 24.0000, 123.0000, 139, 69, 19
L 2968.0000, 17.0000, 120.0000, 2973.0000, 19.0000, 123.0000, 139, 69, 19
L 2733.0000, 80.0000, -38.0000, 2961.0000, 19.0000, 116.0000, 139, 69, 19
L 2747.0000, 91.0000, -37.0000, 2742.0000, 81.0000, -38.0000, 139, 69, 19
L 2745.0000, 97.0000, -38.0000, 2747.0000, 91.0000, -37.0000, 139, 69, 19
L 2737.0000, 102.0000, -38.0000, 2745.0000, 97.0000, -38.0000, 139, 69, 19
L 2729.0000, 100.0000, -39.0000, 2737.0000, 102.0000, -38.0000, 139, 69, 19
L 2724.0000, 95.0000, -39.0000, 2729.0000, 100.0000, -39.0000, 139, 69, 19
L 2726.0000, 85.0000, -39.0000, 2724.0000, 95.0000, -39.0000, 139, 69, 19
L 2733.0000, 80.0000, -38.0000, 2726.0000, 85.0000, -39.0000, 139, 69, 19
L 2742.0000, 81.0000, -38.0000, 2733.0000, 80.0000, -38.0000, 139, 69, 19
L 2774.0000, 11.0000, -37.0000, 2775.0000, -38.0000, -37.0000, 150, 100, 0
L 2775.0000, -37.0000, -37.0000, 3095.0000, -36.0000, -36.0000, 139, 69, 19
L 3095.0000, 14.0000, -36.0000, 2774.0000, 11.0000, -37.0000, 139, 69, 19
L 3095.0000, -36.0000, -36.0000, 3095.0000, 14.0000, -36.0000, 199, 21, 133
L 1467.0000, 2781.0000, -10.0000, 1475.0000, 2778.0000, -10.0000, 0, 0, 0
L 1470.0000, 2789.0000, -10.0000, 1467.0000, 2781.0000, -10.0000, 0, 0, 0
L 1478.0000, 2787.0000, -10.0000, 1470.0000, 2789.0000, -10.0000, 0, 0, 0
L 1475.0000, 2778.0000, -10.0000, 1478.0000, 2787.0000, -10.0000, 0, 0, 0
L 1493.0000, 2782.0000, -10.0000, 1491.0000, 2774.0000, -10.0000, 0, 0, 0
L 1485.0000, 2785.0000, -10.0000, 1493.0000, 2782.0000, -10.0000, 0, 0, 0
L 1482.0000, 2776.0000, -10.0000, 1485.0000, 2785.0000, -10.0000, 0, 0, 0
L 1491.0000, 2774.0000, -10.0000, 1482.0000, 2776.0000, -10.0000, 0, 0, 0
L 1509.0000, 2748.0000, -10.0000, 1506.0000, 2740.0000, -10.0000, 0, 0, 0
L 1501.0000, 2750.0000, -10.0000, 1509.0000, 2748.0000, -10.0000, 0, 0, 0
L 1498.0000, 2742.0000, -10.0000, 1501.0000, 2750.0000, -10.0000, 0, 0, 0
L 1506.0000, 2740.0000, -10.0000, 1498.0000, 2742.0000, -10.0000, 0, 0, 0
L 1496.0000, 2735.0000, -10.0000, 1494.0000, 2727.0000, -10.0000, 0, 0, 0
L 1504.0000, 2733.0000, -10.0000, 1496.0000, 2735.0000, -10.0000, 0, 0, 0
L 1502.0000, 2724.0000, -10.0000, 1504.0000, 2733.0000, -10.0000, 0, 0, 0
L 1494.0000, 2727.0000, -10.0000, 1502.0000, 2724.0000, -10.0000, 0, 0, 0
L 1466.0000, 2715.0000, -10.0000, 1464.0000, 2706.0000, -10.0000, 0, 0, 0
L 1474.0000, 2712.0000, -10.0000, 1466.0000, 2715.0000, -10.0000, 0, 0, 0
L 1472.0000, 2704.0000, -10.0000, 1474.0000, 2712.0000, -10.0000, 0, 0, 0
L 1464.0000, 2706.0000, -10.0000, 1472.0000, 2704.0000, -10.0000, 0, 0, 0
L 1451.0000, 2719.0000, -10.0000, 1448.0000, 2711.0000, -10.0000, 0, 0, 0
L 1459.0000, 2717.0000, -10.0000, 1451.0000, 2719.0000, -10.0000, 0, 0, 0
L 1457.0000, 2708.0000, -10.0000, 1459.0000, 2717.0000, -10.0000, 0, 0, 0
L 1448.0000, 2711.0000, -10.0000, 1457.0000, 2708.0000, -10.0000, 0, 0, 0
L 1429.0000, 2753.0000, -10.0000, 1438.0000, 2751.0000, -10.0000, 0, 0, 0
L 1427.0000, 2745.0000, -10.0000, 1429.0000, 2753.0000, -10.0000, 0, 0, 0
L 1435.0000, 2742.0000, -10.0000, 1427.0000, 2745.0000, -10.0000, 0, 0, 0
L 1438.0000, 2751.0000, -10.0000, 1435.0000, 2742.0000, -10.0000, 0, 0, 0
L 1431.0000, 2760.0000, -10.0000, 1440.0000, 2758.0000, -10.0000, 0, 0, 0
L 1434.0000, 2768.0000, -10.0000, 1431.0000, 2760.0000, -10.0000, 0, 0, 0
L 1442.0000, 2766.0000, -10.0000, 1434.0000, 2768.0000, -10.0000, 0, 0, 0
L 1440.0000, 2758.0000, -10.0000, 1442.0000, 2766.0000, -10.0000, 0, 0, 0
L 1465.0000, 2758.0000, -10.0000, 1481.0000, 2753.0000, -10.0000, 0, 0, 0
L 1460.0000, 2741.0000, -10.0000, 1465.0000, 2758.0000, -10.0000, 0, 0, 0
L 1476.0000, 2736.0000, -10.0000, 1460.0000, 2741.0000, -10.0000, 0, 0, 0
L 1481.0000, 2753.0000, -10.0000, 1476.0000, 2736.0000, -10.0000, 0, 0, 0
L -165.0000, 1225.0000, 64.0000, -165.0000, 1244.0000, 64.0000, 0, 0, 0
L -109.0000, 1229.0000, 64.0000, -105.0000, 1229.0000, 63.0000, 0, 0, 0
L -109.0000, 1226.0000, 64.0000, -109.0000, 1229.0000, 64.0000, 0, 0, 0
L -124.0000, 1217.0000, 64.0000, -109.0000, 1226.0000, 64.0000, 0, 0, 0
L -140.0000, 1226.0000, 64.0000, -124.0000, 1217.0000, 64.0000, 0, 0, 0
L -140.0000, 1231.0000, 64.0000, -140.0000, 1226.0000, 64.0000, 0, 0, 0
L -144.0000, 1231.0000, 65.0000, -140.0000, 1231.0000, 64.0000, 0, 0, 0
L -144.0000, 1227.0000, 65.0000, -144.0000, 1231.0000, 65.0000, 0, 0, 0
L -163.0000, 1227.0000, 65.0000, -144.0000, 1227.0000, 65.0000, 0, 0, 0
L -163.0000, 1242.0000, 65.0000, -163.0000, 1227.0000, 65.0000, 0, 0, 0
L -144.0000, 1242.0000, 65.0000, -163.0000, 1242.0000, 65.0000, 0, 0, 0
L -144.0000, 1239.0000, 65.0000, -144.0000, 1242.0000, 65.0000, 0, 0, 0
L -140.0000, 1239.0000, 64.0000, -144.0000, 1239.0000, 65.0000, 0, 0, 0
L -140.0000, 1244.0000, 64.0000, -140.0000, 1239.0000, 64.0000, 0, 0, 0
L -125.0000, 1253.0000, 64.0000, -140.0000, 1244.0000, 64.0000, 0, 0, 0
L -109.0000, 1244.0000, 64.0000, -125.0000, 1253.0000, 64.0000, 0, 0, 0
L -109.0000, 1241.0000, 64.0000, -109.0000, 1244.0000, 64.0000, 0, 0, 0
L -106.0000, 1242.0000, 63.0000, -109.0000, 1241.0000, 64.0000, 0, 0, 0
L -106.0000, 1246.0000, 63.0000, -106.0000, 1242.0000, 63.0000, 0, 0, 0
L -105.0000, 1225.0000, 63.0000, -105.0000, 1229.0000, 63.0000, 0, 0, 0
L -124.0000, 1213.0000, 63.0000, -105.0000, 1225.0000, 63.0000, 0, 0, 0
L -143.0000, 1223.0000, 64.0000, -124.0000, 1213.0000, 63.0000, 0, 0, 0
L -144.0000, 1225.0000, 64.0000, -143.0000, 1223.0000, 64.0000, 0, 0, 0
L -165.0000, 1225.0000, 64.0000, -144.0000, 1225.0000, 64.0000, 0, 0, 0
L -144.0000, 1244.0000, 64.0000, -165.0000, 1244.0000, 64.0000, 0, 0, 0
L -143.0000, 1246.0000, 64.0000, -144.0000, 1244.0000, 64.0000, 0, 0, 0
L -125.0000, 1257.0000, 64.0000, -143.0000, 1246.0000, 64.0000, 0, 0, 0
L -106.0000, 1246.0000, 63.0000, -125.0000, 1257.0000, 64.0000, 0, 0, 0
L -1175.0000, 4503.0000, -30.0000, -1175.0000, 4212.0000, -33.0000, 139, 69, 19
L 2581.0000, -1495.0000, 22.0000, -3148.0000, -1498.0000, 234.0000, 0, 0, 0
L 2948.0000, -1498.0000, -65.0000, 2581.0000, -1495.0000, 22.0000, 0, 0, 0
L 2944.0000, -1144.0000, -65.0000, 2948.0000, -1498.0000, -65.0000, 0, 0, 255
L 2949.0000, -795.0000, -63.0000, 2944.0000, -1144.0000, -65.0000, 0, 0, 255
L 2841.0000, -569.0000, -65.0000, 2949.0000, -795.0000, -63.0000, 0, 0, 255
L 2837.0000, -530.0000, -65.0000, 2841.0000, -569.0000, -65.0000, 0, 0, 255
L 2893.0000, -289.0000, -64.0000, 2837.0000, -530.0000, -65.0000, 0, 0, 255
L 2889.0000, 141.0000, -64.0000, 2893.0000, -289.0000, -64.0000, 0, 0, 255
L 2649.0000, 457.0000, -64.0000, 2889.0000, 141.0000, -64.0000, 0, 0, 255
L 2659.0000, 595.0000, -64.0000, 2649.0000, 457.0000, -64.0000, 0, 0, 255
L 2783.0000, 603.0000, -64.0000, 2659.0000, 595.0000, -64.0000, 0, 0, 255
L 2935.0000, 633.0000, -63.0000, 2783.0000, 603.0000, -64.0000, 0, 0, 255
L 2934.0000, 943.0000, -65.0000, 2935.0000, 633.0000, -63.0000, 0, 0, 255
L 2946.0000, 1100.0000, -64.0000, 2934.0000, 943.0000, -65.0000, 0, 0, 255
L 2787.0000, 1240.0000, -63.0000, 2946.0000, 1100.0000, -64.0000, 0, 0, 255
L 2635.0000, 1399.0000, -65.0000, 2787.0000, 1240.0000, -63.0000, 0, 0, 255
L 2639.0000, 1558.0000, -64.0000, 2635.0000, 1399.0000, -65.0000, 0, 0, 255
L 2786.0000, 1726.0000, -64.0000, 2639.0000, 1558.0000, -64.0000, 0, 0, 255
L 2775.0000, 1995.0000, -65.0000, 2786.0000, 1726.0000, -64.0000, 0, 0, 255
L 2828.0000, 2295.0000, -64.0000, 2775.0000, 1995.0000, -65.0000, 0, 0, 255
L 2819.0000, 2621.0000, -65.0000, 2828.0000, 2295.0000, -64.0000, 0, 0, 255
L 2783.0000, 2651.0000, -64.0000, 2819.0000, 2621.0000, -65.0000, 0, 0, 255
L 2627.0000, 2923.0000, -63.0000, 2783.0000, 2651.0000, -64.0000, 0, 0, 255
L 2624.0000, 3210.0000, -64.0000, 2627.0000, 2923.0000, -63.0000, 0, 0, 255
L 2614.0000, 3374.0000, -64.0000, 2624.0000, 3210.0000, -64.0000, 0, 0, 255
L 2606.0000, 3560.0000, -64.0000, 2614.0000, 3374.0000, -64.0000, 0, 0, 255
L 2303.0000, 3861.0000, -63.0000, 2606.0000, 3560.0000, -64.0000, 0, 0, 255
L 2296.0000, 4007.0000, -63.0000, 2303.0000, 3861.0000, -63.0000, 0, 0, 255
L 2154.0000, 4235.0000, -65.0000, 2296.0000, 4007.0000, -63.0000, 0, 0, 255
L 1988.0000, 4247.0000, -64.0000, 2154.0000, 4235.0000, -65.0000, 0, 0, 255
L 1885.0000, 4023.0000, -65.0000, 1988.0000, 4247.0000, -64.0000, 0, 0, 255
L 1880.0000, 3977.0000, -64.0000, 1885.0000, 4023.0000, -65.0000, 0, 0, 255
L 1776.0000, 3999.0000, -64.0000, 1880.0000, 3977.0000, -64.0000, 0, 0, 255
L 1498.0000, 4256.0000, -65.0000, 1776.0000, 3999.0000, -64.0000, 0, 0, 255
L 1352.0000, 4250.0000, -64.0000, 1498.0000, 4256.0000, -65.0000, 0, 0, 255
L 1198.0000, 4052.0000, -64.0000, 1352.0000, 4250.0000, -64.0000, 0, 0, 255
L 1162.0000, 4034.0000, -64.0000, 1198.0000, 4052.0000, -64.0000, 0, 0, 255
L 867.0000, 4213.0000, -63.0000, 1162.0000, 4034.0000, -64.0000, 0, 0, 255
L 715.0000, 4250.0000, -63.0000, 867.0000, 4213.0000, -63.0000, 0, 0, 255
L 548.0000, 4251.0000, -63.0000, 715.0000, 4250.0000, -63.0000, 0, 0, 255
L 419.0000, 4200.0000, -64.0000, 548.0000, 4251.0000, -63.0000, 0, 0, 255
L 272.0000, 3985.0000, -62.0000, 419.0000, 4200.0000, -64.0000, 0, 0, 255
L 233.0000, 3981.0000, -64.0000, 272.0000, 3985.0000, -62.0000, 0, 0, 255
L 118.0000, 3997.0000, -63.0000, 233.0000, 3981.0000, -64.0000, 0, 0, 255
L -93.0000, 4127.0000, -64.0000, 118.0000, 3997.0000, -63.0000, 0, 0, 255
L -177.0000, 4134.0000, -65.0000, -93.0000, 4127.0000, -64.0000, 0, 0, 255
L -289.0000, 4005.0000, -65.0000, -177.0000, 4134.0000, -65.0000, 0, 0, 255
L -355.0000, 3978.0000, -65.0000, -289.0000, 4005.0000, -65.0000, 0, 0, 255
L -403.0000, 3972.0000, -62.0000, -355.0000, 3978.0000, -65.0000, 0, 0, 255
L -453.0000, 3999.0000, -65.0000, -403.0000, 3972.0000, -62.0000, 0, 0, 255
L -732.0000, 4290.0000, -64.0000, -453.0000, 3999.0000, -65.0000, 0, 0, 255
L -907.0000, 4296.0000, -65.0000, -732.0000, 4290.0000, -64.0000, 0, 0, 255
L -1049.0000, 4239.0000, -65.0000, -907.0000, 4296.0000, -65.0000, 0, 0, 255
L -1373.0000, 4203.0000, -65.0000, -1049.0000, 4239.0000, -65.0000, 0, 0, 255
L -1496.0000, 4204.0000, -65.0000, -1373.0000, 4203.0000, -65.0000, 0, 0, 255
L -1635.0000, 3980.0000, -65.0000, -1496.0000, 4204.0000, -65.0000, 0, 0, 255
L -2025.0000, 3983.0000, -65.0000, -1635.0000, 3980.0000, -65.0000, 0, 0, 255
L -2067.0000, 4003.0000, -66.0000, -2025.0000, 3983.0000, -65.0000, 0, 0, 255
L -2331.0000, 4153.0000, -65.0000, -2067.0000, 4003.0000, -66.0000, 0, 0, 255
L -2490.0000, 4243.0000, -64.0000, -2331.0000, 4153.0000, -65.0000, 0, 0, 255
L -2631.0000, 4245.0000, -65.0000, -2490.0000, 4243.0000, -64.0000, 0, 0, 255
L -2811.0000, 4298.0000, -64.0000, -2631.0000, 4245.0000, -65.0000, 0, 0, 255
L -2947.0000, 4132.0000, -64.0000, -2811.0000, 4298.0000, -64.0000, 0, 0, 255
L -3007.0000, 4100.0000, -65.0000, -2947.0000, 4132.0000, -64.0000, 0, 0, 255
L -3150.0000, 4179.0000, -65.0000, -3007.0000, 4100.0000, -65.0000, 0, 0, 255
L -3148.0000, -1498.0000, 232.0000, -3150.0000, 4179.0000, -65.0000, 199, 21, 133
L -3146.0000, -657.0000, 0.0000, -2174.0000, -667.0000, -7.0000, 205, 133, 63
L -1760.0000, -194.0000, -7.0000, -2177.0000, -624.0000, -7.0000, 205, 133, 63
L -2177.0000, -624.0000, -7.0000, -3150.0000, -612.0000, 0.0000, 205, 133, 63
L -1760.0000, -194.0000, -7.0000, -1410.0000, 142.0000, -7.0000, 205, 133, 63
L -1410.0000, 142.0000, -7.0000, -1095.0000, 455.0000, -7.0000, 205, 133, 63
L -1095.0000, 455.0000, -7.0000, -918.0000, 633.0000, -7.0000, 205, 133, 63
L -918.0000, 633.0000, -7.0000, 61.0000, 646.0000, -7.0000, 205, 133, 63
L 61.0000, 646.0000, -7.0000, 150.0000, 715.0000, -7.0000, 205, 133, 63
L 240.0000, 763.0000, -7.0000, 406.0000, 633.0000, -7.0000, 205, 133, 63
L 406.0000, 633.0000, -7.0000, 422.0000, 318.0000, -7.0000, 205, 133, 63
L 422.0000, 318.0000, -7.0000, 745.0000, 329.0000, -7.0000, 205, 133, 63
L 745.0000, 329.0000, -7.0000, 1048.0000, 16.0000, 1.0000, 205, 133, 63
L 1048.0000, 16.0000, 1.0000, 2774.0000, 11.0000, -37.0000, 205, 133, 63
L 2775.0000, -37.0000, -37.0000, 1000.0000, -31.0000, -7.0000, 205, 133, 63
L 1000.0000, -31.0000, -7.0000, 693.0000, 280.0000, -7.0000, 205, 133, 63
L 693.0000, 280.0000, -7.0000, -923.0000, 282.0000, -7.0000, 205, 133, 63
L -923.0000, 282.0000, -7.0000, -1047.0000, 409.0000, -7.0000, 205, 133, 63
L -1047.0000, 409.0000, -7.0000, -2174.0000, -667.0000, -7.0000, 205, 133, 63
L -996.0000, 474.0000, -7.0000, -878.0000, 328.0000, -7.0000, 205, 133, 63
L -878.0000, 328.0000, -7.0000, 360.0000, 325.0000, -7.0000, 205, 133, 63
L 360.0000, 325.0000, -7.0000, 350.0000, 632.0000, -7.0000, 205, 133, 63
L 350.0000, 632.0000, -7.0000, 219.0000, 738.0000, -7.0000, 205, 133, 63
L 219.0000, 738.0000, -7.0000, 70.0000, 603.0000, -7.0000, 205, 133, 63
L 70.0000, 603.0000, -7.0000, -894.0000, 586.0000, -7.0000, 205, 133, 63
L -894.0000, 586.0000, -7.0000, -996.0000, 474.0000, -7.0000, 205, 133, 63
L 240.0000, 763.0000, -7.0000, 412.0000, 948.0000, -7.0000, 205, 133, 63
L 412.0000, 948.0000, -7.0000, 407.0000, 1590.0000, -7.0000, 205, 133, 63
L 407.0000, 1590.0000, -7.0000, -1175.0000, 3093.0000, 5.0000, 205, 133, 63
L -1175.0000, 3093.0000, 5.0000, -1187.0000, 3990.0000, -19.0000, 205, 133, 63
L -1187.0000, 3990.0000, -19.0000, -1239.0000, 3988.0000, -21.0000, 205, 133, 63
L -1239.0000, 3988.0000, -21.0000, -1233.0000, 3057.0000, -2.0000, 205, 133, 63
L -1233.0000, 3057.0000, -2.0000, 363.0000, 1546.0000, -7.0000, 205, 133, 63
L 363.0000, 1546.0000, -7.0000, 362.0000, 949.0000, -7.0000, 205, 133, 63
L 362.0000, 949.0000, -7.0000, 150.0000, 715.0000, -6.0000, 205, 133, 63
L 119.0000, 578.0000, -7.0000, 130.0000, 606.0000, -7.0000, 0, 0, 0
L 130.0000, 606.0000, -7.0000, 138.0000, 605.0000, -7.0000, 0, 0, 0
L 138.0000, 605.0000, -7.0000, 143.0000, 613.0000, -7.0000, 0, 0, 0
L 143.0000, 613.0000, -7.0000, 146.0000, 612.0000, -7.0000, 0, 0, 0
L 146.0000, 612.0000, -7.0000, 143.0000, 602.0000, -7.0000, 0, 0, 0
L 143.0000, 602.0000, -7.0000, 151.0000, 599.0000, -7.0000, 0, 0, 0
L 151.0000, 599.0000, -7.0000, 139.0000, 571.0000, -7.0000, 0, 0, 0
L 139.0000, 571.0000, -7.0000, 119.0000, 578.0000, -7.0000, 0, 0, 0
L 127.0000, 711.0000, -7.0000, 149.0000, 684.0000, -7.0000, 0, 0, 0
L 149.0000, 684.0000, -7.0000, 158.0000, 689.0000, -7.0000, 0, 0, 0
L 158.0000, 689.0000, -7.0000, 164.0000, 684.0000, -7.0000, 0, 0, 0
L 164.0000, 684.0000, -7.0000, 166.0000, 685.0000, -7.0000, 0, 0, 0
L 166.0000, 685.0000, -7.0000, 162.0000, 693.0000, -7.0000, 0, 0, 0
L 162.0000, 693.0000, -7.0000, 169.0000, 697.0000, -7.0000, 0, 0, 0
L 169.0000, 697.0000, -7.0000, 148.0000, 724.0000, -7.0000, 0, 0, 0
L 148.0000, 724.0000, -7.0000, 127.0000, 711.0000, -7.0000, 0, 0, 0
L 214.0000, 619.0000, -7.0000, 206.0000, 613.0000, -7.0000, 0, 0, 0
L 206.0000, 613.0000, -7.0000, 228.0000, 589.0000, -7.0000, 0, 0, 0
L 228.0000, 589.0000, -7.0000, 247.0000, 604.0000, -7.0000, 0, 0, 0
L 247.0000, 604.0000, -7.0000, 226.0000, 629.0000, -7.0000, 0, 0, 0
L 226.0000, 629.0000, -7.0000, 218.0000, 623.0000, -7.0000, 0, 0, 0
L 218.0000, 623.0000, -7.0000, 211.0000, 629.0000, -7.0000, 0, 0, 0
L 211.0000, 629.0000, -7.0000, 209.0000, 628.0000, -7.0000, 0, 0, 0
L 209.0000, 628.0000, -7.0000, 214.0000, 619.0000, -7.0000, 0, 0, 0
L 176.0000, 636.0000, -7.0000, 178.0000, 630.0000, -7.0000, 255, 0, 0
L 178.0000, 630.0000, -7.0000, 176.0000, 623.0000, -7.0000, 255, 0, 0
L 176.0000, 623.0000, -7.0000, 167.0000, 623.0000, -7.0000, 255, 0, 0
L 167.0000, 623.0000, -7.0000, 164.0000, 631.0000, -7.0000, 255, 0, 0
L 164.0000, 631.0000, -7.0000, 167.0000, 637.0000, -7.0000, 255, 0, 0
L 167.0000, 637.0000, -7.0000, 176.0000, 636.0000, -7.0000, 255, 0, 0
L 205.0000, 609.0000, -6.0000, 208.0000, 565.0000, -7.0000, 0, 0, 0
L 208.0000, 565.0000, -7.0000, 190.0000, 562.0000, -5.0000, 0, 0, 0
L 190.0000, 562.0000, -5.0000, 170.0000, 564.0000, -7.0000, 0, 0, 0
L 170.0000, 564.0000, -7.0000, 169.0000, 607.0000, -7.0000, 0, 0, 0
L 115.0000, 642.0000, -7.0000, 84.0000, 660.0000, -7.0000, 0, 0, 0
L 84.0000, 660.0000, -7.0000, 89.0000, 676.0000, -7.0000, 0, 0, 0
L 89.0000, 676.0000, -7.0000, 100.0000, 691.0000, -7.0000, 0, 0, 0
L 100.0000, 691.0000, -7.0000, 136.0000, 673.0000, -7.0000, 0, 0, 0
L 206.0000, 726.0000, -7.0000, 183.0000, 689.0000, -7.0000, 0, 0, 0
L 214.0000, 669.0000, -7.0000, 235.0000, 703.0000, -7.0000, 0, 0, 0
L 235.0000, 703.0000, -7.0000, 206.0000, 726.0000, -7.0000, 0, 0, 0
L -1156.0000, 3638.0000, -11.0000, -1075.0000, 3638.0000, -11.0000, 0, 0, 0
L -1075.0000, 3638.0000, -11.0000, -1075.0000, 3557.0000, -11.0000, 0, 0, 0
L -1075.0000, 3557.0000, -11.0000, -1156.0000, 3557.0000, -11.0000, 0, 0, 0
L -1156.0000, 3557.0000, -11.0000, -1156.0000, 3638.0000, -11.0000, 0, 0, 0
L -1156.0000, 3733.0000, -10.0000, -1156.0000, 3814.0000, -10.0000, 0, 0, 0
L -1156.0000, 3814.0000, -10.0000, -1076.0000, 3814.0000, -10.0000, 0, 0, 0
L -1076.0000, 3814.0000, -10.0000, -1075.0000, 3733.0000, -10.0000, 0, 0, 0
L -1075.0000, 3733.0000, -10.0000, -1156.0000, 3733.0000, -10.0000, 0, 0, 0
L -1264.0000, 3733.0000, -10.0000, -1345.0000, 3733.0000, -10.0000, 0, 0, 0
L -1345.0000, 3733.0000, -10.0000, -1345.0000, 3814.0000, -10.0000, 0, 0, 0
L -1345.0000, 3814.0000, -10.0000, -1264.0000, 3814.0000, -10.0000, 0, 0, 0
L -1264.0000, 3814.0000, -10.0000, -1264.0000, 3733.0000, -10.0000, 0, 0, 0
L -1263.0000, 3638.0000, -11.0000, -1263.0000, 3557.0000, -11.0000, 0, 0, 0
L -1263.0000, 3557.0000, -11.0000, -1344.0000, 3557.0000, -11.0000, 0, 0, 0
L -1344.0000, 3557.0000, -11.0000, -1344.0000, 3638.0000, -11.0000, 0, 0, 0
L -1344.0000, 3638.0000, -11.0000, -1263.0000, 3638.0000, -11.0000, 0, 0, 0
L -1194.0000, 4133.0000, 39.0000, -1175.0000, 4133.0000, 39.0000, 102, 255, 102
L -1175.0000, 4133.0000, 39.0000, -1175.0000, 4143.0000, 39.0000, 102, 255, 102
L -1175.0000, 4203.0000, 63.0000, -1245.0000, 4203.0000, 63.0000, 102, 255, 102
L -1245.0000, 4203.0000, 63.0000, -1245.0000, 4133.0000, 63.0000, 102, 255, 102
L -1245.0000, 4133.0000, 63.0000, -1175.0000, 4133.0000, 63.0000, 102, 255, 102
L -1175.0000, 4133.0000, 63.0000, -1175.0000, 4194.0000, 63.0000, 102, 255, 102
L -1185.0000, 4194.0000, 63.0000, -1185.0000, 4188.0000, 60.0000, 102, 255, 102
L -1184.0000, 4143.0000, 39.0000, -1185.0000, 4143.0000, 39.0000, 102, 255, 102
L -1185.0000, 4143.0000, 39.0000, -1185.0000, 4149.0000, 35.0000, 102, 255, 102
L -1247.0000, 4212.0000, -33.0000, -1248.0000, 4503.0000, -33.0000, 139, 69, 19
L 2948.0000, -1498.0000, -64.0000, 3236.0000, -1498.0000, -63.0000, 0, 0, 255
L -3150.0000, 4179.0000, -65.0000, -3162.0000, 4189.0000, -69.0000, 0, 0, 255
L -3162.0000, 4189.0000, -69.0000, -3162.0000, 4191.0000, -69.0000, 0, 0, 255
L -3162.0000, 4191.0000, -69.0000, -3161.0000, 4230.0000, -72.0000, 0, 0, 255
L -3161.0000, 4230.0000, -72.0000, -3161.0000, 4232.0000, -72.0000, 0, 0, 255
L -3161.0000, 4232.0000, -72.0000, -3161.0000, 4271.0000, -72.0000, 0, 0, 255
L -3161.0000, 4271.0000, -72.0000, -3161.0000, 4273.0000, -72.0000, 0, 0, 255
L -3161.0000, 4273.0000, -72.0000, -3160.0000, 4301.0000, -72.0000, 0, 0, 255
L -3160.0000, 4301.0000, -72.0000, -3160.0000, 4303.0000, -72.0000, 0, 0, 255
L -3160.0000, 4303.0000, -72.0000, -3159.0000, 4308.0000, -72.0000, 0, 0, 255
L -3159.0000, 4308.0000, -72.0000, -3159.0000, 4310.0000, -72.0000, 0, 0, 255
L -3159.0000, 4310.0000, -72.0000, -3159.0000, 4315.0000, -72.0000, 0, 0, 255
L -3159.0000, 4315.0000, -72.0000, -3159.0000, 4317.0000, -72.0000, 0, 0, 255
L -3159.0000, 4317.0000, -72.0000, -3158.0000, 4322.0000, -72.0000, 0, 0, 255
L -3158.0000, 4322.0000, -72.0000, -3158.0000, 4324.0000, -72.0000, 0, 0, 255
L -3158.0000, 4324.0000, -72.0000, -3157.0000, 4329.0000, -72.0000, 0, 0, 255
L -3157.0000, 4329.0000, -72.0000, -3157.0000, 4331.0000, -72.0000, 0, 0, 255
L -3157.0000, 4331.0000, -72.0000, -3157.0000, 4336.0000, -72.0000, 0, 0, 255
L -3157.0000, 4336.0000, -72.0000, -3157.0000, 4338.0000, -72.0000, 0, 0, 255
L -3157.0000, 4338.0000, -72.0000, -3156.0000, 4342.0000, -72.0000, 0, 0, 255
L -3156.0000, 4342.0000, -72.0000, -3156.0000, 4344.0000, -72.0000, 0, 0, 255
L -3156.0000, 4344.0000, -72.0000, -3155.0000, 4349.0000, -72.0000, 0, 0, 255
L -3155.0000, 4349.0000, -72.0000, -3155.0000, 4351.0000, -72.0000, 0, 0, 255
L -3155.0000, 4351.0000, -72.0000, -3155.0000, 4356.0000, -72.0000, 0, 0, 255
L -3155.0000, 4356.0000, -72.0000, -3155.0000, 4358.0000, -72.0000, 0, 0, 255
L -3155.0000, 4358.0000, -72.0000, -3154.0000, 4362.0000, -72.0000, 0, 0, 255
L -3154.0000, 4362.0000, -72.0000, -3154.0000, 4364.0000, -72.0000, 0, 0, 255
L -3154.0000, 4364.0000, -72.0000, -3153.0000, 4369.0000, -72.0000, 0, 0, 255
L -3153.0000, 4369.0000, -72.0000, -3153.0000, 4371.0000, -72.0000, 0, 0, 255
L -3153.0000, 4371.0000, -72.0000, -3153.0000, 4376.0000, -72.0000, 0, 0, 255
L -3153.0000, 4376.0000, -72.0000, -3153.0000, 4378.0000, -72.0000, 0, 0, 255
L -3153.0000, 4378.0000, -72.0000, -3152.0000, 4383.0000, -72.0000, 0, 0, 255
L -3152.0000, 4383.0000, -72.0000, -3152.0000, 4385.0000, -72.0000, 0, 0, 255
L -3152.0000, 4385.0000, -72.0000, -3151.0000, 4389.0000, -72.0000, 0, 0, 255
L -3151.0000, 4389.0000, -72.0000, -3151.0000, 4391.0000, -72.0000, 0, 0, 255
L -3151.0000, 4391.0000, -72.0000, -3151.0000, 4396.0000, -72.0000, 0, 0, 255
L -3151.0000, 4396.0000, -72.0000, -3151.0000, 4398.0000, -72.0000, 0, 0, 255
L -3151.0000, 4398.0000, -72.0000, -3150.0000, 4403.0000, -72.0000, 0, 0, 255
L -3150.0000, 4403.0000, -72.0000, -3150.0000, 4405.0000, -72.0000, 0, 0, 255
L -3150.0000, 4405.0000, -72.0000, -3149.0000, 4410.0000, -72.0000, 0, 0, 255
L -3149.0000, 4410.0000, -72.0000, -3149.0000, 4412.0000, -72.0000, 0, 0, 255
L -3149.0000, 4412.0000, -72.0000, -3149.0000, 4416.0000, -72.0000, 0, 0, 255
L -3149.0000, 4416.0000, -72.0000, -3149.0000, 4418.0000, -72.0000, 0, 0, 255
L -3149.0000, 4418.0000, -72.0000, -3148.0000, 4423.0000, -72.0000, 0, 0, 255
L -3148.0000, 4423.0000, -72.0000, -3148.0000, 4425.0000, -72.0000, 0, 0, 255
L -3148.0000, 4425.0000, -72.0000, -3147.0000, 4430.0000, -72.0000, 0, 0, 255
L -3147.0000, 4430.0000, -72.0000, -3147.0000, 4432.0000, -72.0000, 0, 0, 255
L -3147.0000, 4432.0000, -72.0000, -3147.0000, 4437.0000, -72.0000, 0, 0, 255
L -3147.0000, 4437.0000, -72.0000, -3147.0000, 4439.0000, -72.0000, 0, 0, 255
L -3147.0000, 4439.0000, -72.0000, -3146.0000, 4443.0000, -72.0000, 0, 0, 255
L -3146.0000, 4443.0000, -72.0000, -3146.0000, 4445.0000, -72.0000, 0, 0, 255
L -3146.0000, 4445.0000, -72.0000, -3145.0000, 4450.0000, -72.0000, 0, 0, 255
L -3145.0000, 4450.0000, -72.0000, -3145.0000, 4452.0000, -72.0000, 0, 0, 255
L -3145.0000, 4452.0000, -72.0000, -3145.0000, 4457.0000, -72.0000, 0, 0, 255
L -3145.0000, 4457.0000, -72.0000, -3145.0000, 4459.0000, -72.0000, 0, 0, 255
L -3145.0000, 4459.0000, -72.0000, -3144.0000, 4464.0000, -72.0000, 0, 0, 255
L -3144.0000, 4464.0000, -72.0000, -3144.0000, 4466.0000, -72.0000, 0, 0, 255
L -3144.0000, 4466.0000, -72.0000, -3143.0000, 4471.0000, -72.0000, 0, 0, 255
L -3143.0000, 4471.0000, -72.0000, -3143.0000, 4473.0000, -72.0000, 0, 0, 255
L -3143.0000, 4473.0000, -72.0000, -3143.0000, 4478.0000, -72.0000, 0, 0, 255
L -3143.0000, 4478.0000, -72.0000, -3142.0000, 4480.0000, -72.0000, 0, 0, 255
L -3142.0000, 4480.0000, -72.0000, -3142.0000, 4484.0000, -72.0000, 0, 0, 255
L -3142.0000, 4484.0000, -72.0000, -3142.0000, 4486.0000, -72.0000, 0, 0, 255
L -3142.0000, 4486.0000, -72.0000, -3141.0000, 4491.0000, -72.0000, 0, 0, 255
L -3141.0000, 4491.0000, -72.0000, -3141.0000, 4493.0000, -72.0000, 0, 0, 255
L -3141.0000, 4493.0000, -72.0000, -3142.0000, 4509.0000, -72.0000, 0, 0, 255
L -3142.0000, 4509.0000, -72.0000, -3142.0000, 4511.0000, -72.0000, 0, 0, 255
L -3142.0000, 4511.0000, -72.0000, -3142.0000, 4515.0000, -72.0000, 0, 0, 255
L -3142.0000, 4515.0000, -72.0000, -3142.0000, 4517.0000, -72.0000, 0, 0, 255
L -3142.0000, 4517.0000, -72.0000, -3143.0000, 4522.0000, -72.0000, 0, 0, 255
L -3143.0000, 4522.0000, -72.0000, -3143.0000, 4524.0000, -72.0000, 0, 0, 255
L -3143.0000, 4524.0000, -72.0000, -3144.0000, 4528.0000, -72.0000, 0, 0, 255
L -3144.0000, 4528.0000, -72.0000, -3144.0000, 4530.0000, -72.0000, 0, 0, 255
L -3144.0000, 4530.0000, -72.0000, -3144.0000, 4536.0000, -72.0000, 0, 0, 255
L -3144.0000, 4536.0000, -72.0000, -3144.0000, 4538.0000, -72.0000, 0, 0, 255
L -3144.0000, 4538.0000, -72.0000, -3145.0000, 4545.0000, -72.0000, 0, 0, 255
L -3145.0000, 4545.0000, -72.0000, -3145.0000, 4546.0000, -72.0000, 0, 0, 255
L -3145.0000, 4546.0000, -72.0000, -3146.0000, 4553.0000, -72.0000, 0, 0, 255
L -3146.0000, 4553.0000, -72.0000, -3146.0000, 4555.0000, -72.0000, 0, 0, 255
L -3146.0000, 4555.0000, -72.0000, -3146.0000, 4562.0000, -72.0000, 0, 0, 255
L -3146.0000, 4562.0000, -72.0000, -3146.0000, 4564.0000, -72.0000, 0, 0, 255
L -3146.0000, 4564.0000, -72.0000, -3147.0000, 4570.0000, -72.0000, 0, 0, 255
L -3147.0000, 4570.0000, -72.0000, -3147.0000, 4572.0000, -72.0000, 0, 0, 255
L -3147.0000, 4572.0000, -72.0000, -3147.0000, 4579.0000, -72.0000, 0, 0, 255
L -3147.0000, 4579.0000, -72.0000, -3148.0000, 4581.0000, -72.0000, 0, 0, 255
L -3148.0000, 4581.0000, -72.0000, -3148.0000, 4588.0000, -72.0000, 0, 0, 255
L -3148.0000, 4588.0000, -72.0000, -3148.0000, 4590.0000, -72.0000, 0, 0, 255
L -3148.0000, 4590.0000, -72.0000, -3148.0000, 4596.0000, -72.0000, 0, 0, 255
L -3148.0000, 4596.0000, -72.0000, -3146.0000, 4596.0000, -72.0000, 0, 0, 255
L -3146.0000, 4596.0000, -72.0000, -2972.0000, 4596.0000, -72.0000, 0, 0, 255
L -2972.0000, 4596.0000, -72.0000, -2970.0000, 4596.0000, -70.0000, 0, 0, 255
L -2887.0000, 4596.0000, -73.0000, -2885.0000, 4596.0000, -73.0000, 0, 0, 255
L -2885.0000, 4596.0000, -73.0000, -2881.0000, 4595.0000, -73.0000, 0, 0, 255
L -2881.0000, 4595.0000, -73.0000, -2871.0000, 4593.0000, -73.0000, 0, 0, 255
L -2871.0000, 4593.0000, -73.0000, -2852.0000, 4590.0000, -73.0000, 0, 0, 255
L -2852.0000, 4590.0000, -73.0000, -2816.0000, 4583.0000, -73.0000, 0, 0, 255
L -2816.0000, 4583.0000, -73.0000, -2806.0000, 4581.0000, -73.0000, 0, 0, 255
L -2806.0000, 4581.0000, -73.0000, -2787.0000, 4578.0000, -73.0000, 0, 0, 255
L -2787.0000, 4578.0000, -73.0000, -2687.0000, 4563.0000, -73.0000, 0, 0, 255
L -2687.0000, 4563.0000, -73.0000, -2677.0000, 4562.0000, -73.0000, 0, 0, 255
L -2677.0000, 4562.0000, -73.0000, -2648.0000, 4558.0000, -73.0000, 0, 0, 255
L -2648.0000, 4558.0000, -73.0000, -2507.0000, 4541.0000, -73.0000, 0, 0, 255
L -2507.0000, 4541.0000, -73.0000, -2505.0000, 4541.0000, -73.0000, 0, 0, 255
L -2505.0000, 4541.0000, -73.0000, -2495.0000, 4541.0000, -73.0000, 0, 0, 255
L -2495.0000, 4541.0000, -73.0000, -2485.0000, 4540.0000, -73.0000, 0, 0, 255
L -2485.0000, 4540.0000, -73.0000, -2455.0000, 4540.0000, -73.0000, 0, 0, 255
L -2455.0000, 4540.0000, -73.0000, -2431.0000, 4540.0000, -73.0000, 0, 0, 255
L -2431.0000, 4540.0000, -73.0000, -2430.0000, 4540.0000, -73.0000, 0, 0, 255
L -2430.0000, 4540.0000, -73.0000, -2428.0000, 4540.0000, -73.0000, 0, 0, 255
L -2428.0000, 4540.0000, -73.0000, -2425.0000, 4541.0000, -73.0000, 0, 0, 255
L -2425.0000, 4541.0000, -73.0000, -2420.0000, 4542.0000, -73.0000, 0, 0, 255
L -2420.0000, 4542.0000, -73.0000, -2410.0000, 4545.0000, -73.0000, 0, 0, 255
L -2410.0000, 4545.0000, -73.0000, -2384.0000, 4553.0000, -73.0000, 0, 0, 255
L -2384.0000, 4553.0000, -73.0000, -2382.0000, 4553.0000, -73.0000, 0, 0, 255
L -2382.0000, 4553.0000, -73.0000, -2380.0000, 4553.0000, -73.0000, 0, 0, 255
L -2380.0000, 4553.0000, -73.0000, -2370.0000, 4553.0000, -73.0000, 0, 0, 255
L -2370.0000, 4553.0000, -73.0000, -2360.0000, 4552.0000, -73.0000, 0, 0, 255
L -2360.0000, 4552.0000, -73.0000, -2331.0000, 4549.0000, -73.0000, 0, 0, 255
L -2331.0000, 4549.0000, -73.0000, -2324.0000, 4548.0000, -73.0000, 0, 0, 255
L -2324.0000, 4548.0000, -73.0000, -2314.0000, 4549.0000, -73.0000, 0, 0, 255
L -2314.0000, 4549.0000, -73.0000, -2304.0000, 4550.0000, -73.0000, 0, 0, 255
L -2304.0000, 4550.0000, -73.0000, -2275.0000, 4552.0000, -73.0000, 0, 0, 255
L -2275.0000, 4552.0000, -73.0000, -1978.0000, 4578.0000, -73.0000, 0, 0, 255
L -1978.0000, 4578.0000, -73.0000, -1976.0000, 4578.0000, -73.0000, 0, 0, 255
L -1976.0000, 4578.0000, -73.0000, -1973.0000, 4579.0000, -73.0000, 0, 0, 255
L -1973.0000, 4579.0000, -73.0000, -1965.0000, 4582.0000, -73.0000, 0, 0, 255
L -1965.0000, 4582.0000, -73.0000, -1956.0000, 4585.0000, -73.0000, 0, 0, 255
L -1956.0000, 4585.0000, -73.0000, -1938.0000, 4591.0000, -73.0000, 0, 0, 255
L -1938.0000, 4591.0000, -73.0000, -1936.0000, 4592.0000, -73.0000, 0, 0, 255
L -1936.0000, 4592.0000, -73.0000, -1935.0000, 4593.0000, -73.0000, 0, 0, 255
L -1935.0000, 4593.0000, -73.0000, -1934.0000, 4594.0000, -73.0000, 0, 0, 255
L -1934.0000, 4594.0000, -73.0000, -1932.0000, 4595.0000, -73.0000, 0, 0, 255
L -1932.0000, 4595.0000, -73.0000, -1931.0000, 4596.0000, -73.0000, 0, 0, 255
L -1931.0000, 4596.0000, -73.0000, -1929.0000, 4596.0000, -73.0000, 0, 0, 255
L -1929.0000, 4596.0000, -73.0000, -1277.0000, 4596.0000, -73.0000, 0, 0, 255
L -1277.0000, 4596.0000, -73.0000, 3237.0000, 4596.0000, -72.0000, 0, 0, 255
L 3237.0000, 4596.0000, -72.0000, 3237.0000, 4262.0000, -72.0000, 0, 0, 255
L 3237.0000, 4262.0000, -72.0000, 3237.0000, 78.0000, -72.0000, 0, 0, 255
L 3236.0000, -1498.0000, -63.0000, 3237.0000, 78.0000, -72.0000, 0, 0, 255
L -1175.0000, 4503.0000, -30.0000, -1248.0000, 4503.0000, -33.0000, 199, 21, 133
L -1175.0000, 4503.0000, -30.0000, -1175.0000, 4527.0000, -30.0000, 139, 69, 19
L -1248.0000, 4503.0000, -33.0000, -1248.0000, 4527.0000, -33.0000, 139, 69, 19
L -2972.0000, 4596.0000, -72.0000, -2887.0000, 4596.0000, -73.0000, 0, 0, 255
L 2961.0000, 19.0000, 116.0000, 2968.0000, 17.0000, 120.0000, 139, 69, 19
L -1193.0000, 4077.0000, -33.0000, -1193.0000, 4124.0000, -33.0000, 0, 0, 0
L -1193.0000, 4077.0000, -33.0000, -1189.0000, 4077.0000, -33.0000, 0, 0, 0
L -1189.0000, 4077.0000, -33.0000, -1189.0000, 4123.0000, -33.0000, 0, 0, 0
L -1189.0000, 4123.0000, -33.0000, -1175.0000, 4123.0000, -33.0000, 0, 0, 0
L -1224.0000, 4077.0000, -33.0000, -1227.0000, 4077.0000, -33.0000, 0, 0, 0
L -1224.0000, 4077.0000, -33.0000, -1224.0000, 4122.0000, -33.0000, 0, 0, 0
L -1193.0000, 4124.0000, -33.0000, -1195.0000, 4124.0000, -33.0000, 0, 0, 0
L -1195.0000, 4124.0000, -33.0000, -1195.0000, 4133.0000, -33.0000, 0, 0, 0
L -1222.0000, 4133.0000, -33.0000, -1222.0000, 4122.0000, -33.0000, 0, 0, 0
L -1227.0000, 4077.0000, -33.0000, -1227.0000, 4122.0000, -33.0000, 0, 0, 0
L -1222.0000, 4133.0000, -33.0000, -1235.0000, 4133.0000, -33.0000, 0, 0, 0
L -1235.0000, 4133.0000, -33.0000, -1235.0000, 4145.0000, -33.0000, 0, 0, 0
L -1247.0000, 4212.0000, -33.0000, -1247.0000, 4203.0000, -33.0000, 0, 0, 0
L -1195.0000, 4212.0000, -33.0000, -1195.0000, 4203.0000, -33.0000, 0, 0, 0
L -1175.0000, 4212.0000, -33.0000, -1175.0000, 4203.0000, -33.0000, 0, 0, 0
L -1175.0000, 4133.0000, -33.0000, -1175.0000, 4123.0000, -33.0000, 0, 0, 0
L -1175.0000, 4133.0000, -33.0000, -1195.0000, 4133.0000, -33.0000, 0, 0, 0
L -1175.0000, 4212.0000, -33.0000, -1195.0000, 4212.0000, -33.0000, 0, 0, 0
L -1175.0000, 4203.0000, -33.0000, -1175.0000, 4133.0000, -33.0000, 0, 0, 0
L -1195.0000, 4203.0000, -33.0000, -1175.0000, 4203.0000, -33.0000, 0, 0, 0
L -1222.0000, 4203.0000, -33.0000, -1222.0000, 4212.0000, -33.0000, 0, 0, 0
L -1222.0000, 4212.0000, -33.0000, -1247.0000, 4212.0000, -33.0000, 0, 0, 0
L -1222.0000, 4203.0000, -33.0000, -1247.0000, 4203.0000, -33.0000, 0, 0, 0
L -1222.0000, 4122.0000, -33.0000, -1224.0000, 4122.0000, -33.0000, 0, 0, 0
L -1227.0000, 4122.0000, -33.0000, -1247.0000, 4122.0000, -33.0000, 0, 0, 0
L -1247.0000, 4203.0000, -33.0000, -1247.0000, 4122.0000, -33.0000, 0, 0, 0
L -1235.0000, 4145.0000, -33.0000, -1225.0000, 4145.0000, -33.0000, 150, 150, 150
L -1235.0000, 4192.0000, -9.0000, -1235.0000, 4186.0000, -12.0000, 0, 204, 0
L -1225.0000, 4203.0000, -9.0000, -1225.0000, 4192.0000, -9.0000, 0, 204, 0
L -1225.0000, 4192.0000, -9.0000, -1225.0000, 4186.0000, -12.0000, 0, 204, 0
L -1235.0000, 4192.0000, -9.0000, -1244.0000, 4192.0000, -9.0000, 150, 150, 150
L -1235.0000, 4192.0000, -9.0000, -1225.0000, 4192.0000, -9.0000, 150, 150, 150
L -1244.0000, 4203.0000, -9.0000, -1244.0000, 4192.0000, -9.0000, 0, 204, 0
L -1244.0000, 4192.0000, -9.0000, -1244.0000, 4186.0000, -6.0000, 0, 204, 0
L -1225.0000, 4203.0000, -9.0000, -1244.0000, 4203.0000, -9.0000, 0, 204, 0
L -1239.0000, 4144.0000, 14.0000, -1235.0000, 4144.0000, 14.0000, 150, 150, 150
L -1244.0000, 4144.0000, 14.0000, -1239.0000, 4144.0000, 14.0000, 150, 150, 150
L -1185.0000, 4192.0000, 14.0000, -1185.0000, 4203.0000, 14.0000, 0, 204, 0
L -1185.0000, 4203.0000, 14.0000, -1245.0000, 4203.0000, 14.0000, 0, 204, 0
L -1245.0000, 4203.0000, 14.0000, -1245.0000, 4133.0000, 14.0000, 0, 204, 0
L -1245.0000, 4133.0000, 14.0000, -1195.0000, 4133.0000, 14.0000, 0, 204, 0
L -1235.0000, 4144.0000, 14.0000, -1235.0000, 4150.0000, 11.0000, 150, 150, 150
L -1185.0000, 4192.0000, 14.0000, -1194.0000, 4192.0000, 14.0000, 150, 150, 150
L -1194.0000, 4143.0000, 39.0000, -1194.0000, 4149.0000, 35.0000, 102, 255, 102
L -1194.0000, 4192.0000, 14.0000, -1195.0000, 4192.0000, 14.0000, 0, 204, 0
L -1194.0000, 4133.0000, 39.0000, -1194.0000, 4143.0000, 39.0000, 102, 255, 102
L -1185.0000, 4143.0000, 39.0000, -1194.0000, 4143.0000, 39.0000, 155, 155, 155
L -1195.0000, 4133.0000, 14.0000, -1195.0000, 4192.0000, 14.0000, 0, 204, 0
L -1184.0000, 4143.0000, 39.0000, -1175.0000, 4143.0000, 39.0000, 155, 155, 155
L -1185.0000, 4194.0000, 63.0000, -1175.0000, 4194.0000, 63.0000, 155, 155, 155
L -1175.0000, 4203.0000, 63.0000, -1175.0000, 4194.0000, 63.0000, 102, 255, 102
L -1175.0000, 4143.0000, 39.0000, -1175.0000, 4150.0000, 42.0000, 102, 255, 102
L -1225.0000, 4169.0000, -21.0000, -1225.0000, 4163.0000, -24.0000, 0, 204, 0
L -1235.0000, 4169.0000, -21.0000, -1235.0000, 4163.0000, -24.0000, 0, 204, 0
L -1225.0000, 4169.0000, -21.0000, -1235.0000, 4169.0000, -21.0000, 150, 150, 150
L -1225.0000, 4180.0000, -15.0000, -1225.0000, 4174.0000, -18.0000, 0, 204, 0
L -1235.0000, 4180.0000, -15.0000, -1235.0000, 4174.0000, -18.0000, 0, 204, 0
L -1225.0000, 4180.0000, -15.0000, -1235.0000, 4180.0000, -15.0000, 150, 150, 150
L -1225.0000, 4157.0000, -27.0000, -1225.0000, 4151.0000, -30.0000, 0, 204, 0
L -1235.0000, 4157.0000, -27.0000, -1235.0000, 4151.0000, -30.0000, 0, 204, 0
L -1225.0000, 4157.0000, -27.0000, -1235.0000, 4157.0000, -27.0000, 150, 150, 150
L -1225.0000, 4163.0000, -24.0000, -1225.0000, 4157.0000, -27.0000, 0, 204, 0
L -1235.0000, 4163.0000, -24.0000, -1235.0000, 4157.0000, -27.0000, 0, 204, 0
L -1225.0000, 4163.0000, -24.0000, -1235.0000, 4163.0000, -24.0000, 150, 150, 150
L -1225.0000, 4151.0000, -30.0000, -1225.0000, 4145.0000, -33.0000, 0, 204, 0
L -1235.0000, 4151.0000, -30.0000, -1235.0000, 4145.0000, -33.0000, 0, 204, 0
L -1225.0000, 4151.0000, -30.0000, -1235.0000, 4151.0000, -30.0000, 150, 150, 150
L -1225.0000, 4174.0000, -18.0000, -1225.0000, 4169.0000, -21.0000, 0, 204, 0
L -1235.0000, 4174.0000, -18.0000, -1235.0000, 4169.0000, -21.0000, 0, 204, 0
L -1225.0000, 4174.0000, -18.0000, -1235.0000, 4174.0000, -18.0000, 150, 150, 150
L -1225.0000, 4186.0000, -12.0000, -1225.0000, 4180.0000, -15.0000, 0, 204, 0
L -1235.0000, 4186.0000, -12.0000, -1235.0000, 4180.0000, -15.0000, 0, 204, 0
L -1225.0000, 4186.0000, -12.0000, -1235.0000, 4186.0000, -12.0000, 150, 150, 150
L -1244.0000, 4168.0000, 2.0000, -1244.0000, 4162.0000, 5.0000, 0, 204, 0
L -1235.0000, 4168.0000, 2.0000, -1235.0000, 4174.0000, 0.0000, 150, 150, 150
L -1244.0000, 4168.0000, 2.0000, -1235.0000, 4168.0000, 2.0000, 150, 150, 150
L -1235.0000, 4180.0000, -3.0000, -1235.0000, 4186.0000, -6.0000, 150, 150, 150
L -1244.0000, 4180.0000, -3.0000, -1244.0000, 4174.0000, 0.0000, 0, 204, 0
L -1235.0000, 4180.0000, -3.0000, -1244.0000, 4180.0000, -3.0000, 150, 150, 150
L -1235.0000, 4156.0000, 8.0000, -1235.0000, 4162.0000, 5.0000, 150, 150, 150
L -1244.0000, 4156.0000, 8.0000, -1244.0000, 4150.0000, 11.0000, 0, 204, 0
L -1235.0000, 4156.0000, 8.0000, -1244.0000, 4156.0000, 8.0000, 150, 150, 150
L -1235.0000, 4162.0000, 5.0000, -1235.0000, 4168.0000, 2.0000, 150, 150, 150
L -1244.0000, 4162.0000, 5.0000, -1244.0000, 4156.0000, 8.0000, 0, 204, 0
L -1235.0000, 4162.0000, 5.0000, -1244.0000, 4162.0000, 5.0000, 150, 150, 150
L -1235.0000, 4150.0000, 11.0000, -1235.0000, 4156.0000, 8.0000, 150, 150, 150
L -1244.0000, 4150.0000, 11.0000, -1244.0000, 4144.0000, 14.0000, 0, 204, 0
L -1235.0000, 4150.0000, 11.0000, -1244.0000, 4150.0000, 11.0000, 150, 150, 150
L -1235.0000, 4174.0000, 0.0000, -1235.0000, 4180.0000, -3.0000, 150, 150, 150
L -1244.0000, 4174.0000, 0.0000, -1244.0000, 4168.0000, 2.0000, 0, 204, 0
L -1235.0000, 4174.0000, 0.0000, -1244.0000, 4174.0000, 0.0000, 150, 150, 150
L -1235.0000, 4186.0000, -6.0000, -1235.0000, 4192.0000, -9.0000, 150, 150, 150
L -1244.0000, 4186.0000, -6.0000, -1244.0000, 4180.0000, -3.0000, 0, 204, 0
L -1235.0000, 4186.0000, -6.0000, -1244.0000, 4186.0000, -6.0000, 150, 150, 150
L -1194.0000, 4168.0000, 26.0000, -1194.0000, 4174.0000, 23.0000, 102, 255, 102
L -1185.0000, 4168.0000, 26.0000, -1185.0000, 4174.0000, 23.0000, 102, 255, 102
L -1194.0000, 4168.0000, 26.0000, -1185.0000, 4168.0000, 26.0000, 155, 155, 155
L -1194.0000, 4155.0000, 32.0000, -1194.0000, 4162.0000, 29.0000, 102, 255, 102
L -1185.0000, 4155.0000, 32.0000, -1185.0000, 4162.0000, 29.0000, 102, 255, 102
L -1194.0000, 4155.0000, 32.0000, -1185.0000, 4155.0000, 32.0000, 155, 155, 155
L -1194.0000, 4162.0000, 29.0000, -1194.0000, 4168.0000, 26.0000, 102, 255, 102
L -1185.0000, 4162.0000, 29.0000, -1185.0000, 4168.0000, 26.0000, 102, 255, 102
L -1194.0000, 4162.0000, 29.0000, -1185.0000, 4162.0000, 29.0000, 155, 155, 155
L -1194.0000, 4180.0000, 20.0000, -1194.0000, 4186.0000, 17.0000, 102, 255, 102
L -1185.0000, 4180.0000, 20.0000, -1185.0000, 4186.0000, 17.0000, 102, 255, 102
L -1194.0000, 4180.0000, 20.0000, -1185.0000, 4180.0000, 20.0000, 155, 155, 155
L -1185.0000, 4186.0000, 17.0000, -1185.0000, 4192.0000, 14.0000, 102, 255, 102
L -1194.0000, 4186.0000, 17.0000, -1194.0000, 4192.0000, 14.0000, 102, 255, 102
L -1185.0000, 4186.0000, 17.0000, -1194.0000, 4186.0000, 17.0000, 155, 155, 155
L -1185.0000, 4174.0000, 23.0000, -1185.0000, 4180.0000, 20.0000, 102, 255, 102
L -1194.0000, 4174.0000, 23.0000, -1194.0000, 4180.0000, 20.0000, 102, 255, 102
L -1185.0000, 4174.0000, 23.0000, -1194.0000, 4174.0000, 23.0000, 155, 155, 155
L -1185.0000, 4149.0000, 35.0000, -1185.0000, 4155.0000, 32.0000, 102, 255, 102
L -1194.0000, 4149.0000, 35.0000, -1194.0000, 4155.0000, 32.0000, 102, 255, 102
L -1185.0000, 4149.0000, 35.0000, -1194.0000, 4149.0000, 35.0000, 155, 155, 155
L -1184.0000, 4169.0000, 51.0000, -1184.0000, 4162.0000, 48.0000, 102, 255, 102
L -1175.0000, 4169.0000, 51.0000, -1175.0000, 4175.0000, 54.0000, 102, 255, 102
L -1184.0000, 4169.0000, 51.0000, -1175.0000, 4169.0000, 51.0000, 155, 155, 155
L -1175.0000, 4182.0000, 57.0000, -1175.0000, 4188.0000, 60.0000, 102, 255, 102
L -1184.0000, 4182.0000, 57.0000, -1184.0000, 4175.0000, 54.0000, 102, 255, 102
L -1175.0000, 4182.0000, 57.0000, -1184.0000, 4182.0000, 57.0000, 155, 155, 155
L -1175.0000, 4188.0000, 60.0000, -1175.0000, 4194.0000, 63.0000, 102, 255, 102
L -1185.0000, 4188.0000, 60.0000, -1184.0000, 4182.0000, 57.0000, 102, 255, 102
L -1175.0000, 4188.0000, 60.0000, -1185.0000, 4188.0000, 60.0000, 155, 155, 155
L -1175.0000, 4175.0000, 54.0000, -1175.0000, 4182.0000, 57.0000, 102, 255, 102
L -1184.0000, 4175.0000, 54.0000, -1184.0000, 4169.0000, 51.0000, 102, 255, 102
L -1175.0000, 4175.0000, 54.0000, -1184.0000, 4175.0000, 54.0000, 155, 155, 155
L -1175.0000, 4156.0000, 45.0000, -1175.0000, 4162.0000, 48.0000, 102, 255, 102
L -1184.0000, 4156.0000, 45.0000, -1184.0000, 4150.0000, 42.0000, 102, 255, 102
L -1175.0000, 4156.0000, 45.0000, -1184.0000, 4156.0000, 45.0000, 155, 155, 155
L -1175.0000, 4162.0000, 48.0000, -1175.0000, 4169.0000, 51.0000, 102, 255, 102
L -1184.0000, 4162.0000, 48.0000, -1184.0000, 4156.0000, 45.0000, 102, 255, 102
L -1175.0000, 4162.0000, 48.0000, -1184.0000, 4162.0000, 48.0000, 155, 155, 155
L -1175.0000, 4150.0000, 42.0000, -1175.0000, 4156.0000, 45.0000, 102, 255, 102
L -1184.0000, 4150.0000, 42.0000, -1184.0000, 4143.0000, 39.0000, 102, 255, 102
L -1175.0000, 4150.0000, 42.0000, -1184.0000, 4150.0000, 42.0000, 155, 155, 155
L -1375.0000, -170.1999, -3.2999, -1416.5999, -139.3999, -3.2999, 0, 0, 0
L -1416.5999, -139.3999, -3.2999, -1405.2999, -124.1999, -3.2999, 0, 0, 0
L -1400.3999, -117.5999, -3.2999, -1389.5000, -102.7999, -3.2999, 0, 0, 0
L -1389.5000, -102.7999, -3.2999, -1347.8999, -133.5999, -3.2999, 0, 0, 0
L -1347.8999, -133.5999, -3.2999, -1375.0000, -170.1999, -3.2999, 0, 0, 0
L -1403.7999, -115.0999, -11.1999, -1390.3999, -97.0999, -11.1999, 0, 0, 0
L -1390.3999, -97.0999, -11.1999, -1342.2999, -132.7999, -10.5000, 0, 0, 0
L -1342.2999, -132.7999, -10.5000, -1374.0999, -175.6999, -11.0999, 0, 0, 0
L -1374.0999, -175.6999, -11.1999, -1422.2999, -140.0999, -11.1999, 0, 0, 0
L -1422.2999, -140.0999, -11.1999, -1408.3999, -121.3999, -11.1999, 0, 0, 0
L -1403.7999, -115.0999, -11.1999, -1400.3999, -117.5999, -3.2999, 0, 0, 0
L -1408.3999, -121.3999, -11.1999, -1405.2999, -124.1999, -3.2999, 0, 0, 0
L -2208.7998, -400.0000, -2.7999, -2209.5000, -451.7999, -2.7999, 0, 0, 0
L -2255.0000, -451.1999, -2.7999, -2254.2998, -399.5000, -2.7999, 0, 0, 0
L -2254.2998, -399.5000, -2.7999, -2208.7998, -400.0000, -2.7999, 0, 0, 0
L -2236.5998, -455.5999, -11.1999, -2259.0000, -455.2999, -11.1999, 0, 0, 0
L -2259.0000, -455.2999, -11.1999, -2258.2998, -395.5000, -11.1999, 0, 0, 0
L -2258.2998, -395.5000, -11.1999, -2205.0000, -396.0999, -11.1999, 0, 0, 0
L -2205.0000, -396.0999, -11.1999, -2205.5998, -456.0000, -11.1999, 0, 0, 0
L -2205.5998, -456.0000, -11.1999, -2228.6999, -455.6999, -11.1999, 0, 0, 0
L -1979.5999, 2159.0000, -9.5999, -1979.5999, 2185.1999, -9.5999, 0, 0, 0
L -1979.5999, 2185.1999, -9.3999, -1931.3999, 2186.3999, -7.5000, 0, 0, 0
L -1931.3999, 2186.3999, -7.1999, -1931.3999, 2157.6999, -7.1999, 0, 0, 0
L -1931.3999, 2157.6999, -7.5000, -1979.5999, 2159.0000, -9.0000, 0, 0, 0
L -2099.3999, 2144.2998, -11.0999, -2106.7998, 2153.6999, -11.1999, 0, 0, 0
L -2106.7998, 2153.6999, -11.1999, -2041.0999, 2205.0000, -11.1999, 0, 0, 0
L -2041.0999, 2205.0000, -11.1999, -2033.6999, 2195.5000, -11.0999, 0, 0, 0
L -2033.6999, 2195.5000, -10.6999, -2029.3999, 2198.8999, -10.6999, 0, 0, 0
L -2029.3999, 2198.8999, -11.1999, -2040.5000, 2213.0000, -11.1999, 0, 0, 0
L -2040.5000, 2213.0000, -11.1999, -2114.8999, 2155.0000, -11.1999, 0, 0, 0
L -2103.7998, 2140.7998, -11.1999, -2114.8999, 2155.0000, -11.1999, 0, 0, 0
L -2103.7998, 2140.7998, -10.6999, -2099.3999, 2144.2998, -10.6999, 0, 0, 0
L -2095.1999, 2129.6999, -10.6999, -2090.5998, 2133.0000, -10.6999, 0, 0, 0
L -2090.5998, 2133.0000, -11.0000, -2083.0000, 2123.1999, -10.8999, 0, 0, 0
L -2083.0000, 2123.1999, -10.8999, -2017.3999, 2174.6999, -10.8999, 0, 0, 0
L -2017.3999, 2174.6999, -10.8999, -2025.0000, 2184.2998, -11.0000, 0, 0, 0
L -2025.0000, 2184.2998, -10.6999, -2020.6999, 2187.6999, -10.6999, 0, 0, 0
L -2020.6999, 2187.6999, -11.1999, -2009.7999, 2173.6999, -11.1999, 0, 0, 0
L -2009.7999, 2173.6999, -11.1999, -2084.1999, 2115.6999, -11.1999, 0, 0, 0
L -2084.1999, 2115.6999, -11.1999, -2095.1999, 2129.6999, -11.1999, 0, 0, 0
L -2228.5998, -451.5000, -2.7999, -2228.6999, -455.6999, -11.1999, 0, 0, 0
L -2236.5000, -451.3999, -2.7999, -2255.0000, -451.1999, -2.7999, 0, 0, 0
L -2236.5000, -451.3999, -2.7999, -2236.5998, -455.5999, -11.1999, 0, 0, 0
L -2209.5000, -451.7999, -2.7999, -2228.5998, -451.5000, -2.7999, 0, 0, 0
L 2199.6999, 1448.1999, -5.5999, 2195.0000, 1461.6999, -4.8999, 0, 0, 0
L 2206.0000, 1449.7999, -5.5999, 2202.2998, 1460.3999, -5.0999, 0, 0, 0
L 2202.2998, 1460.3999, -5.0999, 2280.0000, 1487.5000, -4.3999, 0, 0, 0
L 2280.0000, 1487.5000, -4.3999, 2284.1999, 1475.2999, -5.2999, 0, 0, 0
L 2289.5998, 1459.7999, -6.0999, 2293.1999, 1449.0999, -6.5000, 0, 0, 0
L 2293.1999, 1449.0999, -6.5000, 2215.3999, 1422.5000, -6.6999, 0, 0, 0
L 2215.3999, 1422.5000, -6.6999, 2211.0998, 1434.8999, -6.5000, 0, 0, 0
L 2211.0998, 1434.8999, -6.3999, 2205.0000, 1432.7999, -6.3999, 0, 0, 0
L 2205.0000, 1432.7999, -6.5000, 2210.2998, 1417.3999, -7.2999, 0, 0, 0
L 2079.1999, 1339.1999, -8.8999, 2090.5000, 1334.0999, -8.8999, 0, 0, 0
L 2070.8999, 1343.0000, -9.0000, 2062.0998, 1347.0999, -9.0000, 0, 0, 0
L 2062.0998, 1347.0999, -9.1999, 2041.6999, 1302.1999, -9.5999, 0, 0, 0
L 2041.6999, 1302.1999, -9.8999, 2050.6999, 1298.0999, -9.7999, 0, 0, 0
L 2050.6999, 1298.0999, -9.7999, 2049.0998, 1294.5000, -9.8999, 0, 0, 0
L 2049.0998, 1294.5000, -9.8999, 2059.5000, 1289.6999, -9.7999, 0, 0, 0
L 2061.1999, 1293.2999, -9.6999, 2059.5000, 1289.6999, -9.7999, 0, 0, 0
L 2061.1999, 1293.2999, -9.6999, 2069.5998, 1289.5000, -9.6999, 0, 0, 0
L 2069.5998, 1289.5000, -9.6999, 2090.5000, 1334.0999, -9.0000, 0, 0, 0
L 2079.1999, 1339.1999, -9.0000, 2077.3999, 1334.6999, -9.0000, 0, 0, 0
L 2077.3999, 1334.6999, -9.0000, 2083.1999, 1332.0999, -8.7999, 0, 0, 0
L 2083.1999, 1332.0999, -8.7999, 2066.7998, 1296.0999, -8.6999, 0, 0, 0
L 2066.7998, 1296.0999, -8.6999, 2049.7998, 1303.8999, -9.2999, 0, 0, 0
L 2049.7998, 1303.8999, -9.2999, 2065.5998, 1340.0999, -9.0999, 0, 0, 0
L 2065.5998, 1340.0999, -9.0999, 2069.8999, 1338.1999, -9.0999, 0, 0, 0
L 2071.2998, 1338.3999, -9.0000, 2077.8999, 1335.2999, -9.0000, 205, 133, 63
