L 931.0, -796.0, 0.0, 856.0, -787.0, 0.0, 139, 69, 19
L 931.0, -787.0, 0.0, 931.0, -796.0, 0.0, 139, 69, 19
L 856.0, -777.0, -1.5, 931.0, -787.0, 0.0, 139, 69, 19
L 856.0, -787.0, -1.9, 856.0, -777.0, -1.5, 0, 0, 255
L -913.2, -4158.9, -24.3, 230.5, -4158.3, -24.3, 199, 21, 133
L -2908.4, -2641.8, 3.8, -2922.4, -2576.4, 3.8, 199, 21, 133
L 800.9, 1861.1, -0.3, -1422.7, 1859.2, 93.5, 199, 21, 133
L -2808.5, -2555.4, 0.6, -2922.4, -2576.4, 0.6, 0, 0, 0
L -2465.2, -2611.2, 0.6, -2808.5, -2555.4, 0.6, 0, 0, 0
L -2464.6, -2611.1, 0.6, -2465.2, -2611.2, 0.6, 0, 0, 0
L -2274.1, -2595.4, 0.6, -2464.6, -2611.1, 0.6, 0, 0, 0
L -2273.2, -2594.8, 0.6, -2274.1, -2595.4, 0.6, 0, 0, 0
L -2217.8, -2542.4, 0.6, -2273.2, -2594.8, 0.6, 0, 0, 0
L -2122.3, -2451.9, 0.6, -2217.8, -2542.4, 0.6, 0, 0, 0
L -2120.0, -2444.5, 0.6, -2122.3, -2451.9, 0.6, 0, 0, 0
L -2103.8, -2377.7, 0.6, -2105.5, -2384.7, 0.6, 0, 0, 0
L -969.8, -1830.3, 60.0, -963.2, -1807.0, 60.0, 0, 0, 0
L -973.1, -1843.0, 59.7, -969.8, -1830.3, 60.0, 0, 0, 0
L -1042.8, -1879.2, 59.8, -973.1, -1843.0, 59.7, 0, 0, 0
L -1051.2, -1883.8, 59.8, -1042.8, -1879.2, 59.8, 0, 0, 0
L -1097.3, -1925.2, 59.8, -1051.2, -1883.8, 59.8, 0, 0, 0
L -1099.3, -1926.3, 59.9, -1097.3, -1925.2, 59.8, 0, 0, 0
L -1120.5, -1932.4, 59.9, -1099.3, -1926.3, 59.9, 0, 0, 0
L -1150.4, -1941.6, 59.3, -1120.5, -1932.4, 59.9, 0, 0, 0
L -1162.3, -1934.1, 60.0, -1150.4, -1941.6, 59.3, 0, 0, 0
L -1190.9, -1922.6, 60.0, -1162.3, -1934.1, 60.0, 0, 0, 0
L -1214.2, -1913.8, 59.5, -1190.9, -1922.6, 60.0, 0, 0, 0
L -1216.6, -1912.4, 60.0, -1214.2, -1913.8, 59.5, 0, 0, 0
L -1227.1, -1879.4, 60.0, -1216.6, -1912.4, 60.0, 0, 0, 0
L -1238.0, -1844.8, 60.0, -1227.1, -1879.4, 60.0, 0, 0, 0
L -1240.4, -1838.1, 59.7, -1238.0, -1844.8, 60.0, 0, 0, 0
L -1232.0, -1783.5, 60.0, -1240.4, -1838.1, 59.7, 0, 0, 0
L -1230.2, -1773.1, 60.0, -1232.0, -1783.5, 60.0, 0, 0, 0
L -1230.9, -1763.6, 57.0, -1230.2, -1773.1, 60.0, 0, 0, 0
L -1181.4, -1748.9, 59.7, -1230.9, -1763.6, 57.0, 0, 0, 0
L -1180.1, -1747.8, 59.8, -1181.4, -1748.9, 59.7, 0, 0, 0
L -1168.2, -1733.2, 59.8, -1180.1, -1747.8, 59.8, 0, 0, 0
L -1158.6, -1721.5, 59.8, -1168.2, -1733.2, 59.8, 0, 0, 0
L -1147.6, -1708.1, 59.8, -1158.6, -1721.5, 59.8, 0, 0, 0
L -1144.1, -1702.7, 58.5, -1147.6, -1708.1, 59.8, 0, 0, 0
L -1112.8, -1705.3, 59.8, -1144.1, -1702.7, 58.5, 0, 0, 0
L -1103.3, -1706.2, 59.8, -1112.8, -1705.3, 59.8, 0, 0, 0
L -1011.7, -1690.0, 59.8, -1103.3, -1706.2, 59.8, 0, 0, 0
L -989.5, -1686.0, 59.8, -1011.7, -1690.0, 59.8, 0, 0, 0
L -985.9, -1684.8, 58.8, -989.5, -1686.0, 59.8, 0, 0, 0
L -965.7, -1719.3, 60.0, -985.9, -1684.8, 58.8, 0, 0, 0
L -954.8, -1737.9, 60.0, -965.7, -1719.3, 60.0, 0, 0, 0
L -947.5, -1750.1, 59.7, -954.8, -1737.9, 60.0, 0, 0, 0
L -947.4, -1750.6, 60.0, -947.5, -1750.1, 59.7, 0, 0, 0
L -956.5, -1783.0, 60.0, -947.4, -1750.6, 60.0, 0, 0, 0
L -963.2, -1807.0, 60.0, -960.9, -1798.7, 60.0, 0, 0, 0
L -963.2, -1807.0, 60.0, -956.5, -1783.0, 60.0, 0, 0, 0
L 638.1, -2986.5, -22.8, 641.8, -2977.7, -25.4, 0, 125, 0
L 622.1, -2990.7, -21.9, 638.1, -2986.5, -22.8, 150, 150, 150
L 614.8, -2993.3, -21.2, 622.1, -2990.7, -21.9, 150, 150, 150
L 596.0, -3016.5, -14.7, 614.8, -2993.3, -21.2, 150, 150, 150
L 583.5, -3002.8, -19.1, 596.0, -3016.5, -14.7, 150, 150, 150
L 575.4, -3007.2, -21.0, 583.5, -3002.8, -19.1, 150, 150, 150
L 556.9, -3003.4, -27.0, 575.4, -3007.2, -21.0, 150, 150, 150
L 553.8, -3024.9, -28.0, 556.9, -3003.4, -27.0, 150, 150, 150
L 528.2, -3028.2, -28.0, 553.8, -3024.9, -28.0, 150, 150, 150
L 512.5, -3047.1, -28.0, 528.2, -3028.2, -28.0, 150, 150, 150
L 509.4, -3036.4, -28.0, 512.5, -3047.1, -28.0, 150, 150, 150
L 503.0, -3036.6, -28.0, 509.4, -3036.4, -28.0, 150, 150, 150
L 502.0, -3038.6, -28.0, 503.0, -3036.6, -28.0, 150, 150, 150
L 485.7, -3046.1, -28.0, 502.0, -3038.6, -28.0, 150, 150, 150
L 476.5, -3040.1, -28.0, 485.7, -3046.1, -28.0, 150, 150, 150
L 473.9, -3051.8, -28.0, 476.5, -3040.1, -28.0, 150, 150, 150
L 466.9, -3054.4, -28.0, 473.9, -3051.8, -28.0, 150, 150, 150
L 453.7, -3078.5, -27.8, 466.9, -3054.4, -28.0, 150, 150, 150
L 429.6, -3090.1, -27.3, 453.7, -3078.5, -27.8, 150, 150, 150
L 414.2, -3089.7, -27.3, 429.6, -3090.1, -27.3, 150, 150, 150
L 411.7, -3101.0, -26.8, 414.2, -3089.7, -27.3, 150, 150, 150
L 402.9, -3102.3, -26.7, 411.7, -3101.0, -26.8, 150, 150, 150
L 393.3, -3116.8, -26.1, 402.9, -3102.3, -26.7, 150, 150, 150
L 383.6, -3106.2, -26.6, 393.3, -3116.8, -26.1, 150, 150, 150
L 367.6, -3107.4, -27.3, 383.6, -3106.2, -26.6, 150, 150, 150
L 363.5, -3102.8, -27.5, 367.6, -3107.4, -27.3, 150, 150, 150
L 356.7, -3105.0, -27.8, 363.5, -3102.8, -27.5, 150, 150, 150
L 351.3, -3127.3, -28.0, 356.7, -3105.0, -27.8, 150, 150, 150
L 328.5, -3128.5, -28.0, 351.3, -3127.3, -28.0, 150, 150, 150
L 317.4, -3146.6, -28.0, 328.5, -3128.5, -28.0, 150, 150, 150
L 307.0, -3137.5, -28.0, 317.4, -3146.6, -28.0, 150, 150, 150
L 292.7, -3142.2, -28.0, 307.0, -3137.5, -28.0, 150, 150, 150
L 273.3, -3139.0, -28.0, 292.7, -3142.2, -28.0, 150, 150, 150
L 276.8, -3152.3, -28.0, 273.3, -3139.0, -28.0, 150, 150, 150
L 261.6, -3153.8, -28.0, 276.8, -3152.3, -28.0, 150, 150, 150
L 254.5, -3169.1, -28.0, 261.6, -3153.8, -28.0, 150, 150, 150
L 243.4, -3177.3, -28.0, 254.5, -3169.1, -28.0, 150, 150, 150
L 228.4, -3185.6, -28.0, 243.4, -3177.3, -28.0, 150, 150, 150
L 226.3, -3201.4, -28.0, 228.4, -3185.6, -28.0, 150, 150, 150
L 222.0, -3216.1, -28.0, 226.3, -3201.4, -28.0, 150, 150, 150
L 222.6, -3226.6, -28.0, 222.0, -3216.1, -28.0, 150, 150, 150
L 218.6, -3241.9, -28.0, 222.6, -3226.6, -28.0, 150, 150, 150
L 207.5, -3252.0, -28.0, 218.6, -3241.9, -28.0, 150, 150, 150
L 203.5, -3274.3, -28.0, 207.5, -3252.0, -28.0, 150, 150, 150
L 193.5, -3277.0, -27.3, 203.5, -3274.3, -28.0, 150, 150, 150
L 188.5, -3306.1, -8.8, 193.5, -3277.0, -27.3, 150, 150, 150
L 174.1, -3322.4, -15.2, 188.5, -3306.1, -8.8, 150, 150, 150
L 171.6, -3331.0, -16.7, 174.1, -3322.4, -15.2, 150, 150, 150
L 172.6, -3335.7, -16.1, 171.6, -3331.0, -16.7, 150, 150, 150
L 174.0, -3344.6, -15.2, 172.6, -3335.7, -16.1, 150, 150, 150
L 169.7, -3356.3, -18.0, 174.0, -3344.6, -15.2, 150, 150, 150
L 166.8, -3362.8, -19.8, 169.7, -3356.3, -18.0, 150, 150, 150
L 166.1, -3364.8, -20.2, 166.8, -3362.8, -19.8, 150, 150, 150
L 155.6, -3373.2, -27.0, 166.1, -3364.8, -20.2, 150, 150, 150
L 143.4, -3384.1, -27.6, 155.6, -3373.2, -27.0, 150, 150, 150
L 135.3, -3392.5, -27.3, 143.4, -3384.1, -27.6, 150, 150, 150
L 126.0, -3407.9, -26.6, 135.3, -3392.5, -27.3, 150, 150, 150
L 119.3, -3408.2, -26.6, 126.0, -3407.9, -26.6, 150, 150, 150
L 106.8, -3417.5, -26.2, 119.3, -3408.2, -26.6, 150, 150, 150
L 130.4, -3429.3, -25.7, 106.8, -3417.5, -26.2, 150, 150, 150
L 139.0, -3442.7, -25.2, 130.4, -3429.3, -25.7, 150, 150, 150
L 141.6, -3452.7, -24.8, 139.0, -3442.7, -25.2, 150, 150, 150
L 144.6, -3465.6, -24.2, 141.6, -3452.7, -24.8, 150, 150, 150
L 153.1, -3475.3, -23.8, 144.6, -3465.6, -24.2, 150, 150, 150
L 155.6, -3476.8, -23.4, 153.1, -3475.3, -23.8, 150, 150, 150
L 170.7, -3486.7, -16.5, 155.6, -3476.8, -23.4, 150, 150, 150
L 226.9, -3536.0, 18.6, 170.7, -3486.7, -16.5, 150, 150, 150
L 218.6, -3534.3, 17.7, 226.9, -3536.0, 18.6, 150, 150, 150
L 212.4, -3534.4, 17.6, 218.6, -3534.3, 17.7, 150, 150, 150
L 160.5, -3533.1, -21.4, 212.4, -3534.4, 17.6, 150, 150, 150
L 158.3, -3554.9, -24.0, 160.5, -3533.1, -21.4, 150, 150, 150
L 143.9, -3554.5, -27.1, 158.3, -3554.9, -24.0, 150, 150, 150
L 133.2, -3550.9, -27.4, 143.9, -3554.5, -27.1, 150, 150, 150
L 123.7, -3548.3, -27.6, 133.2, -3550.9, -27.4, 150, 150, 150
L 113.7, -3549.3, -27.6, 123.7, -3548.3, -27.6, 150, 150, 150
L 98.5, -3553.7, -27.5, 113.7, -3549.3, -27.6, 150, 150, 150
L 81.2, -3545.0, -27.6, 98.5, -3553.7, -27.5, 150, 150, 150
L 63.2, -3552.4, -27.5, 81.2, -3545.0, -27.6, 150, 150, 150
L 49.8, -3551.3, -27.5, 63.2, -3552.4, -27.5, 150, 150, 150
L 32.3, -3550.2, -27.6, 49.8, -3551.3, -27.5, 150, 150, 150
L 10.5, -3547.6, -27.6, 32.3, -3550.2, -27.6, 150, 150, 150
L -2.9, -3551.5, -27.5, 10.5, -3547.6, -27.6, 150, 150, 150
L -19.3, -3543.5, -27.6, -2.9, -3551.5, -27.5, 150, 150, 150
L -31.1, -3555.1, -27.5, -19.3, -3543.5, -27.6, 150, 150, 150
L -45.8, -3549.3, -27.6, -31.1, -3555.1, -27.5, 150, 150, 150
L -58.9, -3554.6, -27.5, -45.8, -3549.3, -27.6, 150, 150, 150
L -70.6, -3548.4, -27.6, -58.9, -3554.6, -27.5, 150, 150, 150
L -82.0, -3550.9, -27.5, -70.6, -3548.4, -27.6, 150, 150, 150
L -94.4, -3546.2, -27.6, -82.0, -3550.9, -27.5, 150, 150, 150
L -102.8, -3555.2, -27.5, -94.4, -3546.2, -27.6, 150, 150, 150
L -122.0, -3542.5, -27.6, -102.8, -3555.2, -27.5, 150, 150, 150
L -123.7, -3546.5, -27.6, -122.0, -3542.5, -27.6, 150, 150, 150
L -134.9, -3555.2, -27.5, -123.7, -3546.5, -27.6, 150, 150, 150
L -144.3, -3552.8, -27.5, -134.9, -3555.2, -27.5, 150, 150, 150
L -151.0, -3554.7, -27.5, -144.3, -3552.8, -27.5, 150, 150, 150
L -166.2, -3550.4, -27.5, -151.0, -3554.7, -27.5, 150, 150, 150
L -178.7, -3547.6, -27.6, -166.2, -3550.4, -27.5, 150, 150, 150
L -193.0, -3548.5, -27.6, -178.7, -3547.6, -27.6, 150, 150, 150
L -202.7, -3553.1, -27.5, -193.0, -3548.5, -27.6, 150, 150, 150
L -224.7, -3544.1, -27.6, -202.7, -3553.1, -27.5, 150, 150, 150
L -239.3, -3550.6, -27.5, -224.7, -3544.1, -27.6, 150, 150, 150
L -248.9, -3551.8, -27.5, -239.3, -3550.6, -27.5, 150, 150, 150
L -270.9, -3545.5, -27.6, -248.9, -3551.8, -27.5, 150, 150, 150
L -293.6, -3551.2, -27.5, -270.9, -3545.5, -27.6, 150, 150, 150
L -317.8, -3550.3, -27.6, -293.6, -3551.2, -27.5, 150, 150, 150
L -335.8, -3553.6, -27.5, -317.8, -3550.3, -27.6, 150, 150, 150
L -360.8, -3553.8, -27.5, -335.8, -3553.6, -27.5, 150, 150, 150
L -384.0, -3547.9, -27.6, -360.8, -3553.8, -27.5, 150, 150, 150
L -398.8, -3555.7, -27.5, -384.0, -3547.9, -27.6, 150, 150, 150
L -420.5, -3546.4, -27.6, -398.8, -3555.7, -27.5, 150, 150, 150
L -446.9, -3550.8, -27.5, -420.5, -3546.4, -27.6, 150, 150, 150
L -461.8, -3552.6, -27.5, -446.9, -3550.8, -27.5, 150, 150, 150
L -471.9, -3547.5, -27.6, -461.8, -3552.6, -27.5, 150, 150, 150
L -485.7, -3548.8, -27.6, -471.9, -3547.5, -27.6, 150, 150, 150
L -500.6, -3551.5, -27.5, -485.7, -3548.8, -27.6, 150, 150, 150
L -510.5, -3541.8, -27.6, -500.6, -3551.5, -27.5, 150, 150, 150
L -519.4, -3540.8, -27.6, -510.5, -3541.8, -27.6, 150, 150, 150
L -538.1, -3553.6, -27.5, -519.4, -3540.8, -27.6, 150, 150, 150
L -557.2, -3551.2, -27.5, -538.1, -3553.6, -27.5, 150, 150, 150
L -568.1, -3548.6, -27.6, -557.2, -3551.2, -27.5, 150, 150, 150
L -575.6, -3548.4, -27.6, -568.1, -3548.6, -27.6, 150, 150, 150
L -587.3, -3546.7, -27.6, -575.6, -3548.4, -27.6, 150, 150, 150
L -599.7, -3552.8, -27.5, -587.3, -3546.7, -27.6, 150, 150, 150
L -619.7, -3543.8, -27.6, -599.7, -3552.8, -27.5, 150, 150, 150
L -633.1, -3551.5, -27.5, -619.7, -3543.8, -27.6, 150, 150, 150
L -646.1, -3549.2, -27.6, -633.1, -3551.5, -27.5, 150, 150, 150
L -668.3, -3548.3, -27.6, -646.1, -3549.2, -27.6, 150, 150, 150
L -686.9, -3547.2, -27.6, -668.3, -3548.3, -27.6, 150, 150, 150
L -700.4, -3551.9, -27.5, -686.9, -3547.2, -27.6, 150, 150, 150
L -716.5, -3546.6, -27.6, -700.4, -3551.9, -27.5, 150, 150, 150
L -754.1, -3553.6, -26.9, -716.5, -3546.6, -27.6, 150, 150, 150
L -769.7, -3550.9, -25.8, -754.1, -3553.6, -26.9, 150, 150, 150
L -801.9, -3552.4, -25.9, -769.7, -3550.9, -25.8, 150, 150, 150
L -821.0, -3546.2, -25.5, -801.9, -3552.4, -25.9, 150, 150, 150
L -845.2, -3554.6, -25.9, -821.0, -3546.2, -25.5, 150, 150, 150
L -845.1, -3575.2, -27.1, -845.2, -3554.6, -25.9, 150, 150, 150
L -866.8, -3554.3, 1.9, -845.1, -3575.2, -27.1, 150, 150, 150
L -868.4, -3549.5, 4.2, -866.8, -3554.3, 1.9, 150, 150, 150
L -889.3, -3521.4, 32.3, -868.4, -3549.5, 4.2, 150, 150, 150
L -844.9, -3477.2, -21.0, -889.3, -3521.4, 32.3, 150, 150, 150
L -858.6, -3466.8, -15.4, -844.9, -3477.2, -21.0, 150, 150, 150
L -882.5, -3453.8, 0.0, -858.6, -3466.8, -15.4, 150, 150, 150
L -892.7, -3440.1, -2.2, -882.5, -3453.8, 0.0, 150, 150, 150
L -910.7, -3432.7, 11.5, -892.7, -3440.1, -2.2, 150, 150, 150
L -919.0, -3400.5, -12.5, -910.7, -3432.7, 11.5, 150, 150, 150
L -934.3, -3397.6, 0.9, -919.0, -3400.5, -12.5, 150, 150, 150
L -934.7, -3389.4, -8.2, -934.3, -3397.6, 0.9, 150, 150, 150
L -941.9, -3377.8, -9.9, -934.7, -3389.4, -8.2, 150, 150, 150
L -950.8, -3339.9, -15.9, -941.9, -3377.8, -9.9, 150, 150, 150
L -965.8, -3336.2, -16.2, -950.8, -3339.9, -15.9, 150, 150, 150
L -972.1, -3334.3, -16.5, -965.8, -3336.2, -16.2, 150, 150, 150
L -981.1, -3332.6, -16.6, -972.1, -3334.3, -16.5, 150, 150, 150
L -992.2, -3326.8, -17.4, -981.1, -3332.6, -16.6, 150, 150, 150
L -996.5, -3316.7, -19.2, -992.2, -3326.8, -17.4, 150, 150, 150
L -1005.9, -3297.6, -22.6, -996.5, -3316.7, -19.2, 150, 150, 150
L -1011.8, -3286.6, -24.5, -1005.9, -3297.6, -22.6, 150, 150, 150
L -1015.1, -3276.1, -26.4, -1011.8, -3286.6, -24.5, 150, 150, 150
L -1045.2, -3276.1, -25.6, -1015.1, -3276.1, -26.4, 150, 150, 150
L -1073.5, -3256.0, -4.0, -1045.2, -3276.1, -25.6, 150, 150, 150
L -1087.0, -3246.5, 6.6, -1073.5, -3256.0, -4.0, 150, 150, 150
L -1098.1, -3236.7, 12.8, -1087.0, -3246.5, 6.6, 150, 150, 150
L -1106.2, -3214.9, 3.0, -1098.1, -3236.7, 12.8, 150, 150, 150
L -1146.0, -3177.8, 23.4, -1106.2, -3214.9, 3.0, 150, 150, 150
L -1155.6, -3167.6, 25.6, -1146.0, -3177.8, 23.4, 150, 150, 150
L -1189.2, -3133.5, 34.3, -1155.6, -3167.6, 25.6, 150, 150, 150
L -1207.5, -3130.4, 61.2, -1189.2, -3133.5, 34.3, 150, 150, 150
L -1207.8, -3115.3, 40.2, -1207.5, -3130.4, 61.2, 150, 150, 150
L -1218.0, -3102.6, 41.2, -1207.8, -3115.3, 40.2, 150, 150, 150
L -1234.8, -3089.7, 49.9, -1218.0, -3102.6, 41.2, 150, 150, 150
L -1243.5, -3080.2, 51.0, -1234.8, -3089.7, 49.9, 150, 150, 150
L -1224.6, -3069.7, 33.7, -1243.5, -3080.2, 51.0, 150, 150, 150
L -1221.7, -3059.9, 25.9, -1224.6, -3069.7, 33.7, 150, 150, 150
L -1214.6, -3043.9, 12.0, -1221.7, -3059.9, 25.9, 150, 150, 150
L -1215.6, -3025.4, 1.0, -1214.6, -3043.9, 12.0, 150, 150, 150
L -1215.1, -3020.1, -2.5, -1215.6, -3025.4, 1.0, 150, 150, 150
L -1209.9, -3012.2, -10.3, -1215.1, -3020.1, -2.5, 150, 150, 150
L -1195.3, -2992.7, -3.7, -1209.9, -3012.2, -10.3, 150, 150, 150
L -1192.2, -2978.0, -0.6, -1195.3, -2992.7, -3.7, 150, 150, 150
L -1174.1, -2933.7, 8.8, -1192.2, -2978.0, -0.6, 150, 150, 150
L -1189.1, -2913.5, 7.8, -1174.1, -2933.7, 8.8, 150, 150, 150
L -1186.8, -2891.6, 10.3, -1189.1, -2913.5, 7.8, 150, 150, 150
L -1196.1, -2880.3, 9.6, -1186.8, -2891.6, 10.3, 150, 150, 150
L -1195.2, -2857.8, 7.7, -1196.1, -2880.3, 9.6, 150, 150, 150
L -1210.2, -2840.7, 2.6, -1195.2, -2857.8, 7.7, 150, 150, 150
L -1207.9, -2836.5, 2.4, -1210.2, -2840.7, 2.6, 150, 150, 150
L -1209.2, -2817.8, -0.3, -1207.9, -2836.5, 2.4, 150, 150, 150
L -1213.5, -2808.0, -2.4, -1209.2, -2817.8, -0.3, 150, 150, 150
L -1218.1, -2800.9, -4.4, -1213.5, -2808.0, -2.4, 150, 150, 150
L -1221.3, -2792.3, -6.5, -1218.1, -2800.9, -4.4, 150, 150, 150
L -1226.0, -2784.3, -8.7, -1221.3, -2792.3, -6.5, 150, 150, 150
L -1238.9, -2777.9, -11.6, -1226.0, -2784.3, -8.7, 150, 150, 150
L -1246.2, -2773.8, -13.2, -1238.9, -2777.9, -11.6, 150, 150, 150
L -1254.5, -2757.6, -15.3, -1246.2, -2773.8, -13.2, 150, 150, 150
L -1269.6, -2748.9, -15.9, -1254.5, -2757.6, -15.3, 150, 150, 150
L -1277.5, -2747.3, -15.8, -1269.6, -2748.9, -15.9, 150, 150, 150
L -1288.1, -2744.4, -15.8, -1277.5, -2747.3, -15.8, 150, 150, 150
L -1299.9, -2745.6, -15.2, -1288.1, -2744.4, -15.8, 150, 150, 150
L -1310.8, -2739.3, -15.7, -1299.9, -2745.6, -15.2, 150, 150, 150
L -1322.3, -2730.0, -16.6, -1310.8, -2739.3, -15.7, 150, 150, 150
L -1345.8, -2721.5, -16.9, -1322.3, -2730.0, -16.6, 150, 150, 150
L -1422.7, -2698.9, 137.8, -1345.8, -2721.5, -16.9, 150, 150, 150
L -1422.7, -2676.7, 134.7, -1422.7, -2698.9, 137.8, 0, 125, 0
L -1422.7, -2664.0, 124.7, -1422.7, -2676.7, 134.7, 0, 0, 0
L -295.9, -2676.1, -28.0, -295.8, -2676.0, -28.0, 205, 133, 63
L -301.5, -2689.8, -28.0, -295.9, -2676.1, -28.0, 205, 133, 63
L -298.5, -2694.4, -28.0, -301.5, -2689.8, -28.0, 205, 133, 63
L -295.2, -2709.3, -28.0, -298.5, -2694.4, -28.0, 205, 133, 63
L -292.0, -2713.0, -28.0, -295.2, -2709.3, -28.0, 205, 133, 63
L -296.5, -2725.6, -28.0, -292.0, -2713.0, -28.0, 205, 133, 63
L -304.2, -2743.3, -28.0, -296.5, -2725.6, -28.0, 205, 133, 63
L -299.5, -2751.1, -28.0, -304.2, -2743.3, -28.0, 205, 133, 63
L -296.0, -2758.4, -28.0, -299.5, -2751.1, -28.0, 205, 133, 63
L -294.2, -2766.7, -28.0, -296.0, -2758.4, -28.0, 205, 133, 63
L -301.0, -2782.3, -28.0, -294.2, -2766.7, -28.0, 205, 133, 63
L -304.0, -2793.1, -28.0, -301.0, -2782.3, -28.0, 205, 133, 63
L -296.5, -2799.1, -28.0, -304.0, -2793.1, -28.0, 205, 133, 63
L -294.4, -2805.2, -28.0, -296.5, -2799.1, -28.0, 205, 133, 63
L -288.1, -2816.0, -28.0, -294.4, -2805.2, -28.0, 205, 133, 63
L -297.0, -2825.8, -28.0, -288.1, -2816.0, -28.0, 205, 133, 63
L -305.8, -2843.9, -28.0, -297.0, -2825.8, -28.0, 205, 133, 63
L -294.9, -2857.4, -28.0, -305.8, -2843.9, -28.0, 205, 133, 63
L -295.6, -2876.6, -28.0, -294.9, -2857.4, -28.0, 205, 133, 63
L -295.3, -2885.7, -28.0, -295.6, -2876.6, -28.0, 205, 133, 63
L -295.0, -2893.3, -28.0, -295.3, -2885.7, -28.0, 205, 133, 63
L -306.6, -2904.8, -28.0, -295.0, -2893.3, -28.0, 205, 133, 63
L -295.9, -3498.3, -27.8, -295.7, -3514.6, -27.8, 205, 133, 63
L -294.3, -3463.0, -28.0, -295.9, -3498.3, -27.8, 205, 133, 63
L -304.4, -3441.6, -28.0, -294.3, -3463.0, -28.0, 205, 133, 63
L -290.2, -3420.9, -28.0, -304.4, -3441.6, -28.0, 205, 133, 63
L -293.3, -3402.8, -28.0, -290.2, -3420.9, -28.0, 205, 133, 63
L -300.7, -3396.2, -28.0, -293.3, -3402.8, -28.0, 205, 133, 63
L -292.3, -3368.8, -28.0, -300.7, -3396.2, -28.0, 205, 133, 63
L -303.7, -3346.0, -28.0, -292.3, -3368.8, -28.0, 205, 133, 63
L -291.3, -3317.3, -28.0, -303.7, -3346.0, -28.0, 205, 133, 63
L -298.7, -3295.4, -28.0, -291.3, -3317.3, -28.0, 205, 133, 63
L -292.3, -3268.0, -28.0, -298.7, -3295.4, -28.0, 205, 133, 63
L -302.3, -3246.2, -28.0, -292.3, -3268.0, -28.0, 205, 133, 63
L -286.8, -3217.8, -28.0, -302.3, -3246.2, -28.0, 205, 133, 63
L -300.6, -3191.1, -28.0, -286.8, -3217.8, -28.0, 205, 133, 63
L -293.7, -3171.0, -28.0, -300.6, -3191.1, -28.0, 205, 133, 63
L -302.0, -3145.4, -28.0, -293.7, -3171.0, -28.0, 205, 133, 63
L -289.6, -3115.1, -28.0, -302.0, -3145.4, -28.0, 205, 133, 63
L -292.6, -3103.6, -28.0, -289.6, -3115.1, -28.0, 205, 133, 63
L -301.0, -3092.5, -28.0, -292.6, -3103.6, -28.0, 205, 133, 63
L -294.0, -3069.9, -28.0, -301.0, -3092.5, -28.0, 205, 133, 63
L -304.2, -3043.8, -28.0, -294.0, -3069.9, -28.0, 205, 133, 63
L -289.5, -3013.2, -28.0, -304.2, -3043.8, -28.0, 205, 133, 63
L -299.5, -2993.8, -28.0, -289.5, -3013.2, -28.0, 205, 133, 63
L -295.9, -2978.0, -28.0, -299.5, -2993.8, -28.0, 205, 133, 63
L -300.1, -2964.7, -28.0, -295.9, -2978.0, -28.0, 205, 133, 63
L -290.1, -2933.8, -28.0, -300.1, -2964.7, -28.0, 205, 133, 63
L -309.0, -2905.9, -28.0, -290.1, -2933.8, -28.0, 205, 133, 63
L -316.9, -2895.4, -28.0, -309.0, -2905.9, -28.0, 205, 133, 63
L -330.0, -2890.0, -28.0, -316.9, -2895.4, -28.0, 205, 133, 63
L -344.2, -2876.2, -28.0, -330.0, -2890.0, -28.0, 205, 133, 63
L -350.6, -2869.9, -28.0, -344.2, -2876.2, -28.0, 205, 133, 63
L -352.9, -2867.6, -28.0, -350.6, -2869.9, -28.0, 205, 133, 63
L -356.2, -2861.4, -28.0, -352.9, -2867.6, -28.0, 205, 133, 63
L -361.9, -2854.2, -28.0, -356.2, -2861.4, -28.0, 205, 133, 63
L -370.3, -2833.5, -28.0, -361.9, -2854.2, -28.0, 205, 133, 63
L -380.0, -2823.0, -28.0, -370.3, -2833.5, -28.0, 205, 133, 63
L -405.3, -2818.3, -27.8, -380.0, -2823.0, -28.0, 205, 133, 63
L -412.7, -2825.0, -26.5, -405.3, -2818.3, -27.8, 205, 133, 63
L -438.4, -2826.7, -24.0, -412.7, -2825.0, -26.5, 205, 133, 63
L -453.8, -2823.5, -23.6, -438.4, -2826.7, -24.0, 205, 133, 63
L -463.8, -2824.6, -23.5, -453.8, -2823.5, -23.6, 205, 133, 63
L -479.0, -2835.0, -22.5, -463.8, -2824.6, -23.5, 205, 133, 63
L -494.5, -2826.3, -23.3, -479.0, -2835.0, -22.5, 205, 133, 63
L -503.2, -2819.2, -23.9, -494.5, -2826.3, -23.3, 205, 133, 63
L -511.9, -2824.2, -22.4, -503.2, -2819.2, -23.9, 205, 133, 63
L -529.4, -2831.5, -19.6, -511.9, -2824.2, -22.4, 205, 133, 63
L -533.7, -2831.0, -19.3, -529.4, -2831.5, -19.6, 205, 133, 63
L -542.6, -2825.5, -19.5, -533.7, -2831.0, -19.3, 205, 133, 63
L -553.9, -2824.4, -19.5, -542.6, -2825.5, -19.5, 205, 133, 63
L -564.3, -2824.9, -19.4, -553.9, -2824.4, -19.5, 205, 133, 63
L -578.8, -2834.4, -17.7, -564.3, -2824.9, -19.4, 205, 133, 63
L -598.9, -2820.6, -20.1, -578.8, -2834.4, -17.7, 205, 133, 63
L -616.3, -2820.6, -21.4, -598.9, -2820.6, -20.1, 205, 133, 63
L -626.9, -2825.8, -21.8, -616.3, -2820.6, -21.4, 205, 133, 63
L -638.9, -2822.5, -23.1, -626.9, -2825.8, -21.8, 205, 133, 63
L -653.9, -2825.1, -23.4, -638.9, -2822.5, -23.1, 205, 133, 63
L -660.1, -2829.2, -23.1, -653.9, -2825.1, -23.4, 205, 133, 63
L -669.4, -2826.4, -23.3, -660.1, -2829.2, -23.1, 205, 133, 63
L -685.3, -2831.7, -22.8, -669.4, -2826.4, -23.3, 205, 133, 63
L -699.3, -2831.0, -23.6, -685.3, -2831.7, -22.8, 205, 133, 63
L -714.2, -2822.4, -25.0, -699.3, -2831.0, -23.6, 205, 133, 63
L -722.7, -2812.2, -25.8, -714.2, -2822.4, -25.0, 205, 133, 63
L -728.9, -2798.8, -26.4, -722.7, -2812.2, -25.8, 205, 133, 63
L -738.0, -2785.0, -27.2, -728.9, -2798.8, -26.4, 205, 133, 63
L -744.7, -2776.5, -27.9, -738.0, -2785.0, -27.2, 205, 133, 63
L -755.1, -2765.5, -28.0, -744.7, -2776.5, -27.9, 205, 133, 63
L -780.7, -2760.2, -28.0, -755.1, -2765.5, -28.0, 205, 133, 63
L -786.9, -2753.4, -28.0, -780.7, -2760.2, -28.0, 205, 133, 63
L -801.1, -2749.1, -28.0, -786.9, -2753.4, -28.0, 205, 133, 63
L -806.4, -2741.8, -28.0, -801.1, -2749.1, -28.0, 205, 133, 63
L -803.7, -2718.3, -28.0, -806.4, -2741.8, -28.0, 205, 133, 63
L -811.4, -2698.0, -27.8, -803.7, -2718.3, -28.0, 205, 133, 63
L -836.2, -2684.0, -27.9, -811.4, -2698.0, -27.8, 205, 133, 63
L -856.2, -2669.2, -28.0, -836.2, -2684.0, -27.9, 205, 133, 63
L -872.7, -2657.2, -28.0, -856.2, -2669.2, -28.0, 205, 133, 63
L -890.2, -2647.7, -28.0, -872.7, -2657.2, -28.0, 205, 133, 63
L -894.2, -2644.4, -28.0, -890.2, -2647.7, -28.0, 205, 133, 63
L -900.6, -2628.5, -28.0, -894.2, -2644.4, -28.0, 205, 133, 63
L -895.8, -2606.0, -28.0, -900.6, -2628.5, -28.0, 205, 133, 63
L -896.6, -2579.4, -28.0, -895.8, -2606.0, -28.0, 205, 133, 63
L -1407.5, -2662.4, 92.2, -1422.8, -2664.0, 124.8, 0, 0, 0
L -1389.6, -2660.4, 53.8, -1407.5, -2662.4, 92.2, 150, 150, 150
L -1356.2, -2666.3, -8.5, -1389.6, -2660.4, 53.8, 150, 150, 150
L -1345.9, -2666.6, -23.6, -1356.2, -2666.3, -8.5, 150, 150, 150
L -1329.4, -2655.7, -23.8, -1345.9, -2666.6, -23.6, 150, 150, 150
L -1316.9, -2608.7, -27.0, -1329.4, -2655.7, -23.8, 150, 150, 150
L -1318.5, -2592.7, -24.3, -1316.9, -2608.7, -27.0, 150, 150, 150
L -1320.5, -2577.3, -21.6, -1318.5, -2592.7, -24.3, 150, 150, 150
L -1329.7, -2569.3, -20.5, -1320.5, -2577.3, -21.6, 150, 150, 150
L -1314.6, -2552.9, -12.8, -1329.7, -2569.3, -20.5, 150, 150, 150
L -1296.5, -2527.4, -0.9, -1314.6, -2552.9, -12.8, 150, 150, 150
L -1264.1, -2530.5, 6.3, -1296.5, -2527.4, -0.9, 150, 150, 150
L -1247.0, -2535.7, 9.1, -1264.1, -2530.5, 6.3, 150, 150, 150
L -1235.0, -2526.5, 14.3, -1247.0, -2535.7, 9.1, 150, 150, 150
L -1219.8, -2528.5, 17.3, -1235.0, -2526.5, 14.3, 150, 150, 150
L -1205.7, -2511.2, 24.8, -1219.8, -2528.5, 17.3, 150, 150, 150
L -1195.6, -2512.7, 26.1, -1205.7, -2511.2, 24.8, 150, 150, 150
L -1188.0, -2517.6, 26.4, -1195.6, -2512.7, 26.1, 150, 150, 150
L -1149.4, -2552.2, 25.7, -1188.0, -2517.6, 26.4, 150, 150, 150
L -1147.1, -2546.9, 27.3, -1149.4, -2552.2, 25.7, 150, 150, 150
L -1126.6, -2527.4, 26.7, -1147.1, -2546.9, 27.3, 150, 150, 150
L -1095.8, -2549.7, 15.1, -1126.6, -2527.4, 26.7, 150, 150, 150
L -1094.9, -2531.0, 18.8, -1095.8, -2549.7, 15.1, 150, 150, 150
L -1093.7, -2518.4, 21.7, -1094.9, -2531.0, 18.8, 150, 150, 150
L -1086.7, -2510.8, 22.5, -1093.7, -2518.4, 21.7, 150, 150, 150
L -1073.9, -2522.1, 17.3, -1086.7, -2510.8, 22.5, 150, 150, 150
L -1061.8, -2522.4, 15.2, -1073.9, -2522.1, 17.3, 150, 150, 150
L -1044.6, -2523.4, 11.9, -1061.8, -2522.4, 15.2, 150, 150, 150
L -998.4, -2534.9, -3.3, -1044.6, -2523.4, 11.9, 150, 150, 150
L -984.8, -2518.8, -2.3, -998.4, -2534.9, -3.3, 150, 150, 150
L -960.8, -2522.0, -9.1, -984.8, -2518.8, -2.3, 150, 150, 150
L -931.1, -2522.5, -12.8, -960.8, -2522.0, -9.1, 150, 150, 150
L -922.8, -2544.6, -19.0, -931.1, -2522.5, -12.8, 150, 150, 150
L -902.8, -2520.7, -12.3, -922.8, -2544.6, -19.0, 150, 150, 150
L -888.8, -2527.0, -14.0, -902.8, -2520.7, -12.3, 150, 150, 150
L -862.1, -2518.1, -11.5, -888.8, -2527.0, -14.0, 150, 150, 150
L -832.9, -2523.6, -12.6, -862.1, -2518.1, -11.5, 150, 150, 150
L -811.5, -2526.4, -12.6, -832.9, -2523.6, -12.6, 150, 150, 150
L -790.0, -2519.1, -8.5, -811.5, -2526.4, -12.6, 150, 150, 150
L -772.6, -2532.6, -11.4, -790.0, -2519.1, -8.5, 150, 150, 150
L -739.7, -2527.8, -6.8, -772.6, -2532.6, -11.4, 150, 150, 150
L -727.2, -2544.1, -14.0, -739.7, -2527.8, -6.8, 150, 150, 150
L -710.0, -2539.6, -13.8, -727.2, -2544.1, -14.0, 150, 150, 150
L -692.8, -2543.5, -16.8, -710.0, -2539.6, -13.8, 150, 150, 150
L -679.2, -2548.6, -19.9, -692.8, -2543.5, -16.8, 150, 150, 150
L -647.7, -2554.2, -25.1, -679.2, -2548.6, -19.9, 150, 150, 150
L -626.0, -2556.9, -24.4, -647.7, -2554.2, -25.1, 150, 150, 150
L -605.3, -2536.8, -15.3, -626.0, -2556.9, -24.4, 150, 150, 150
L -588.5, -2536.2, -13.7, -605.3, -2536.8, -15.3, 150, 150, 150
L -578.7, -2538.2, -13.5, -588.5, -2536.2, -13.7, 150, 150, 150
L -566.2, -2532.7, -10.0, -578.7, -2538.2, -13.5, 150, 150, 150
L -550.1, -2533.5, -8.5, -566.2, -2532.7, -10.0, 150, 150, 150
L -536.4, -2510.0, 0.3, -550.1, -2533.5, -8.5, 150, 150, 150
L -531.0, -2509.6, 0.2, -536.4, -2510.0, 0.3, 150, 150, 150
L -524.0, -2521.4, -4.5, -531.0, -2509.6, 0.2, 150, 150, 150
L -490.0, -2524.0, -7.5, -524.0, -2521.4, -4.5, 150, 150, 150
L -453.4, -2527.0, -13.1, -490.0, -2524.0, -7.5, 150, 150, 150
L -430.0, -2530.6, -15.1, -453.4, -2527.0, -13.1, 150, 150, 150
L -413.8, -2534.7, -16.2, -430.0, -2530.6, -15.1, 150, 150, 150
L -401.1, -2537.6, -17.0, -413.8, -2534.7, -16.2, 150, 150, 150
L -356.4, -2555.8, -22.2, -401.1, -2537.6, -17.0, 150, 150, 150
L -342.4, -2575.8, -27.9, -356.4, -2555.8, -22.2, 150, 150, 150
L -328.1, -2583.0, -28.0, -342.4, -2575.8, -27.9, 150, 150, 150
L -317.3, -2592.8, -28.0, -328.1, -2583.0, -28.0, 150, 150, 150
L -283.0, -2599.5, -28.0, -317.3, -2592.8, -28.0, 150, 150, 150
L -283.0, -2617.2, -28.0, -283.0, -2599.5, -28.0, 150, 150, 150
L -264.3, -2626.5, -28.0, -283.0, -2617.2, -28.0, 150, 150, 150
L -244.3, -2623.3, -28.0, -264.3, -2626.5, -28.0, 150, 150, 150
L -223.9, -2618.8, -28.0, -244.3, -2623.3, -28.0, 150, 150, 150
L -205.8, -2606.7, -28.0, -223.9, -2618.8, -28.0, 150, 150, 150
L -197.7, -2609.7, -28.0, -205.8, -2606.7, -28.0, 150, 150, 150
L -170.5, -2592.2, -28.0, -197.7, -2609.7, -28.0, 150, 150, 150
L -157.1, -2585.0, -28.0, -170.5, -2592.2, -28.0, 150, 150, 150
L -142.7, -2559.6, -23.3, -157.1, -2585.0, -28.0, 150, 150, 150
L -129.2, -2557.0, -22.5, -142.7, -2559.6, -23.3, 150, 150, 150
L -106.0, -2528.8, -14.5, -129.2, -2557.0, -22.5, 150, 150, 150
L -62.0, -2528.0, -13.9, -106.0, -2528.8, -14.5, 150, 150, 150
L -33.5, -2540.6, -17.5, -62.0, -2528.0, -13.9, 150, 150, 150
L -11.6, -2524.6, -12.7, -33.5, -2540.6, -17.5, 150, 150, 150
L 7.8, -2533.1, -15.3, -11.6, -2524.6, -12.7, 150, 150, 150
L 26.0, -2518.2, -6.8, 7.8, -2533.1, -15.3, 150, 150, 150
L 62.7, -2526.5, -6.1, 26.0, -2518.2, -6.8, 150, 150, 150
L 79.2, -2522.7, -3.0, 62.7, -2526.5, -6.1, 150, 150, 150
L 116.9, -2512.3, -0.2, 79.2, -2522.7, -3.0, 150, 150, 150
L 167.4, -2527.0, -6.0, 116.9, -2512.3, -0.2, 150, 150, 150
L 177.5, -2514.3, -1.9, 167.4, -2527.0, -6.0, 150, 150, 150
L 190.0, -2510.9, -0.2, 177.5, -2514.3, -1.9, 150, 150, 150
L 214.6, -2509.3, 1.4, 190.0, -2510.9, -0.2, 150, 150, 150
L 224.8, -2487.4, 7.3, 214.6, -2509.3, 1.4, 150, 150, 150
L 254.7, -2478.7, 10.9, 224.8, -2487.4, 7.3, 150, 150, 150
L 269.1, -2481.4, 9.8, 254.7, -2478.7, 10.9, 150, 150, 150
L 275.5, -2493.0, 7.8, 269.1, -2481.4, 9.8, 150, 150, 150
L 307.1, -2497.9, 5.4, 275.5, -2493.0, 7.8, 150, 150, 150
L 326.9, -2528.7, 0.0, 307.1, -2497.9, 5.4, 150, 150, 150
L 371.8, -2522.4, -0.0, 326.9, -2528.7, 0.0, 150, 150, 150
L 393.6, -2511.0, 1.6, 371.8, -2522.4, -0.0, 150, 150, 150
L 422.9, -2515.9, -0.3, 393.6, -2511.0, 1.6, 150, 150, 150
L 435.8, -2502.4, -0.2, 422.9, -2515.9, -0.3, 150, 150, 150
L 427.6, -2485.0, 1.3, 435.8, -2502.4, -0.2, 150, 150, 150
L 442.2, -2484.0, 0.5, 427.6, -2485.0, 1.3, 150, 150, 150
L 456.4, -2473.8, 0.5, 442.2, -2484.0, 0.5, 150, 150, 150
L 459.6, -2484.3, -0.8, 456.4, -2473.8, 0.5, 150, 150, 150
L 470.5, -2496.7, -2.7, 459.6, -2484.3, -0.8, 150, 150, 150
L 476.6, -2505.3, -3.9, 470.5, -2496.7, -2.7, 150, 150, 150
L 479.4, -2521.3, -5.1, 476.6, -2505.3, -3.9, 150, 150, 150
L 492.4, -2529.9, -7.0, 479.4, -2521.3, -5.1, 150, 150, 150
L 492.5, -2548.3, -8.2, 492.4, -2529.9, -7.0, 150, 150, 150
L 504.2, -2574.6, -11.0, 492.5, -2548.3, -8.2, 150, 150, 150
L 503.8, -2608.8, -7.6, 504.2, -2574.6, -11.0, 150, 150, 150
L 513.4, -2617.8, -7.7, 503.8, -2608.8, -7.6, 150, 150, 150
L 514.7, -2650.1, -3.7, 513.4, -2617.8, -7.7, 150, 150, 150
L 542.4, -2653.9, -6.9, 514.7, -2650.1, -3.7, 150, 150, 150
L 545.8, -2669.3, -5.6, 542.4, -2653.9, -6.9, 150, 150, 150
L 554.1, -2676.0, -5.8, 545.8, -2669.3, -5.6, 150, 150, 150
L 584.9, -2691.1, -12.6, 554.1, -2676.0, -5.8, 150, 150, 150
L 593.0, -2695.1, -14.5, 584.9, -2691.1, -12.6, 150, 150, 150
L 613.7, -2728.3, -19.0, 593.0, -2695.1, -14.5, 150, 150, 150
L 637.4, -2742.4, -24.3, 613.7, -2728.3, -19.0, 150, 150, 150
L 651.7, -2772.3, -27.5, 637.4, -2742.4, -24.3, 150, 150, 150
L 703.6, -2819.0, 2.7, 651.7, -2772.3, -27.5, 150, 150, 150
L 713.3, -2811.2, 1.1, 703.6, -2819.0, 2.7, 150, 100, 0
L -114.7, 1080.7, 16.9, -122.1, 1111.6, 16.9, 0, 0, 0
L -145.8, 1073.6, 16.9, -114.7, 1080.7, 16.9, 0, 0, 0
L -153.3, 1104.4, 16.9, -145.8, 1073.6, 16.9, 0, 0, 0
L -122.3, 1111.5, 16.9, -153.3, 1104.4, 16.9, 0, 0, 0
L -122.0, 1112.1, 16.9, -112.8, 1079.4, -19.4, 0, 0, 0
L -154.1, 1104.7, 6.5, -122.0, 1112.1, 16.9, 0, 0, 0
L -147.7, 1070.5, -33.8, -154.1, 1104.7, 6.5, 0, 0, 0
L -113.0, 1079.2, -19.6, -147.7, 1070.5, -33.8, 0, 0, 0
L 487.0, 784.9, 9.3, 492.2, 783.0, 9.3, 150, 150, 150
L 481.9, 782.6, 9.3, 487.0, 784.9, 9.3, 150, 150, 150
L 479.9, 777.4, 9.3, 481.9, 782.6, 9.3, 150, 150, 150
L 482.1, 772.5, 9.3, 479.9, 777.4, 9.3, 150, 150, 150
L 487.6, 770.3, 9.3, 482.1, 772.5, 9.3, 150, 150, 150
L 492.6, 772.6, 9.3, 487.6, 770.3, 9.3, 150, 150, 150
L 494.5, 777.7, 9.3, 492.6, 772.6, 9.3, 150, 150, 150
L 492.2, 783.0, 9.3, 494.5, 777.7, 9.3, 150, 150, 150
L 475.6, 778.6, 6.6, 481.1, 788.8, 6.6, 150, 150, 150
L 481.7, 768.8, 6.6, 475.6, 778.6, 6.6, 150, 150, 150
L 493.4, 769.2, 6.6, 481.7, 768.8, 6.6, 150, 150, 150
L 498.8, 779.5, 6.6, 493.4, 769.2, 6.6, 150, 150, 150
L 492.4, 789.3, 6.6, 498.8, 779.5, 6.6, 150, 150, 150
L 480.9, 788.7, 6.6, 492.4, 789.3, 6.6, 150, 150, 150
L 467.6, 783.5, 3.8, 476.4, 800.8, 3.8, 150, 150, 150
L 477.9, 767.4, 3.8, 467.6, 783.5, 3.8, 150, 150, 150
L 497.5, 768.3, 3.8, 477.9, 767.4, 3.8, 150, 150, 150
L 506.3, 785.3, 3.8, 497.5, 768.3, 3.8, 150, 150, 150
L 496.0, 801.5, 3.8, 506.3, 785.3, 3.8, 150, 150, 150
L 476.3, 800.7, 3.8, 496.0, 801.5, 3.8, 150, 150, 150
L 467.7, 783.3, 3.8, 476.3, 800.7, 3.8, 150, 150, 150
L 502.2, 767.3, 2.4, 473.4, 766.0, 2.4, 150, 150, 150
L 515.7, 793.2, 2.4, 502.2, 767.3, 2.4, 150, 150, 150
L 500.1, 817.8, 2.4, 515.7, 793.2, 2.4, 150, 150, 150
L 471.1, 816.7, 2.4, 500.1, 817.8, 2.4, 150, 150, 150
L 457.4, 790.5, 2.4, 471.1, 816.7, 2.4, 150, 150, 150
L 457.4, 790.4, 2.4, 457.4, 790.5, 2.4, 150, 150, 150
L 473.0, 766.2, 2.4, 457.4, 790.4, 2.4, 150, 150, 150
L 167.8, 318.6, -84.6, 167.8, 311.3, -76.7, 0, 0, 0
L 167.8, 339.6, -84.5, 167.8, 318.6, -84.6, 0, 0, 0
L 167.8, 354.1, -79.9, 167.8, 339.6, -84.5, 0, 0, 0
L 181.0, 354.1, -78.6, 167.8, 354.1, -79.9, 0, 0, 0
L 210.5, 354.1, -79.2, 181.0, 354.1, -78.6, 0, 0, 0
L 210.5, 341.6, -84.5, 210.5, 354.1, -79.2, 0, 0, 0
L 210.5, 317.9, -84.6, 210.5, 341.6, -84.5, 0, 0, 0
L 210.5, 311.3, -77.5, 210.5, 317.9, -84.6, 0, 0, 0
L 167.8, 311.3, -76.7, 210.5, 311.3, -77.5, 0, 0, 0
L 167.4, 327.6, -84.2, 163.3, 327.6, -84.2, 0, 0, 0
L 163.2, 339.2, -84.2, 167.3, 339.2, -84.2, 0, 0, 0
L 162.9, 322.8, -84.4, 154.4, 322.8, -84.4, 0, 0, 0
L 154.2, 319.7, -85.6, 162.9, 319.8, -85.9, 0, 0, 0
L 154.0, 324.6, -90.7, 154.2, 319.7, -85.6, 0, 0, 0
L 154.1, 342.5, -84.9, 154.0, 324.6, -90.7, 0, 0, 0
L 158.7, 342.6, -84.4, 162.9, 341.1, -84.4, 0, 0, 0
L 154.0, 342.6, -84.9, 158.7, 342.6, -84.4, 0, 0, 0
L 162.9, 341.2, -84.4, 162.9, 358.3, -79.1, 0, 0, 0
L 162.9, 322.9, -84.4, 162.9, 341.2, -84.4, 0, 0, 0
L 162.9, 320.1, -86.0, 162.9, 322.9, -84.4, 0, 0, 0
L 162.9, 306.6, -71.5, 162.9, 320.1, -86.0, 0, 0, 0
L 215.4, 307.0, -72.9, 162.9, 306.6, -71.5, 0, 0, 0
L 215.4, 324.6, -91.9, 215.4, 307.0, -72.9, 0, 0, 0
L 215.4, 358.6, -77.3, 215.4, 324.6, -91.9, 0, 0, 0
L 215.2, 358.9, -77.2, 215.4, 358.6, -77.3, 0, 0, 0
L 214.5, 358.9, -77.1, 215.2, 358.9, -77.2, 0, 0, 0
L 184.8, 358.9, -76.7, 214.5, 358.9, -77.1, 0, 0, 0
L 163.3, 358.9, -78.8, 184.8, 358.9, -76.7, 0, 0, 0
L -332.6, -46.2, -35.1, -333.6, -44.4, -35.1, 100, 50, 0
L -334.1, -47.7, -34.5, -332.6, -46.2, -35.1, 100, 50, 0
L -333.5, -49.2, -35.0, -334.1, -47.7, -34.5, 100, 50, 0
L -331.7, -47.9, -34.7, -333.5, -49.2, -35.0, 100, 50, 0
L -330.4, -49.7, -34.7, -331.7, -47.9, -34.7, 100, 50, 0
L -328.9, -49.0, -35.1, -330.4, -49.7, -34.7, 100, 50, 0
L -330.2, -47.1, -34.7, -328.9, -49.0, -35.1, 100, 50, 0
L -328.4, -46.2, -35.1, -330.2, -47.1, -34.7, 100, 50, 0
L -328.8, -44.6, -35.2, -328.4, -46.2, -35.1, 100, 50, 0
L -330.9, -45.8, -34.6, -328.8, -44.6, -35.2, 100, 50, 0
L -331.8, -43.4, -35.2, -330.9, -45.8, -34.6, 100, 50, 0
L -333.6, -44.4, -35.1, -331.8, -43.4, -35.2, 100, 50, 0
L -329.9, -49.3, -34.2, -332.6, -44.2, -34.2, 255, 0, 0
L -333.4, -48.0, -34.2, -328.9, -45.6, -34.2, 255, 0, 0
L -382.3, -50.8, -9.1, -394.3, -52.4, -14.2, 100, 50, 0
L -382.5, -50.0, -9.1, -382.3, -50.8, -9.1, 100, 50, 0
L -394.0, -51.6, -14.1, -382.5, -50.0, -9.1, 100, 50, 0
L -393.6, -52.0, -13.8, -396.1, -34.1, -36.4, 100, 50, 0
L -391.8, -68.7, -35.2, -393.6, -52.0, -13.8, 100, 50, 0
L -432.8, -75.1, -36.3, -391.8, -68.7, -35.2, 100, 50, 0
L -435.0, -57.8, -33.3, -432.8, -75.1, -36.3, 100, 50, 0
L -437.8, -40.1, -36.5, -435.0, -57.8, -33.3, 100, 50, 0
L -395.9, -34.3, -36.4, -437.8, -40.1, -36.5, 100, 50, 0
L -355.9, -23.1, -9.2, -350.0, -13.6, -14.3, 100, 50, 0
L -355.5, -23.9, -9.0, -355.9, -23.1, -9.2, 100, 50, 0
L -349.2, -14.3, -14.2, -355.5, -23.9, -9.0, 100, 50, 0
L -327.9, 21.6, -33.4, -325.9, 25.4, -36.9, 100, 50, 0
L -326.9, 21.2, -33.7, -327.9, 21.6, -33.4, 100, 50, 0
L -324.6, 24.8, -36.9, -326.9, 21.2, -33.7, 100, 50, 0
L -325.9, 25.4, -36.8, -324.6, 24.8, -36.9, 100, 50, 0
L -350.4, -13.9, -14.2, -365.2, -4.5, -36.2, 100, 50, 0
L -335.2, -23.3, -35.6, -350.4, -13.9, -14.2, 100, 50, 0
L -312.0, 11.3, -36.8, -335.2, -23.3, -35.6, 100, 50, 0
L -327.3, 20.8, -33.2, -312.0, 11.3, -36.8, 100, 50, 0
L -339.3, 28.7, -35.7, -327.3, 20.8, -33.2, 100, 50, 0
L -342.7, 29.1, -35.6, -339.3, 28.7, -35.7, 100, 50, 0
L -345.2, 26.2, -36.3, -342.7, 29.1, -35.6, 100, 50, 0
L -365.2, -4.5, -36.4, -345.2, 26.2, -36.3, 100, 50, 0
L -386.6, -19.4, -9.2, -396.2, -13.1, -14.3, 100, 50, 0
L -387.1, -19.9, -9.2, -386.6, -19.4, -9.2, 100, 50, 0
L -396.8, -13.9, -14.3, -387.1, -19.9, -9.2, 100, 50, 0
L -431.9, 7.7, -33.3, -435.7, 10.0, -36.2, 100, 50, 0
L -431.4, 8.5, -33.3, -431.9, 7.7, -33.3, 100, 50, 0
L -434.8, 11.0, -36.2, -431.4, 8.5, -33.3, 100, 50, 0
L -435.7, 10.0, -36.2, -434.8, 11.0, -36.2, 100, 50, 0
L -431.5, 8.0, -33.1, -440.9, -6.8, -36.3, 100, 50, 0
L -421.7, 22.8, -36.2, -431.5, 8.0, -33.1, 100, 50, 0
L -386.3, 1.6, -36.6, -421.7, 22.8, -36.2, 100, 50, 0
L -396.1, -13.8, -13.8, -386.3, 1.6, -36.6, 100, 50, 0
L -405.2, -28.8, -36.1, -396.1, -13.8, -13.8, 100, 50, 0
L -441.0, -6.8, -36.3, -405.2, -28.8, -36.1, 100, 50, 0
L -1270.0, 1235.1, 3.7, -1266.5, 1231.0, 3.7, 255, 0, 0
L -1270.0, 1231.3, 3.7, -1265.9, 1234.8, 3.7, 255, 0, 0
L -1269.8, 1230.2, 3.0, -1271.0, 1231.8, 3.2, 100, 50, 0
L -1268.2, 1231.7, 3.2, -1269.8, 1230.2, 3.0, 100, 50, 0
L -1266.7, 1229.9, 2.9, -1268.2, 1231.7, 3.2, 100, 50, 0
L -1265.6, 1230.9, 3.2, -1266.7, 1229.9, 2.9, 100, 50, 0
L -1267.1, 1232.8, 3.3, -1265.6, 1230.9, 3.2, 100, 50, 0
L -1265.1, 1234.3, 2.8, -1267.1, 1232.8, 3.3, 100, 50, 0
L -1266.3, 1235.7, 2.8, -1265.1, 1234.3, 2.8, 100, 50, 0
L -1268.1, 1234.4, 3.1, -1266.3, 1235.7, 2.8, 100, 50, 0
L -1269.6, 1235.9, 3.2, -1268.1, 1234.4, 3.1, 100, 50, 0
L -1270.5, 1235.0, 3.4, -1269.6, 1235.9, 3.2, 100, 50, 0
L -1269.4, 1233.2, 2.2, -1270.5, 1235.0, 3.4, 100, 50, 0
L -1271.0, 1231.8, 2.2, -1269.4, 1233.2, 2.2, 100, 50, 0
L -1255.0, 1268.3, 1.5, -1275.0, 1264.7, 1.6, 100, 50, 0
L -1258.4, 1288.1, 1.1, -1255.0, 1268.3, 1.5, 100, 50, 0
L -1278.5, 1284.8, 1.2, -1258.4, 1288.1, 1.1, 100, 50, 0
L -1275.1, 1264.8, 1.6, -1278.5, 1284.8, 1.2, 100, 50, 0
L -1310.1, 1276.0, 1.7, -1322.7, 1260.4, 1.9, 100, 50, 0
L -1294.1, 1263.2, 1.6, -1310.1, 1276.0, 1.7, 100, 50, 0
L -1303.7, 1251.5, 1.8, -1294.1, 1263.2, 1.6, 100, 50, 0
L -1307.2, 1247.6, 1.9, -1303.7, 1251.5, 1.8, 100, 50, 0
L -1323.1, 1260.4, 1.9, -1307.2, 1247.6, 1.9, 100, 50, 0
L -1304.6, 1232.8, 2.2, -1298.4, 1224.9, 2.4, 100, 50, 0
L -1313.5, 1231.5, 2.2, -1304.6, 1232.8, 2.2, 100, 50, 0
L -1317.2, 1223.0, 2.5, -1313.5, 1231.5, 2.2, 100, 50, 0
L -1311.8, 1215.8, 3.1, -1317.2, 1223.0, 2.5, 100, 50, 0
L -1302.9, 1217.0, 3.0, -1311.8, 1215.8, 3.1, 100, 50, 0
L -1298.4, 1224.9, 2.4, -1302.9, 1217.0, 3.0, 100, 50, 0
L -1083.5, 949.2, 94.9, -1085.4, 954.7, 94.9, 0, 0, 0
L -1078.7, 935.2, 94.9, -1083.5, 949.2, 94.9, 0, 0, 0
L -1077.6, 933.7, 94.9, -1078.7, 935.2, 94.9, 0, 0, 0
L -1075.9, 933.3, 94.9, -1077.6, 933.7, 94.9, 0, 0, 0
L -1061.0, 929.8, 94.9, -1075.9, 933.3, 94.9, 0, 0, 0
L -1052.5, 927.8, 94.9, -1061.0, 929.8, 94.9, 0, 0, 0
L -1051.2, 927.3, 94.6, -1052.5, 927.8, 94.9, 0, 0, 0
L -1049.8, 927.4, 94.6, -1051.2, 927.3, 94.6, 0, 0, 0
L -1039.2, 936.7, 94.6, -1049.8, 927.4, 94.6, 0, 0, 0
L -1029.5, 945.2, 94.6, -1039.2, 936.7, 94.6, 0, 0, 0
L -1020.2, 953.4, 94.6, -1029.5, 945.2, 94.6, 0, 0, 0
L -1008.8, 963.4, 94.6, -1020.2, 953.4, 94.6, 0, 0, 0
L -1001.5, 979.1, 94.6, -1008.8, 963.4, 94.6, 0, 0, 0
L -997.1, 990.5, 94.6, -1001.5, 979.1, 94.6, 0, 0, 0
L -995.5, 995.5, 99.0, -997.1, 990.5, 94.6, 0, 0, 0
L -997.3, 996.1, 105.6, -995.5, 995.5, 99.0, 0, 0, 0
L -1001.2, 1000.6, 111.7, -997.3, 996.1, 105.6, 0, 0, 0
L -1009.5, 1012.6, 119.4, -1001.2, 1000.6, 111.7, 0, 0, 0
L -1018.2, 1025.1, 127.9, -1009.5, 1012.6, 119.4, 0, 0, 0
L -1032.1, 1045.3, 140.1, -1018.2, 1025.1, 127.9, 0, 0, 0
L -1034.8, 1048.0, 144.8, -1032.1, 1045.3, 140.1, 0, 0, 0
L -1036.3, 1049.1, 143.3, -1034.8, 1048.0, 144.8, 0, 0, 0
L -1041.4, 1053.0, 137.9, -1036.3, 1049.1, 143.3, 0, 0, 0
L -1053.4, 1062.1, 125.3, -1041.4, 1053.0, 137.9, 0, 0, 0
L -1063.2, 1068.5, 117.3, -1053.4, 1062.1, 125.3, 0, 0, 0
L -1066.7, 1070.6, 115.0, -1063.2, 1068.5, 117.3, 0, 0, 0
L -1067.4, 1070.8, 114.5, -1066.7, 1070.6, 115.0, 0, 0, 0
L -1085.4, 1076.0, 101.9, -1067.4, 1070.8, 114.5, 0, 0, 0
L -1088.3, 1075.0, 103.2, -1085.4, 1076.0, 101.9, 0, 0, 0
L -1097.4, 1069.9, 97.9, -1088.3, 1075.0, 103.2, 0, 0, 0
L -1102.7, 1066.9, 94.9, -1097.4, 1069.9, 97.9, 0, 0, 0
L -1102.9, 1064.8, 95.4, -1102.7, 1066.9, 94.9, 0, 0, 0
L -1102.2, 1053.4, 95.4, -1102.9, 1064.8, 95.4, 0, 0, 0
L -1100.0, 997.2, 95.1, -1102.2, 1053.4, 95.4, 0, 0, 0
L -1099.6, 995.9, 95.0, -1100.0, 997.2, 95.1, 0, 0, 0
L -1094.2, 980.2, 95.0, -1099.6, 995.9, 95.0, 0, 0, 0
L -1084.6, 952.2, 95.0, -1094.2, 980.2, 95.0, 0, 0, 0
L -1141.4, -890.0, 137.8, -1141.4, -892.2, 137.8, 150, 100, 0
L -1141.0, -882.2, 137.8, -1141.4, -890.0, 137.8, 150, 100, 0
L -1140.9, -880.5, 137.8, -1141.0, -882.2, 137.8, 150, 100, 0
L -1140.1, -877.9, 138.0, -1140.9, -880.5, 137.8, 150, 100, 0
L -1136.1, -863.9, 138.0, -1140.1, -877.9, 138.0, 150, 100, 0
L -1132.5, -851.5, 138.0, -1136.1, -863.9, 138.0, 150, 100, 0
L -1131.3, -848.1, 137.5, -1132.5, -851.5, 138.0, 150, 100, 0
L -1129.5, -846.5, 137.5, -1131.3, -848.1, 137.5, 150, 100, 0
L -1121.9, -839.9, 137.5, -1129.5, -846.5, 137.5, 150, 100, 0
L -1114.2, -833.3, 137.5, -1121.9, -839.9, 137.5, 150, 100, 0
L -1112.3, -832.0, 138.6, -1114.2, -833.3, 137.5, 150, 100, 0
L -1110.1, -832.4, 138.8, -1112.3, -832.0, 138.6, 150, 100, 0
L -1100.0, -834.9, 138.8, -1110.1, -832.4, 138.8, 150, 100, 0
L -1092.0, -836.8, 138.7, -1100.0, -834.9, 138.8, 150, 100, 0
L -1085.6, -838.4, 138.7, -1092.0, -836.8, 138.7, 150, 100, 0
L -1082.9, -839.2, 137.6, -1085.6, -838.4, 138.7, 150, 100, 0
L -1080.4, -850.9, 137.6, -1082.9, -839.2, 137.6, 150, 100, 0
L -1077.2, -866.1, 137.6, -1080.4, -850.9, 137.6, 150, 100, 0
L -1074.4, -879.1, 137.6, -1077.2, -866.1, 137.6, 150, 100, 0
L -1072.6, -887.5, 137.6, -1074.4, -879.1, 137.6, 150, 100, 0
L -1071.8, -891.3, 137.6, -1072.6, -887.5, 137.6, 150, 100, 0
L -1071.6, -893.1, 137.6, -1071.8, -891.3, 137.6, 150, 100, 0
L -1071.8, -896.1, 137.6, -1071.6, -893.1, 137.6, 150, 100, 0
L -1072.3, -901.5, 137.6, -1071.8, -896.1, 137.6, 150, 100, 0
L -1073.2, -912.3, 137.6, -1072.3, -901.5, 137.6, 150, 100, 0
L -1073.3, -913.9, 137.4, -1073.2, -912.3, 137.6, 150, 100, 0
L -1074.2, -915.6, 137.7, -1073.3, -913.9, 137.4, 150, 100, 0
L -1075.2, -916.5, 137.7, -1074.2, -915.6, 137.7, 150, 100, 0
L -1076.7, -917.9, 137.7, -1075.2, -916.5, 137.7, 150, 100, 0
L -1079.8, -920.7, 137.7, -1076.7, -917.9, 137.7, 150, 100, 0
L -1085.1, -925.6, 137.7, -1079.8, -920.7, 137.7, 150, 100, 0
L -1089.6, -929.0, 137.7, -1085.1, -925.6, 137.7, 150, 100, 0
L -1090.5, -929.1, 137.7, -1089.6, -929.0, 137.7, 150, 100, 0
L -1092.5, -929.2, 137.7, -1090.5, -929.1, 137.7, 150, 100, 0
L -1098.8, -929.7, 137.7, -1092.5, -929.2, 137.7, 150, 100, 0
L -1112.9, -930.7, 137.7, -1098.8, -929.7, 137.7, 150, 100, 0
L -1114.4, -930.3, 137.8, -1112.9, -930.7, 137.7, 150, 100, 0
L -1141.5, -918.2, 137.8, -1114.4, -930.3, 137.8, 150, 100, 0
L -1143.1, -917.1, 137.8, -1141.5, -918.2, 137.8, 150, 100, 0
L -1142.7, -916.1, 137.9, -1143.1, -917.1, 137.8, 150, 100, 0
L -1142.5, -911.1, 137.9, -1142.7, -916.1, 137.9, 150, 100, 0
L -1142.4, -907.2, 137.9, -1142.5, -911.1, 137.9, 150, 100, 0
L -1141.0, -891.6, 137.9, -1142.4, -907.2, 137.9, 150, 100, 0
L -823.9, -1359.9, 7.2, -840.1, -1372.9, 7.1, 0, 0, 0
L -822.9, -1361.0, 7.2, -823.9, -1359.9, 7.2, 0, 0, 0
L -839.8, -1373.1, 7.2, -839.1, -1374.1, 7.2, 0, 0, 0
L -839.5, -1374.0, 6.8, -842.5, -1370.4, 0.3, 150, 150, 150
L -840.0, -1375.1, 7.2, -839.5, -1374.0, 6.8, 0, 0, 0
L -824.3, -1394.1, 7.2, -840.0, -1375.1, 7.2, 0, 0, 0
L -806.1, -1378.8, 7.2, -824.3, -1394.1, 7.2, 0, 0, 0
L -821.6, -1360.1, 7.2, -806.1, -1378.8, 7.2, 0, 0, 0
L -822.9, -1360.9, 7.2, -821.6, -1360.1, 7.2, 0, 0, 0
L -829.1, -1352.8, -6.3, -822.9, -1360.9, 7.2, 150, 150, 150
L -822.8, -1302.8, -18.9, -816.5, -1311.5, -18.0, 0, 0, 0
L -814.8, -1293.3, -22.5, -822.8, -1302.8, -18.9, 0, 0, 0
L -808.7, -1302.6, -21.2, -814.8, -1293.3, -22.5, 0, 0, 0
L -816.5, -1311.5, -18.1, -808.7, -1302.6, -21.2, 0, 0, 0
L -763.1, -1387.4, 2.5, -766.9, -1384.0, 2.4, 0, 0, 0
L -759.4, -1384.6, 2.4, -763.1, -1387.4, 2.5, 0, 0, 0
L -762.5, -1380.5, 2.4, -759.4, -1384.6, 2.4, 0, 0, 0
L -766.9, -1384.0, 2.4, -762.5, -1380.5, 2.4, 0, 0, 0
L -843.7, -1375.7, 2.5, -824.8, -1398.6, 2.6, 150, 150, 150
L -845.5, -1374.1, 1.8, -843.7, -1375.7, 2.5, 150, 150, 150
L -842.5, -1370.4, 0.3, -845.5, -1374.1, 1.8, 150, 150, 150
L -843.6, -1369.0, 0.0, -842.5, -1370.4, 0.3, 150, 150, 150
L -829.9, -1351.9, -6.4, -843.6, -1369.0, 0.0, 150, 150, 150
L -828.9, -1352.9, -6.3, -829.9, -1351.9, -6.4, 150, 150, 150
L -820.1, -1342.8, -10.2, -828.9, -1352.9, -6.3, 150, 150, 150
L -818.5, -1345.1, -10.0, -820.1, -1342.8, -10.2, 150, 150, 150
L -804.3, -1375.7, 2.4, -818.5, -1345.1, -10.0, 150, 150, 150
L -801.0, -1379.9, 2.4, -804.3, -1375.7, 2.4, 150, 150, 150
L -824.8, -1399.0, 2.4, -801.0, -1379.9, 2.4, 150, 150, 150
L -826.8, -1433.1, 2.4, -830.5, -1436.6, 2.7, 0, 0, 0
L -824.0, -1437.1, 2.4, -826.8, -1433.1, 2.4, 0, 0, 0
L -824.5, -1437.7, 2.4, -824.0, -1437.1, 2.4, 0, 0, 0
L -827.7, -1440.1, 2.4, -824.5, -1437.7, 2.4, 0, 0, 0
L -830.5, -1436.6, 2.4, -827.7, -1440.1, 2.4, 0, 0, 0
L 375.6, -1368.3, 5.8, 374.0, -1368.8, 5.4, 100, 50, 0
L 375.1, -1366.3, 6.0, 375.6, -1368.3, 5.8, 100, 50, 0
L 377.6, -1366.0, 5.4, 375.1, -1366.3, 6.0, 100, 50, 0
L 377.4, -1364.2, 5.7, 377.6, -1366.0, 5.4, 100, 50, 0
L 375.1, -1364.5, 5.8, 377.4, -1364.2, 5.7, 100, 50, 0
L 374.7, -1362.2, 5.7, 375.1, -1364.5, 5.8, 100, 50, 0
L 373.1, -1362.4, 5.7, 374.7, -1362.2, 5.7, 100, 50, 0
L 373.4, -1364.9, 5.8, 373.1, -1362.4, 5.7, 100, 50, 0
L 371.3, -1365.2, 5.8, 373.4, -1364.9, 5.8, 100, 50, 0
L 371.4, -1366.8, 5.8, 371.3, -1365.2, 5.8, 100, 50, 0
L 373.8, -1366.4, 5.8, 371.4, -1366.8, 5.8, 100, 50, 0
L 374.1, -1368.7, 5.7, 373.8, -1366.4, 5.8, 100, 50, 0
L 374.9, -1368.2, 6.3, 373.8, -1362.6, 6.3, 255, 0, 0
L 371.6, -1366.0, 6.3, 377.4, -1365.0, 6.3, 255, 0, 0
L 343.7, -1342.8, 31.5, 332.6, -1345.8, 26.1, 100, 50, 0
L 343.2, -1342.1, 31.3, 343.7, -1342.8, 31.5, 100, 50, 0
L 332.5, -1344.5, 26.4, 343.2, -1342.1, 31.3, 100, 50, 0
L 332.4, -1345.1, 26.6, 329.1, -1326.9, 3.2, 100, 50, 0
L 336.8, -1361.8, 4.9, 332.4, -1345.1, 26.6, 100, 50, 0
L 296.5, -1370.4, 5.0, 336.8, -1361.8, 4.9, 100, 50, 0
L 295.3, -1368.7, 4.9, 296.5, -1370.4, 5.0, 100, 50, 0
L 293.3, -1360.8, 7.1, 295.3, -1368.7, 4.9, 100, 50, 0
L 287.2, -1355.7, 4.3, 291.8, -1354.8, 7.1, 100, 50, 0
L 286.9, -1354.8, 4.2, 287.2, -1355.7, 4.3, 100, 50, 0
L 291.5, -1353.7, 7.1, 286.9, -1354.8, 4.2, 100, 50, 0
L 291.8, -1354.2, 7.3, 291.5, -1353.7, 7.1, 100, 50, 0
L 287.9, -1337.1, 4.2, 293.3, -1360.8, 7.3, 100, 50, 0
L 329.2, -1327.5, 4.2, 287.9, -1337.1, 4.2, 100, 50, 0
L 341.3, -1303.9, 24.4, 332.9, -1318.6, 3.1, 100, 50, 0
L 350.1, -1288.1, 2.1, 341.3, -1303.9, 24.4, 100, 50, 0
L 351.3, -1309.2, 29.1, 341.0, -1303.5, 24.1, 100, 50, 0
L 350.9, -1309.9, 29.1, 351.3, -1309.2, 29.1, 100, 50, 0
L 341.2, -1304.5, 24.0, 350.9, -1309.9, 29.1, 100, 50, 0
L 296.4, -1299.1, 2.0, 332.9, -1318.6, 3.1, 100, 50, 0
L 304.1, -1284.3, 4.7, 296.4, -1299.1, 2.0, 100, 50, 0
L 300.3, -1282.3, 2.4, 304.1, -1284.3, 4.7, 100, 50, 0
L 300.3, -1280.9, 1.3, 300.3, -1282.3, 2.4, 100, 50, 0
L 305.1, -1283.0, 4.8, 300.3, -1280.9, 1.3, 100, 50, 0
L 313.3, -1268.7, 2.1, 305.1, -1283.0, 4.8, 100, 50, 0
L 350.1, -1288.1, 1.6, 313.3, -1268.7, 2.1, 100, 50, 0
L 423.6, -1293.9, 7.8, 427.8, -1291.5, 4.7, 100, 50, 0
L 424.5, -1294.5, 7.2, 423.6, -1293.9, 7.8, 100, 50, 0
L 428.2, -1292.5, 4.8, 424.5, -1294.5, 7.2, 100, 50, 0
L 427.7, -1291.5, 4.7, 428.2, -1292.5, 4.8, 100, 50, 0
L 386.1, -1312.9, 27.0, 393.9, -1328.4, 5.3, 100, 50, 0
L 376.3, -1317.8, 32.0, 386.2, -1313.1, 27.0, 100, 50, 0
L 376.3, -1317.1, 31.8, 376.3, -1317.8, 32.0, 100, 50, 0
L 385.9, -1312.5, 27.2, 376.3, -1317.1, 31.8, 100, 50, 0
L 377.9, -1297.1, 3.1, 386.1, -1312.9, 27.2, 100, 50, 0
L 415.8, -1278.1, 3.1, 377.9, -1297.1, 3.1, 100, 50, 0
L 423.3, -1294.5, 7.4, 415.8, -1278.1, 3.1, 100, 50, 0
L 430.5, -1307.7, 4.5, 423.3, -1294.5, 7.4, 100, 50, 0
L 430.8, -1310.1, 4.5, 430.5, -1307.7, 4.5, 100, 50, 0
L 393.9, -1328.4, 4.5, 430.8, -1310.1, 4.5, 100, 50, 0
L 925.2, -2215.0, 4.6, 926.0, -2214.8, 4.6, 100, 50, 0
L 923.4, -2205.1, 4.6, 924.0, -2205.0, 4.6, 100, 50, 0
L 927.1, -2218.8, 4.4, 944.7, -2215.3, 4.4, 100, 50, 0
L 923.6, -2201.2, 4.4, 927.1, -2218.8, 4.4, 100, 50, 0
L 941.2, -2197.7, 4.4, 923.6, -2201.2, 4.4, 100, 50, 0
L 944.7, -2215.3, 4.4, 941.2, -2197.7, 4.4, 100, 50, 0
L 935.1, -2271.1, 12.1, 934.4, -2270.8, 12.1, 100, 50, 0
L 938.2, -2261.5, 12.1, 938.7, -2261.7, 12.1, 100, 50, 0
L 940.5, -2258.4, 11.9, 933.9, -2275.0, 11.9, 100, 50, 0
L 957.2, -2265.0, 11.9, 940.5, -2258.4, 11.9, 100, 50, 0
L 950.5, -2281.7, 11.9, 957.2, -2265.0, 11.9, 100, 50, 0
L 933.9, -2275.0, 11.9, 950.5, -2281.7, 11.9, 100, 50, 0
L 771.0, -2209.2, 4.9, 769.8, -2208.3, 4.9, 100, 50, 0
L 776.3, -2200.8, 4.9, 777.4, -2201.7, 4.9, 100, 50, 0
L 767.0, -2211.3, 4.8, 778.5, -2197.6, 4.8, 100, 50, 0
L 738.9, -2187.7, 4.8, 767.0, -2211.3, 4.8, 100, 50, 0
L 750.5, -2174.0, 4.8, 738.9, -2187.7, 4.8, 100, 50, 0
L 778.5, -2197.6, 4.8, 750.5, -2174.0, 4.8, 100, 50, 0
L -111.2, -3157.3, -28.0, -116.0, -3162.0, -27.4, 0, 0, 0
L -115.8, -3152.2, -28.0, -111.2, -3157.3, -28.0, 0, 0, 0
L -120.8, -3157.2, -27.4, -115.8, -3152.2, -28.0, 0, 0, 0
L 76.5, -3387.8, -24.6, 75.9, -3387.1, -24.6, 0, 0, 0
L 71.5, -3392.5, -24.6, 76.5, -3387.8, -24.6, 0, 0, 0
L 71.1, -3392.0, -24.6, 71.5, -3392.5, -24.6, 0, 0, 0
L 90.7, -3428.9, -26.4, 80.8, -3431.2, -26.9, 150, 150, 150
L 66.0, -3394.3, -27.5, 66.2, -3410.8, -27.5, 0, 0, 0
L 69.7, -3390.6, -27.4, 66.0, -3394.3, -27.5, 0, 0, 0
L 77.8, -3422.3, -27.0, 66.2, -3410.8, -27.5, 0, 0, 0
L 80.3, -3422.3, -26.9, 77.8, -3422.3, -27.0, 0, 0, 0
L -478.9, -3471.2, -26.4, -478.3, -3471.8, -26.4, 0, 0, 0
L -473.9, -3466.4, -26.4, -478.9, -3471.2, -26.4, 0, 0, 0
L -473.4, -3466.9, -26.4, -473.9, -3466.4, -26.4, 0, 0, 0
L -497.4, -3366.5, -26.4, -498.0, -3365.9, -26.4, 0, 0, 0
L -502.4, -3371.3, -26.4, -497.4, -3366.5, -26.4, 0, 0, 0
L -502.9, -3370.7, -26.4, -502.4, -3371.3, -26.4, 0, 0, 0
L -498.2, -3433.0, -26.4, -498.6, -3433.4, -26.4, 0, 0, 0
L -502.8, -3427.9, -26.4, -498.2, -3433.0, -26.4, 0, 0, 0
L -503.5, -3428.5, -26.4, -502.8, -3427.9, -26.4, 0, 0, 0
L -463.3, -3413.6, -28.0, -468.3, -3413.4, -28.0, 0, 0, 0
L -463.3, -3423.9, -28.0, -463.3, -3413.6, -28.0, 0, 0, 0
L -468.3, -3424.1, -28.0, -463.3, -3423.9, -28.0, 0, 0, 0
L -468.3, -3426.8, -28.0, -468.3, -3424.1, -28.0, 0, 0, 0
L -479.0, -3437.5, -28.0, -468.3, -3426.8, -28.0, 0, 0, 0
L -468.5, -3448.1, -28.0, -479.0, -3437.5, -28.0, 0, 0, 0
L -468.4, -3464.8, -28.0, -468.5, -3448.1, -28.0, 0, 0, 0
L -472.0, -3468.4, -28.0, -468.4, -3464.8, -28.0, 0, 0, 0
L -468.6, -3472.0, -28.0, -472.0, -3468.4, -28.0, 0, 0, 0
L -473.3, -3476.8, -28.0, -468.6, -3472.0, -28.0, 0, 0, 0
L -476.9, -3473.2, -28.0, -473.3, -3476.8, -28.0, 0, 0, 0
L -479.9, -3476.2, -28.0, -476.9, -3473.2, -28.0, 0, 0, 0
L -496.2, -3476.3, -28.0, -479.9, -3476.2, -28.0, 0, 0, 0
L -508.0, -3464.7, -28.0, -496.2, -3476.3, -28.0, 0, 0, 0
L -508.0, -3448.3, -28.0, -508.0, -3464.7, -28.0, 0, 0, 0
L -497.3, -3437.5, -28.0, -508.0, -3448.3, -28.0, 0, 0, 0
L -500.1, -3434.8, -28.0, -497.3, -3437.5, -28.0, 0, 0, 0
L -503.8, -3438.2, -28.0, -500.1, -3434.8, -28.0, 0, 0, 0
L -508.5, -3433.5, -28.0, -503.8, -3438.2, -28.0, 0, 0, 0
L -504.9, -3429.9, -28.0, -508.5, -3433.5, -28.0, 0, 0, 0
L -508.0, -3426.7, -28.0, -504.9, -3429.9, -28.0, 0, 0, 0
L -507.9, -3410.3, -28.0, -508.0, -3426.7, -28.0, 0, 0, 0
L -497.5, -3399.9, -28.0, -507.9, -3410.3, -28.0, 0, 0, 0
L -508.0, -3389.1, -28.0, -497.5, -3399.9, -28.0, 0, 0, 0
L -507.9, -3373.0, -28.0, -508.0, -3389.1, -28.0, 0, 0, 0
L -504.3, -3369.3, -28.0, -507.9, -3373.0, -28.0, 0, 0, 0
L -507.8, -3365.6, -28.0, -504.3, -3369.3, -28.0, 0, 0, 0
L -503.3, -3361.0, -28.0, -507.8, -3365.6, -28.0, 0, 0, 0
L -502.9, -3360.9, -28.0, -503.3, -3361.0, -28.0, 0, 0, 0
L -499.4, -3364.4, -28.0, -502.9, -3360.9, -28.0, 0, 0, 0
L -496.4, -3361.4, -28.0, -499.4, -3364.4, -28.0, 0, 0, 0
L -479.9, -3361.4, -28.0, -496.4, -3361.4, -28.0, 0, 0, 0
L -468.3, -3373.0, -28.0, -479.9, -3361.4, -28.0, 0, 0, 0
L -468.3, -3389.4, -28.0, -468.3, -3373.0, -28.0, 0, 0, 0
L -478.8, -3399.9, -28.0, -468.3, -3389.4, -28.0, 0, 0, 0
L -468.4, -3410.3, -28.0, -478.8, -3399.9, -28.0, 0, 0, 0
L -468.3, -3413.4, -28.0, -468.4, -3410.3, -28.0, 0, 0, 0
L 736.7, -2187.3, 2.7, 736.7, -2187.2, 2.7, 100, 50, 0
L 750.0, -2171.4, 2.4, 736.7, -2187.3, 2.7, 100, 50, 0
L 781.0, -2197.6, 0.7, 750.0, -2171.4, 2.4, 100, 50, 0
L 767.6, -2213.9, 1.5, 781.0, -2197.6, 0.7, 100, 50, 0
L 736.3, -2187.1, 2.8, 767.6, -2213.9, 1.5, 100, 50, 0
L 796.5, -2253.1, -0.4, 797.8, -2253.7, -0.5, 100, 50, 0
L 796.0, -2255.8, -0.4, 796.5, -2253.1, -0.4, 100, 50, 0
L 793.4, -2255.3, -0.2, 796.0, -2255.8, -0.4, 100, 50, 0
L 793.4, -2256.1, -0.2, 793.4, -2255.3, -0.2, 100, 50, 0
L 793.3, -2257.4, -0.2, 793.4, -2256.1, -0.2, 100, 50, 0
L 795.7, -2257.7, -0.3, 793.3, -2257.4, -0.2, 100, 50, 0
L 795.1, -2259.9, -0.3, 795.7, -2257.7, -0.3, 100, 50, 0
L 797.4, -2261.2, -0.4, 795.1, -2259.9, -0.3, 100, 50, 0
L 798.2, -2257.9, -0.5, 797.4, -2261.2, -0.4, 100, 50, 0
L 799.9, -2258.1, -0.6, 798.2, -2257.9, -0.5, 100, 50, 0
L 800.3, -2256.1, -0.6, 799.9, -2258.1, -0.6, 100, 50, 0
L 796.1, -2256.0, -0.5, 800.3, -2256.1, -0.6, 100, 50, 0
L 793.2, -2255.3, -0.0, 796.1, -2256.0, -0.5, 100, 50, 0
L 797.0, -2254.3, 1.1, 796.6, -2259.8, 1.1, 255, 0, 0
L 793.9, -2256.6, 1.1, 799.7, -2257.2, 1.1, 255, 0, 0
L 789.2, -2299.9, 2.9, 790.8, -2299.3, 0.1, 100, 50, 0
L 793.6, -2302.9, -0.1, 782.4, -2288.4, 0.6, 100, 50, 0
L 793.7, -2303.4, -0.1, 793.6, -2302.9, -0.1, 100, 50, 0
L 761.8, -2328.2, 1.8, 793.7, -2303.4, -0.1, 100, 50, 0
L 749.2, -2312.1, 2.4, 761.8, -2328.2, 1.8, 100, 50, 0
L 749.3, -2311.9, 2.4, 749.2, -2312.1, 2.4, 100, 50, 0
L 781.2, -2287.1, 0.7, 749.3, -2311.9, 2.4, 100, 50, 0
L 783.7, -2290.2, 0.5, 781.2, -2287.1, 0.7, 100, 50, 0
L 784.0, -2291.5, 2.9, 783.7, -2290.2, 0.5, 100, 50, 0
L 783.1, -2292.2, 2.9, 784.0, -2291.5, 2.9, 100, 50, 0
L 791.5, -2303.5, 2.8, 780.5, -2289.4, 2.8, 100, 50, 0
L 762.6, -2326.1, 2.8, 791.5, -2303.5, 2.8, 100, 50, 0
L 751.6, -2311.9, 2.8, 762.6, -2326.1, 2.8, 100, 50, 0
L 780.5, -2289.4, 2.8, 751.6, -2311.9, 2.8, 100, 50, 0
L -138.8, -3153.9, -27.4, -149.2, -3164.3, -27.4, 0, 0, 0
L -124.1, -3153.9, -27.4, -138.8, -3153.9, -27.4, 0, 0, 0
L -113.7, -3164.3, -27.4, -116.0, -3162.0, -27.4, 0, 0, 0
L -113.7, -3179.0, -27.4, -113.7, -3164.3, -27.4, 0, 0, 0
L -124.1, -3189.4, -27.4, -113.7, -3179.0, -27.4, 0, 0, 0
L -138.8, -3189.5, -27.4, -124.1, -3189.4, -27.4, 0, 0, 0
L -149.2, -3179.1, -27.4, -138.8, -3189.5, -27.4, 0, 0, 0
L -506.1, -3388.6, -26.4, -495.7, -3399.0, -26.4, 0, 0, 0
L -506.1, -3373.9, -26.4, -506.1, -3388.6, -26.4, 0, 0, 0
L -502.9, -3370.7, -26.4, -506.1, -3373.9, -26.4, 0, 0, 0
L -498.0, -3365.9, -26.4, -502.9, -3370.7, -26.4, 0, 0, 0
L -495.7, -3363.5, -26.4, -498.0, -3365.9, -26.4, 0, 0, 0
L -481.0, -3363.5, -26.4, -495.7, -3363.5, -26.4, 0, 0, 0
L -470.6, -3373.9, -26.4, -481.0, -3363.5, -26.4, 0, 0, 0
L -470.6, -3388.6, -26.4, -470.6, -3373.9, -26.4, 0, 0, 0
L -480.9, -3399.0, -26.4, -470.6, -3388.6, -26.4, 0, 0, 0
L -495.7, -3399.0, -26.4, -492.5, -3399.0, -26.4, 0, 0, 0
L -492.5, -3399.0, -26.4, -492.6, -3401.2, -26.4, 0, 0, 0
L -483.5, -3401.0, -26.4, -483.7, -3399.0, -26.4, 0, 0, 0
L -483.5, -3436.6, -26.4, -483.2, -3438.6, -26.4, 0, 0, 0
L -492.6, -3438.6, -26.4, -492.9, -3436.6, -26.4, 0, 0, 0
L -480.6, -3438.6, -26.4, -483.2, -3438.6, -26.4, 0, 0, 0
L -470.2, -3449.0, -26.4, -480.6, -3438.6, -26.4, 0, 0, 0
L -470.2, -3463.8, -26.4, -470.2, -3449.0, -26.4, 0, 0, 0
L -478.3, -3471.8, -26.4, -470.2, -3463.8, -26.4, 0, 0, 0
L -480.6, -3474.2, -26.4, -478.3, -3471.8, -26.4, 0, 0, 0
L -495.4, -3474.1, -26.4, -480.6, -3474.2, -26.4, 0, 0, 0
L -505.7, -3463.7, -26.4, -495.4, -3474.1, -26.4, 0, 0, 0
L -505.7, -3449.4, -26.4, -505.7, -3463.7, -26.4, 0, 0, 0
L -495.3, -3438.6, -26.4, -505.7, -3449.4, -26.4, 0, 0, 0
L -470.3, -3426.1, -26.4, -470.3, -3424.0, -26.4, 0, 0, 0
L -480.8, -3436.6, -26.4, -470.3, -3426.1, -26.4, 0, 0, 0
L -495.4, -3436.6, -26.4, -492.9, -3436.6, -26.4, 0, 0, 0
L -498.6, -3433.4, -26.4, -495.4, -3436.6, -26.4, 0, 0, 0
L -503.5, -3428.5, -26.4, -498.6, -3433.4, -26.4, 0, 0, 0
L -505.0, -3427.0, -26.4, -503.5, -3428.5, -26.4, 0, 0, 0
L -505.8, -3423.8, -26.4, -505.0, -3427.0, -26.4, 0, 0, 0
L -499.9, -3423.9, -26.4, -505.8, -3423.8, -26.4, 205, 133, 63
L -496.5, -3423.9, -26.4, -499.9, -3423.9, -26.4, 205, 133, 63
L -496.5, -3415.7, -26.4, -496.5, -3423.9, -26.4, 205, 133, 63
L -499.5, -3415.4, -26.4, -496.5, -3415.7, -26.4, 205, 133, 63
L -499.4, -3420.6, -26.4, -499.5, -3415.4, -26.4, 205, 133, 63
L -505.8, -3420.6, -26.4, -499.4, -3420.6, -26.4, 205, 133, 63
L -505.8, -3413.0, -26.4, -505.8, -3420.6, -26.4, 0, 0, 0
L -495.6, -3401.2, -26.4, -505.8, -3413.0, -26.4, 0, 0, 0
L -480.8, -3401.0, -26.4, -483.5, -3401.0, -26.4, 0, 0, 0
L -470.3, -3411.4, -26.4, -480.8, -3401.0, -26.4, 0, 0, 0
L 78.3, -3420.3, -24.6, 80.3, -3420.3, -24.6, 0, 0, 0
L 67.9, -3409.9, -24.6, 78.3, -3420.3, -24.6, 0, 0, 0
L 67.9, -3395.6, -24.6, 67.9, -3409.9, -24.6, 0, 0, 0
L 71.1, -3392.0, -24.6, 67.9, -3395.6, -24.6, 0, 0, 0
L 75.9, -3387.1, -24.6, 71.1, -3392.0, -24.6, 0, 0, 0
L 78.3, -3384.8, -24.6, 75.9, -3387.1, -24.6, 0, 0, 0
L 93.0, -3384.8, -24.6, 78.3, -3384.8, -24.6, 0, 0, 0
L 103.4, -3395.2, -24.6, 93.0, -3384.8, -24.6, 0, 0, 0
L 103.4, -3409.9, -24.6, 103.4, -3395.2, -24.6, 0, 0, 0
L 93.0, -3420.3, -24.6, 103.4, -3409.9, -24.6, 0, 0, 0
L 80.8, -3431.2, -26.9, 80.3, -3422.3, -26.9, 150, 150, 150
L 91.1, -3422.3, -26.4, 90.7, -3428.9, -26.4, 150, 150, 150
L 94.0, -3422.3, -26.3, 91.1, -3422.3, -26.4, 0, 0, 0
L 105.7, -3410.7, -26.5, 94.0, -3422.3, -26.3, 0, 0, 0
L 105.7, -3394.5, -27.2, 105.7, -3410.7, -26.5, 0, 0, 0
L 94.1, -3382.7, -27.7, 105.7, -3394.5, -27.2, 0, 0, 0
L 77.8, -3382.6, -27.7, 94.1, -3382.7, -27.7, 0, 0, 0
L 74.5, -3385.7, -27.6, 77.8, -3382.6, -27.7, 0, 0, 0
L 71.0, -3382.1, -27.7, 74.5, -3385.7, -27.6, 0, 0, 0
L 66.1, -3386.8, -27.5, 71.0, -3382.1, -27.7, 0, 0, 0
L 69.7, -3390.6, -27.4, 66.1, -3386.8, -27.5, 0, 0, 0
L 77.8, -3422.3, -27.0, 77.4, -3422.1, -27.0, 0, 0, 0
L 230.5, -4158.3, -21.8, 233.5, -3639.3, -16.3, 0, 0, 0
L -913.2, -4158.9, -25.3, -920.5, -3677.9, -27.4, 0, 0, 0
L -920.5, -3677.9, -27.4, -920.5, -3675.9, -27.2, 0, 0, 0
L -920.5, -3675.9, -27.2, -921.7, -3598.8, 30.5, 0, 0, 0
L -921.7, -3598.8, 30.5, -922.0, -3575.7, 30.9, 0, 0, 0
L -922.0, -3575.7, 30.9, -946.6, -3513.0, 86.4, 0, 0, 0
L -946.6, -3513.0, 86.4, -973.1, -3476.1, 133.3, 0, 0, 0
L -973.1, -3476.1, 133.3, -1016.1, -3463.1, 157.4, 0, 0, 0
L -1016.1, -3463.1, 157.4, -1027.8, -3450.3, 151.7, 0, 0, 0
L -1027.8, -3450.3, 151.7, -1040.0, -3436.9, 145.8, 0, 0, 0
L -1040.0, -3436.9, 145.8, -1102.4, -3368.8, 139.0, 0, 0, 0
L -1102.4, -3368.8, 139.0, -1146.0, -3321.1, 162.3, 0, 0, 0
L -1146.0, -3321.1, 162.3, -1154.5, -3311.8, 161.6, 0, 0, 0
L -1154.5, -3311.8, 161.6, -1171.1, -3293.7, 160.1, 0, 0, 0
L -1171.1, -3293.7, 160.1, -1186.1, -3277.3, 158.8, 0, 0, 0
L -1186.1, -3277.3, 158.8, -1189.2, -3273.9, 159.9, 0, 0, 0
L -1189.2, -3273.9, 159.9, -1195.8, -3266.6, 163.9, 0, 0, 0
L -1195.8, -3266.6, 163.9, -1228.4, -3231.0, 183.5, 0, 0, 0
L -1228.4, -3231.0, 183.5, -1246.1, -3211.6, 194.1, 0, 0, 0
L -1246.1, -3211.6, 194.1, -1251.9, -3205.2, 194.6, 0, 0, 0
L -1251.9, -3205.2, 194.6, -1276.4, -3178.5, 196.8, 0, 0, 0
L -1276.4, -3178.5, 196.8, -1296.7, -3156.3, 200.4, 0, 0, 0
L -1296.7, -3156.3, 200.4, -1347.6, -3100.7, 209.8, 0, 0, 0
L -1347.6, -3100.7, 209.8, -1422.7, -3012.4, 207.1, 0, 0, 0
L -1422.7, -3012.4, 207.1, -1422.7, -2997.0, 205.8, 0, 0, 0
L -1422.7, -2997.0, 205.8, -1422.7, -2972.3, 197.2, 0, 0, 0
L -1422.7, -2972.3, 197.2, -1422.7, -2899.1, 186.7, 0, 0, 0
L -1422.7, -2899.1, 186.7, -1422.7, -2877.7, 159.4, 0, 0, 0
L -1422.7, -2877.7, 159.4, -1422.7, -2872.8, 157.9, 0, 0, 0
L -1422.7, -2872.8, 157.9, -1422.7, -2799.0, 168.1, 0, 0, 0
L -1422.7, -2799.0, 168.1, -1422.7, -2715.7, 141.8, 0, 0, 0
L -1422.7, -2715.7, 141.8, -1422.7, -2675.9, 134.4, 0, 0, 0
L -1422.7, -2675.9, 134.4, -1422.7, -2664.0, 124.6, 0, 0, 0
L -1422.7, -2664.0, 124.6, -1414.1, -2663.0, 106.4, 0, 0, 0
L -1414.1, -2663.0, 106.4, -1413.5, -2612.1, 124.5, 0, 0, 0
L -1413.5, -2612.1, 124.5, -1420.6, -2612.9, 124.5, 0, 0, 0
L -1420.6, -2612.9, 124.5, -1422.8, -2613.1, 124.5, 0, 0, 0
L -1422.8, -2613.1, 124.5, -1422.7, -2602.4, 79.7, 0, 0, 0
L -1422.7, -2602.4, 79.7, -1422.8, -2600.8, 73.4, 0, 0, 0
L -1422.8, -2600.8, 73.4, -1422.4, -2591.3, 71.3, 0, 0, 0
L -1422.4, -2591.3, 71.3, -1401.2, -2578.1, 43.3, 0, 0, 0
L -1401.2, -2578.1, 43.3, -1388.9, -2571.1, 40.1, 0, 0, 0
L -1388.9, -2571.1, 40.1, -1385.6, -2569.2, 40.1, 0, 0, 0
L -1385.6, -2569.2, 40.1, -1381.2, -2521.4, 40.1, 0, 0, 0
L -1381.2, -2521.4, 40.1, -1380.2, -2508.8, 40.0, 0, 0, 0
L -1380.2, -2508.8, 40.0, -1349.0, -2471.2, 40.0, 0, 0, 0
L -1349.0, -2471.2, 40.0, -1354.5, -2459.3, 40.3, 0, 0, 0
L -1354.5, -2459.3, 40.3, -1381.8, -2402.8, 40.3, 0, 0, 0
L -1381.8, -2402.8, 40.3, -1422.8, -2371.3, 40.0, 0, 0, 0
L -1422.8, -2371.3, 40.0, -1422.8, -2337.7, 7.2, 0, 0, 0
L -1422.8, -2337.7, 7.2, -1422.8, -2313.6, 8.1, 0, 0, 0
L -1422.8, -2313.6, 8.1, -1422.8, -2296.9, 33.6, 0, 0, 0
L -1422.8, -2296.9, 33.6, -1422.7, -2262.6, 71.7, 0, 0, 0
L -1422.7, -2262.6, 71.7, -1422.7, -2200.3, 68.6, 0, 0, 0
L -1422.7, -2200.3, 68.6, -1422.7, -2194.4, 64.5, 0, 0, 0
L -1422.7, -2194.4, 64.5, -1422.7, -2140.7, 27.1, 0, 0, 0
L -1422.7, -2140.7, 27.1, -1422.7, -2071.7, 25.1, 0, 0, 0
L -1422.7, -2071.7, 25.1, -1422.7, -2055.0, 16.5, 0, 0, 0
L -1422.7, -2055.0, 16.5, -1422.7, -2035.8, 66.1, 0, 0, 0
L -1422.7, -2035.8, 66.1, -1408.1, -2035.1, 66.3, 0, 0, 0
L -1408.1, -2035.1, 66.3, -1422.8, -2009.6, 131.3, 0, 0, 0
L -1422.8, -2009.6, 131.3, -1422.8, -2006.2, 136.6, 0, 0, 0
L -1422.8, -2006.2, 136.6, -1422.7, -2000.4, 141.0, 0, 0, 0
L -1422.7, -2000.4, 141.0, -1420.5, -1993.8, 141.1, 0, 0, 0
L -1420.5, -1993.8, 141.1, -1422.7, -1984.7, 139.9, 0, 0, 0
L -1422.7, -1984.7, 139.9, -1422.5, -1983.3, 136.4, 0, 0, 0
L -1422.5, -1983.3, 136.4, -1427.4, -1952.7, 44.2, 0, 0, 0
L -1427.4, -1952.7, 44.2, -1436.7, -1948.8, 45.2, 0, 0, 0
L -1436.7, -1948.8, 45.2, -1446.3, -1946.8, 44.3, 0, 0, 0
L -1446.3, -1946.8, 44.3, -1512.8, -1938.2, 38.5, 0, 0, 0
L -1512.8, -1938.2, 38.5, -1525.1, -1950.9, 36.8, 0, 0, 0
L -1525.1, -1950.9, 36.8, -1533.7, -1962.4, 32.2, 0, 0, 0
L -1533.7, -1962.4, 32.2, -1530.1, -1978.1, 31.4, 0, 0, 0
L -1530.1, -1978.1, 31.4, -1547.5, -1979.0, 0.7, 0, 0, 0
L -1547.5, -1979.0, 0.7, -1579.4, -1979.6, 0.6, 0, 0, 0
L -1579.4, -1979.6, 0.6, -1608.2, -1974.7, 0.6, 0, 0, 0
L -1608.2, -1974.7, 0.6, -1666.7, -1965.0, 0.6, 0, 0, 0
L -1666.7, -1965.0, 0.6, -1702.8, -1959.0, 0.6, 0, 0, 0
L -1702.8, -1959.0, 0.6, -1722.3, -1955.7, 0.6, 0, 0, 0
L -1722.3, -1955.7, 0.6, -1723.1, -1955.7, 0.6, 0, 0, 0
L -1723.1, -1955.7, 0.6, -1723.9, -1956.1, 0.6, 0, 0, 0
L -1723.9, -1956.1, 0.6, -1778.4, -1979.5, 0.6, 0, 0, 0
L -1778.4, -1979.5, 0.6, -1779.1, -1979.9, 0.6, 0, 0, 0
L -1779.1, -1979.9, 0.6, -1779.6, -1981.0, 0.6, 0, 0, 0
L -1779.6, -1981.0, 0.6, -1818.9, -2059.5, 0.6, 0, 0, 0
L -1818.9, -2059.5, 0.6, -1870.4, -2063.5, 0.6, 0, 0, 0
L -1870.4, -2063.5, 0.6, -1921.8, -2067.4, 0.6, 0, 0, 0
L -1921.8, -2067.4, 0.6, -1922.3, -2067.4, 0.6, 0, 0, 0
L -1922.3, -2067.4, 0.6, -1922.6, -2067.5, 0.6, 0, 0, 0
L -1922.6, -2067.5, 0.6, -1923.1, -2068.2, 0.6, 0, 0, 0
L -1923.1, -2068.2, 0.6, -1939.5, -2098.7, 0.6, 0, 0, 0
L -1939.5, -2098.7, 0.6, -1946.1, -2111.0, 0.6, 0, 0, 0
L -1946.1, -2111.0, 0.6, -1952.9, -2123.7, 0.6, 0, 0, 0
L -1952.9, -2123.7, 0.6, -1958.9, -2134.8, 0.6, 0, 0, 0
L -1958.9, -2134.8, 0.6, -1967.9, -2151.5, 0.6, 0, 0, 0
L -1967.9, -2151.5, 0.6, -1976.0, -2166.5, 0.6, 0, 0, 0
L -1976.0, -2166.5, 0.6, -1978.7, -2171.7, 0.6, 0, 0, 0
L -1978.7, -2171.7, 0.6, -1978.8, -2172.7, 0.6, 0, 0, 0
L -1978.8, -2172.7, 0.6, -1981.9, -2200.3, 0.6, 0, 0, 0
L -1981.9, -2200.3, 0.6, -1986.6, -2243.0, 0.6, 0, 0, 0
L -1986.6, -2243.0, 0.6, -1989.3, -2267.2, 0.6, 0, 0, 0
L -1989.3, -2267.2, 0.6, -1994.7, -2315.4, 0.6, 0, 0, 0
L -1994.7, -2315.4, 0.6, -1995.4, -2317.2, 0.6, 0, 0, 0
L -1995.4, -2317.2, 0.6, -2001.9, -2333.0, 0.6, 0, 0, 0
L -2001.9, -2333.0, 0.6, -2016.1, -2367.8, 0.6, 0, 0, 0
L -2016.1, -2367.8, 0.6, -2024.1, -2387.4, 0.6, 0, 0, 0
L -2024.1, -2387.4, 0.6, -2035.4, -2414.9, 0.6, 0, 0, 0
L -2035.4, -2414.9, 0.6, -2049.9, -2450.4, 0.6, 0, 0, 0
L -2049.9, -2450.4, 0.6, -2056.4, -2466.2, 0.6, 0, 0, 0
L -2056.4, -2466.2, 0.6, -2066.3, -2490.4, 0.6, 0, 0, 0
L -2066.3, -2490.4, 0.6, -2068.7, -2492.9, 0.6, 0, 0, 0
L -2068.7, -2492.9, 0.6, -2104.8, -2526.0, 0.6, 0, 0, 0
L -2104.8, -2526.0, 0.6, -2148.2, -2565.8, 0.6, 0, 0, 0
L -2148.2, -2565.8, 0.6, -2256.9, -2665.4, 0.6, 0, 0, 0
L -2256.9, -2665.4, 0.6, -2258.2, -2666.4, 0.6, 0, 0, 0
L -2258.2, -2666.4, 0.6, -2260.3, -2666.6, 0.6, 0, 0, 0
L -2260.3, -2666.6, 0.6, -2315.0, -2670.8, 0.6, 0, 0, 0
L -2315.0, -2670.8, 0.6, -2464.8, -2682.3, 0.6, 0, 0, 0
L -2464.8, -2682.3, 0.6, -2466.7, -2682.1, 0.6, 0, 0, 0
L -2466.7, -2682.1, 0.6, -2475.4, -2680.7, 0.6, 0, 0, 0
L -2475.4, -2680.7, 0.6, -2547.6, -2668.6, 0.6, 0, 0, 0
L -2547.6, -2668.6, 0.6, -2611.9, -2657.9, 0.6, 0, 0, 0
L -2611.9, -2657.9, 0.6, -2795.7, -2627.3, 0.6, 0, 0, 0
L -2795.7, -2627.3, 0.6, -2800.2, -2626.5, 0.6, 0, 0, 0
L -2800.2, -2626.5, 0.6, -2800.8, -2626.4, 0.6, 0, 0, 0
L -2800.8, -2626.4, 0.6, -2801.6, -2626.5, 0.6, 0, 0, 0
L -2801.6, -2626.5, 0.6, -2805.4, -2627.1, 0.6, 0, 0, 0
L -2805.4, -2627.1, 0.6, -2908.4, -2641.8, 0.6, 0, 0, 0
L -2121.7, -2451.2, 0.6, -2086.8, -2307.8, 0.6, 0, 0, 0
L -2086.8, -2307.8, 0.6, -2072.1, -2247.5, 0.6, 0, 0, 0
L -2072.1, -2247.5, 0.6, -2033.8, -2091.8, 0.6, 0, 0, 0
L -2033.8, -2091.8, 0.6, -2032.8, -2090.4, 0.6, 0, 0, 0
L -2032.8, -2090.4, 0.6, -1986.7, -2021.2, 0.6, 0, 0, 0
L -1986.7, -2021.2, 0.6, -1986.0, -2020.2, 0.6, 0, 0, 0
L -1986.0, -2020.2, 0.6, -1984.3, -2020.0, 0.6, 0, 0, 0
L -1984.3, -2020.0, 0.6, -1977.5, -2019.0, 0.6, 0, 0, 0
L -1977.5, -2019.0, 0.6, -1874.8, -2004.4, 0.6, 0, 0, 0
L -1874.8, -2004.4, 0.6, -1873.4, -2003.7, 0.6, 0, 0, 0
L -1873.4, -2003.7, 0.6, -1873.3, -2002.9, 0.6, 0, 0, 0
L -1873.3, -2002.9, 0.6, -1826.3, -1924.4, 0.6, 0, 0, 0
L -1826.3, -1924.4, 0.6, -1804.2, -1917.0, 0.6, 0, 0, 0
L -1804.2, -1917.0, 0.6, -1730.3, -1892.5, 0.6, 0, 0, 0
L -1730.3, -1892.5, 0.6, -1714.4, -1890.8, 0.6, 0, 0, 0
L -1714.4, -1890.8, 0.6, -1586.2, -1877.7, 0.6, 0, 0, 0
L -1586.2, -1877.7, 0.6, -1581.5, -1877.7, 0.6, 0, 0, 0
L -1581.5, -1877.7, 0.6, -1477.6, -1877.4, 1.0, 0, 0, 0
L -1477.6, -1877.4, 1.0, -1476.5, -1877.4, 1.0, 0, 0, 0
L -1476.5, -1877.4, 1.0, -1445.7, -1877.0, 45.5, 0, 0, 0
L -1445.7, -1877.0, 45.5, -1438.7, -1882.7, 42.8, 0, 0, 0
L -1438.7, -1882.7, 42.8, -1425.0, -1891.1, 43.5, 0, 0, 0
L -1425.0, -1891.1, 43.5, -1406.7, -1896.5, 57.6, 0, 0, 0
L -1406.7, -1896.5, 57.6, -1422.8, -1868.2, 126.7, 0, 0, 0
L -1422.8, -1868.2, 126.7, -1417.6, -1863.6, 134.9, 0, 0, 0
L -1417.6, -1863.6, 134.9, -1409.4, -1859.1, 141.0, 0, 0, 0
L -1409.4, -1859.1, 141.0, -1395.5, -1851.9, 141.1, 0, 0, 0
L -1395.5, -1851.9, 141.1, -1394.6, -1850.5, 141.2, 0, 0, 0
L -1394.6, -1850.5, 141.2, -1393.0, -1845.3, 141.2, 0, 0, 0
L -1393.0, -1845.3, 141.2, -1391.7, -1841.0, 141.1, 0, 0, 0
L -1391.7, -1841.0, 141.1, -1399.6, -1828.1, 140.4, 0, 0, 0
L -1399.6, -1828.1, 140.4, -1407.3, -1815.4, 140.4, 0, 0, 0
L -1407.3, -1815.4, 140.4, -1412.6, -1806.4, 140.4, 0, 0, 0
L -1412.6, -1806.4, 140.4, -1414.0, -1803.3, 134.9, 0, 0, 0
L -1414.0, -1803.3, 134.9, -1422.7, -1740.5, 0.0, 0, 0, 0
L -1422.7, -1740.5, 0.0, -1422.7, -1676.1, 18.0, 0, 0, 0
L -1422.7, -1676.1, 18.0, -1422.7, -1649.8, 50.5, 0, 0, 0
L -1422.7, -1649.8, 50.5, -1422.7, -1567.4, 75.8, 0, 0, 0
L -1422.7, -1567.4, 75.8, -1422.7, -1549.3, 80.2, 0, 0, 0
L -1422.7, -1549.3, 80.2, -1422.7, -1542.6, 80.6, 0, 0, 0
L -1422.7, -1542.6, 80.6, -1422.7, -1479.2, 84.3, 0, 0, 0
L -1422.7, -1479.2, 84.3, -1422.7, -1443.1, 101.0, 0, 0, 0
L -1422.7, -1443.1, 101.0, -1422.7, -1434.1, 105.7, 0, 0, 0
L -1422.7, -1434.1, 105.7, -1422.7, -1426.8, 111.7, 0, 0, 0
L -1422.7, -1426.8, 111.7, -1422.7, -1419.2, 120.8, 0, 0, 0
L -1422.7, -1419.2, 120.8, -1422.7, -1409.2, 129.0, 0, 0, 0
L -1422.7, -1409.2, 129.0, -1422.8, -1408.9, 128.2, 0, 0, 0
L -1422.8, -1408.9, 128.2, -1422.7, -1393.5, 99.9, 0, 0, 0
L -1422.7, -1393.5, 99.9, -1422.7, -1385.7, 92.3, 0, 0, 0
L -1422.7, -1385.7, 92.3, -1422.7, -1328.2, 43.3, 0, 0, 0
L -1422.7, -1328.2, 43.3, -1422.3, -1315.3, 58.1, 0, 0, 0
L -1422.3, -1315.3, 58.1, -1404.9, -1311.2, 57.9, 0, 0, 0
L -1404.9, -1311.2, 57.9, -1385.2, -1194.5, 57.9, 0, 0, 0
L -1385.2, -1194.5, 57.9, -1368.5, -1154.6, 55.2, 0, 0, 0
L -1368.5, -1154.6, 55.2, -1372.7, -1150.3, 57.9, 0, 0, 0
L -1372.7, -1150.3, 57.9, -1382.5, -1134.1, 57.9, 0, 0, 0
L -1382.5, -1134.1, 57.9, -1398.5, -1107.4, 57.9, 0, 0, 0
L -1398.5, -1107.4, 57.9, -1398.9, -1106.2, 57.8, 0, 0, 0
L -1398.9, -1106.2, 57.8, -1395.5, -1062.8, 57.8, 0, 0, 0
L -1395.5, -1062.8, 57.8, -1400.6, -1054.6, 58.1, 0, 0, 0
L -1400.6, -1054.6, 58.1, -1421.1, -1043.2, 60.5, 0, 0, 0
L -1421.1, -1043.2, 60.5, -1422.8, -993.6, 68.7, 0, 0, 0
L -1422.8, -993.6, 68.7, -1411.4, -992.6, 65.5, 0, 0, 0
L -1411.4, -992.6, 65.5, -1369.2, -963.4, 58.2, 0, 0, 0
L -1369.2, -963.4, 58.2, -1356.8, -958.0, 55.7, 0, 0, 0
L -1356.8, -958.0, 55.7, -1355.4, -957.4, 55.4, 0, 0, 0
L -1355.4, -957.4, 55.4, -1338.7, -903.1, 61.7, 0, 0, 0
L -1338.7, -903.1, 61.7, -1343.0, -874.1, 69.1, 0, 0, 0
L -1343.0, -874.1, 69.1, -1343.5, -870.3, 68.3, 0, 0, 0
L -1343.5, -870.3, 68.3, -1347.2, -844.2, 47.2, 0, 0, 0
L -1347.2, -844.2, 47.2, -1347.7, -840.9, 44.7, 0, 0, 0
L -1347.7, -840.9, 44.7, -1342.1, -791.8, 8.0, 0, 0, 0
L -1342.1, -791.8, 8.0, -1338.0, -755.7, 8.0, 0, 0, 0
L -1338.0, -755.7, 8.0, -1340.8, -751.8, 8.1, 0, 0, 0
L -1340.8, -751.8, 8.1, -1366.9, -721.4, 8.1, 0, 0, 0
L -1366.9, -721.4, 8.1, -1389.9, -694.4, 8.1, 0, 0, 0
L -1389.9, -694.4, 8.1, -1401.0, -681.7, 7.9, 0, 0, 0
L -1401.0, -681.7, 7.9, -1422.7, -680.5, 8.2, 0, 0, 0
L -1422.7, -680.5, 8.2, -1422.7, -671.3, -2.2, 0, 0, 0
L -1422.7, -671.3, -2.2, -1422.7, -647.7, -20.5, 0, 0, 0
L -1422.7, -647.7, -20.5, -1422.7, -571.6, 31.3, 0, 0, 0
L -1422.7, -571.6, 31.3, -1422.7, -473.6, -36.6, 0, 0, 0
L -1422.7, -473.6, -36.6, -1422.7, -440.2, -30.1, 0, 0, 0
L -1422.7, -440.2, -30.1, -1422.7, -371.5, 0.6, 0, 0, 0
L -1422.7, -371.5, 0.6, -1422.7, -343.7, 25.4, 0, 0, 0
L -1422.7, -343.7, 25.4, -1422.7, -272.2, 57.1, 0, 0, 0
L -1422.7, -272.2, 57.1, -1422.7, -170.4, 21.6, 0, 0, 0
L -1422.7, -170.4, 21.6, -1422.7, -142.1, 22.3, 0, 0, 0
L -1422.7, -142.1, 22.3, -1422.7, -70.0, 42.4, 0, 0, 0
L -1422.7, -70.0, 42.4, -1422.7, -50.5, 43.3, 0, 0, 0
L -1422.7, -50.5, 43.3, -1422.7, 2.8, 61.6, 0, 0, 0
L -1422.7, 2.8, 61.6, -1422.7, 11.4, 53.8, 0, 0, 0
L -1422.7, 11.4, 53.8, -1422.7, 20.8, 47.6, 0, 0, 0
L -1422.7, 20.8, 47.6, -1420.2, 39.9, 65.6, 0, 0, 0
L -1420.2, 39.9, 65.6, -1378.3, 70.3, 65.6, 0, 0, 0
L -1378.3, 70.3, 65.6, -1365.6, 76.2, 65.4, 0, 0, 0
L -1365.6, 76.2, 65.4, -1359.8, 96.5, 65.5, 0, 0, 0
L -1359.8, 96.5, 65.5, -1351.8, 124.3, 65.5, 0, 0, 0
L -1351.8, 124.3, 65.5, -1350.7, 131.0, 65.4, 0, 0, 0
L -1350.7, 131.0, 65.4, -1360.7, 196.6, 65.4, 0, 0, 0
L -1360.7, 196.6, 65.4, -1355.5, 254.8, 65.4, 0, 0, 0
L -1355.5, 254.8, 65.4, -1353.4, 277.8, 65.4, 0, 0, 0
L -1353.4, 277.8, 65.4, -1355.6, 281.1, 65.6, 0, 0, 0
L -1355.6, 281.1, 65.6, -1422.7, 354.9, 60.4, 0, 0, 0
L -1422.7, 354.9, 60.4, -1422.7, 370.4, 42.2, 0, 0, 0
L -1422.7, 370.4, 42.2, -1422.7, 372.0, 40.4, 0, 0, 0
L -1422.7, 372.0, 40.4, -1422.7, 376.9, 39.2, 0, 0, 0
L -1422.7, 376.9, 39.2, -1421.8, 381.9, 44.5, 0, 0, 0
L -1421.8, 381.9, 44.5, -1422.7, 428.5, 30.7, 0, 0, 0
L -1422.7, 428.5, 30.7, -1422.7, 430.6, 29.0, 0, 0, 0
L -1422.7, 430.6, 29.0, -1422.7, 456.4, 8.1, 0, 0, 0
L -1422.7, 456.4, 8.1, -1422.7, 456.8, 7.9, 0, 0, 0
L -1422.7, 456.8, 7.9, -1422.7, 474.7, 9.6, 0, 0, 0
L -1422.7, 474.7, 9.6, -1422.7, 480.6, 11.6, 0, 0, 0
L -1422.7, 480.6, 11.6, -1422.7, 528.7, 29.8, 0, 0, 0
L -1422.7, 528.7, 29.8, -1422.7, 579.2, 14.2, 0, 0, 0
L -1422.7, 579.2, 14.2, -1422.7, 632.9, 21.4, 0, 0, 0
L -1422.7, 632.9, 21.4, -1422.7, 658.8, 33.3, 0, 0, 0
L -1422.7, 658.8, 33.3, -1422.7, 706.6, 49.5, 0, 0, 0
L -1422.7, 706.6, 49.5, -1422.7, 732.4, 59.8, 0, 0, 0
L -1422.7, 732.4, 59.8, -1422.7, 751.4, 69.5, 0, 0, 0
L -1422.7, 751.4, 69.5, -1422.7, 754.4, 69.7, 0, 0, 0
L -1422.7, 754.4, 69.7, -1422.7, 824.3, 75.2, 0, 0, 0
L -1422.7, 824.3, 75.2, -1422.7, 828.4, 74.0, 0, 0, 0
L -1422.7, 828.4, 74.0, -1422.7, 832.6, 72.7, 0, 0, 0
L -1422.7, 832.6, 72.7, -1422.7, 867.5, 78.9, 0, 0, 0
L -1422.7, 867.5, 78.9, -1422.7, 889.9, 82.8, 0, 0, 0
L -1422.7, 889.9, 82.8, -1422.7, 915.3, 85.9, 0, 0, 0
L -1422.7, 915.3, 85.9, -1422.7, 979.4, 58.7, 0, 0, 0
L -1422.7, 979.4, 58.7, -1422.7, 982.0, 58.6, 0, 0, 0
L -1422.7, 982.0, 58.6, -1422.7, 1017.8, 84.0, 0, 0, 0
L -1422.7, 1017.8, 84.0, -1422.7, 1020.1, 86.1, 0, 0, 0
L -1422.7, 1020.1, 86.1, -1422.7, 1093.1, 125.0, 0, 0, 0
L -1422.7, 1093.1, 125.0, -1422.7, 1128.0, 78.3, 0, 0, 0
L -1422.7, 1128.0, 78.3, -1422.7, 1163.8, 42.0, 0, 0, 0
L -1422.7, 1163.8, 42.0, -1422.7, 1165.7, 40.1, 0, 0, 0
L -1422.7, 1165.7, 40.1, -1422.7, 1188.0, 70.1, 0, 0, 0
L -1422.7, 1188.0, 70.1, -1422.7, 1238.0, 156.6, 0, 0, 0
L -1422.7, 1238.0, 156.6, -1415.4, 1233.7, 156.6, 0, 0, 0
L -1415.4, 1233.7, 156.6, -1410.5, 1231.7, 156.6, 0, 0, 0
L -1410.5, 1231.7, 156.6, -1398.2, 1234.8, 155.3, 0, 0, 0
L -1398.2, 1234.8, 155.3, -1395.5, 1239.3, 154.8, 0, 0, 0
L -1395.5, 1239.3, 154.8, -1370.8, 1284.0, 150.6, 0, 0, 0
L -1370.8, 1284.0, 150.6, -1361.7, 1326.8, 101.3, 0, 0, 0
L -1361.7, 1326.8, 101.3, -1363.1, 1328.4, 70.2, 0, 0, 0
L -1363.1, 1328.4, 70.2, -1368.9, 1334.5, 69.4, 0, 0, 0
L -1368.9, 1334.5, 69.4, -1380.0, 1334.4, 66.8, 0, 0, 0
L -1380.0, 1334.4, 66.8, -1392.0, 1331.1, 70.1, 0, 0, 0
L -1392.0, 1331.1, 70.1, -1422.8, 1327.1, 70.1, 0, 0, 0
L -1422.8, 1327.1, 70.1, -1422.7, 1334.2, 58.6, 0, 0, 0
L -1422.7, 1334.2, 58.6, -1422.7, 1346.1, 42.4, 0, 0, 0
L -1422.7, 1346.1, 42.4, -1422.7, 1358.2, 51.2, 0, 0, 0
L -1422.7, 1358.2, 51.2, -1419.9, 1375.0, 60.6, 0, 0, 0
L -1419.9, 1375.0, 60.6, -1409.8, 1384.2, 60.6, 0, 0, 0
L -1409.8, 1384.2, 60.6, -1409.8, 1387.3, 60.6, 0, 0, 0
L -1409.8, 1387.3, 60.6, -1411.7, 1439.7, 60.4, 0, 0, 0
L -1411.7, 1439.7, 60.4, -1421.9, 1459.0, 60.5, 0, 0, 0
L -1421.9, 1459.0, 60.5, -1422.7, 1465.2, 56.4, 0, 0, 0
L -1422.7, 1465.2, 56.4, -1422.8, 1467.4, 54.8, 0, 0, 0
L -1422.8, 1467.4, 54.8, -1422.7, 1537.0, 67.3, 0, 0, 0
L -1422.7, 1537.0, 67.3, -1422.7, 1549.2, 71.9, 0, 0, 0
L -1422.7, 1549.2, 71.9, -1422.7, 1555.5, 72.2, 0, 0, 0
L -1422.7, 1555.5, 72.2, -1422.7, 1603.7, 73.2, 0, 0, 0
L -1422.7, 1603.7, 73.2, -1422.7, 1626.3, 74.3, 0, 0, 0
L -1422.7, 1626.3, 74.3, -1422.7, 1661.1, 81.2, 0, 0, 0
L -1422.7, 1661.1, 81.2, -1422.7, 1682.9, 77.8, 0, 0, 0
L -1422.7, 1682.9, 77.8, -1422.7, 1698.5, 75.4, 0, 0, 0
L -1422.7, 1698.5, 75.4, -1422.7, 1704.7, 83.8, 0, 0, 0
L -1422.7, 1704.7, 83.8, -1422.7, 1720.2, 126.4, 0, 0, 0
L -1422.7, 1720.2, 126.4, -1422.7, 1727.0, 145.4, 0, 0, 0
L -1422.7, 1727.0, 145.4, -1407.4, 1728.1, 145.5, 0, 0, 0
L -1407.4, 1728.1, 145.5, -1393.7, 1738.3, 145.5, 0, 0, 0
L -1393.7, 1738.3, 145.5, -1392.5, 1740.4, 145.3, 0, 0, 0
L -1392.5, 1740.4, 145.3, -1389.0, 1763.5, 145.4, 0, 0, 0
L -1389.0, 1763.5, 145.4, -1390.6, 1777.7, 145.4, 0, 0, 0
L -1390.6, 1777.7, 145.4, -1394.8, 1814.7, 145.4, 0, 0, 0
L -1394.8, 1814.7, 145.4, -1421.3, 1824.5, 146.0, 0, 0, 0
L -1421.3, 1824.5, 146.0, -1422.8, 1825.0, 146.0, 0, 0, 0
L -1422.8, 1825.0, 146.0, -1422.8, 1824.9, 146.0, 0, 0, 0
L -1422.8, 1824.9, 146.0, -1422.7, 1859.2, 56.2, 0, 0, 0
L 894.1, -2389.6, -5.7, 859.3, -2470.8, 52.6, 0, 0, 0
L 859.3, -2470.8, 52.6, 857.5, -2475.0, 54.8, 0, 0, 0
L 857.5, -2475.0, 54.8, 853.0, -2475.5, 57.5, 0, 0, 0
L 853.0, -2475.5, 57.5, 849.3, -2494.2, 63.4, 0, 0, 0
L 849.3, -2494.2, 63.4, 826.4, -2547.6, 73.8, 0, 0, 0
L 826.4, -2547.6, 73.8, 813.2, -2578.2, 54.5, 0, 0, 0
L 813.2, -2578.2, 54.5, 809.8, -2586.3, 52.1, 0, 0, 0
L 809.8, -2586.3, 52.1, 792.0, -2627.7, 39.7, 0, 0, 0
L 792.0, -2627.7, 39.7, 767.6, -2684.5, 22.1, 0, 0, 0
L 767.6, -2684.5, 22.1, 766.0, -2688.3, 22.0, 0, 0, 0
L 766.0, -2688.3, 22.0, 763.9, -2693.2, 18.2, 0, 0, 0
L 763.9, -2693.2, 18.2, 750.5, -2724.4, -3.2, 0, 0, 0
L 750.5, -2724.4, -3.2, 728.0, -2777.0, -12.0, 0, 0, 0
L 728.0, -2777.0, -12.0, 704.6, -2831.4, 6.7, 0, 0, 0
L 704.6, -2831.4, 6.7, 684.4, -2878.5, -5.8, 0, 0, 0
L 684.4, -2878.5, -5.8, 675.2, -2900.0, -0.4, 0, 0, 0
L 675.2, -2900.0, -0.4, 653.2, -2951.1, -26.2, 0, 0, 0
L 653.2, -2951.1, -26.2, 614.6, -3038.0, -8.0, 0, 0, 0
L 614.6, -3038.0, -8.0, 614.1, -3038.8, -8.2, 150, 100, 0
L 614.1, -3038.8, -8.2, 587.7, -3075.4, -16.9, 0, 0, 0
L 587.7, -3075.4, -16.9, 579.1, -3087.2, 1.8, 0, 0, 0
L 579.1, -3087.2, 1.8, 568.2, -3102.4, 16.7, 0, 0, 0
L 568.2, -3102.4, 16.7, 553.9, -3122.2, 19.6, 0, 0, 0
L 553.9, -3122.2, 19.6, 531.7, -3152.9, 51.2, 0, 0, 0
L 531.7, -3152.9, 51.2, 531.2, -3153.6, 51.7, 150, 100, 0
L 531.2, -3153.6, 51.7, 515.2, -3175.8, 37.3, 0, 0, 0
L 515.2, -3175.8, 37.3, 489.2, -3211.7, 59.9, 0, 0, 0
L 489.2, -3211.7, 59.9, 446.1, -3271.5, 162.8, 0, 0, 0
L 446.1, -3271.5, 162.8, 440.4, -3279.3, 156.9, 0, 0, 0
L 440.4, -3279.3, 156.9, 405.2, -3328.0, 114.8, 0, 0, 0
L 405.2, -3328.0, 114.8, 370.4, -3376.2, 198.2, 0, 0, 0
L 370.4, -3376.2, 198.2, 353.7, -3399.3, 198.2, 0, 0, 0
L 353.7, -3399.3, 198.2, 321.3, -3444.2, 149.9, 0, 0, 0
L 321.3, -3444.2, 149.9, 319.8, -3446.3, 145.0, 150, 100, 0
L 319.8, -3446.3, 145.0, 278.5, -3503.5, 28.3, 0, 0, 0
L 278.5, -3503.5, 28.3, 258.0, -3531.9, 19.6, 0, 0, 0
L 258.0, -3531.9, 19.6, 251.8, -3540.5, 21.0, 0, 0, 0
L 251.8, -3540.5, 21.0, 237.4, -3560.4, 35.3, 0, 0, 0
L 237.4, -3560.4, 35.3, 233.6, -3576.1, 31.7, 0, 0, 0
L 233.6, -3576.1, 31.7, 233.6, -3578.9, 29.7, 0, 0, 0
L 233.6, -3578.9, 29.7, 233.5, -3614.5, 2.9, 0, 0, 0
L 233.5, -3614.5, 2.9, 233.5, -3639.3, -16.3, 0, 0, 0
L 894.1, -2389.6, -5.7, 861.3, -2375.7, -5.7, 0, 0, 255
L 861.3, -2375.7, -5.7, 860.8, -2366.6, -5.7, 0, 0, 255
L 860.8, -2366.6, -5.7, 860.9, -2275.3, -5.7, 0, 0, 255
L 860.9, -2275.3, -5.7, 861.5, -2265.8, -5.8, 0, 0, 255
L 861.5, -2265.8, -5.8, 861.3, -2175.0, -5.8, 0, 0, 255
L 861.3, -2175.0, -5.8, 861.1, -2165.8, -5.8, 0, 0, 255
L 861.1, -2165.8, -5.8, 860.7, -2075.3, -5.7, 0, 0, 255
L 860.7, -2075.3, -5.7, 859.9, -2066.3, -5.8, 0, 0, 255
L 859.9, -2066.3, -5.8, 852.1, -2018.3, -5.8, 0, 0, 255
L 852.1, -2018.3, -5.8, 851.8, -2016.9, -5.8, 0, 0, 255
L 851.8, -2016.9, -5.8, 835.1, -1991.5, -5.8, 0, 0, 255
L 835.1, -1991.5, -5.8, 835.5, -1975.8, -5.8, 0, 0, 255
L 835.5, -1975.8, -5.8, 802.9, -1921.9, -5.6, 0, 0, 255
L 802.9, -1921.9, -5.6, 803.8, -1875.8, -5.8, 0, 0, 255
L 803.8, -1875.8, -5.8, 798.2, -1829.5, -5.8, 0, 0, 255
L 798.2, -1829.5, -5.8, 803.7, -1774.6, -5.8, 0, 0, 255
L 803.7, -1774.6, -5.8, 803.8, -1723.7, -5.8, 0, 0, 255
L 803.8, -1723.7, -5.8, 836.4, -1675.4, -5.8, 0, 0, 255
L 836.4, -1675.4, -5.8, 839.1, -1587.8, -5.9, 0, 0, 255
L 839.1, -1587.8, -5.9, 835.2, -1575.6, -5.7, 0, 0, 255
L 835.2, -1575.6, -5.7, 847.9, -1479.2, -5.9, 0, 0, 255
L 847.9, -1479.2, -5.9, 838.4, -1475.6, -5.8, 0, 0, 255
L 838.4, -1475.6, -5.8, 851.7, -1434.1, -5.8, 0, 0, 255
L 851.7, -1434.1, -5.8, 860.4, -1374.6, -5.8, 0, 0, 255
L 860.4, -1374.6, -5.8, 861.3, -1363.0, -5.9, 0, 0, 255
L 861.3, -1363.0, -5.9, 860.6, -1274.1, -5.8, 0, 0, 255
L 860.6, -1274.1, -5.8, 860.1, -1267.5, -5.7, 0, 0, 255
L 860.1, -1267.5, -5.7, 851.3, -1245.5, -5.8, 0, 0, 255
L 851.3, -1245.5, -5.8, 811.5, -1216.1, -5.8, 0, 0, 255
L 811.5, -1216.1, -5.8, 811.3, -1175.4, -5.8, 0, 0, 255
L 811.3, -1175.4, -5.8, 803.8, -1121.9, -5.7, 0, 0, 255
L 803.8, -1121.9, -5.7, 804.1, -1075.2, -5.8, 0, 0, 255
L 804.1, -1075.2, -5.8, 825.4, -1000.8, -5.8, 0, 0, 255
L 825.4, -1000.8, -5.8, 829.5, -972.9, -5.8, 0, 0, 255
L 829.5, -972.9, -5.8, 837.9, -889.2, -5.8, 0, 0, 255
L 837.9, -889.2, -5.8, 838.1, -875.2, -5.8, 0, 0, 255
L 838.1, -875.2, -5.8, 852.0, -833.8, -5.8, 0, 0, 255
L 852.0, -833.8, -5.8, 861.4, -773.4, -6.0, 0, 0, 255
L 861.4, -773.4, -6.0, 860.7, -768.2, -5.8, 0, 0, 255
L 860.7, -768.2, -5.8, 853.0, -670.7, -5.7, 0, 0, 255
L 853.0, -670.7, -5.7, 860.2, -573.6, -5.7, 0, 0, 255
L 860.2, -573.6, -5.7, 860.0, -564.3, -5.8, 0, 0, 255
L 860.0, -564.3, -5.8, 851.4, -455.8, -5.8, 0, 0, 255
L 851.4, -455.8, -5.8, 835.1, -391.5, -5.8, 0, 0, 255
L 835.1, -391.5, -5.8, 835.4, -374.3, -5.8, 0, 0, 255
L 835.4, -374.3, -5.8, 811.3, -315.4, -5.8, 0, 0, 255
L 811.3, -315.4, -5.8, 811.7, -272.8, -5.8, 0, 0, 255
L 811.7, -272.8, -5.8, 821.5, -203.2, -5.8, 0, 0, 255
L 821.5, -203.2, -5.8, 815.1, -174.7, -5.8, 0, 0, 255
L 815.1, -174.7, -5.8, 815.1, -112.7, -5.8, 0, 0, 255
L 815.1, -112.7, -5.8, 821.3, -76.1, -5.8, 0, 0, 255
L 821.3, -76.1, -5.8, 811.1, -14.7, -5.5, 0, 0, 255
L 811.1, -14.7, -5.5, 830.9, 25.4, -5.8, 0, 0, 255
L 830.9, 25.4, -5.8, 844.5, 119.0, -5.7, 0, 0, 255
L 844.5, 119.0, -5.7, 845.3, 125.5, -5.7, 0, 0, 255
L 845.3, 125.5, -5.7, 853.1, 226.1, -5.7, 0, 0, 255
L 853.1, 226.1, -5.7, 853.0, 327.7, -5.8, 0, 0, 255
L 853.0, 327.7, -5.8, 851.8, 343.0, -5.8, 0, 0, 255
L 851.8, 343.0, -5.8, 835.4, 408.0, -5.8, 0, 0, 255
L 835.4, 408.0, -5.8, 835.2, 425.4, -5.8, 0, 0, 255
L 835.2, 425.4, -5.8, 813.3, 489.0, -5.7, 0, 0, 255
L 813.3, 489.0, -5.7, 813.9, 525.6, -5.9, 0, 0, 255
L 813.9, 525.6, -5.9, 789.2, 563.4, -5.7, 0, 0, 255
L 789.2, 563.4, -5.7, 775.7, 625.3, -5.7, 0, 0, 255
L 775.7, 625.3, -5.7, 778.4, 652.0, -5.7, 0, 0, 255
L 778.4, 652.0, -5.7, 779.0, 725.6, -5.7, 0, 0, 255
L 779.0, 725.6, -5.7, 788.3, 762.3, -5.8, 0, 0, 255
L 788.3, 762.3, -5.8, 797.2, 824.2, -5.8, 0, 0, 255
L 797.2, 824.2, -5.8, 815.8, 889.6, -5.8, 0, 0, 255
L 815.8, 889.6, -5.8, 835.5, 1008.7, -5.8, 0, 0, 255
L 835.5, 1008.7, -5.8, 835.3, 1125.5, -5.8, 0, 0, 255
L 835.3, 1125.5, -5.8, 811.1, 1185.1, -5.7, 0, 0, 255
L 811.1, 1185.1, -5.7, 811.5, 1225.5, -5.8, 0, 0, 255
L 811.5, 1225.5, -5.8, 793.4, 1267.4, -5.8, 0, 0, 255
L 793.4, 1267.4, -5.8, 787.1, 1324.8, -5.8, 0, 0, 255
L 787.1, 1324.8, -5.8, 793.1, 1366.9, -5.8, 0, 0, 255
L 793.1, 1366.9, -5.8, 793.1, 1425.5, -5.7, 0, 0, 255
L 793.1, 1425.5, -5.7, 804.7, 1478.3, -5.7, 0, 0, 255
L 804.7, 1478.3, -5.7, 811.5, 1525.5, -5.8, 0, 0, 255
L 811.5, 1525.5, -5.8, 811.3, 1583.9, -5.8, 0, 0, 255
L 811.3, 1583.9, -5.8, 826.3, 1625.5, -5.8, 0, 0, 255
L 826.3, 1625.5, -5.8, 821.3, 1694.7, -5.8, 0, 0, 255
L 821.3, 1694.7, -5.8, 805.9, 1725.1, -5.8, 0, 0, 255
L 805.9, 1725.1, -5.8, 792.9, 1824.9, -5.7, 0, 0, 255
L 792.9, 1824.9, -5.7, 800.9, 1861.1, -5.8, 0, 0, 255
L 484.2, 1528.7, -62.3, 479.9, 1523.6, -67.2, 0, 0, 0
L 479.9, 1523.6, -67.2, 459.6, 1501.6, -60.5, 0, 0, 0
L 459.6, 1501.6, -60.5, 458.5, 1500.9, -60.4, 0, 0, 0
L 458.5, 1500.9, -60.4, 451.0, 1507.6, -68.2, 0, 0, 0
L 451.0, 1507.6, -68.2, 440.7, 1516.7, -70.0, 0, 0, 0
L 440.7, 1516.7, -70.0, 430.1, 1526.6, -66.2, 0, 0, 0
L 430.1, 1526.6, -66.2, 430.0, 1527.2, -66.1, 0, 0, 0
L 430.0, 1527.2, -66.1, 440.5, 1538.9, -72.7, 0, 0, 0
L 440.5, 1538.9, -72.7, 441.9, 1537.7, -73.8, 0, 0, 0
L 441.9, 1537.7, -73.8, 438.4, 1532.6, -71.6, 0, 0, 0
L 438.4, 1532.6, -71.6, 433.0, 1527.0, -68.2, 0, 0, 0
L 433.0, 1527.0, -68.2, 444.1, 1516.8, -72.3, 0, 0, 0
L 444.1, 1516.8, -72.3, 451.7, 1509.9, -70.2, 0, 0, 0
L 451.7, 1509.9, -70.2, 458.5, 1503.8, -62.6, 0, 0, 0
L 458.5, 1503.8, -62.6, 477.9, 1524.9, -68.3, 0, 0, 0
L 477.9, 1524.9, -68.3, 481.9, 1529.2, -62.9, 0, 0, 0
L 481.9, 1529.2, -62.9, 469.0, 1540.9, -59.4, 0, 0, 0
L 469.0, 1540.9, -59.4, 456.3, 1553.0, -74.1, 0, 0, 0
L 456.3, 1553.0, -74.1, 452.0, 1548.6, -78.9, 0, 0, 0
L 452.0, 1548.6, -78.9, 448.9, 1545.1, -78.2, 0, 0, 0
L 448.9, 1545.1, -78.2, 446.4, 1542.9, -76.6, 0, 0, 0
L 446.4, 1542.9, -76.6, 445.2, 1544.1, -75.7, 0, 0, 0
L 445.2, 1544.1, -75.7, 446.0, 1545.3, -76.2, 0, 0, 0
L 446.0, 1545.3, -76.2, 453.5, 1553.7, -77.6, 0, 0, 0
L 453.5, 1553.7, -77.6, 455.7, 1555.9, -74.8, 0, 0, 0
L 455.7, 1555.9, -74.8, 456.2, 1556.3, -74.1, 0, 0, 0
L 456.2, 1556.3, -74.1, 459.2, 1553.4, -70.4, 0, 0, 0
L 459.2, 1553.4, -70.4, 465.8, 1547.0, -62.5, 0, 0, 0
L 465.8, 1547.0, -62.5, 471.7, 1541.5, -57.6, 0, 0, 0
L 471.7, 1541.5, -57.6, 485.5, 1528.6, -61.7, 0, 0, 0
L -961.0, 1466.2, -53.5, -978.1, 1494.9, -68.1, 0, 0, 0
L -978.1, 1494.9, -68.1, -978.9, 1494.5, -68.0, 0, 0, 0
L -978.9, 1494.5, -68.0, -1007.7, 1476.1, -59.2, 0, 0, 0
L -1007.7, 1476.1, -59.2, -989.3, 1447.6, -44.2, 0, 0, 0
L -989.3, 1447.6, -44.2, -988.5, 1448.0, -44.4, 0, 0, 0
L -988.5, 1448.0, -44.4, -960.4, 1465.1, -52.9, 0, 0, 0
L -960.4, 1465.1, -52.9, -961.0, 1466.1, -53.4, 0, 0, 0
L -1087.7, 663.9, -77.9, -1112.8, 662.8, -83.0, 0, 0, 0
L -1112.8, 662.8, -83.0, -1118.2, 662.6, -83.6, 0, 0, 0
L -1118.2, 662.6, -83.6, -1119.0, 662.5, -83.7, 0, 0, 0
L -1119.0, 662.5, -83.7, -1119.3, 662.1, -83.7, 0, 0, 0
L -1119.3, 662.1, -83.7, -1117.0, 626.4, -80.4, 0, 0, 0
L -1117.0, 626.4, -80.4, -1082.1, 628.5, -73.1, 0, 0, 0
L -1082.1, 628.5, -73.1, -1081.7, 629.1, -73.1, 0, 0, 0
L -1081.7, 629.1, -73.1, -1083.5, 663.9, -77.0, 0, 0, 0
L -1083.5, 663.9, -77.0, -1087.0, 663.9, -77.8, 0, 0, 0
L -462.6, -454.1, 2.4, -456.2, -455.0, 2.4, 0, 0, 0
L -456.2, -455.0, 2.4, -455.8, -454.7, 2.4, 0, 0, 0
L -455.8, -454.7, 2.4, -455.1, -447.1, 2.4, 0, 0, 0
L -455.1, -447.1, 2.4, -462.6, -446.2, 2.4, 0, 0, 0
L -462.6, -446.2, 2.4, -462.7, -446.3, 2.4, 0, 0, 0
L -462.7, -446.3, 2.4, -462.6, -454.1, 2.4, 0, 0, 0
L -462.6, -454.6, 2.4, -460.8, -454.4, 2.4, 0, 0, 0
L -448.0, -455.9, 2.4, -440.2, -456.9, 2.4, 0, 0, 0
L -440.2, -456.9, 2.4, -439.2, -449.2, 2.4, 0, 0, 0
L -439.2, -449.2, 2.4, -447.1, -448.5, 2.4, 0, 0, 0
L -447.1, -448.5, 2.4, -448.0, -455.9, 2.4, 0, 0, 0
L -486.5, -433.2, 2.4, -479.7, -429.9, 2.6, 0, 0, 0
L -479.7, -429.9, 2.6, -482.3, -423.5, 2.4, 0, 0, 0
L -482.3, -423.5, 2.4, -489.7, -426.1, 2.4, 0, 0, 0
L -489.7, -426.1, 2.4, -486.5, -433.3, 2.4, 0, 0, 0
L -478.8, -412.1, 2.4, -471.5, -412.9, 2.4, 0, 0, 0
L -471.5, -412.9, 2.4, -470.6, -405.1, 2.4, 0, 0, 0
L -470.6, -405.1, 2.4, -478.2, -404.3, 2.7, 0, 0, 0
L -478.2, -404.3, 2.7, -479.0, -412.0, 2.4, 0, 0, 0
L -454.8, -422.3, 2.8, -453.0, -406.6, 2.4, 0, 0, 0
L -453.0, -406.6, 2.4, -437.9, -408.5, 2.4, 0, 0, 0
L -437.9, -408.5, 2.4, -439.9, -424.3, 2.4, 0, 0, 0
L -439.9, -424.3, 2.4, -455.1, -422.0, 2.4, 0, 0, 0
L -450.0, -392.5, 2.4, -442.5, -393.5, 2.4, 0, 0, 0
L -442.5, -393.5, 2.4, -441.3, -385.8, 2.4, 0, 0, 0
L -441.3, -385.8, 2.4, -449.2, -385.0, 2.6, 0, 0, 0
L -449.2, -385.0, 2.6, -450.1, -392.7, 2.4, 0, 0, 0
L -440.0, -393.7, 2.4, -432.8, -394.6, 2.4, 0, 0, 0
L -432.8, -394.6, 2.4, -431.7, -386.7, 2.4, 0, 0, 0
L -431.7, -386.7, 2.4, -438.9, -385.8, 2.4, 0, 0, 0
L -438.9, -385.8, 2.4, -440.0, -393.7, 2.4, 0, 0, 0
L -413.3, -411.5, 2.4, -413.2, -411.5, 2.4, 0, 0, 0
L -405.9, -412.6, 2.4, -406.8, -420.1, 2.4, 0, 0, 0
L -406.8, -420.1, 2.4, -414.4, -419.4, 2.4, 0, 0, 0
L -413.2, -411.5, 2.4, -405.9, -412.6, 2.4, 0, 0, 0
L -414.4, -419.4, 2.4, -413.2, -411.5, 2.4, 0, 0, 0
L -415.6, -426.8, 2.4, -416.5, -434.9, 2.4, 0, 0, 0
L -416.5, -434.9, 2.4, -408.7, -435.9, 2.4, 0, 0, 0
L -408.7, -435.9, 2.4, -407.8, -428.6, 2.4, 0, 0, 0
L -407.8, -428.6, 2.4, -415.6, -426.8, 2.4, 0, 0, 0
L -463.9, -446.3, 20.0, -464.6, -453.7, 20.0, 0, 0, 0
L -464.6, -453.7, 20.0, -439.1, -456.7, 20.0, 0, 0, 0
L -439.1, -456.7, 20.0, -438.0, -448.9, 20.0, 0, 0, 0
L -438.0, -448.9, 20.0, -463.9, -446.3, 20.0, 0, 0, 0
L -416.7, -436.2, 20.0, -409.0, -437.1, 20.0, 0, 0, 0
L -409.0, -437.1, 20.0, -406.1, -411.7, 20.0, 0, 0, 0
L -406.1, -411.7, 20.0, -413.7, -410.5, 20.0, 0, 0, 0
L -413.7, -410.5, 20.0, -416.7, -436.2, 20.0, 0, 0, 0
L -483.7, -3399.0, -26.4, -480.9, -3399.0, -26.4, 0, 0, 0
L -492.6, -3401.2, -26.4, -495.6, -3401.2, -26.4, 0, 0, 0
L -483.5, -3436.6, -26.4, -480.8, -3436.6, -26.4, 0, 0, 0
L -492.6, -3438.6, -26.4, -495.3, -3438.6, -26.4, 0, 0, 0
L -470.3, -3413.3, -26.4, -470.3, -3411.4, -26.4, 0, 0, 0
L -468.3, -3413.4, -28.0, -470.3, -3413.3, -26.4, 0, 0, 0
L -468.3, -3424.1, -28.0, -470.3, -3424.0, -26.4, 0, 0, 0
L -505.8, -3423.8, -26.4, -505.8, -3420.6, -26.4, 0, 0, 0
L 91.1, -3420.3, -24.6, 93.0, -3420.3, -24.6, 0, 0, 0
L 91.1, -3422.3, -26.4, 91.1, -3420.3, -24.6, 0, 0, 0
L 80.3, -3422.3, -26.9, 80.3, -3420.3, -24.6, 0, 0, 0
L -120.8, -3157.2, -27.4, -124.1, -3153.9, -27.4, 0, 0, 0
L -116.0, -3162.0, -27.4, -120.8, -3157.2, -27.4, 0, 0, 0
L -149.2, -3179.1, -27.4, -151.0, -3179.1, -27.4, 0, 0, 0
L -149.2, -3164.3, -27.4, -151.0, -3164.3, -27.4, 0, 0, 0
L -152.9, -3169.2, -27.4, -152.9, -3174.2, -27.4, 205, 133, 63
L -151.0, -3164.3, -27.4, -152.9, -3164.3, -27.4, 0, 0, 0
L -151.0, -3164.3, -27.4, -151.0, -3169.2, -27.4, 205, 133, 63
L -152.9, -3169.2, -27.4, -149.2, -3169.2, -27.4, 205, 133, 63
L -152.9, -3174.2, -27.4, -151.0, -3174.2, -27.4, 205, 133, 63
L -151.0, -3174.2, -27.4, -149.2, -3174.2, -27.4, 205, 133, 63
L -151.0, -3179.1, -27.4, -152.9, -3179.1, -27.4, 0, 0, 0
L -151.0, -3174.2, -27.4, -151.0, -3179.1, -27.4, 205, 133, 63
L -149.2, -3169.2, -27.4, -149.2, -3174.2, -27.4, 205, 133, 63
L -2922.4, -2576.4, 0.6, -2995.3, -2589.8, 0.6, 0, 0, 0
L -2908.4, -2641.8, 0.6, -2967.6, -2652.7, 0.6, 0, 0, 0
