P 926.0000, -791.0000, 34.4648, 255, 0, 0, 3, to_Iceclad_Ocean
P -377.0000, 1705.0000, 43.8210, 255, 0, 0, 3, to_Oasis_of_Marr
P -395.0000, -4037.0000, -24.2802, 255, 0, 0, 3, to_East_Freeport
P -2892.0000, -2603.0000, 3.7510, 255, 0, 0, 3, to_East_Commonlands
P -126.0000, -3711.0000, -24.2802, 0, 128, 0, 2, Murissa_Sandwhipser_(Merchant)
P -488.0000, -3465.0000, -23.2794, 0, 128, 0, 2, Tozie_(Bar)
P -502.0000, -3414.0000, -23.2794, 0, 128, 0, 2, Valon_(Merchant)
P -488.0000, -3371.0000, -23.2794, 0, 128, 0, 2, Spoolie_(Tailoring)
P 789.0000, -2293.0000, 3.3300, 0, 128, 0, 2, Tira_Sandfisher_(Fishing)
P 753.0000, -2184.0000, 7.9005, 0, 128, 0, 2, Juni_Sandfisher_(Fishing)
P 860, -2164, -2.89, 0, 128, 0, 2, Puntar_Sandfisher_(Fishing)
P -824.0000, -1376.0000, 6.5835, 255, 255, 255, 2, Minor_Spire
