L -1041.1, -246.7, 1.9, -1069.1, -267.8, 5.8, 0, 0, 0
L -979.8, -235.3, -5.6, -1041.1, -246.7, 1.9, 0, 0, 0
L -958.8, -260.7, -5.1, -979.8, -235.3, -5.6, 0, 0, 0
L -980.4, -324.1, 3.6, -958.8, -260.7, -5.1, 0, 0, 0
L -981.8, -329.6, 3.5, -980.4, -324.1, 3.6, 0, 0, 0
L -1000.2, -359.1, 3.1, -981.8, -329.6, 3.5, 0, 0, 0
L -1020.9, -391.2, 2.8, -1000.2, -359.1, 3.1, 0, 0, 0
L -1039.3, -392.1, 4.6, -1020.9, -391.2, 2.8, 0, 0, 0
L -1055.5, -380.6, 7.1, -1039.3, -392.1, 4.6, 0, 0, 0
L -1076.5, -351.3, 11.4, -1055.5, -380.6, 7.1, 0, 0, 0
L -1074.0, -325.6, 11.8, -1076.5, -351.3, 11.4, 0, 0, 0
L -1069.6, -268.3, 6.2, -1074.0, -325.6, 11.8, 0, 0, 0
L -1135.8, 883.1, 2.9, -1139.4, 879.8, 2.9, 0, 0, 0
L -1095.9, 881.2, 1.8, -1135.8, 883.1, 2.9, 0, 0, 0
L -1061.7, 850.2, 0.8, -1095.9, 881.2, 1.8, 0, 0, 0
L -1048.7, 815.3, 0.4, -1061.7, 850.2, 0.8, 0, 0, 0
L -1036.0, 789.8, -3.9, -1048.7, 815.3, 0.4, 0, 0, 0
L -1048.1, 784.6, 0.4, -1036.0, 789.8, -3.9, 0, 0, 0
L -1062.8, 775.7, 1.4, -1048.1, 784.6, 0.4, 0, 0, 0
L -1068.8, 769.7, 1.1, -1062.8, 775.7, 1.4, 0, 0, 0
L -1074.3, 763.2, 1.3, -1068.8, 769.7, 1.1, 0, 0, 0
L -1095.5, 745.3, 1.7, -1074.3, 763.2, 1.3, 0, 0, 0
L -1108.3, 742.7, 2.0, -1095.5, 745.3, 1.7, 0, 0, 0
L -1137.9, 732.2, 2.9, -1108.3, 742.7, 2.0, 0, 0, 0
L -1145.7, 730.6, 3.6, -1137.9, 732.2, 2.9, 0, 0, 0
L -1163.0, 726.1, 3.0, -1145.7, 730.6, 3.6, 0, 0, 0
L -1193.3, 729.8, 3.8, -1163.0, 726.1, 3.0, 0, 0, 0
L -1212.6, 762.5, 3.0, -1193.3, 729.8, 3.8, 0, 0, 0
L -1200.1, 809.8, 3.0, -1212.6, 762.5, 3.0, 0, 0, 0
L -1168.9, 855.9, 3.2, -1200.1, 809.8, 3.0, 0, 0, 0
L -1135.3, 882.9, 2.9, -1168.9, 855.9, 3.2, 0, 0, 0
L -155.5, -670.5, 3.0, -112.7, -640.9, 3.0, 0, 0, 0
L -223.7, -671.9, 3.0, -155.5, -670.5, 3.0, 0, 0, 0
L -253.7, -630.0, 3.0, -223.7, -671.9, 3.0, 0, 0, 0
L -233.8, -588.2, 3.0, -253.7, -630.0, 3.0, 0, 0, 0
L -202.3, -555.7, 3.0, -233.8, -588.2, 3.0, 0, 0, 0
L -159.6, -547.2, 3.0, -202.3, -555.7, 3.0, 0, 0, 0
L -137.1, -550.6, 3.0, -159.6, -547.2, 3.0, 0, 0, 0
L -112.2, -579.0, 3.0, -137.1, -550.6, 3.0, 0, 0, 0
L -111.5, -640.0, 3.0, -112.2, -579.0, 3.0, 0, 0, 0
L -128.7, -651.5, 3.0, -111.5, -640.0, 3.0, 0, 0, 0
L -340.7, -931.4, 3.0, -339.2, -925.0, 2.6, 0, 0, 0
L -344.8, -943.7, 4.0, -340.7, -931.4, 3.0, 0, 0, 0
L -348.5, -944.9, 5.1, -344.8, -943.7, 4.0, 0, 0, 0
L -381.8, -955.7, 4.8, -348.5, -944.9, 5.1, 0, 0, 0
L -441.5, -975.8, 3.2, -381.8, -955.7, 4.8, 0, 0, 0
L -499.1, -976.9, 3.0, -441.5, -975.8, 3.2, 0, 0, 0
L -544.8, -979.1, 3.0, -499.1, -976.9, 3.0, 0, 0, 0
L -563.7, -958.7, 3.1, -544.8, -979.1, 3.0, 0, 0, 0
L -565.0, -926.8, 3.0, -563.7, -958.7, 3.1, 0, 0, 0
L -551.5, -878.1, 3.0, -565.0, -926.8, 3.0, 0, 0, 0
L -450.9, -825.0, 3.6, -551.5, -878.1, 3.0, 0, 0, 0
L -436.9, -816.8, 3.2, -450.9, -825.0, 3.6, 0, 0, 0
L -432.2, -818.7, 3.5, -436.9, -816.8, 3.2, 0, 0, 0
L -390.5, -837.4, 6.0, -432.2, -818.7, 3.5, 0, 0, 0
L -378.5, -851.8, 6.7, -390.5, -837.4, 6.0, 0, 0, 0
L -348.8, -886.8, 6.6, -378.5, -851.8, 6.7, 0, 0, 0
L -338.6, -900.8, 10.3, -348.8, -886.8, 6.6, 0, 0, 0
L -340.7, -912.4, 9.5, -338.6, -900.8, 10.3, 0, 0, 0
L -342.2, -916.3, 10.3, -340.7, -912.4, 9.5, 0, 0, 0
L -339.5, -923.7, 3.7, -342.2, -916.3, 10.3, 0, 0, 0
L -339.5, -926.1, 3.0, -339.5, -923.7, 3.7, 0, 0, 0
L -1139.9, -1334.7, 3.3, -1112.3, -1353.1, 3.9, 0, 0, 0
L -1139.1, -1275.7, 3.0, -1139.9, -1334.7, 3.3, 0, 0, 0
L -1101.1, -1212.0, 3.0, -1139.1, -1275.7, 3.0, 0, 0, 0
L -1050.1, -1210.6, 3.0, -1101.1, -1212.0, 3.0, 0, 0, 0
L -1040.9, -1211.6, 4.9, -1050.1, -1210.6, 3.0, 0, 0, 0
L -1038.9, -1214.7, 5.4, -1040.9, -1211.6, 4.9, 0, 0, 0
L -1035.4, -1223.8, 8.2, -1038.9, -1214.7, 5.4, 0, 0, 0
L -1020.6, -1254.4, 14.5, -1035.4, -1223.8, 8.2, 0, 0, 0
L -1013.9, -1289.4, 17.3, -1020.6, -1254.4, 14.5, 0, 0, 0
L -1008.2, -1303.2, 12.0, -1013.9, -1289.4, 17.3, 0, 0, 0
L -1013.1, -1325.7, 3.1, -1008.2, -1303.2, 12.0, 0, 0, 0
L -1023.8, -1348.0, 5.4, -1013.1, -1325.7, 3.1, 0, 0, 0
L -1040.5, -1366.1, 7.3, -1023.8, -1348.0, 5.4, 0, 0, 0
L -1047.8, -1366.8, 7.4, -1040.5, -1366.1, 7.3, 0, 0, 0
L -1083.9, -1372.3, 5.2, -1047.8, -1366.8, 7.4, 0, 0, 0
L -1120.7, -1347.8, 3.6, -1083.9, -1372.3, 5.2, 0, 0, 0
L -1315.7, -1520.2, 8.1, -1314.0, -1519.9, 8.3, 0, 0, 0
L -1318.8, -1520.7, 7.6, -1315.7, -1520.2, 8.1, 0, 0, 0
L -1319.0, -1520.9, 7.6, -1318.8, -1520.7, 7.6, 0, 0, 0
L -1318.4, -1524.7, 8.4, -1319.0, -1520.9, 7.6, 0, 0, 0
L -1317.9, -1525.1, 8.6, -1318.4, -1524.7, 8.4, 0, 0, 0
L -1317.8, -1525.0, 8.6, -1317.9, -1525.1, 8.6, 0, 0, 0
L -1302.5, -1522.7, 10.9, -1317.8, -1525.0, 8.6, 0, 0, 0
L -1302.0, -1522.2, 10.9, -1302.5, -1522.7, 10.9, 0, 0, 0
L -1302.4, -1518.5, 10.2, -1302.0, -1522.2, 10.9, 0, 0, 0
L -1302.8, -1518.3, 10.1, -1302.4, -1518.5, 10.2, 0, 0, 0
L -1318.1, -1520.5, 7.7, -1302.8, -1518.3, 10.1, 0, 0, 0
L -1363.0, -1456.9, 3.0, -1362.4, -1460.8, 3.0, 0, 0, 0
L -1363.4, -1456.4, 3.0, -1363.0, -1456.9, 3.0, 0, 0, 0
L -1367.4, -1457.0, 3.0, -1363.4, -1456.4, 3.0, 0, 0, 0
L -1367.7, -1457.4, 3.0, -1367.4, -1457.0, 3.0, 0, 0, 0
L -1365.2, -1474.5, 3.0, -1367.7, -1457.4, 3.0, 0, 0, 0
L -1364.7, -1474.6, 3.0, -1365.2, -1474.5, 3.0, 0, 0, 0
L -1361.0, -1474.1, 3.0, -1364.7, -1474.6, 3.0, 0, 0, 0
L -1360.5, -1473.7, 3.0, -1361.0, -1474.1, 3.0, 0, 0, 0
L -1362.4, -1460.8, 3.0, -1362.1, -1463.0, 3.0, 0, 0, 0
L -1362.4, -1460.8, 3.0, -1360.5, -1473.7, 3.0, 0, 0, 0
L -1313.6, -1396.3, 3.0, -1319.0, -1396.8, 3.0, 0, 0, 0
L -1313.2, -1395.8, 3.0, -1313.6, -1396.3, 3.0, 0, 0, 0
L -1313.5, -1392.1, 3.1, -1313.2, -1395.8, 3.0, 0, 0, 0
L -1313.7, -1391.7, 3.0, -1313.5, -1392.1, 3.1, 0, 0, 0
L -1330.7, -1393.3, 3.0, -1313.7, -1391.7, 3.0, 0, 0, 0
L -1331.1, -1393.6, 3.0, -1330.7, -1393.3, 3.0, 0, 0, 0
L -1330.7, -1397.7, 3.1, -1331.1, -1393.6, 3.0, 0, 0, 0
L -1330.2, -1397.9, 3.0, -1330.7, -1397.7, 3.1, 0, 0, 0
L -1317.2, -1396.7, 3.0, -1330.2, -1397.9, 3.0, 0, 0, 0
L -1272.7, -1466.0, 6.1, -1273.1, -1465.5, 5.9, 0, 0, 0
L -1269.1, -1465.6, 6.7, -1272.7, -1466.0, 6.1, 0, 0, 0
L -1268.6, -1465.2, 6.7, -1269.1, -1465.6, 6.7, 0, 0, 0
L -1270.1, -1448.8, 3.4, -1268.6, -1465.2, 6.7, 0, 0, 0
L -1270.7, -1448.5, 3.2, -1270.1, -1448.8, 3.4, 0, 0, 0
L -1274.1, -1448.7, 3.1, -1270.7, -1448.5, 3.2, 0, 0, 0
L -1274.7, -1449.6, 3.0, -1274.1, -1448.7, 3.1, 0, 0, 0
L -1273.3, -1464.0, 5.6, -1274.7, -1449.6, 3.0, 0, 0, 0
L -1328.9, -1471.8, 3.0, -1313.7, -1478.1, 3.0, 0, 0, 0
L -1329.2, -1471.4, 3.0, -1328.9, -1471.8, 3.0, 0, 0, 0
L -1331.0, -1455.2, 3.0, -1329.2, -1471.4, 3.0, 0, 0, 0
L -1317.8, -1445.5, 3.0, -1331.0, -1455.2, 3.0, 0, 0, 0
L -1302.5, -1452.2, 3.0, -1317.8, -1445.5, 3.0, 0, 0, 0
L -1300.9, -1468.6, 3.0, -1302.5, -1452.2, 3.0, 0, 0, 0
L -1301.0, -1468.7, 3.0, -1300.9, -1468.6, 3.0, 0, 0, 0
L -1312.9, -1477.5, 3.0, -1301.0, -1468.7, 3.0, 0, 0, 0
L 376.0, 502.2, 3.3, 373.1, 504.3, 3.3, 0, 0, 0
L 354.5, 472.4, 3.3, 376.0, 502.2, 3.3, 0, 0, 0
L 339.8, 483.0, 3.3, 354.5, 472.4, 3.3, 0, 0, 0
L 361.3, 512.8, 3.3, 339.8, 483.0, 3.3, 0, 0, 0
L 364.0, 510.9, 3.3, 361.3, 512.8, 3.3, 0, 0, 0
L 442.1, 552.0, 6.1, 440.2, 549.6, 6.1, 0, 0, 0
L 456.5, 541.1, 6.1, 442.1, 552.0, 6.1, 0, 0, 0
L 445.5, 526.7, 6.1, 456.5, 541.1, 6.1, 0, 0, 0
L 431.1, 537.6, 6.1, 445.5, 526.7, 6.1, 0, 0, 0
L 433.1, 540.2, 6.1, 431.1, 537.6, 6.1, 0, 0, 0
L 435.7, 582.9, 2.8, 433.1, 585.0, 2.8, 0, 0, 0
L 447.3, 596.7, 2.8, 435.7, 582.9, 2.8, 0, 0, 0
L 433.5, 608.3, 2.8, 447.3, 596.7, 2.8, 0, 0, 0
L 421.9, 594.5, 2.8, 433.5, 608.3, 2.8, 0, 0, 0
L 424.1, 592.6, 2.8, 421.9, 594.5, 2.8, 0, 0, 0
L 1028.9, -606.7, -0.5, 1029.9, -605.8, -0.5, 100, 50, 0
L 1028.4, -607.5, -0.5, 1028.9, -606.7, -0.5, 100, 50, 0
L 1027.5, -608.4, -0.5, 1028.4, -607.5, -0.5, 100, 50, 0
L 1026.9, -608.9, -0.5, 1027.5, -608.4, -0.5, 100, 50, 0
L 993.6, -637.7, -0.5, 994.1, -637.3, -0.5, 100, 50, 0
L 790.4, -891.1, -3.0, 849.3, -895.1, -3.0, 100, 50, 0
L 791.2, -872.0, -3.0, 790.4, -891.1, -3.0, 100, 50, 0
L 850.8, -875.3, -3.0, 791.2, -872.0, -3.0, 100, 50, 0
L 849.4, -894.9, -3.0, 850.8, -875.3, -3.0, 100, 50, 0
L -1289.4, -2405.7, -31.7, -1289.7, -2432.7, -25.8, 0, 0, 0
L -1305.9, -2363.1, -20.0, -1289.4, -2405.7, -31.7, 0, 0, 0
L -1324.5, -2340.8, -15.0, -1305.9, -2363.1, -20.0, 0, 0, 0
L -1346.9, -2313.0, -8.7, -1324.5, -2340.8, -15.0, 0, 0, 0
L -1362.3, -2299.3, 5.4, -1346.9, -2313.0, -8.7, 0, 0, 0
L -1386.3, -2274.1, 32.7, -1362.3, -2299.3, 5.4, 0, 0, 0
L -1395.2, -2253.2, 48.7, -1386.3, -2274.1, 32.7, 0, 0, 0
L -1401.6, -2230.3, 58.9, -1395.2, -2253.2, 48.7, 0, 0, 0
L -1436.2, -2209.9, 69.2, -1401.6, -2230.3, 58.9, 0, 0, 0
L -1440.4, -2016.5, 20.2, -1436.2, -2209.9, 69.2, 0, 0, 0
L -1441.2, -1967.2, 14.0, -1440.4, -2016.5, 20.2, 0, 0, 0
L -1442.1, -1910.6, 9.9, -1441.2, -1967.2, 14.0, 0, 0, 0
L -1443.0, -1858.8, 19.3, -1442.1, -1910.6, 9.9, 0, 0, 0
L -1408.2, -1824.1, 21.4, -1443.0, -1858.8, 19.3, 0, 0, 0
L -1415.0, -1789.4, 39.9, -1408.2, -1824.1, 21.4, 0, 0, 0
L -1412.9, -1748.8, 37.8, -1415.0, -1789.4, 39.9, 0, 0, 0
L -1417.7, -1725.7, 33.7, -1412.9, -1748.8, 37.8, 0, 0, 0
L -1420.3, -1696.8, 20.8, -1417.7, -1725.7, 33.7, 0, 0, 0
L -1421.9, -1676.3, 17.7, -1420.3, -1696.8, 20.8, 0, 0, 0
L -1422.2, -1632.9, 12.0, -1421.9, -1676.3, 17.7, 0, 0, 0
L -1422.1, -1597.1, 5.5, -1422.2, -1632.9, 12.0, 0, 0, 0
L -1429.1, -1560.7, 5.5, -1422.1, -1597.1, 5.5, 0, 0, 0
L -1446.2, -1545.6, 5.5, -1429.1, -1560.7, 5.5, 0, 0, 0
L -1443.7, -1445.6, 5.5, -1446.2, -1545.6, 5.5, 0, 0, 0
L -1431.7, -1417.7, 5.5, -1443.7, -1445.6, 5.5, 0, 0, 0
L -1437.0, -1409.1, 5.5, -1431.7, -1417.7, 5.5, 0, 0, 0
L -1422.3, -1378.1, 5.5, -1437.0, -1409.1, 5.5, 0, 0, 0
L -1413.4, -1323.4, 5.4, -1422.3, -1378.1, 5.5, 0, 0, 0
L -1403.4, -1277.7, 1.7, -1413.4, -1323.4, 5.4, 0, 0, 0
L -1402.6, -1240.7, 17.1, -1403.4, -1277.7, 1.7, 0, 0, 0
L -1379.5, -1239.1, 5.0, -1402.6, -1240.7, 17.1, 0, 0, 0
L -1375.7, -1219.7, 8.9, -1379.5, -1239.1, 5.0, 0, 0, 0
L -1359.2, -1186.5, -0.7, -1375.7, -1219.7, 8.9, 0, 0, 0
L -1352.6, -1166.1, -4.6, -1359.2, -1186.5, -0.7, 0, 0, 0
L -1358.8, -1134.5, -0.6, -1352.6, -1166.1, -4.6, 0, 0, 0
L -1362.7, -1123.9, 5.2, -1358.8, -1134.5, -0.6, 0, 0, 0
L -1385.0, -1082.7, 38.7, -1362.7, -1123.9, 5.2, 0, 0, 0
L -1388.5, -1065.9, 47.1, -1385.0, -1082.7, 38.7, 0, 0, 0
L -1384.5, -1022.7, 49.0, -1388.5, -1065.9, 47.1, 0, 0, 0
L -1390.9, -995.0, 65.5, -1384.5, -1022.7, 49.0, 0, 0, 0
L -1403.5, -980.5, 76.6, -1390.9, -995.0, 65.5, 0, 0, 0
L -1412.9, -965.5, 69.0, -1403.5, -980.5, 76.6, 0, 0, 0
L -1414.9, -883.4, 41.3, -1412.9, -965.5, 69.0, 0, 0, 0
L -1436.6, -846.9, 18.7, -1414.9, -883.4, 41.3, 0, 0, 0
L -1445.6, -822.7, 5.8, -1436.6, -846.9, 18.7, 0, 0, 0
L -1446.7, -620.4, 5.5, -1445.6, -822.7, 5.8, 0, 0, 0
L -1444.0, -565.8, 5.5, -1446.7, -620.4, 5.5, 0, 0, 0
L -1399.7, -557.8, 5.5, -1444.0, -565.8, 5.5, 0, 0, 0
L -1388.6, -525.5, 5.6, -1399.7, -557.8, 5.5, 0, 0, 0
L -1361.1, -424.1, 19.8, -1388.6, -525.5, 5.6, 0, 0, 0
L -1349.8, -392.7, 36.2, -1361.1, -424.1, 19.8, 0, 0, 0
L -1353.6, -370.5, 45.9, -1349.8, -392.7, 36.2, 0, 0, 0
L -1370.6, -322.9, 58.2, -1353.6, -370.5, 45.9, 0, 0, 0
L -1365.5, -274.3, 56.7, -1370.6, -322.9, 58.2, 0, 0, 0
L -1400.4, -242.5, 41.6, -1365.5, -274.3, 56.7, 0, 0, 0
L -1408.5, -154.5, 36.0, -1400.4, -242.5, 41.6, 0, 0, 0
L -1381.7, -125.6, 46.3, -1408.5, -154.5, 36.0, 0, 0, 0
L -1367.2, -101.2, 47.3, -1381.7, -125.6, 46.3, 0, 0, 0
L -1363.0, -48.3, 33.5, -1367.2, -101.2, 47.3, 0, 0, 0
L -1365.3, -34.8, 30.0, -1363.0, -48.3, 33.5, 0, 0, 0
L -1368.9, -23.1, 27.7, -1365.3, -34.8, 30.0, 0, 0, 0
L -1384.9, 45.2, 7.2, -1368.9, -23.1, 27.7, 0, 0, 0
L -1403.6, 88.3, 6.0, -1384.9, 45.2, 7.2, 0, 0, 0
L -1434.3, 91.9, 5.1, -1403.6, 88.3, 6.0, 0, 0, 0
L -1424.5, 140.8, 6.0, -1434.3, 91.9, 5.1, 0, 0, 0
L -1429.5, 177.6, 1.3, -1424.5, 140.8, 6.0, 0, 0, 0
L -1425.8, 200.2, -13.4, -1429.5, 177.6, 1.3, 0, 0, 0
L -1426.5, 214.9, -16.7, -1425.8, 200.2, -13.4, 0, 0, 0
L -1414.2, 274.7, -37.2, -1426.5, 214.9, -16.7, 0, 0, 0
L -1413.4, 288.6, -36.2, -1414.2, 274.7, -37.2, 0, 0, 0
L -1432.3, 320.3, -7.5, -1413.4, 288.6, -36.2, 0, 0, 0
L -1464.7, 361.6, 46.4, -1432.3, 320.3, -7.5, 0, 0, 0
L -1464.9, 376.3, 46.2, -1464.7, 361.6, 46.4, 0, 0, 0
L -1454.5, 567.5, 48.1, -1464.9, 376.3, 46.2, 0, 0, 0
L -1422.8, 579.0, 34.7, -1454.5, 567.5, 48.1, 0, 0, 0
L -1418.3, 604.7, 32.8, -1422.8, 579.0, 34.7, 0, 0, 0
L -1402.8, 647.8, 16.2, -1418.3, 604.7, 32.8, 0, 0, 0
L -1371.2, 676.1, 5.5, -1402.8, 647.8, 16.2, 0, 0, 0
L -1354.9, 696.5, 6.8, -1371.2, 676.1, 5.5, 0, 0, 0
L -1373.6, 747.6, 5.5, -1354.9, 696.5, 6.8, 0, 0, 0
L -1408.1, 778.6, 32.1, -1373.6, 747.6, 5.5, 0, 0, 0
L -1427.7, 793.7, 34.6, -1408.1, 778.6, 32.1, 0, 0, 0
L -1439.2, 791.6, 45.5, -1427.7, 793.7, 34.6, 0, 0, 0
L -1461.7, 893.7, 73.3, -1439.2, 791.6, 45.5, 0, 0, 0
L -1464.9, 938.6, 78.8, -1461.7, 893.7, 73.3, 0, 0, 0
L -1448.0, 951.4, 75.5, -1464.9, 938.6, 78.8, 0, 0, 0
L -1414.4, 958.5, 39.3, -1448.0, 951.4, 75.5, 0, 0, 0
L -1406.2, 977.4, 32.4, -1414.4, 958.5, 39.3, 0, 0, 0
L -1393.3, 1025.3, 27.1, -1406.2, 977.4, 32.4, 0, 0, 0
L -1401.1, 1080.4, 37.7, -1393.3, 1025.3, 27.1, 0, 0, 0
L -1447.2, 1077.2, 75.3, -1401.1, 1080.4, 37.7, 0, 0, 0
L -1464.9, 1088.1, 77.0, -1447.2, 1077.2, 75.3, 0, 0, 0
L -1464.9, 1110.0, 76.4, -1464.9, 1088.1, 77.0, 0, 0, 0
L -1438.8, 1118.1, 73.6, -1464.9, 1110.0, 76.4, 0, 0, 0
L -1425.4, 1175.6, 71.0, -1438.8, 1118.1, 73.6, 0, 0, 0
L -1418.6, 1208.6, 57.2, -1425.4, 1175.6, 71.0, 0, 0, 0
L -1406.7, 1231.0, 46.5, -1418.6, 1208.6, 57.2, 0, 0, 0
L -1379.0, 1277.6, 24.9, -1406.7, 1231.0, 46.5, 0, 0, 0
L -1399.0, 1324.4, 14.8, -1379.0, 1277.6, 24.9, 0, 0, 0
L -1404.7, 1338.9, 15.2, -1399.0, 1324.4, 14.8, 0, 0, 0
L -1400.1, 1400.5, 13.7, -1404.7, 1338.9, 15.2, 0, 0, 0
L -1418.9, 1410.7, 15.7, -1400.1, 1400.5, 13.7, 0, 0, 0
L -1447.7, 1430.3, 13.9, -1418.9, 1410.7, 15.7, 0, 0, 0
L -1462.5, 1432.6, 23.4, -1447.7, 1430.3, 13.9, 0, 0, 0
L -1464.9, 1521.6, 20.9, -1462.5, 1432.6, 23.4, 0, 0, 0
L -1449.7, 1520.2, 8.4, -1464.9, 1521.6, 20.9, 0, 0, 0
L -1445.7, 1522.0, 6.9, -1449.7, 1520.2, 8.4, 0, 0, 0
L -1422.6, 1537.9, 6.5, -1445.7, 1522.0, 6.9, 0, 0, 0
L -1414.5, 1634.2, 6.2, -1422.6, 1537.9, 6.5, 0, 0, 0
L -1429.1, 1673.2, 5.5, -1414.5, 1634.2, 6.2, 0, 0, 0
L -1436.5, 1683.3, 11.0, -1429.1, 1673.2, 5.5, 0, 0, 0
L -1445.6, 1702.6, 10.5, -1436.5, 1683.3, 11.0, 0, 0, 0
L -1437.2, 1719.5, 16.5, -1445.6, 1702.6, 10.5, 0, 0, 0
L -1391.7, 1762.9, 42.3, -1437.2, 1719.5, 16.5, 0, 0, 0
L -1374.1, 1777.2, 51.6, -1391.7, 1762.9, 42.3, 0, 0, 0
L -1350.5, 1841.4, 65.3, -1374.1, 1777.2, 51.6, 0, 0, 0
L -1346.4, 1879.4, 66.3, -1350.5, 1841.4, 65.3, 0, 0, 0
L -1331.8, 1918.6, 50.7, -1346.4, 1879.4, 66.3, 0, 0, 0
L -1291.4, 1926.9, 63.5, -1331.8, 1918.6, 50.7, 0, 0, 0
L -1219.2, 1931.8, 64.5, -1291.4, 1926.9, 63.5, 0, 0, 0
L -1173.6, 1927.2, 45.4, -1219.2, 1931.8, 64.5, 0, 0, 0
L -1126.2, 1918.6, 5.0, -1173.6, 1927.2, 45.4, 0, 0, 0
L -1075.1, 1892.9, -37.1, -1126.2, 1918.6, 5.0, 0, 0, 0
L -1046.5, 1911.7, -27.1, -1075.1, 1892.9, -37.1, 0, 0, 0
L -1027.4, 1928.7, -12.1, -1046.5, 1911.7, -27.1, 0, 0, 0
L -989.2, 1930.1, -13.6, -1027.4, 1928.7, -12.1, 0, 0, 0
L -830.1, 1924.1, -26.7, -989.2, 1930.1, -13.6, 0, 0, 0
L -806.7, 1913.3, -34.6, -830.1, 1924.1, -26.7, 0, 0, 0
L -745.0, 1873.6, -44.3, -806.7, 1913.3, -34.6, 0, 0, 0
L -720.6, 1871.2, -40.4, -745.0, 1873.6, -44.3, 0, 0, 0
L -677.8, 1856.1, -28.8, -720.6, 1871.2, -40.4, 0, 0, 0
L -664.8, 1856.2, -28.2, -677.8, 1856.1, -28.8, 0, 0, 0
L -642.8, 1806.6, -12.7, -664.8, 1856.2, -28.2, 0, 0, 0
L -624.0, 1797.0, -0.7, -642.8, 1806.6, -12.7, 0, 0, 0
L -611.3, 1786.9, -2.5, -624.0, 1797.0, -0.7, 0, 0, 0
L -575.1, 1774.4, -1.3, -611.3, 1786.9, -2.5, 0, 0, 0
L -548.6, 1770.4, 4.0, -575.1, 1774.4, -1.3, 0, 0, 0
L -535.5, 1774.1, 2.0, -548.6, 1770.4, 4.0, 0, 0, 0
L -496.4, 1793.7, 12.3, -535.5, 1774.1, 2.0, 0, 0, 0
L -487.7, 1802.1, 16.9, -496.4, 1793.7, 12.3, 0, 0, 0
L -411.1, 1808.6, 6.4, -487.7, 1802.1, 16.9, 0, 0, 0
L -382.7, 1805.1, 6.3, -411.1, 1808.6, 6.4, 0, 0, 0
L -328.1, 1813.4, 5.9, -382.7, 1805.1, 6.3, 0, 0, 0
L 797.5, -2533.7, -30.3, 814.1, -2440.8, -3.0, 0, 0, 255
L 814.1, -2440.8, -3.0, 823.2, -2399.0, -3.1, 0, 0, 255
L 823.2, -2399.0, -3.1, 834.8, -2326.7, -2.7, 0, 0, 255
L 834.8, -2326.7, -2.7, 849.6, -2305.5, -3.4, 0, 0, 255
L 849.6, -2305.5, -3.4, 851.9, -2215.5, -3.0, 0, 0, 255
L 851.9, -2215.5, -3.0, 815.2, -2139.4, -3.3, 0, 0, 255
L 815.2, -2139.4, -3.3, 810.3, -2110.0, -3.8, 0, 0, 255
L 810.3, -2110.0, -3.8, 846.5, -2013.9, -2.3, 0, 0, 255
L 846.5, -2013.9, -2.3, 815.0, -1956.6, -3.2, 0, 0, 255
L 815.0, -1956.6, -3.2, 818.3, -1912.3, -4.3, 0, 0, 255
L 818.3, -1912.3, -4.3, 784.8, -1893.0, -3.8, 0, 0, 255
L 784.8, -1893.0, -3.8, 765.4, -1823.4, -1.8, 0, 0, 255
L 765.4, -1823.4, -1.8, 850.5, -1757.4, -3.0, 0, 0, 255
L 850.5, -1757.4, -3.0, 877.2, -1726.1, -2.7, 0, 0, 255
L 877.2, -1726.1, -2.7, 876.2, -1695.9, -3.0, 0, 0, 255
L 876.2, -1695.9, -3.0, 857.2, -1627.1, -3.8, 0, 0, 255
L 857.2, -1627.1, -3.8, 855.9, -1512.2, -3.9, 0, 0, 255
L 855.9, -1512.2, -3.9, 823.9, -1444.4, -2.9, 0, 0, 255
L 823.9, -1444.4, -2.9, 826.4, -1426.0, -2.8, 0, 0, 255
L 826.4, -1426.0, -2.8, 820.1, -1360.6, -3.3, 0, 0, 255
L 820.1, -1360.6, -3.3, 833.1, -1324.6, -1.2, 0, 0, 255
L 833.1, -1324.6, -1.2, 833.4, -1240.8, -2.1, 0, 0, 255
L 833.4, -1240.8, -2.1, 818.8, -1226.2, -2.8, 0, 0, 255
L 818.8, -1226.2, -2.8, 816.6, -1161.5, -2.7, 0, 0, 255
L 816.6, -1161.5, -2.7, 807.9, -1120.4, -3.2, 0, 0, 255
L 807.9, -1120.4, -3.2, 812.0, -1062.5, -3.1, 0, 0, 255
L 812.0, -1062.5, -3.1, 828.5, -1021.6, -2.9, 0, 0, 255
L 828.5, -1021.6, -2.9, 827.2, -956.5, -3.1, 0, 0, 255
L 827.2, -956.5, -3.1, 805.5, -919.6, -3.1, 0, 0, 255
L 805.5, -919.6, -3.1, 794.3, -825.1, -3.3, 0, 0, 255
L 794.3, -825.1, -3.3, 805.1, -775.6, -3.0, 0, 0, 255
L 805.1, -775.6, -3.0, 834.1, -716.2, -3.3, 0, 0, 255
L 834.1, -716.2, -3.3, 835.2, -637.5, -2.4, 0, 0, 255
L 835.2, -637.5, -2.4, 828.0, -623.5, -3.1, 0, 0, 255
L 828.0, -623.5, -3.1, 820.4, -554.5, -3.1, 0, 0, 255
L 820.4, -554.5, -3.1, 811.2, -521.2, -3.3, 0, 0, 255
L 811.2, -521.2, -3.3, 808.0, -470.1, -3.2, 0, 0, 255
L 808.0, -470.1, -3.2, 806.3, -323.9, -3.0, 0, 0, 255
L 806.3, -323.9, -3.0, 794.3, -273.0, -2.7, 0, 0, 255
L 794.3, -273.0, -2.7, 802.4, -225.7, -3.2, 0, 0, 255
L 802.4, -225.7, -3.2, 852.8, -154.0, -2.4, 0, 0, 255
L 852.8, -154.0, -2.4, 872.5, -121.2, -3.4, 0, 0, 255
L 872.5, -121.2, -3.4, 872.1, -103.7, -3.4, 0, 0, 255
L 872.1, -103.7, -3.4, 847.4, -67.8, -2.4, 0, 0, 255
L 847.4, -67.8, -2.4, 840.9, -29.2, -6.3, 0, 0, 255
L 840.9, -29.2, -6.3, 804.4, -27.1, -1.6, 0, 0, 255
L 804.4, -27.1, -1.6, 808.1, 85.6, -3.1, 0, 0, 255
L 808.1, 85.6, -3.1, 811.1, 136.4, -3.2, 0, 0, 255
L 811.1, 136.4, -3.2, 809.9, 172.5, -3.1, 0, 0, 255
L 809.9, 172.5, -3.1, 807.8, 230.4, -3.2, 0, 0, 255
L 807.8, 230.4, -3.2, 808.7, 293.4, -2.7, 0, 0, 255
L 808.7, 293.4, -2.7, 824.1, 346.1, -3.3, 0, 0, 255
L 824.1, 346.1, -3.3, 841.7, 372.4, -2.3, 0, 0, 255
L 841.7, 372.4, -2.3, 836.8, 463.8, -2.7, 0, 0, 255
L 836.8, 463.8, -2.7, 818.1, 478.1, -2.1, 0, 0, 255
L 818.1, 478.1, -2.1, 823.4, 551.8, -3.2, 0, 0, 255
L 823.4, 551.8, -3.2, 811.9, 574.1, -3.3, 0, 0, 255
L 811.9, 574.1, -3.3, 805.7, 636.0, -2.9, 0, 0, 255
L 805.7, 636.0, -2.9, 805.4, 769.8, -2.8, 0, 0, 255
L 805.4, 769.8, -2.8, 851.3, 838.8, -3.0, 0, 0, 255
L 851.3, 838.8, -3.0, 864.3, 875.2, -2.7, 0, 0, 255
L 864.3, 875.2, -2.7, 862.8, 890.3, -2.7, 0, 0, 255
L 862.8, 890.3, -2.7, 847.6, 922.1, -3.1, 0, 0, 255
L 847.6, 922.1, -3.1, 817.6, 939.1, -3.1, 0, 0, 255
L 817.6, 939.1, -3.1, 813.3, 983.2, -2.9, 0, 0, 255
L 813.3, 983.2, -2.9, 809.0, 1026.8, -3.2, 0, 0, 255
L 809.0, 1026.8, -3.2, 808.6, 1077.1, -2.9, 0, 0, 255
L 808.6, 1077.1, -2.9, 852.2, 1111.3, -2.6, 0, 0, 255
L 852.2, 1111.3, -2.6, 885.2, 1171.2, -2.9, 0, 0, 255
L 885.2, 1171.2, -2.9, 886.7, 1213.8, -3.2, 0, 0, 255
L 886.7, 1213.8, -3.2, 854.3, 1282.9, -3.2, 0, 0, 255
L 854.3, 1282.9, -3.2, 837.9, 1378.7, -5.5, 0, 0, 255
L 837.9, 1378.7, -5.5, 823.8, 1374.9, -2.0, 0, 0, 255
L 823.8, 1374.9, -2.0, 822.5, 1446.9, -2.5, 0, 0, 255
L 822.5, 1446.9, -2.5, 812.5, 1484.9, -2.6, 0, 0, 255
L 812.5, 1484.9, -2.6, 826.7, 1551.6, -2.7, 0, 0, 255
L 826.7, 1551.6, -2.7, 845.1, 1580.7, -3.4, 0, 0, 255
L 845.1, 1580.7, -3.4, 842.0, 1670.5, -5.3, 0, 0, 255
L 842.0, 1670.5, -5.3, 819.0, 1689.0, -2.8, 0, 0, 255
L 819.0, 1689.0, -2.8, 819.7, 1736.8, -3.3, 0, 0, 255
L 819.7, 1736.8, -3.3, 808.4, 1773.9, -3.2, 0, 0, 255
L 808.4, 1773.9, -3.2, 809.1, 1839.1, 9.4, 0, 0, 255
L 809.1, 1839.1, 9.4, 837.5, 1845.5, 3.3, 0, 0, 255
L 837.5, 1845.5, 3.3, 896.7, 1819.6, -6.7, 0, 0, 255
L 896.7, 1819.6, -6.7, 973.1, 1823.5, -3.3, 0, 0, 255
L 973.1, 1823.5, -3.3, 1055.1, 1807.3, -2.4, 0, 0, 255
L 1055.1, 1807.3, -2.4, 1095.3, 1824.8, -2.7, 0, 0, 255
L 1095.3, 1824.8, -2.7, 1126.7, 1848.4, 5.4, 0, 0, 255
L 1126.7, 1848.4, 5.4, 1147.3, 1787.0, -8.3, 0, 0, 255
L 1147.3, 1787.0, -8.3, 1171.6, 1776.5, -30.3, 0, 0, 255
L 929.4, 1024.8, -25.8, 949.2, 1023.1, -29.7, 0, 0, 255
L 949.2, 1023.1, -29.7, 953.1, 1022.4, -29.7, 0, 0, 255
L 953.1, 1022.4, -29.7, 960.7, 1021.2, -29.4, 0, 0, 255
L 960.7, 1021.2, -29.4, 966.7, 1020.4, -29.6, 0, 0, 255
L 966.7, 1020.4, -29.6, 976.2, 1005.1, -30.2, 0, 0, 255
L 976.2, 1005.1, -30.2, 979.4, 999.4, -29.7, 0, 0, 255
L 979.4, 999.4, -29.7, 983.3, 993.6, -30.1, 0, 0, 255
L 983.3, 993.6, -30.1, 986.9, 988.1, -30.4, 0, 0, 255
L 986.9, 988.1, -30.4, 986.5, 982.9, -29.7, 0, 0, 255
L 986.5, 982.9, -29.7, 987.9, 972.5, -30.0, 0, 0, 255
L 987.9, 972.5, -30.0, 988.1, 960.3, -29.4, 0, 0, 255
L 988.1, 960.3, -29.4, 989.4, 951.5, -30.4, 0, 0, 255
L 989.4, 951.5, -30.4, 990.4, 941.0, -30.4, 0, 0, 255
L 990.4, 941.0, -30.4, 990.6, 934.4, -30.0, 0, 0, 255
L 990.6, 934.4, -30.0, 992.1, 925.8, -30.4, 0, 0, 255
L 992.1, 925.8, -30.4, 971.2, 908.7, -30.2, 0, 0, 255
L 971.2, 908.7, -30.2, 966.6, 904.7, -30.2, 0, 0, 255
L 966.6, 904.7, -30.2, 955.1, 908.6, -30.1, 0, 0, 255
L 955.1, 908.6, -30.1, 949.5, 911.3, -29.1, 0, 0, 255
L 949.5, 911.3, -29.1, 938.8, 915.5, -26.5, 0, 0, 255
L 938.8, 915.5, -26.5, 929.5, 920.0, -23.9, 0, 0, 255
L 929.5, 920.0, -23.9, 908.7, 929.0, -17.9, 0, 0, 255
L 908.7, 929.0, -17.9, 905.2, 930.6, -17.1, 0, 0, 255
L 905.2, 930.6, -17.1, 896.2, 934.0, -15.6, 0, 0, 255
L 896.2, 934.0, -15.6, 882.0, 945.6, -13.8, 0, 0, 255
L 882.0, 945.6, -13.8, 868.5, 956.8, -10.6, 0, 0, 255
L 868.5, 956.8, -10.6, 857.5, 963.6, -10.5, 0, 0, 255
L 857.5, 963.6, -10.5, 852.2, 967.5, -9.8, 0, 0, 255
L 852.2, 967.5, -9.8, 847.5, 970.5, -9.7, 0, 0, 255
L 847.5, 970.5, -9.7, 844.9, 972.8, -9.4, 0, 0, 255
L 844.9, 972.8, -9.4, 843.8, 988.3, -9.4, 0, 0, 255
L 843.8, 988.3, -9.4, 849.3, 999.3, -10.5, 0, 0, 255
L 849.3, 999.3, -10.5, 852.8, 1005.1, -11.2, 0, 0, 255
L 852.8, 1005.1, -11.2, 858.9, 1010.8, -12.4, 0, 0, 255
L 858.9, 1010.8, -12.4, 862.3, 1014.0, -13.0, 0, 0, 255
L 862.3, 1014.0, -13.0, 873.1, 1023.7, -15.1, 0, 0, 255
L 873.1, 1023.7, -15.1, 878.7, 1028.6, -16.2, 0, 0, 255
L 878.7, 1028.6, -16.2, 902.3, 1026.2, -20.4, 0, 0, 255
L 902.3, 1026.2, -20.4, 909.2, 1025.9, -21.7, 0, 0, 255
L 909.2, 1025.9, -21.7, 917.3, 1025.1, -23.3, 0, 0, 255
L 917.3, 1025.1, -23.3, 921.7, 1024.9, -24.2, 0, 0, 255
L 921.7, 1024.9, -24.2, 930.9, 1024.1, -26.0, 0, 0, 255
L 930.9, 1024.1, -26.0, 939.1, 1025.4, -27.7, 0, 0, 255
L 894.6, -479.9, -19.7, 898.8, -475.1, -20.4, 150, 100, 0
L 898.8, -475.1, -20.4, 900.4, -473.4, -20.7, 150, 100, 0
L 900.4, -473.4, -20.7, 908.8, -464.8, -21.9, 150, 100, 0
L 908.8, -464.8, -21.9, 914.0, -462.1, -23.2, 150, 100, 0
L 914.0, -462.1, -23.2, 933.3, -458.0, -26.7, 150, 100, 0
L 933.3, -458.0, -26.7, 944.8, -455.6, -28.6, 150, 100, 0
L 944.8, -455.6, -28.6, 952.7, -453.8, -30.1, 150, 100, 0
L 952.7, -453.8, -30.1, 954.9, -453.4, -30.1, 150, 100, 0
L 954.9, -453.4, -30.1, 958.0, -453.9, -30.2, 150, 100, 0
L 958.0, -453.9, -30.2, 959.7, -454.3, -30.2, 150, 100, 0
L 959.7, -454.3, -30.2, 980.9, -464.2, -30.2, 150, 100, 0
L 980.9, -464.2, -30.2, 1010.8, -477.4, -30.4, 150, 100, 0
L 1010.8, -477.4, -30.4, 1016.7, -480.1, -30.4, 150, 100, 0
L 1016.7, -480.1, -30.4, 1012.5, -509.5, -30.5, 150, 100, 0
L 1012.5, -509.5, -30.5, 1014.1, -525.3, -30.5, 150, 100, 0
L 1014.1, -525.3, -30.5, 1012.3, -555.6, -30.5, 150, 100, 0
L 1012.3, -555.6, -30.5, 1007.4, -564.7, -30.5, 150, 100, 0
L 1007.4, -564.7, -30.5, 992.0, -601.8, -30.4, 150, 100, 0
L 992.0, -601.8, -30.4, 983.6, -616.1, -30.3, 150, 100, 0
L 983.6, -616.1, -30.3, 952.6, -643.3, -30.1, 150, 100, 0
L 952.6, -643.3, -30.1, 921.2, -630.6, -24.1, 150, 100, 0
L 921.2, -630.6, -24.1, 900.3, -621.7, -19.8, 150, 100, 0
L 900.3, -621.7, -19.8, 887.2, -559.4, -17.6, 150, 100, 0
L 887.2, -559.4, -17.6, 884.4, -546.7, -17.4, 150, 100, 0
L 884.4, -546.7, -17.4, 881.6, -533.3, -17.1, 150, 100, 0
L 881.6, -533.3, -17.1, 882.2, -520.7, -17.3, 150, 100, 0
L 882.2, -520.7, -17.3, 883.4, -503.8, -17.6, 150, 100, 0
L 883.4, -503.8, -17.6, 884.2, -492.8, -17.7, 150, 100, 0
L 884.2, -492.8, -17.7, 896.0, -479.0, -19.7, 150, 100, 0
L 896.0, -479.0, -19.7, 903.1, -470.4, -21.2, 150, 100, 0
L 585.1, -920.2, 3.0, 622.1, -956.3, 3.0, 0, 0, 0
L 622.1, -956.3, 3.0, 611.1, -1001.9, 3.0, 0, 0, 0
L 611.1, -1001.9, 3.0, 598.1, -1024.2, 3.0, 0, 0, 0
L 598.1, -1024.2, 3.0, 579.2, -1045.5, 11.1, 0, 0, 0
L 579.2, -1045.5, 11.1, 537.8, -1058.0, 15.9, 0, 0, 0
L 537.8, -1058.0, 15.9, 515.2, -1058.6, 16.1, 0, 0, 0
L 515.2, -1058.6, 16.1, 479.9, -1036.5, 7.6, 0, 0, 0
L 479.9, -1036.5, 7.6, 474.9, -1024.8, 3.0, 0, 0, 0
L 474.9, -1024.8, 3.0, 466.7, -975.2, 3.0, 0, 0, 0
L 466.7, -975.2, 3.0, 510.9, -930.4, 3.0, 0, 0, 0
L 510.9, -930.4, 3.0, 580.7, -915.9, 3.0, 0, 0, 0
L 580.7, -915.9, 3.0, 595.4, -930.2, 3.0, 0, 0, 0
L 717.4, -922.9, 3.0, 750.6, -899.1, 21.8, 100, 50, 0
L 751.3, -913.6, 3.0, 743.7, -903.4, 18.1, 100, 50, 0
L 743.7, -903.4, 18.1, 736.6, -893.2, 3.0, 100, 50, 0
L 736.6, -893.2, 3.0, 714.2, -910.2, 3.0, 100, 50, 0
L 714.2, -910.2, 3.0, 715.8, -918.1, 3.0, 100, 50, 0
L 715.8, -918.1, 3.0, 718.8, -921.9, 3.9, 100, 50, 0
L 718.8, -921.9, 3.9, 721.7, -926.1, 3.0, 100, 50, 0
L 721.7, -926.1, 3.0, 728.0, -930.0, 3.1, 100, 50, 0
L 728.0, -930.0, 3.1, 750.9, -913.7, 3.0, 100, 50, 0
L 750.9, -913.7, 3.0, 751.4, -913.5, 3.0, 100, 50, 0
L 732.8, -875.7, 3.0, 732.7, -876.2, 3.0, 100, 50, 0
L 731.5, -879.7, 3.0, 731.0, -879.9, 3.0, 100, 50, 0
L 731.0, -879.9, 3.0, 693.2, -866.9, 3.0, 100, 50, 0
L 693.2, -866.9, 3.0, 693.0, -866.5, 3.0, 100, 50, 0
L 693.0, -866.5, 3.0, 699.5, -847.6, 3.0, 100, 50, 0
L 699.5, -847.6, 3.0, 700.0, -847.5, 3.0, 100, 50, 0
L 700.0, -847.5, 3.0, 737.7, -860.5, 3.0, 100, 50, 0
L 737.7, -860.5, 3.0, 737.9, -860.9, 3.0, 100, 50, 0
L 732.5, -876.8, 3.0, 731.5, -879.7, 3.0, 100, 50, 0
L 737.9, -860.9, 3.0, 732.7, -876.2, 3.0, 100, 50, 0
L 732.7, -876.2, 3.0, 732.5, -876.8, 3.0, 100, 50, 0
L 729.9, -878.3, 3.3, 695.1, -866.3, 3.3, 100, 50, 0
L 695.1, -866.3, 3.3, 701.0, -849.2, 3.3, 100, 50, 0
L 701.0, -849.2, 3.3, 735.8, -861.2, 3.3, 100, 50, 0
L 735.8, -861.2, 3.3, 734.8, -864.1, 3.3, 100, 50, 0
L 731.1, -874.7, 3.3, 729.9, -878.3, 3.3, 100, 50, 0
L 731.1, -874.7, 3.3, 731.6, -874.4, 3.5, 100, 50, 0
L 731.6, -874.4, 3.5, 732.8, -874.8, 3.5, 100, 50, 0
L 732.8, -874.8, 3.5, 733.1, -874.6, 3.0, 100, 50, 0
L 734.8, -864.1, 3.3, 731.1, -874.7, 3.3, 100, 50, 0
L 734.8, -864.1, 3.3, 734.6, -864.5, 3.3, 100, 50, 0
L 734.6, -864.5, 3.3, 735.0, -865.0, 3.5, 100, 50, 0
L 735.0, -865.0, 3.5, 736.0, -865.3, 3.5, 100, 50, 0
L 736.0, -865.3, 3.5, 736.3, -865.3, 3.0, 100, 50, 0
L 49.6, -310.0, -39.4, -39.1, -312.7, -41.3, 0, 0, 255
L -39.1, -312.7, -41.3, -52.6, -314.4, -40.5, 0, 0, 255
L -52.6, -314.4, -40.5, -135.8, -307.2, -39.5, 0, 0, 255
L -135.8, -307.2, -39.5, -153.2, -303.0, -38.9, 0, 0, 255
L -153.2, -303.0, -38.9, -227.8, -296.4, -40.9, 0, 0, 255
L -227.8, -296.4, -40.9, -330.0, -303.6, -41.0, 0, 0, 255
L -330.0, -303.6, -41.0, -350.0, -309.2, -41.0, 0, 0, 255
L -350.0, -309.2, -41.0, -435.3, -308.0, -39.9, 0, 0, 255
L -435.3, -308.0, -39.9, -453.0, -306.9, -40.2, 0, 0, 255
L -453.0, -306.9, -40.2, -534.7, -308.4, -40.5, 0, 0, 255
L -534.7, -308.4, -40.5, -552.8, -307.9, -41.0, 0, 0, 255
L -552.8, -307.9, -41.0, -648.4, -320.2, -41.5, 0, 0, 255
L -648.4, -320.2, -41.5, -750.7, -320.2, -40.6, 0, 0, 255
L -750.7, -320.2, -40.6, -839.2, -290.9, -39.9, 0, 0, 255
L -839.2, -290.9, -39.9, -849.5, -278.3, -39.7, 0, 0, 255
L -849.5, -278.3, -39.7, -891.0, -268.2, -40.3, 0, 0, 255
L -891.0, -268.2, -40.3, -900.1, -221.0, -41.2, 0, 0, 255
L -900.1, -221.0, -41.2, -920.0, -194.8, -40.5, 0, 0, 255
L -920.0, -194.8, -40.5, -925.1, -125.9, -40.8, 0, 0, 255
L -925.1, -125.9, -40.8, -900.6, -75.5, -40.9, 0, 0, 255
L -900.6, -75.5, -40.9, -889.1, -22.5, -40.4, 0, 0, 255
L -889.1, -22.5, -40.4, -847.6, 32.5, -40.8, 0, 0, 255
L -847.6, 32.5, -40.8, -829.1, 78.4, -40.8, 0, 0, 255
L -829.1, 78.4, -40.8, -826.3, 101.2, -40.8, 0, 0, 255
L -826.3, 101.2, -40.8, -820.7, 175.5, -40.8, 0, 0, 255
L -820.7, 175.5, -40.8, -820.4, 277.2, -40.8, 0, 0, 255
L -820.4, 277.2, -40.8, -815.3, 311.7, -40.2, 0, 0, 255
L -815.3, 311.7, -40.2, -810.4, 377.6, -40.8, 0, 0, 255
L -810.4, 377.6, -40.8, -800.2, 428.0, -40.8, 0, 0, 255
L -800.2, 428.0, -40.8, -798.8, 480.0, -42.0, 0, 0, 255
L -798.8, 480.0, -42.0, -813.7, 511.2, -40.5, 0, 0, 255
L -813.7, 511.2, -40.5, -825.5, 574.6, -40.0, 0, 0, 255
L -825.5, 574.6, -40.0, -837.9, 589.0, -41.0, 0, 0, 255
L -837.9, 589.0, -41.0, -847.4, 598.7, -40.5, 0, 0, 255
L -847.4, 598.7, -40.5, -907.4, 617.5, -40.7, 0, 0, 255
L -907.4, 617.5, -40.7, -921.4, 674.1, -40.4, 0, 0, 255
L -921.4, 674.1, -40.4, -933.2, 691.2, -40.4, 0, 0, 255
L -933.2, 691.2, -40.4, -951.1, 769.2, -41.5, 0, 0, 255
L -951.1, 769.2, -41.5, -955.1, 770.4, -40.5, 0, 0, 255
L -955.1, 770.4, -40.5, -954.3, 779.5, -40.5, 0, 0, 255
L -954.3, 779.5, -40.5, -947.5, 810.6, -41.3, 0, 0, 255
L -947.5, 810.6, -41.3, -941.4, 879.6, -37.4, 0, 0, 255
L -941.4, 879.6, -37.4, -849.3, 967.5, -40.3, 0, 0, 255
L -849.3, 967.5, -40.3, -818.5, 976.2, -40.3, 0, 0, 255
L -818.5, 976.2, -40.3, -748.2, 1006.7, -41.1, 0, 0, 255
L -748.2, 1006.7, -41.1, -716.3, 1005.1, -41.0, 0, 0, 255
L -716.3, 1005.1, -41.0, -645.1, 985.4, -41.3, 0, 0, 255
L -645.1, 985.4, -41.3, -637.6, 985.5, -41.0, 0, 0, 255
L -637.6, 985.5, -41.0, -629.3, 975.1, -40.3, 0, 0, 255
L -629.3, 975.1, -40.3, -558.3, 959.1, -39.5, 0, 0, 255
L -558.3, 959.1, -39.5, -548.9, 953.5, -40.9, 0, 0, 255
L -548.9, 953.5, -40.9, -462.8, 945.2, -40.0, 0, 0, 255
L -462.8, 945.2, -40.0, -445.3, 938.7, -41.1, 0, 0, 255
L -445.3, 938.7, -41.1, -383.0, 938.4, -39.9, 0, 0, 255
L -383.0, 938.4, -39.9, -339.5, 939.6, -40.8, 0, 0, 255
L -339.5, 939.6, -40.8, -279.6, 941.2, -40.4, 0, 0, 255
L -279.6, 941.2, -40.4, -239.7, 937.4, -41.1, 0, 0, 255
L -239.7, 937.4, -41.1, -169.4, 953.6, -40.0, 0, 0, 255
L -169.4, 953.6, -40.0, -146.6, 962.4, -40.9, 0, 0, 255
L -146.6, 962.4, -40.9, -120.5, 976.2, -40.9, 0, 0, 255
L -120.5, 976.2, -40.9, -45.4, 1032.9, -40.5, 0, 0, 255
L -45.4, 1032.9, -40.5, 38.7, 1060.9, -41.2, 0, 0, 255
L 38.7, 1060.9, -41.2, 54.1, 1070.1, -40.0, 0, 0, 255
L 54.1, 1070.1, -40.0, 79.0, 1076.0, -40.4, 0, 0, 255
L 79.0, 1076.0, -40.4, 156.7, 1110.5, -39.7, 0, 0, 255
L 156.7, 1110.5, -39.7, 188.2, 1109.5, -40.5, 0, 0, 255
L 188.2, 1109.5, -40.5, 253.0, 1118.3, -40.7, 0, 0, 255
L 253.0, 1118.3, -40.7, 296.7, 1116.0, -40.2, 0, 0, 255
L 296.7, 1116.0, -40.2, 351.1, 1081.7, -40.7, 0, 0, 255
L 351.1, 1081.7, -40.7, 359.6, 1079.4, -40.4, 0, 0, 255
L 359.6, 1079.4, -40.4, 360.2, 1074.8, -41.0, 0, 0, 255
L 360.2, 1074.8, -41.0, 429.7, 1053.1, -41.0, 0, 0, 255
L 429.7, 1053.1, -41.0, 452.3, 1004.0, -40.6, 0, 0, 255
L 452.3, 1004.0, -40.6, 478.1, 995.6, -39.3, 0, 0, 255
L 478.1, 995.6, -39.3, 480.8, 968.8, -40.6, 0, 0, 255
L 480.8, 968.8, -40.6, 501.5, 926.3, -40.9, 0, 0, 255
L 501.5, 926.3, -40.9, 503.3, 875.0, -41.1, 0, 0, 255
L 503.3, 875.0, -41.1, 450.2, 798.1, -40.8, 0, 0, 255
L 450.2, 798.1, -40.8, 437.6, 772.2, -38.9, 0, 0, 255
L 437.6, 772.2, -38.9, 350.3, 680.2, -40.7, 0, 0, 255
L 350.3, 680.2, -40.7, 344.1, 675.3, -41.7, 0, 0, 255
L 344.1, 675.3, -41.7, 252.3, 602.0, -41.2, 0, 0, 255
L 252.3, 602.0, -41.2, 209.2, 575.5, -41.1, 0, 0, 255
L 209.2, 575.5, -41.1, 176.6, 497.4, -41.3, 0, 0, 255
L 176.6, 497.4, -41.3, 171.7, 474.9, -40.9, 0, 0, 255
L 171.7, 474.9, -40.9, 151.5, 441.2, -41.1, 0, 0, 255
L 151.5, 441.2, -41.1, 131.6, 372.6, -40.5, 0, 0, 255
L 131.6, 372.6, -40.5, 110.1, 332.2, -40.5, 0, 0, 255
L 110.1, 332.2, -40.5, 94.3, 273.8, -41.0, 0, 0, 255
L 94.3, 273.8, -41.0, 104.8, 225.5, -40.7, 0, 0, 255
L 104.8, 225.5, -40.7, 105.5, 174.4, -40.4, 0, 0, 255
L 105.5, 174.4, -40.4, 120.5, 139.9, -40.8, 0, 0, 255
L 120.5, 139.9, -40.8, 136.9, 74.2, -40.4, 0, 0, 255
L 136.9, 74.2, -40.4, 145.2, 60.6, -40.7, 0, 0, 255
L 145.2, 60.6, -40.7, 153.0, 47.5, -40.6, 0, 0, 255
L 153.0, 47.5, -40.6, 204.0, 21.6, -39.3, 0, 0, 255
L 204.0, 21.6, -39.3, 208.4, -24.9, -41.0, 0, 0, 255
L 208.4, -24.9, -41.0, 225.9, -56.4, -39.6, 0, 0, 255
L 225.9, -56.4, -39.6, 229.9, -123.5, -40.6, 0, 0, 255
L 229.9, -123.5, -40.6, 189.3, -188.3, -41.3, 0, 0, 255
L 189.3, -188.3, -41.3, 181.4, -224.3, -40.7, 0, 0, 255
L 181.4, -224.3, -40.7, 150.3, -255.9, -41.0, 0, 0, 255
L 150.3, -255.9, -41.0, 104.4, -270.9, -41.5, 0, 0, 255
L 104.4, -270.9, -41.5, 49.1, -310.1, -39.3, 0, 0, 255
L -157.6, 565.0, -41.0, -248.1, 565.4, -40.8, 0, 0, 255
L -248.1, 565.4, -40.8, -254.7, 568.9, -40.7, 0, 0, 255
L -254.7, 568.9, -40.7, -349.8, 508.3, -40.4, 0, 0, 255
L -349.8, 508.3, -40.4, -515.2, 509.1, -39.9, 0, 0, 255
L -515.2, 509.1, -39.9, -547.7, 543.9, -40.3, 0, 0, 255
L -547.7, 543.9, -40.3, -627.1, 475.5, -40.5, 0, 0, 255
L -627.1, 475.5, -40.5, -594.4, 428.5, -40.5, 0, 0, 255
L -594.4, 428.5, -40.5, -593.4, 376.0, -38.6, 0, 0, 255
L -593.4, 376.0, -38.6, -581.7, 340.9, -39.5, 0, 0, 255
L -581.7, 340.9, -39.5, -582.4, 240.0, -41.1, 0, 0, 255
L -582.4, 240.0, -41.1, -481.4, 241.6, -40.7, 0, 0, 255
L -481.4, 241.6, -40.7, -447.1, 209.8, -39.9, 0, 0, 255
L -447.1, 209.8, -39.9, -413.8, 209.9, -40.7, 0, 0, 255
L -413.8, 209.9, -40.7, -348.2, 225.4, -40.6, 0, 0, 255
L -348.2, 225.4, -40.6, -298.6, 274.9, -40.5, 0, 0, 255
L -298.6, 274.9, -40.5, -248.1, 363.7, -41.2, 0, 0, 255
L -248.1, 363.7, -41.2, -235.6, 375.4, -40.9, 0, 0, 255
L -235.6, 375.4, -40.9, -179.8, 444.0, -41.0, 0, 0, 255
L -179.8, 444.0, -41.0, -156.8, 476.5, -41.0, 0, 0, 255
L -156.8, 476.5, -41.0, -157.5, 565.1, -41.1, 0, 0, 255
L -399.2, 406.2, 46.5, -383.6, 406.2, 46.5, 0, 0, 0
L -383.6, 406.2, 46.5, -383.3, 406.0, 46.5, 0, 0, 0
L -383.3, 406.0, 46.5, -383.3, 354.1, 48.6, 0, 0, 0
L -383.3, 354.1, 48.6, -383.7, 353.9, 46.5, 0, 0, 0
L -383.7, 353.9, 46.5, -435.2, 353.9, 46.5, 0, 0, 0
L -435.2, 353.9, 46.5, -435.8, 354.6, 46.5, 0, 0, 0
L -435.8, 354.6, 46.5, -435.8, 355.6, 46.5, 0, 0, 0
L -435.8, 355.6, 46.5, -436.2, 405.4, 65.9, 0, 0, 0
L -436.2, 405.4, 65.9, -435.0, 406.2, 65.9, 0, 0, 0
L -435.0, 406.2, 65.9, -414.9, 406.2, 75.3, 0, 0, 0
L -414.9, 406.2, 75.3, -414.6, 405.7, 75.4, 0, 0, 0
L -414.6, 405.7, 75.4, -414.6, 401.9, 75.4, 0, 0, 0
L -414.6, 401.9, 75.4, -414.9, 401.5, 75.1, 0, 0, 0
L -414.9, 401.5, 75.1, -430.7, 401.3, 75.1, 0, 0, 0
L -430.7, 401.3, 75.1, -430.9, 358.6, 75.1, 0, 0, 0
L -430.9, 358.6, 75.1, -388.0, 358.6, 75.1, 0, 0, 0
L -388.0, 358.6, 75.1, -388.0, 401.2, 75.1, 0, 0, 0
L -388.0, 401.2, 75.1, -400.8, 401.2, 75.1, 0, 0, 0
L -400.8, 401.2, 75.1, -402.9, 402.0, 75.4, 0, 0, 0
L -402.9, 402.0, 75.4, -402.9, 405.8, 75.4, 0, 0, 0
L -402.9, 405.8, 75.4, -402.7, 406.2, 75.3, 0, 0, 0
L -402.7, 406.2, 75.3, -399.7, 406.2, 75.3, 0, 0, 0
L -399.7, 406.2, 75.3, -399.9, 414.6, 75.3, 0, 0, 0
L -399.9, 414.6, 75.3, -419.2, 414.3, 75.3, 0, 0, 0
L -419.2, 414.3, 75.3, -436.5, 414.4, 65.9, 0, 0, 0
L -436.5, 414.4, 65.9, -445.2, 414.5, 65.9, 0, 0, 0
L -445.2, 414.5, 65.9, -445.2, 406.1, 65.7, 0, 0, 0
L -445.2, 406.1, 65.7, -444.8, 356.5, 46.9, 0, 0, 0
L -444.8, 356.5, 46.9, -435.6, 356.3, 46.8, 0, 0, 0
L -445.9, 359.4, 46.5, -445.9, 414.7, 46.5, 0, 0, 0
L -445.9, 414.7, 46.5, -445.9, 414.8, 46.5, 0, 0, 0
L -445.9, 414.8, 46.5, -445.5, 415.1, 46.5, 0, 0, 0
L -445.5, 415.1, 46.5, -399.7, 415.1, 46.5, 0, 0, 0
L -399.7, 415.1, 46.5, -399.2, 414.7, 46.5, 0, 0, 0
L -399.2, 414.7, 46.5, -399.2, 406.2, 46.5, 0, 0, 0
L -430.9, 401.4, 132.1, -431.0, 358.6, 132.1, 0, 204, 0
L -431.0, 358.6, 132.1, -388.0, 358.7, 132.1, 0, 204, 0
L -388.0, 358.7, 132.1, -388.0, 401.1, 132.1, 0, 204, 0
L -388.0, 401.1, 132.1, -430.9, 401.4, 132.1, 0, 204, 0
L -402.8, 362.6, 132.1, -392.6, 362.4, 132.1, 0, 204, 0
L -392.6, 362.4, 132.1, -392.6, 377.1, 132.1, 0, 204, 0
L -392.6, 377.1, 132.1, -403.6, 377.0, 132.1, 0, 204, 0
L -403.6, 377.0, 132.1, -403.6, 362.8, 132.1, 0, 204, 0
L -440.7, 474.8, 46.5, -547.9, 474.8, 46.5, 150, 150, 150
L -547.9, 474.8, 46.5, -547.9, 275.4, 46.5, 150, 150, 150
L -547.9, 275.4, 46.5, -348.7, 275.5, 46.5, 150, 150, 150
L -348.7, 275.5, 46.5, -348.6, 474.3, 46.5, 150, 150, 150
L -348.6, 474.3, 46.5, -446.4, 474.6, 46.5, 150, 150, 150
L 57.8, 752.9, -214.6, 29.6, 796.7, -216.3, 0, 0, 0
L 29.6, 796.7, -216.3, 29.8, 797.1, -216.3, 0, 0, 0
L 29.8, 797.1, -216.3, 73.4, 824.7, -216.3, 0, 0, 0
L 73.4, 824.7, -216.3, 74.0, 824.3, -216.3, 0, 0, 0
L 74.0, 824.3, -216.3, 101.4, 780.9, -216.3, 0, 0, 0
L 101.4, 780.9, -216.3, 101.3, 780.4, -216.3, 0, 0, 0
L 101.3, 780.4, -216.3, 57.8, 752.9, -214.6, 0, 0, 0
L 57.8, 752.9, -214.6, 57.2, 753.2, -214.6, 0, 0, 0
L 241.2, 1296.2, 3.0, 230.4, 1285.5, 3.0, 0, 0, 0
L 230.4, 1285.5, 3.0, 213.9, 1285.7, 3.0, 0, 0, 0
L 213.9, 1285.7, 3.0, 210.4, 1289.2, 3.0, 0, 0, 0
L 210.4, 1289.2, 3.0, 206.3, 1285.8, 3.0, 0, 0, 0
L 206.3, 1285.8, 3.0, 202.1, 1290.6, 3.0, 0, 0, 0
L 202.1, 1290.6, 3.0, 205.7, 1294.0, 3.0, 0, 0, 0
L 205.7, 1294.0, 3.0, 202.5, 1297.3, 3.0, 0, 0, 0
L 202.5, 1297.3, 3.0, 202.8, 1313.7, 3.0, 0, 0, 0
L 202.8, 1313.7, 3.0, 214.4, 1325.1, 3.0, 0, 0, 0
L 214.4, 1325.1, 3.0, 230.6, 1325.0, 3.0, 0, 0, 0
L 230.6, 1325.0, 3.0, 241.3, 1314.3, 3.0, 0, 0, 0
L 241.3, 1314.3, 3.0, 244.1, 1317.2, 3.0, 0, 0, 0
L 244.1, 1317.2, 3.0, 240.7, 1321.2, 3.0, 0, 0, 0
L 240.7, 1321.2, 3.0, 245.0, 1325.4, 3.0, 0, 0, 0
L 245.0, 1325.4, 3.0, 245.6, 1325.4, 3.0, 0, 0, 0
L 245.6, 1325.4, 3.0, 248.9, 1322.0, 3.0, 0, 0, 0
L 248.9, 1322.0, 3.0, 252.1, 1325.1, 3.0, 0, 0, 0
L 252.1, 1325.1, 3.0, 268.5, 1324.9, 3.0, 0, 0, 0
L 268.5, 1324.9, 3.0, 278.9, 1314.5, 3.0, 0, 0, 0
L 278.9, 1314.5, 3.0, 289.4, 1325.0, 3.0, 0, 0, 0
L 289.4, 1325.0, 3.0, 305.7, 1325.0, 3.0, 0, 0, 0
L 305.7, 1325.0, 3.0, 309.5, 1321.3, 3.0, 0, 0, 0
L 309.5, 1321.3, 3.0, 312.9, 1324.6, 3.0, 0, 0, 0
L 312.9, 1324.6, 3.0, 313.5, 1324.7, 3.0, 0, 0, 0
L 313.5, 1324.7, 3.0, 317.7, 1320.4, 3.0, 0, 0, 0
L 317.7, 1320.4, 3.0, 317.7, 1319.9, 3.0, 0, 0, 0
L 317.7, 1319.9, 3.0, 314.3, 1316.6, 3.0, 0, 0, 0
L 314.3, 1316.6, 3.0, 317.3, 1313.6, 3.0, 0, 0, 0
L 317.3, 1313.6, 3.0, 317.4, 1297.1, 3.0, 0, 0, 0
L 317.4, 1297.1, 3.0, 305.8, 1285.5, 3.0, 0, 0, 0
L 305.8, 1285.5, 3.0, 289.4, 1285.5, 3.0, 0, 0, 0
L 289.4, 1285.5, 3.0, 278.9, 1296.0, 3.0, 0, 0, 0
L 278.9, 1296.0, 3.0, 268.2, 1285.5, 3.0, 0, 0, 0
L 268.2, 1285.5, 3.0, 265.4, 1285.5, 3.0, 0, 0, 0
L 265.4, 1285.5, 3.0, 254.7, 1285.5, 3.0, 0, 0, 0
L 254.7, 1285.5, 3.0, 251.9, 1285.6, 3.0, 0, 0, 0
L 251.9, 1285.6, 3.0, 241.2, 1296.2, 3.0, 0, 0, 0
L 254.9, 1287.4, 4.8, 252.6, 1287.4, 4.8, 0, 0, 0
L 252.6, 1287.4, 4.8, 242.1, 1297.9, 4.8, 0, 0, 0
L 242.1, 1297.9, 4.8, 242.1, 1299.6, 4.8, 0, 0, 0
L 242.1, 1299.6, 4.8, 242.1, 1300.1, 4.8, 0, 0, 0
L 242.1, 1300.1, 4.8, 241.6, 1300.4, 5.3, 0, 0, 0
L 241.6, 1300.4, 5.3, 240.8, 1300.5, 5.3, 0, 0, 0
L 240.8, 1300.5, 5.3, 240.2, 1300.1, 4.8, 0, 0, 0
L 240.2, 1300.1, 4.8, 240.2, 1297.7, 4.8, 0, 0, 0
L 240.2, 1297.7, 4.8, 229.8, 1287.3, 4.8, 0, 0, 0
L 229.8, 1287.3, 4.8, 215.0, 1287.3, 4.8, 0, 0, 0
L 215.0, 1287.3, 4.8, 204.6, 1297.7, 4.8, 0, 0, 0
L 204.6, 1297.7, 4.8, 204.6, 1312.5, 4.8, 0, 0, 0
L 204.6, 1312.5, 4.8, 215.0, 1322.9, 4.8, 0, 0, 0
L 215.0, 1322.9, 4.8, 229.8, 1322.9, 4.8, 0, 0, 0
L 229.8, 1322.9, 4.8, 240.2, 1312.5, 4.8, 0, 0, 0
L 240.2, 1312.5, 4.8, 240.2, 1310.2, 4.8, 0, 0, 0
L 240.2, 1310.2, 4.8, 240.7, 1309.8, 5.3, 0, 0, 0
L 240.7, 1309.8, 5.3, 241.6, 1309.8, 5.3, 0, 0, 0
L 241.6, 1309.8, 5.3, 242.1, 1312.5, 4.8, 0, 0, 0
L 242.1, 1312.5, 4.8, 252.6, 1323.0, 4.8, 0, 0, 0
L 252.6, 1323.0, 4.8, 267.4, 1323.0, 4.8, 0, 0, 0
L 267.4, 1323.0, 4.8, 277.8, 1312.6, 4.8, 0, 0, 0
L 277.8, 1312.6, 4.8, 277.8, 1310.5, 4.8, 0, 0, 0
L 277.8, 1310.5, 4.8, 278.4, 1310.1, 5.3, 0, 0, 0
L 278.4, 1310.1, 5.3, 279.1, 1310.1, 5.3, 0, 0, 0
L 279.1, 1310.1, 5.3, 279.7, 1310.5, 4.8, 0, 0, 0
L 279.7, 1310.5, 4.8, 279.7, 1312.8, 4.8, 0, 0, 0
L 279.7, 1312.8, 4.8, 290.1, 1323.2, 4.8, 0, 0, 0
L 290.1, 1323.2, 4.8, 304.9, 1323.3, 4.8, 0, 0, 0
L 304.9, 1323.3, 4.8, 315.4, 1312.8, 4.8, 0, 0, 0
L 315.4, 1312.8, 4.8, 315.4, 1298.1, 4.8, 0, 0, 0
L 315.4, 1298.1, 4.8, 304.9, 1287.6, 4.8, 0, 0, 0
L 304.9, 1287.6, 4.8, 290.2, 1287.6, 4.8, 0, 0, 0
L 290.2, 1287.6, 4.8, 279.7, 1298.0, 4.8, 0, 0, 0
L 279.7, 1298.0, 4.8, 279.7, 1300.3, 4.8, 0, 0, 0
L 279.7, 1300.3, 4.8, 279.3, 1300.7, 5.3, 0, 0, 0
L 279.3, 1300.7, 5.3, 278.3, 1300.7, 5.3, 0, 0, 0
L 278.3, 1300.7, 5.3, 277.9, 1300.3, 4.8, 0, 0, 0
L 277.9, 1300.3, 4.8, 277.9, 1297.9, 4.8, 0, 0, 0
L 277.9, 1297.9, 4.8, 267.4, 1287.4, 4.8, 0, 0, 0
L 267.4, 1287.4, 4.8, 265.1, 1287.4, 4.8, 0, 0, 0
L 265.1, 1287.4, 4.8, 264.7, 1287.2, 5.3, 0, 0, 0
L 264.7, 1287.2, 5.3, 255.3, 1287.2, 5.3, 0, 0, 0
L 15.2, -617.6, 8.7, 15.1, -597.3, 8.7, 150, 100, 0
L 15.1, -597.3, 8.7, 50.2, -597.3, 8.7, 150, 100, 0
L 50.2, -597.3, 8.7, 50.2, -616.3, 8.7, 150, 100, 0
L 50.2, -616.3, 8.7, 15.4, -618.1, 8.7, 150, 100, 0
L 47.5, -540.8, 9.1, 47.5, -526.9, 9.1, 150, 100, 0
L 47.5, -526.9, 9.1, 70.5, -528.1, 8.8, 150, 100, 0
L 70.5, -528.1, 8.8, 70.5, -541.1, 8.9, 150, 100, 0
L 70.5, -541.1, 8.9, 47.4, -540.4, 9.1, 150, 100, 0
L -80.6, -518.9, 9.1, -74.7, -508.4, 8.9, 150, 100, 0
L -74.7, -508.4, 8.9, -94.9, -496.6, 8.7, 150, 100, 0
L -94.9, -496.6, 8.7, -100.5, -506.8, 8.8, 150, 100, 0
L -100.5, -506.8, 8.8, -80.5, -518.8, 9.0, 150, 100, 0
L -17.2, -500.4, 9.8, 2.8, -502.0, 30.5, 150, 100, 0
L 2.8, -502.0, 30.5, 20.1, -501.3, 8.7, 150, 100, 0
L 20.1, -501.3, 8.7, 17.7, -458.2, 8.7, 150, 100, 0
L 17.7, -458.2, 8.7, -0.7, -458.6, 10.8, 150, 100, 0
L -0.7, -458.6, 10.8, -18.4, -459.7, 8.8, 150, 100, 0
L -18.4, -459.7, 8.8, -18.5, -498.8, 8.7, 150, 100, 0
L -18.5, -498.8, 8.7, -18.6, -501.5, 8.7, 150, 100, 0
L -18.6, -501.5, 8.7, -17.3, -501.5, 9.7, 150, 100, 0
L 0.3, -456.8, 4.2, 0.3, -512.7, 30.1, 150, 100, 0
L -68.7, -605.5, 3.0, -50.4, -609.4, 25.4, 150, 100, 0
L -50.4, -609.4, 25.4, -33.2, -614.5, 3.0, 150, 100, 0
L -33.2, -614.5, 3.0, -44.2, -654.2, 3.4, 150, 100, 0
L -44.2, -654.2, 3.4, -77.5, -646.3, 3.1, 150, 100, 0
L -77.5, -646.3, 3.1, -67.7, -605.1, 3.0, 150, 100, 0
L -61.1, -654.3, 4.0, -47.9, -600.1, 29.8, 150, 100, 0
L -1117.7, 895.7, 2.8, -1101.5, 887.1, 2.1, 0, 0, 0
L -1101.5, 887.1, 2.1, -1092.9, 903.5, 2.3, 0, 0, 0
L -1092.9, 903.5, 2.3, -1109.2, 912.0, 3.0, 0, 0, 0
L -1109.2, 912.0, 3.0, -1112.1, 906.8, 2.9, 0, 0, 0
L -1117.8, 895.6, 2.8, -1115.9, 899.7, 2.8, 0, 0, 0
L -1151.0, 898.1, 2.9, -1153.7, 900.7, 2.8, 0, 0, 0
L -1153.7, 900.7, 2.8, -1166.7, 887.5, 2.1, 0, 0, 0
L -1166.7, 887.5, 2.1, -1153.5, 874.6, 2.8, 0, 0, 0
L -1153.5, 874.6, 2.8, -1140.6, 887.8, 3.0, 0, 0, 0
L -1140.6, 887.8, 3.0, -1143.4, 890.8, 3.0, 0, 0, 0
L 710.2, 1802.2, 3.0, 722.3, 1795.8, 3.0, 0, 0, 0
L 722.3, 1795.8, 3.0, 735.8, 1800.4, 3.0, 0, 0, 0
L 735.8, 1800.4, 3.0, 741.9, 1811.8, 3.0, 0, 0, 0
L 741.9, 1811.8, 3.0, 737.9, 1824.9, 3.0, 0, 0, 0
L 737.9, 1824.9, 3.0, 726.3, 1830.4, 3.0, 0, 0, 0
L 726.3, 1830.4, 3.0, 713.2, 1827.3, 3.0, 0, 0, 0
L 713.2, 1827.3, 3.0, 706.9, 1815.6, 3.0, 0, 0, 0
L 682.5, 1839.0, 3.0, 689.9, 1850.6, 3.0, 0, 0, 0
L 689.9, 1850.6, 3.0, 686.9, 1863.5, 3.0, 0, 0, 0
L 686.9, 1863.5, 3.0, 675.8, 1870.8, 3.0, 0, 0, 0
L 675.8, 1870.8, 3.0, 662.6, 1867.7, 3.0, 0, 0, 0
L 662.6, 1867.7, 3.0, 655.2, 1857.2, 3.0, 0, 0, 0
L 655.2, 1857.2, 3.0, 658.4, 1843.0, 3.0, 0, 0, 0
L 658.4, 1843.0, 3.0, 670.1, 1836.1, 3.0, 0, 0, 0
L 670.1, 1836.1, 3.0, 669.9, 1836.2, 3.0, 0, 0, 0
L 809.1, 1839.1, 9.4, 783.3, 1823.2, -1.6, 0, 0, 0
L 783.3, 1823.2, -1.6, 749.1, 1822.2, 3.0, 0, 0, 0
L 749.1, 1822.2, 3.0, 702.8, 1856.6, 3.0, 0, 0, 0
L 702.8, 1856.6, 3.0, 690.2, 1910.3, 3.0, 0, 0, 0
L 690.2, 1910.3, 3.0, 687.9, 1930.5, 6.5, 0, 0, 0
L 687.9, 1930.5, 6.5, 661.3, 1933.1, 11.8, 0, 0, 0
L 661.3, 1933.1, 11.8, 644.0, 1933.1, 11.1, 0, 0, 0
L 644.0, 1933.1, 11.1, 629.3, 1933.1, 6.3, 0, 0, 0
L 629.3, 1933.1, 6.3, 612.6, 1933.1, 0.6, 0, 0, 0
L 612.6, 1933.1, 0.6, 588.7, 1933.1, 4.5, 0, 0, 0
L 588.7, 1933.1, 4.5, 548.8, 1933.1, 13.2, 0, 0, 0
L 548.8, 1933.1, 13.2, 530.6, 1933.1, 12.0, 0, 0, 0
L 530.6, 1933.1, 12.0, 506.2, 1933.1, 8.0, 0, 0, 0
L 506.2, 1933.1, 8.0, 476.5, 1933.1, -17.9, 0, 0, 0
L 476.5, 1933.1, -17.9, 465.6, 1933.1, -27.3, 0, 0, 0
L 465.6, 1933.1, -27.3, 449.0, 1924.7, -39.6, 0, 0, 0
L 449.0, 1924.7, -39.6, 440.8, 1929.7, -37.0, 0, 0, 0
L 440.8, 1929.7, -37.0, 104.6, 1932.0, -35.7, 0, 0, 0
L 104.6, 1932.0, -35.7, 78.2, 1896.8, -11.9, 0, 0, 0
L 78.2, 1896.8, -11.9, 54.9, 1893.6, -7.3, 0, 0, 0
L 54.9, 1893.6, -7.3, 8.6, 1880.9, -0.1, 0, 0, 0
L 8.6, 1880.9, -0.1, -20.4, 1901.3, -11.0, 0, 0, 0
L -20.4, 1901.3, -11.0, -59.3, 1933.0, 2.9, 0, 0, 0
L -59.3, 1933.0, 2.9, -269.1, 1933.0, 3.5, 199, 21, 133
L -269.1, 1933.0, 3.5, -255.6, 1909.2, 3.2, 0, 0, 0
L -255.6, 1909.2, 3.2, -282.4, 1857.4, 3.5, 0, 0, 0
L -282.4, 1857.4, 3.5, -328.1, 1813.4, 3.5, 0, 0, 0
L -269.1, 1933.0, 3.5, -269.1, 2000.4, 3.5, 0, 0, 0
L -59.3, 1933.0, 2.9, -59.3, 2000.4, 2.9, 0, 0, 0
L 1334.7, 1721.6, -30.3, 1334.7, -2533.7, -30.3, 0, 0, 255
L -1337.5, -2533.7, -30.3, -1337.5, -2719.0, -30.3, 0, 0, 0
L -1289.7, -2432.7, -30.3, -1305.2, -2451.8, -30.3, 0, 0, 0
L -1305.2, -2451.8, -30.3, -1344.3, -2504.8, -30.3, 0, 0, 0
L -1344.3, -2504.8, -30.3, -1337.5, -2533.7, -30.3, 0, 0, 0
L 1247.6, 1766.6, -30.3, 1334.7, 1721.6, -30.3, 0, 0, 255
L 1171.6, 1776.5, -30.3, 1247.6, 1766.6, -30.3, 0, 0, 255
L 1334.7, -2533.7, -30.3, 1334.7, -2719.0, -30.3, 0, 0, 255
L -1337.5, -2533.7, -30.3, 797.5, -2533.7, -30.3, 199, 21, 133
L 797.5, -2533.7, -30.3, 1334.7, -2533.7, -30.3, 199, 21, 133
