P 96.2356, 379.5125, 0.6259, 255, 0, 0, 3, to_The_Feerrott
P 99.0000, 345.0000, 0.0000, 255, 0, 0, 2, Succor
P -214.0000, 283.0000, 30.8133, 255, 0, 0, 2, Priest_of_Discord
P 268.5478, -238.6592, 5.2819, 240, 240, 240, 2, Death`s_Rain_Tavern
P 43.7651, -334.8382, 12.0019, 240, 240, 240, 2, Greenblood_Rock
P 262.7524, 4.0696, -6.6239, 255, 210, 0, 2, Ungral_(Banker)
P -1000.0096, -625.3750, 80.3446, 0, 128, 0, 2, Cralk_(Spells)
P -1059.1131, -266.3854, 80.3446, 0, 128, 0, 2, Brogdog_(Beastlord_Spells)
P -1070.7761, -320.1114, 80.3446, 0, 128, 0, 2, Rognok_(Spells)
P -1075.8515, -615.0244, 75.9706, 0, 128, 0, 2, Chamt_(Shaman_Spells)
P 3.6418, -390.8939, 0.0019, 0, 128, 0, 2, Trusk_(Shadow_Knight_Spells)
P -13.5446, -266.1473, 4.3759, 0, 128, 0, 2, Iksob_Darkchaser_(Weapons)
P -384.1526, -223.5451, 60.3446, 0, 128, 0, 2, Brokk_Boxtripper_(Satchels)
P -479.7155, -448.6336, 4.4772, 0, 128, 0, 2, Cikoona_(Weapons)
P -492.8628, 331.3018, 46.3446, 0, 128, 0, 2, Praak_(Fletching)
P -494.2338, -510.3218, 4.4769, 0, 128, 0, 2, Grop_(Armor)
P -652.4641, -496.5920, 4.3759, 0, 0, 0, 2, Trurg_(Soulbinder)
P -679.9308, -269.0511, 4.4994, 0, 128, 0, 2, Sinsaal_(General)
P -684.5208, -655.4477, 4.4769, 0, 128, 0, 2, Uoola_(Armor)
P -697.1565, -624.5525, 4.3759, 0, 128, 0, 2, Gretamog_(Tailoring)
P -751.3023, -242.5589, 0.0019, 0, 128, 0, 2, Kerplooe_Dirtcarver_(Pottery)
P -786.2894, -331.1399, 39.3759, 0, 128, 0, 2, Gralbug_(Smithing)
P -847.7464, -98.1362, 39.3759, 0, 128, 0, 2, Puglala_(Smithing)
P -848.8957, -817.4112, 39.4629, 0, 128, 0, 2, Hrak_(General)
P -877.4141, -75.1412, 39.3759, 0, 128, 0, 2, Brana_(Weapons)
P -913.3996, -186.9472, 39.3759, 0, 128, 0, 2, Blergerda_(Smithing)
P -977.4823, -654.7962, 80.3446, 0, 128, 0, 2, Squeea_(Weapons)
P 0.8437, 244.8714, 2.6019, 0, 128, 0, 2, Angrog_(General)
P 1.9752, -80.9906, -26.6239, 0, 128, 0, 2, Snarg_Bonesmacker_(Weapons)
P 136.6652, -363.1107, 4.7894, 0, 128, 0, 2, Duuga_Tearstopper_(Armor)
P 141.2438, -251.9391, 4.6944, 0, 128, 0, 2, Lopuka_(Armor)
P 185.4052, -544.5053, 0.0019, 0, 128, 0, 2, Crunga_(General)
P 195.3125, -246.3520, 4.6884, 0, 128, 0, 2, Zarg_Knightbane_(Armor)
P 197.8027, -364.6425, 4.7894, 0, 128, 0, 2, Juk_Hidebeater_(Armor)
P 205.8368, -286.1527, 4.3759, 0, 128, 0, 2, Bubbgrib_(Smithing)
P 210.1546, -319.5245, 4.3759, 0, 128, 0, 2, Varrok_Neckchopper_(Weapons)
P 241.6133, -179.1979, 0.2623, 0, 128, 0, 2, Korgarg_Swillchugger_(Brewing)
P 277.0844, -314.7925, 0.0009, 0, 128, 0, 2, Sheerie_Oglarum_(Berserker_Tomes)
P 369.5012, -216.4206, 4.7894, 0, 128, 0, 2, Rora_Dirtstamp_(Weapons)
P 393.8780, -280.0374, 0.0019, 0, 128, 0, 2, Garakbar_(Alchemy)
P 4.0902, -276.0734, 4.3759, 0, 128, 0, 2, Crilt_(Shadow_Knight_Spells)
P 41.3442, -357.8568, 16.3759, 128, 128, 128, 2, Bonlarg_(GM_Shadowknight)
P 43.1323, -311.4894, 16.3759, 128, 128, 128, 2, Ruksa_(GM_Shadowknight)
P 68.1157, -37.0799, -26.6239, 128, 128, 128, 2, Lork_(GM_Warrior)
P 36.6542, -335.5818, 16.3759, 128, 128, 128, 2, Soonog_(GM_Shadowknight)
P 255.0890, -287.3334, 0.0009, 128, 128, 128, 2, Baddi_Waca_(GM_Berserker)
P 27.5676, 72.9525, -26.6239, 128, 128, 128, 2, Kogna_(GM_Warrior)
P -985.7702, -631.5575, 80.3446, 128, 128, 128, 2, Zulort_(GM_Shaman)
P -70.7849, -27.4177, -26.6239, 128, 128, 128, 2, Guntrik_(GM_Warrior)
P -809.0453, -730.9381, 39.3759, 128, 128, 128, 2, Fuga_(GM_Shaman)
P -38.7859, 63.8555, -26.6239, 128, 128, 128, 2, Horgus_(GM_Warrior)
P -1090.6027, -645.9951, 76.0725, 128, 128, 128, 2, Marda_(GM_Shaman)
P -1160.2750, -251.2558, 80.4465, 128, 128, 128, 2, Bordag_(GM_Beastlord)
P -874.6117, -752.9089, 39.3759, 128, 128, 128, 2, Jargo_(GM_Shaman)
P -51.9753, -332.0526, 4.6884, 255, 255, 255, 2, Greenblood_Guild
P 162.7026, -328.5000, 4.6884, 255, 255, 255, 2, Lether_Armer
P 166.4547, -284.2500, 4.6884, 255, 255, 255, 2, Metil_Armer
P 308.8635, -193.3125, 4.6884, 255, 255, 255, 2, Meet_and_Drink_Tew_Bie
P 219.3703, 11.1051, -6.3114, 255, 255, 255, 2, Oggok`s_Keep
P -580.0699, -471.4945, 1.5253, 0, 240, 0, 2, Klob_Pulp_(Parcels)
P 6.1930, -522.2763, 18.5226, 0, 127, 0, 2, Gemcrafter_Onup_(Melee_Augs)
P 256.3409, -256.6880, 1.5247, 155, 0, 155, 2, Brewing_Barrel
P -691.1914, -292.1087, 1.5234, 155, 0, 155, 2, Kiln
P -682.8018, -281.2006, 1.5293, 155, 0, 155, 2, Pottery_Wheel
P -704.0942, -699.0743, 1.5300, 155, 0, 155, 2, Community_Loom
P 200.3045, -270.2069, 1.5224, 155, 0, 155, 2, Forge
P -925.9688, -145.6881, 36.5295, 155, 0, 155, 2, Ogre_Forge_(Cultural)
P 226.6089, 8.4867, -9.3802, 0, 240, 0, 2, Garu_(Parcels)
P -2.7377, 73.7038, -30.7375, 0, 0, 0, 2, Gronk
P 250.1112, -199.0156, 0.3633, 0, 127, 0, 2, Chef_Dooga_(General)
P 275.2319, -251.8545, 0.2623, 0, 127, 0, 2, Clurg_(General)
P 211.6407, -259.1481, 0.0019, 0, 127, 127, 2, Artisan_Garth_Okken_(Trade_Skill_Quests)
P 181.6956, -519.5055, 0.0019, 0, 127, 0, 2, Erung_(General)
P 400.5591, -235.7640, 0.0019, 0, 127, 0, 2, Garakpor_(Alchemy)
P 403.1475, -259.1318, 0.0019, 0, 127, 0, 2, Bardopa_(Alchemy)
P 368.9924, -280.7807, 0.1029, 0, 127, 0, 2, Pordopa_(Alchemy)
P 229.4314, -80.8075, -1.5439, 0, 127, 127, 2, Bouncer_Krik_(Task_Master)
P 75.5717, 13.2744, -30.9979, 0, 127, 0, 2, Runkuck_(Mercenary_Liaison)
P 67.8739, 32.1159, -30.9979, 0, 127, 0, 2, Greska_(Mercenary_Liaison)
P 10.5339, -356.2632, 1.0019, 0, 0, 0, 2, Mooglan
P -15.0716, -384.6362, 0.0019, 0, 127, 0, 2, Kramf_(Shadow_Knight_Spells)
P -25.8225, -315.8936, 1.0019, 127, 127, 127, 2, Grevak_(GM_Shadow_Knight)
P 18.2323, -591.5879, 17.0019, 0, 0, 0, 2, Kizrak_the_Tyrant
P -762.6065, -655.3175, 0.0019, 0, 127, 127, 2, Bouncer_Raan_(Task_Master)
P -868.2776, -808.5445, 35.0019, 0, 240, 0, 2, Goobast_(Tribute)
P -1046.8489, -634.8258, 75.9706, 0, 0, 0, 2, Murak
P -1088.5333, -630.4882, 76.0725, 0, 127, 0, 2, Tokun_(Shaman_Spells)
P -1088.2379, -662.6054, 75.9706, 0, 127, 0, 2, Hoart_(Shaman_Spells)
P -1074.4300, -667.5153, 75.9706, 0, 127, 0, 2, Korff_(Shaman_Spells)
P -1056.7525, -668.8122, 75.9706, 0, 127, 0, 2, Barsk_(Shaman_Spells)
P -1025.0319, -644.9125, 75.9706, 0, 127, 0, 2, a_spell_research_merchant_(Research)
P -1159.8914, -543.3403, 75.9706, 0, 0, 0, 2, Bozlum_Blossom
P -1135.3948, -433.5794, 75.9706, 0, 0, 0, 2, Grapok
P -1079.1984, -350.9554, 75.9706, 0, 0, 0, 2, Puwdap
P -1139.8695, -362.6381, 76.0725, 0, 0, 0, 2, Bouncer_Gronk
P -1131.4136, -238.9490, 75.9706, 0, 0, 0, 2, Bakrishal
P -732.0926, -232.2429, 0.0019, 0, 127, 0, 2, Helgara_Dirtcarver_(Pottery)
P -483.3975, -92.8954, 2.9212, 0, 0, 0, 2, Exterminator_Glurg
P 33.9661, -18.8406, -53.3358, 240, 240, 240, 2, Ladder
P 171.8083, 1.2581, -62.1374, 240, 240, 240, 2, Ladder
