L 72.0, 112.0, -31.0, 72.0, 106.0, -30.0, 127, 64, 0
L -1067.0, -332.0, 76.0, -1040.0, -299.0, 76.0, 0, 204, 0
L -1091.0, -332.0, 76.0, -1067.0, -332.0, 76.0, 0, 204, 0
L -1118.0, -299.0, 76.0, -1091.0, -332.0, 76.0, 0, 204, 0
L -1118.0, -278.0, 76.0, -1118.0, -299.0, 76.0, 0, 204, 0
L -1163.0, -278.0, 76.0, -1118.0, -278.0, 76.0, 0, 204, 0
L -1178.0, -266.0, 76.0, -1163.0, -278.0, 76.0, 0, 204, 0
L -1178.0, -246.0, 76.0, -1178.0, -266.0, 76.0, 0, 204, 0
L -1163.0, -231.0, 76.0, -1178.0, -246.0, 76.0, 0, 204, 0
L -1133.0, -231.0, 76.0, -1163.0, -231.0, 76.0, 0, 204, 0
L -1091.0, -237.0, 76.0, -1133.0, -231.0, 76.0, 0, 204, 0
L -1067.0, -237.0, 76.0, -1068.0, -237.0, 76.0, 0, 204, 0
L -1109.0, -662.0, 76.0, -1085.0, -680.0, 76.0, 0, 204, 0
L 246.0, -411.0, 0.0, 214.0, -436.0, 0.0, 0, 0, 0
L 246.0, -340.0, 0.0, 246.0, -411.0, 0.0, 0, 0, 0
L 244.0, -336.0, 0.0, 246.0, -340.0, 0.0, 0, 0, 0
L 220.0, -320.0, 0.0, 244.0, -336.0, 0.0, 0, 0, 0
L 219.0, -331.0, 0.0, 220.0, -320.0, 0.0, 0, 0, 0
L 212.0, -375.0, 0.0, 212.0, -354.0, 0.0, 0, 0, 0
L 199.0, -383.0, 0.0, 212.0, -375.0, 0.0, 0, 0, 0
L 180.0, -383.0, 0.0, 199.0, -383.0, 0.0, 0, 0, 0
L 154.0, -383.0, 0.0, 165.0, -375.0, 0.0, 0, 0, 0
L 136.0, -383.0, 0.0, 154.0, -383.0, 0.0, 0, 0, 0
L 123.0, -354.0, 0.0, 123.0, -375.0, 0.0, 0, 0, 0
L 129.0, -320.0, 0.0, 129.0, -331.0, 0.0, 0, 0, 0
L 126.0, -320.0, 0.0, 129.0, -320.0, 0.0, 0, 0, 0
L 125.0, -331.0, 0.0, 126.0, -320.0, 0.0, 0, 0, 0
L 102.0, -377.0, 0.0, 125.0, -331.0, 0.0, 0, 0, 0
L 84.0, -433.0, 0.0, 102.0, -377.0, 0.0, 0, 0, 0
L 47.0, -468.0, 0.0, 84.0, -433.0, 0.0, 0, 0, 0
L -16.0, -468.0, 0.0, 47.0, -468.0, 0.0, 0, 0, 0
L -30.0, -486.0, 0.0, -16.0, -468.0, 0.0, 0, 0, 0
L -30.0, -499.0, 0.0, -30.0, -486.0, 0.0, 0, 0, 0
L 0.0, -501.0, 15.0, -30.0, -499.0, 0.0, 0, 0, 0
L 17.0, -506.0, 17.0, 0.0, -501.0, 15.0, 0, 0, 0
L 41.0, -552.0, 17.0, 17.0, -506.0, 17.0, 0, 0, 0
L 34.0, -617.0, 17.0, 41.0, -552.0, 17.0, 0, 0, 0
L 18.0, -658.0, 17.0, 34.0, -617.0, 17.0, 0, 0, 0
L 0.0, -692.0, 15.0, 18.0, -658.0, 17.0, 0, 0, 0
L -30.0, -704.0, 0.0, 0.0, -692.0, 15.0, 0, 0, 0
L -116.0, -704.0, 16.0, -30.0, -704.0, 0.0, 0, 0, 0
L -145.0, -686.0, 25.0, -116.0, -704.0, 16.0, 0, 0, 0
L -198.0, -686.0, 40.0, -145.0, -686.0, 25.0, 0, 0, 0
L -257.0, -745.0, 56.0, -198.0, -686.0, 40.0, 0, 0, 0
L -801.0, -448.0, -42.0, -801.0, -373.0, -65.0, 178, 102, 255
L -765.0, -480.0, -40.0, -801.0, -448.0, -42.0, 178, 102, 255
L -662.0, -485.0, 0.0, -765.0, -480.0, -40.0, 178, 102, 255
L -659.0, -518.0, 0.0, -662.0, -485.0, 0.0, 0, 0, 0
L -670.0, -519.0, 0.0, -659.0, -518.0, 0.0, 0, 0, 0
L -703.0, -538.0, 0.0, -670.0, -519.0, 0.0, 0, 0, 0
L -741.0, -567.0, 0.0, -703.0, -538.0, 0.0, 0, 0, 0
L -741.0, -601.0, 0.0, -741.0, -567.0, 0.0, 0, 0, 0
L -782.0, -645.0, 0.0, -741.0, -601.0, 0.0, 0, 0, 0
L -791.0, -645.0, 0.0, -781.0, -645.0, 0.0, 0, 0, 0
L -741.0, -728.0, 0.0, -740.0, -730.0, 0.0, 0, 0, 0
L -742.0, -721.0, 0.0, -741.0, -727.0, 0.0, 0, 0, 0
L -742.0, -721.0, 0.0, -783.0, -675.0, 0.0, 0, 0, 0
L -671.0, -647.0, 0.0, -671.0, -675.0, 0.0, 0, 0, 0
L -671.0, -644.0, 0.0, -671.0, -647.0, 0.0, 0, 0, 0
L -704.0, -601.0, 0.0, -671.0, -644.0, 0.0, 0, 0, 0
L -704.0, -567.0, 0.0, -704.0, -601.0, 0.0, 0, 0, 0
L -671.0, -551.0, 0.0, -704.0, -567.0, 0.0, 0, 0, 0
L -632.0, -602.0, 15.0, -671.0, -551.0, 0.0, 0, 0, 0
L -615.0, -602.0, 15.0, -632.0, -602.0, 15.0, 0, 0, 0
L -545.0, -683.0, 28.0, -615.0, -602.0, 15.0, 0, 0, 0
L -523.0, -726.0, 46.0, -545.0, -683.0, 28.0, 0, 0, 0
L -467.0, -785.0, 46.0, -523.0, -726.0, 46.0, 0, 0, 0
L -301.0, -784.0, 47.0, -467.0, -785.0, 46.0, 0, 0, 0
L -257.0, -745.0, 56.0, -301.0, -784.0, 47.0, 0, 0, 0
L -362.0, -726.0, 46.0, -255.0, -660.0, 56.0, 0, 0, 0
L -417.0, -684.0, 29.0, -362.0, -726.0, 46.0, 0, 0, 0
L -432.0, -603.0, 16.0, -417.0, -684.0, 29.0, 0, 0, 0
L -432.0, -518.0, 0.0, -432.0, -603.0, 16.0, 0, 0, 0
L -444.0, -485.0, 0.0, -432.0, -518.0, 0.0, 0, 0, 0
L -444.0, -442.0, 0.0, -444.0, -485.0, 0.0, 0, 0, 0
L -422.0, -320.0, 30.0, -444.0, -442.0, 0.0, 0, 0, 0
L -357.0, -257.0, 56.0, -422.0, -320.0, 30.0, 0, 0, 0
L -503.0, -122.0, 9.0, -503.0, -158.0, 30.0, 0, 0, 0
L -488.0, -78.0, 0.0, -503.0, -122.0, 9.0, 0, 0, 0
L -437.0, -33.0, 0.0, -488.0, -78.0, 0.0, 0, 0, 0
L -437.0, 17.0, 0.0, -437.0, -33.0, 0.0, 0, 0, 0
L -419.0, 59.0, 0.0, -437.0, 17.0, 0.0, 0, 0, 0
L -395.0, 104.0, 16.0, -419.0, 59.0, 0.0, 0, 0, 0
L -395.0, 140.0, 0.0, -395.0, 104.0, 16.0, 0, 0, 0
L -424.0, 171.0, 0.0, -395.0, 140.0, 0.0, 0, 0, 0
L -424.0, 185.0, 0.0, -424.0, 171.0, 0.0, 0, 0, 0
L -399.0, -231.0, 56.0, -395.0, -232.0, 56.0, 0, 0, 0
L -401.0, -245.0, 56.0, -399.0, -231.0, 56.0, 0, 0, 0
L -361.0, -249.0, 56.0, -401.0, -245.0, 56.0, 0, 0, 0
L -360.0, -244.0, 56.0, -360.0, -245.0, 56.0, 0, 0, 0
L -398.0, -220.0, 56.0, -394.0, -220.0, 56.0, 0, 0, 0
L -397.0, -207.0, 56.0, -398.0, -220.0, 56.0, 0, 0, 0
L -357.0, -211.0, 56.0, -397.0, -207.0, 56.0, 0, 0, 0
L -360.0, -245.0, 56.0, -361.0, -249.0, 56.0, 0, 0, 0
L -360.0, -245.0, 56.0, -357.0, -211.0, 56.0, 0, 0, 0
L -392.0, -211.0, 56.0, -394.0, -220.0, 56.0, 0, 0, 0
L -396.0, -241.0, 56.0, -395.0, -232.0, 56.0, 0, 0, 0
L -365.0, -244.0, 56.0, -396.0, -241.0, 56.0, 0, 0, 0
L -362.0, -215.0, 56.0, -365.0, -244.0, 56.0, 0, 0, 0
L -392.0, -211.0, 57.0, -362.0, -215.0, 57.0, 0, 0, 0
L -424.0, 217.0, 14.0, -426.0, 217.0, 15.0, 0, 0, 0
L -424.0, 215.0, 13.0, -424.0, 217.0, 14.0, 0, 0, 0
L -452.0, 217.0, 31.0, -426.0, 217.0, 15.0, 0, 0, 0
L -425.0, 237.0, 14.0, -452.0, 237.0, 31.0, 0, 0, 0
L -402.0, 216.0, 14.0, -425.0, 237.0, 14.0, 0, 0, 0
L -402.0, 194.0, 4.0, -402.0, 216.0, 14.0, 0, 0, 0
L -424.0, 215.0, 14.0, -424.0, 193.0, 5.0, 0, 0, 0
L -402.0, 194.0, 4.0, -424.0, 193.0, 5.0, 150, 150, 150
L -402.0, 194.0, 4.0, -402.0, 188.0, 2.0, 0, 0, 0
L -424.0, 188.0, 2.0, -402.0, 188.0, 2.0, 150, 150, 150
L -402.0, 185.0, 0.0, -424.0, 185.0, 0.0, 150, 150, 150
L -396.0, 182.0, 0.0, -402.0, 185.0, 0.0, 0, 0, 0
L -338.0, 182.0, 0.0, -396.0, 182.0, 0.0, 0, 0, 0
L -332.0, 189.0, 0.0, -338.0, 182.0, 0.0, 0, 0, 0
L -329.0, 243.0, 0.0, -329.0, 194.0, 0.0, 0, 0, 0
L -338.0, 274.0, 0.0, -337.0, 251.0, 0.0, 150, 150, 150
L -329.0, 293.0, 0.0, -338.0, 274.0, 0.0, 0, 0, 0
L -250.0, 282.0, 23.0, -329.0, 293.0, 0.0, 0, 0, 0
L -186.0, 296.0, 36.0, -250.0, 282.0, 23.0, 0, 0, 0
L -86.0, 250.0, 0.0, -186.0, 296.0, 36.0, 0, 0, 0
L -36.0, 273.0, 0.0, -86.0, 250.0, 0.0, 0, 0, 0
L -17.0, 303.0, 0.0, -36.0, 273.0, 0.0, 0, 0, 0
L -17.0, 371.0, 0.0, -17.0, 303.0, 0.0, 0, 0, 0
L -17.0, 371.0, 0.0, 10.0, 371.0, 0.0, 0, 0, 0
L 11.0, 266.0, 0.0, 21.0, 233.0, 0.0, 0, 0, 0
L 2.0, 263.0, 0.0, 11.0, 266.0, 0.0, 0, 0, 0
L 1.0, 262.0, 0.0, 2.0, 263.0, 0.0, 0, 0, 0
L 2.0, 259.0, 0.0, 1.0, 262.0, 0.0, 0, 0, 0
L 9.0, 262.0, 0.0, 2.0, 259.0, 0.0, 0, 0, 0
L -7.0, 256.0, 0.0, -8.0, 260.0, 0.0, 0, 0, 0
L 21.0, 233.0, 0.0, -7.0, 223.3, 0.0, 0, 0, 0
L -19.0, 256.0, 0.0, -8.0, 226.0, 0.0, 0, 0, 0
L -8.0, 260.0, 0.0, -19.0, 256.0, 0.0, 0, 0, 0
L 17.0, 236.0, 0.0, 9.0, 262.0, 0.0, 0, 0, 0
L -6.0, 228.0, 0.0, 17.0, 236.0, 0.0, 0, 0, 0
L -14.0, 253.0, 0.0, -6.0, 228.0, 0.0, 0, 0, 0
L -7.0, 256.0, 0.0, -14.0, 253.0, 0.0, 0, 0, 0
L -357.0, -204.0, 56.0, -357.0, -257.0, 56.0, 0, 0, 0
L -330.0, -158.0, 30.0, -357.0, -204.0, 56.0, 0, 0, 0
L -345.0, -123.0, 9.0, -330.0, -158.0, 30.0, 0, 0, 0
L -345.0, -78.0, 0.0, -345.0, -123.0, 9.0, 0, 0, 0
L -354.0, -34.0, 0.0, -345.0, -78.0, 0.0, 0, 0, 0
L -354.0, 18.0, 0.0, -354.0, -34.0, 0.0, 0, 0, 0
L -345.0, 60.0, 0.0, -354.0, 18.0, 0.0, 0, 0, 0
L -345.0, 101.0, 12.0, -345.0, 60.0, 0.0, 0, 0, 0
L -330.0, 141.0, 0.0, -345.0, 101.0, 12.0, 0, 0, 0
L -251.0, 194.0, 23.0, -330.0, 141.0, 0.0, 0, 0, 0
L -188.0, 208.0, 35.0, -251.0, 194.0, 23.0, 0, 0, 0
L -86.0, 200.0, 0.0, -188.0, 208.0, 35.0, 0, 0, 0
L -22.0, 220.0, 0.0, -87.0, 200.0, 0.0, 0, 0, 0
L 18.0, 220.0, 0.0, -22.0, 220.0, 0.0, 0, 0, 0
L 40.0, 272.0, 0.0, 18.0, 220.0, 0.0, 0, 0, 0
L 17.0, 302.0, 0.0, 40.0, 272.0, 0.0, 0, 0, 0
L 17.0, 329.0, 0.0, 17.0, 302.0, 0.0, 0, 0, 0
L 119.0, 330.0, 0.0, 17.0, 329.0, 0.0, 0, 0, 0
L 119.0, 419.6, 0.0, 119.0, 330.0, 0.0, 0, 0, 0
L -339.0, 274.0, 4.0, -365.0, 274.0, 14.0, 0, 0, 0
L -365.0, 274.0, 14.0, -366.0, 300.0, 30.0, 0, 0, 0
L -366.0, 300.0, 30.0, -375.0, 321.0, 32.0, 0, 0, 0
L -375.0, 321.0, 32.0, -375.0, 342.0, 34.0, 150, 150, 150
L -375.0, 321.0, 32.0, -398.0, 321.0, 32.0, 150, 150, 150
L -398.0, 342.0, 34.0, -398.0, 321.0, 32.0, 150, 150, 150
L -398.0, 321.0, 32.0, -388.0, 300.0, 32.0, 0, 0, 0
L -388.0, 300.0, 32.0, -388.0, 298.0, 31.0, 0, 0, 0
L -388.0, 275.0, 14.0, -365.0, 252.0, 14.0, 0, 0, 0
L -337.0, 251.0, 0.0, -332.0, 246.0, 0.0, 0, 0, 0
L -365.0, 252.0, 14.0, -337.0, 251.0, 0.0, 0, 0, 0
L -365.0, 274.0, 14.0, -365.0, 252.0, 14.0, 150, 150, 150
L -366.0, 300.0, 30.0, -388.0, 298.0, 31.0, 150, 150, 150
L -398.0, 321.0, 32.0, -415.0, 332.0, 37.0, 0, 0, 0
L -415.0, 332.0, 37.0, -415.0, 353.0, 37.0, 150, 150, 150
L -415.0, 353.0, 37.0, -398.0, 342.0, 34.0, 0, 0, 0
L -398.0, 342.0, 34.0, -375.0, 342.0, 34.0, 0, 0, 0
L -445.0, 326.0, 42.0, -445.0, 360.0, 40.0, 150, 150, 150
L -445.0, 360.0, 40.0, -436.0, 353.0, 40.0, 0, 0, 0
L -436.0, 353.0, 40.0, -415.0, 353.0, 37.0, 0, 0, 0
L -452.0, 237.0, 31.0, -452.0, 217.0, 31.0, 150, 150, 150
L -476.0, 232.0, 32.0, -476.0, 250.0, 32.0, 150, 150, 150
L -497.0, 250.0, 34.0, -476.0, 250.0, 32.0, 150, 150, 150
L -504.0, 268.0, 37.0, -484.0, 268.0, 37.0, 150, 150, 150
L -484.0, 268.0, 37.0, -483.0, 268.0, 37.0, 100, 50, 0
L -425.0, 300.0, 44.0, -452.0, 269.0, 44.0, 150, 150, 150
L -444.0, 269.0, 46.0, -422.0, 295.0, 46.0, 150, 150, 150
L -419.0, 290.0, 48.0, -439.0, 266.0, 48.0, 150, 150, 150
L -414.0, 279.0, 52.0, -428.0, 263.0, 52.0, 150, 150, 150
L -432.0, 265.0, 50.0, -416.0, 283.0, 50.0, 150, 150, 150
L -414.0, 279.0, 52.0, -419.0, 290.0, 48.0, 0, 0, 0
L -419.0, 290.0, 48.0, -425.0, 301.0, 44.0, 0, 0, 0
L -425.0, 301.0, 44.0, -446.0, 325.0, 42.0, 0, 0, 0
L -452.0, 237.0, 31.0, -476.0, 250.0, 32.0, 0, 0, 0
L -476.0, 250.0, 32.0, -484.0, 268.0, 37.0, 0, 0, 0
L -452.0, 217.0, 31.0, -476.0, 232.0, 32.0, 0, 0, 0
L -476.0, 232.0, 32.0, -497.0, 232.0, 34.0, 0, 0, 0
L -497.0, 232.0, 34.0, -497.0, 250.0, 34.0, 0, 0, 0
L -497.0, 250.0, 34.0, -504.0, 268.0, 37.0, 0, 0, 0
L -504.0, 268.0, 37.0, -511.0, 289.0, 40.0, 0, 0, 0
L -511.0, 289.0, 40.0, -511.0, 325.0, 42.0, 0, 0, 0
L -511.0, 325.0, 42.0, -483.0, 360.0, 42.0, 0, 0, 0
L -483.0, 360.0, 42.0, -445.0, 360.0, 40.0, 0, 0, 0
L -479.0, 290.0, 42.0, -452.0, 269.0, 44.0, 0, 0, 0
L -452.0, 269.0, 44.0, -444.0, 269.0, 46.0, 0, 0, 0
L -444.0, 269.0, 46.0, -439.0, 266.0, 48.0, 0, 0, 0
L -439.0, 266.0, 48.0, -432.0, 265.0, 50.0, 0, 0, 0
L -432.0, 265.0, 50.0, -428.0, 263.0, 52.0, 0, 0, 0
L -428.0, 263.0, 52.0, -414.0, 248.0, 56.0, 0, 0, 0
L -396.0, 263.0, 56.0, -414.0, 279.0, 52.0, 0, 0, 0
L -406.0, 255.0, 59.0, -406.0, 238.0, 59.0, 150, 150, 150
L -406.0, 238.0, 59.0, -414.0, 248.0, 56.0, 0, 0, 0
L -387.0, 255.0, 59.0, -406.0, 255.0, 59.0, 150, 150, 150
L -396.0, 263.0, 56.0, -387.0, 255.0, 59.0, 0, 0, 0
L -387.0, 255.0, 59.0, -374.0, 243.0, 61.0, 0, 0, 0
L -374.0, 243.0, 61.0, -391.0, 243.0, 61.0, 150, 150, 150
L -393.0, 224.0, 61.0, -391.0, 243.0, 61.0, 150, 150, 150
L -406.0, 238.0, 59.0, -393.0, 224.0, 61.0, 0, 0, 0
L -386.0, 192.0, 63.0, -392.0, 198.0, 63.0, 150, 150, 150
L -392.0, 198.0, 63.0, -393.0, 224.0, 61.0, 0, 0, 0
L -342.0, 236.0, 63.0, -342.0, 192.0, 63.0, 150, 150, 150
L -342.0, 192.0, 63.0, -386.0, 192.0, 63.0, 150, 150, 150
L -374.0, 243.0, 61.0, -348.0, 242.0, 63.0, 0, 0, 0
L -348.0, 242.0, 63.0, -342.0, 237.0, 63.0, 0, 0, 0
L -342.0, 237.0, 63.0, -342.0, 236.0, 63.0, 150, 150, 150
L -503.0, -158.0, 30.0, -524.0, -200.0, 56.0, 0, 0, 0
L -524.0, -200.0, 56.0, -545.0, -258.0, 56.0, 0, 0, 0
L -545.0, -258.0, 56.0, -614.0, -320.0, 30.0, 0, 0, 0
L -485.0, -466.0, 0.0, -456.0, -455.0, 0.0, 0, 0, 0
L -456.0, -455.0, 0.0, -466.0, -427.0, 0.0, 0, 0, 0
L -466.0, -427.0, 0.0, -495.0, -438.0, 0.0, 0, 0, 0
L -495.0, -438.0, 0.0, -492.0, -446.0, 0.0, 0, 0, 0
L -492.0, -446.0, 0.0, -496.0, -448.0, 0.0, 0, 0, 0
L -496.0, -448.0, 0.0, -501.0, -436.0, 0.0, 0, 0, 0
L -501.0, -436.0, 0.0, -463.0, -421.0, 0.0, 0, 0, 0
L -463.0, -421.0, 0.0, -450.0, -457.0, 0.0, 0, 0, 0
L -450.0, -457.0, 0.0, -489.0, -471.0, 0.0, 0, 0, 0
L -489.0, -471.0, 0.0, -492.0, -459.0, 0.0, 0, 0, 0
L -492.0, -459.0, 0.0, -488.0, -457.0, 0.0, 0, 0, 0
L -488.0, -457.0, 0.0, -485.0, -466.0, 0.0, 0, 0, 0
L -512.0, -520.0, 0.0, -493.0, -533.0, 3.0, 0, 0, 0
L -493.0, -533.0, 3.0, -471.0, -499.0, 0.0, 0, 0, 0
L -471.0, -499.0, 0.0, -497.0, -482.0, 0.0, 0, 0, 0
L -497.0, -482.0, 0.0, -502.0, -490.0, 0.0, 0, 0, 0
L -502.0, -490.0, 0.0, -506.0, -487.0, 0.0, 0, 0, 0
L -506.0, -487.0, 0.0, -498.0, -476.0, 0.0, 0, 0, 0
L -498.0, -476.0, 0.0, -465.0, -498.0, 0.0, 0, 0, 0
L -465.0, -498.0, 0.0, -490.0, -536.0, 3.0, 0, 0, 0
L -490.0, -536.0, 3.0, -492.0, -538.0, 4.0, 0, 0, 0
L -492.0, -538.0, 4.0, -525.0, -516.0, 0.0, 0, 0, 0
L -525.0, -516.0, 0.0, -512.0, -497.0, 0.0, 0, 0, 0
L -512.0, -497.0, 0.0, -508.0, -500.0, 0.0, 0, 0, 0
L -508.0, -500.0, 0.0, -516.0, -510.0, 1.0, 0, 0, 0
L -512.0, -520.0, 0.0, -509.0, -519.0, 0.0, 0, 0, 0
L -509.0, -519.0, 0.0, -507.0, -512.0, 0.0, 0, 0, 0
L -507.0, -512.0, 0.0, -509.0, -508.0, 0.0, 0, 0, 0
L -509.0, -508.0, 0.0, -516.0, -510.0, 1.0, 0, 0, 0
L -614.0, -320.0, 30.0, -632.0, -321.0, 30.0, 0, 0, 0
L -632.0, -321.0, 30.0, -661.0, -371.0, 0.0, 0, 0, 0
L -661.0, -371.0, 0.0, -705.0, -359.0, 0.0, 0, 0, 0
L -705.0, -359.0, 0.0, -705.0, -315.0, 0.0, 0, 0, 0
L -705.0, -315.0, 0.0, -663.0, -284.0, 0.0, 0, 0, 0
L -663.0, -284.0, 0.0, -663.0, -249.0, 0.0, 0, 0, 0
L -663.0, -249.0, 0.0, -692.0, -210.0, 0.0, 0, 0, 0
L -692.0, -210.0, 0.0, -693.0, -202.0, 0.0, 0, 0, 0
L -693.0, -202.0, 0.0, -683.0, -176.0, 0.0, 0, 0, 0
L -683.0, -176.0, 0.0, -640.0, -127.0, 0.0, 0, 0, 0
L -640.0, -127.0, 0.0, -639.0, -9.0, 0.0, 0, 0, 0
L -662.0, -440.0, 0.0, -659.0, -401.0, 0.0, 0, 0, 0
L -659.0, -401.0, 0.0, -665.0, -401.0, 0.0, 0, 0, 0
L -665.0, -401.0, 0.0, -670.0, -401.0, 0.0, 0, 0, 0
L -670.0, -401.0, 0.0, -704.0, -387.0, 0.0, 0, 0, 0
L -704.0, -387.0, 0.0, -733.0, -360.0, 0.0, 0, 0, 0
L -733.0, -360.0, 0.0, -734.0, -315.0, 0.0, 0, 0, 0
L -734.0, -315.0, 0.0, -770.0, -284.0, 0.0, 0, 0, 0
L -770.0, -284.0, 0.0, -779.0, -284.0, 0.0, 0, 0, 0
L -779.0, -284.0, 0.0, -779.0, -249.0, 0.0, 0, 0, 0
L -779.0, -249.0, 0.0, -770.0, -249.0, 0.0, 0, 0, 0
L -770.0, -249.0, 0.0, -734.0, -210.0, 0.0, 0, 0, 0
L -734.0, -210.0, 0.0, -734.0, -202.0, 0.0, 0, 0, 0
L -734.0, -202.0, 0.0, -723.0, -176.0, 0.0, 0, 0, 0
L -723.0, -176.0, 0.0, -682.0, -128.0, 0.0, 0, 0, 0
L -682.0, -128.0, 0.0, -682.0, -34.0, 0.0, 0, 0, 0
L -778.0, -34.0, 0.0, -732.0, 13.0, 0.0, 0, 0, 0
L -732.0, 13.0, 0.0, -683.0, 13.0, 0.0, 0, 0, 0
L -683.0, 13.0, 0.0, -639.0, -9.0, 0.0, 0, 0, 0
L -639.0, -9.0, 0.0, -639.0, -11.0, 0.0, 0, 0, 0
L -682.0, -34.0, 0.0, -732.0, -34.0, 0.0, 0, 0, 0
L -733.0, -34.0, 0.0, -733.0, -115.0, 26.0, 0, 0, 0
L -778.0, -34.0, 0.0, -779.0, -115.0, 26.0, 0, 0, 0
L -779.0, -163.0, 28.0, -733.0, -115.0, 26.0, 0, 0, 0
L -811.0, -116.0, 32.0, -780.0, -116.0, 32.0, 0, 0, 0
L -779.0, -115.0, 26.0, -780.0, -116.0, 32.0, 0, 0, 0
L -812.0, -163.0, 35.0, -779.0, -163.0, 28.0, 0, 0, 0
L -812.0, -163.0, 35.0, -850.0, -220.0, 35.0, 0, 0, 0
L -850.0, -220.0, 35.0, -850.0, -226.0, 35.0, 0, 0, 0
L -850.0, -226.0, 35.0, -766.0, -331.0, 35.0, 0, 0, 0
L -811.0, -116.0, 32.0, -863.0, -63.0, 35.0, 0, 0, 0
L -863.0, -63.0, 35.0, -864.0, -56.0, 35.0, 0, 0, 0
L -864.0, -56.0, 35.0, -886.0, -55.0, 35.0, 0, 0, 0
L -886.0, -55.0, 35.0, -886.0, -61.0, 35.0, 0, 0, 0
L -886.0, -61.0, 35.0, -888.0, -61.0, 35.0, 0, 0, 0
L -891.0, -62.0, 35.0, -939.0, -116.0, 35.0, 0, 0, 0
L -939.0, -116.0, 35.0, -938.0, -164.0, 35.0, 0, 0, 0
L -938.0, -164.0, 35.0, -897.0, -219.0, 35.0, 0, 0, 0
L -897.0, -219.0, 35.0, -896.0, -227.0, 35.0, 0, 0, 0
L -896.0, -227.0, 35.0, -838.0, -332.0, 35.0, 0, 0, 0
L -838.0, -332.0, 35.0, -812.0, -367.0, 35.0, 0, 0, 0
L -812.0, -367.0, 35.0, -765.0, -417.0, 35.0, 0, 0, 0
L -765.0, -417.0, 35.0, -728.0, -432.0, 35.0, 0, 0, 0
L -728.0, -402.0, 35.0, -766.0, -367.0, 35.0, 0, 0, 0
L -766.0, -367.0, 35.0, -766.0, -331.0, 35.0, 0, 0, 0
L -728.0, -432.0, 35.0, -691.0, -440.0, 36.0, 0, 0, 0
L -691.0, -440.0, 36.0, -680.0, -440.0, 36.0, 0, 0, 0
L -680.0, -440.0, 36.0, -680.0, -485.0, 36.0, 0, 0, 0
L -678.0, -551.0, 40.0, -659.0, -551.0, 36.0, 0, 0, 0
L -659.0, -551.0, 36.0, -660.0, -518.0, 36.0, 150, 150, 150
L -660.0, -518.0, 36.0, -663.0, -485.0, 36.0, 150, 150, 150
L -663.0, -485.0, 36.0, -662.0, -442.0, 36.0, 150, 150, 150
L -662.0, -442.0, 36.0, -659.0, -400.0, 36.0, 150, 150, 150
L -659.0, -400.0, 36.0, -660.0, -369.0, 36.0, 150, 150, 150
L -680.0, -369.0, 36.0, -659.0, -369.0, 36.0, 0, 0, 0
L -680.0, -369.0, 36.0, -680.0, -402.0, 36.0, 0, 0, 0
L -680.0, -402.0, 36.0, -728.0, -402.0, 35.0, 0, 0, 0
L -680.0, -486.0, 36.0, -691.0, -486.0, 36.0, 0, 0, 0
L -691.0, -486.0, 36.0, -727.0, -493.0, 36.0, 0, 0, 0
L -727.0, -493.0, 36.0, -763.0, -492.0, 35.0, 0, 0, 0
L -763.0, -492.0, 35.0, -821.0, -540.0, 35.0, 0, 0, 0
L -821.0, -540.0, 35.0, -821.0, -581.0, 35.0, 0, 0, 0
L -821.0, -581.0, 35.0, -861.0, -628.0, 35.0, 0, 0, 0
L -861.0, -628.0, 35.0, -862.0, -682.0, 35.0, 0, 0, 0
L -862.0, -682.0, 35.0, -894.0, -749.0, 35.0, 0, 0, 0
L -894.0, -749.0, 35.0, -966.0, -734.0, 76.0, 0, 204, 0
L -966.0, -734.0, 76.0, -1020.0, -731.0, 76.0, 0, 204, 0
L -1020.0, -731.0, 76.0, -1013.0, -713.0, 76.0, 0, 204, 0
L -1013.0, -713.0, 76.0, -977.0, -677.0, 76.0, 0, 204, 0
L -977.0, -677.0, 76.0, -960.0, -662.0, 76.0, 0, 204, 0
L -960.0, -662.0, 76.0, -960.0, -635.0, 76.0, 0, 204, 0
L -960.0, -635.0, 76.0, -974.0, -623.0, 76.0, 0, 204, 0
L -974.0, -623.0, 76.0, -1010.0, -623.0, 76.0, 0, 204, 0
L -1010.0, -623.0, 76.0, -1025.0, -636.0, 76.0, 0, 204, 0
L -1025.0, -636.0, 76.0, -1041.0, -636.0, 76.0, 0, 204, 0
L -1041.0, -636.0, 76.0, -1040.0, -620.0, 76.0, 0, 204, 0
L -1040.0, -620.0, 76.0, -1034.0, -620.0, 76.0, 0, 204, 0
L -1034.0, -620.0, 76.0, -962.0, -602.0, 76.0, 0, 204, 0
L -962.0, -602.0, 76.0, -885.0, -578.0, 76.0, 0, 204, 0
L -885.0, -578.0, 76.0, -864.0, -536.0, 76.0, 0, 204, 0
L -894.0, -787.0, 35.0, -965.0, -796.0, 75.0, 0, 204, 0
L -965.0, -796.0, 75.0, -966.0, -796.0, 75.0, 0, 204, 0
L -965.0, -796.0, 75.0, -1019.0, -761.0, 76.0, 0, 204, 0
L -1019.0, -761.0, 76.0, -1049.0, -731.0, 76.0, 0, 204, 0
L -1049.0, -731.0, 76.0, -1049.0, -704.0, 76.0, 0, 204, 0
L -1049.0, -704.0, 76.0, -1013.0, -678.0, 76.0, 0, 204, 0
L -1013.0, -678.0, 76.0, -1025.0, -662.0, 76.0, 0, 204, 0
L -1025.0, -662.0, 76.0, -1040.0, -680.0, 76.0, 0, 204, 0
L -1040.0, -680.0, 76.0, -1085.0, -680.0, 76.0, 0, 204, 0
L -1109.0, -662.0, 76.0, -1109.0, -620.0, 76.0, 0, 204, 0
L -1109.0, -620.0, 76.0, -1085.0, -600.0, 76.0, 0, 204, 0
L -1085.0, -600.0, 76.0, -1034.0, -600.0, 76.0, 0, 204, 0
L -1034.0, -600.0, 76.0, -962.0, -576.0, 76.0, 0, 204, 0
L -962.0, -576.0, 76.0, -899.0, -560.0, 76.0, 0, 204, 0
L -899.0, -560.0, 76.0, -887.0, -536.0, 76.0, 0, 204, 0
L -887.0, -536.0, 76.0, -912.0, -527.0, 76.0, 0, 204, 0
L -912.0, -527.0, 76.0, -962.0, -539.0, 76.0, 0, 204, 0
L -864.0, -536.0, 76.0, -833.0, -527.0, 76.0, 0, 204, 0
L -833.0, -527.0, 76.0, -824.0, -502.0, 76.0, 0, 204, 0
L -824.0, -502.0, 76.0, -812.0, -481.0, 76.0, 0, 204, 0
L -894.0, -787.0, 35.0, -862.0, -839.0, 35.0, 0, 0, 0
L -862.0, -839.0, 35.0, -822.0, -839.0, 35.0, 0, 0, 0
L -822.0, -839.0, 35.0, -788.0, -787.0, 35.0, 0, 0, 0
L -788.0, -787.0, 35.0, -780.0, -787.0, 34.0, 0, 0, 0
L -780.0, -787.0, 34.0, -770.0, -801.0, 28.0, 0, 0, 0
L -770.0, -801.0, 28.0, -770.0, -854.0, 16.0, 0, 0, 0
L -770.0, -854.0, 16.0, -731.0, -908.0, 12.0, 0, 0, 0
L -731.0, -908.0, 12.0, -692.0, -908.0, 12.0, 0, 0, 0
L -692.0, -908.0, 12.0, -639.0, -853.0, 7.0, 0, 0, 0
L -639.0, -853.0, 7.0, -639.0, -794.0, 7.0, 0, 0, 0
L -639.0, -794.0, 7.0, -693.0, -758.0, 0.0, 0, 0, 0
L -693.0, -758.0, 0.0, -703.0, -729.0, 0.0, 0, 0, 0
L -703.0, -729.0, 0.0, -704.0, -721.0, 0.0, 0, 0, 0
L -704.0, -721.0, 0.0, -671.0, -675.0, 0.0, 0, 0, 0
L -732.0, -797.0, 28.0, -732.0, -855.0, 15.0, 0, 0, 0
L -732.0, -855.0, 15.0, -692.0, -854.0, 10.0, 0, 0, 0
L -692.0, -854.0, 10.0, -692.0, -794.0, 4.0, 0, 0, 0
L -692.0, -794.0, 4.0, -725.0, -758.0, 0.0, 0, 0, 0
L -725.0, -758.0, 0.0, -741.0, -728.0, 0.0, 0, 0, 0
L -255.0, -660.0, 56.0, -171.0, -564.0, 25.0, 0, 0, 0
L -171.0, -564.0, 25.0, -146.0, -552.0, 25.0, 0, 0, 0
L -146.0, -552.0, 25.0, -85.0, -498.0, 0.0, 0, 0, 0
L -85.0, -498.0, 0.0, -86.0, -485.0, 0.0, 0, 0, 0
L -86.0, -485.0, 0.0, -97.0, -468.0, 0.0, 0, 0, 0
L -97.0, -468.0, 0.0, -97.0, -434.0, 0.0, 0, 0, 0
L -97.0, -434.0, 0.0, -70.0, -413.0, 0.0, 0, 0, 0
L -70.0, -413.0, 0.0, -70.0, -408.0, 0.0, 0, 0, 0
L -70.0, -408.0, 0.0, -107.0, -408.0, 0.0, 0, 0, 0
L -107.0, -408.0, 0.0, -135.0, -377.0, 0.0, 0, 0, 0
L -135.0, -377.0, 0.0, -135.0, -349.0, 0.0, 0, 0, 0
L -135.0, -349.0, 0.0, -144.0, -341.0, -14.0, 0, 0, 0
L -144.0, -341.0, -14.0, -167.0, -341.0, -14.0, 0, 0, 0
L -185.0, -318.0, -13.0, -144.0, -318.0, -14.0, 0, 0, 0
L -144.0, -318.0, -14.0, -107.0, -316.0, 0.0, 0, 0, 0
L -107.0, -316.0, 0.0, -91.0, -315.0, 0.0, 0, 0, 0
L -91.0, -315.0, 0.0, -85.0, -295.0, 0.0, 0, 0, 0
L -85.0, -295.0, 0.0, -105.0, -295.0, 0.0, 0, 0, 0
L -105.0, -295.0, 0.0, -125.0, -275.0, 0.0, 0, 0, 0
L -125.0, -275.0, 0.0, -125.0, -252.0, 0.0, 0, 0, 0
L -125.0, -252.0, 0.0, -105.0, -230.0, 0.0, 0, 0, 0
L -105.0, -230.0, 0.0, -89.0, -229.0, 0.0, 0, 0, 0
L -64.0, -315.0, 0.0, -68.0, -296.0, 0.0, 0, 0, 0
L -68.0, -296.0, 0.0, -76.0, -276.0, 0.0, 0, 0, 0
L -76.0, -276.0, 0.0, -106.0, -276.0, 0.0, 0, 0, 0
L -106.0, -276.0, 0.0, -105.0, -251.0, 0.0, 0, 0, 0
L -105.0, -251.0, 0.0, -90.0, -251.0, 0.0, 0, 0, 0
L -90.0, -251.0, 0.0, -72.0, -229.0, 0.0, 0, 0, 0
L -50.0, -349.0, 0.0, -108.0, -349.0, 0.0, 0, 0, 0
L -108.0, -349.0, 0.0, -107.0, -378.0, 0.0, 0, 0, 0
L -107.0, -378.0, 0.0, -71.0, -378.0, 0.0, 0, 0, 0
L -71.0, -378.0, 0.0, -44.0, -408.0, 0.0, 0, 0, 0
L -44.0, -408.0, 0.0, -44.0, -413.0, 0.0, 0, 0, 0
L -44.0, -413.0, 0.0, -16.0, -433.0, 0.0, 0, 0, 0
L -16.0, -433.0, 0.0, 48.0, -433.0, 0.0, 0, 0, 0
L 48.0, -433.0, 0.0, 68.0, -378.0, 0.0, 0, 0, 0
L 68.0, -378.0, 0.0, 92.0, -331.0, 0.0, 0, 0, 0
L -156.0, -275.0, -26.0, -171.0, -299.0, -14.0, 0, 0, 0
L -171.0, -299.0, -14.0, -186.0, -317.0, 0.0, 0, 0, 0
L -185.0, -317.0, 0.0, -185.0, -318.0, -13.0, 0, 0, 0
L -167.0, -341.0, -14.0, -209.0, -341.0, 0.0, 0, 0, 0
L -209.0, -341.0, 0.0, -230.0, -350.0, 10.0, 0, 0, 0
L -230.0, -350.0, 10.0, -267.0, -392.0, 9.0, 0, 102, 0
L -267.0, -392.0, 9.0, -336.0, -392.0, 48.0, 0, 102, 0
L -336.0, -392.0, 48.0, -336.0, -434.0, 56.0, 0, 102, 0
L -336.0, -434.0, 56.0, -336.0, -464.0, 57.0, 0, 102, 0
L -336.0, -464.0, 57.0, -374.0, -482.0, 57.0, 0, 102, 0
L -374.0, -434.0, 56.0, -374.0, -392.0, 48.0, 0, 102, 0
L -374.0, -434.0, 56.0, -422.0, -402.0, 59.0, 0, 102, 0
L -422.0, -402.0, 59.0, -434.0, -402.0, 59.0, 0, 102, 0
L -434.0, -402.0, 59.0, -443.0, -440.0, 59.0, 150, 150, 150
L -443.0, -440.0, 59.0, -443.0, -485.0, 59.0, 150, 150, 150
L -443.0, -485.0, 59.0, -431.0, -518.0, 59.0, 150, 150, 150
L -431.0, -518.0, 59.0, -422.0, -512.0, 59.0, 0, 102, 0
L -422.0, -512.0, 59.0, -413.0, -509.0, 59.0, 0, 102, 0
L -413.0, -509.0, 59.0, -374.0, -482.0, 57.0, 0, 102, 0
L -374.0, -392.0, 48.0, -362.0, -351.0, 48.0, 0, 102, 0
L -362.0, -351.0, 48.0, -336.0, -351.0, 48.0, 0, 102, 0
L -336.0, -351.0, 48.0, -266.0, -351.0, 9.0, 0, 102, 0
L -266.0, -351.0, 9.0, -230.0, -312.0, 10.0, 0, 102, 0
L -230.0, -312.0, 10.0, -209.0, -317.0, 0.0, 0, 0, 0
L -209.0, -317.0, 0.0, -230.0, -299.0, -14.0, 0, 0, 0
L -230.0, -299.0, -14.0, -248.0, -275.0, -26.0, 0, 0, 0
L -248.0, -275.0, -26.0, -248.0, -248.0, -26.0, 0, 0, 0
L -248.0, -248.0, -26.0, -242.0, -233.0, -17.0, 0, 0, 0
L -242.0, -233.0, -17.0, -233.0, -221.0, -11.0, 0, 0, 0
L -233.0, -221.0, -11.0, -237.0, -212.0, -12.0, 0, 0, 0
L -237.0, -212.0, -12.0, -257.0, -212.0, -29.0, 0, 0, 0
L -255.0, -132.0, -28.0, -291.0, -132.0, -35.0, 0, 0, 0
L -291.0, -132.0, -35.0, -339.0, -102.0, -56.0, 178, 102, 255
L -339.0, -102.0, -56.0, -427.0, -102.0, -56.0, 178, 102, 255
L -427.0, -102.0, -56.0, -566.0, -102.0, -35.0, 178, 102, 255
L -566.0, -102.0, -35.0, -605.0, -154.0, -36.0, 178, 102, 255
L -605.0, -154.0, -36.0, -605.0, -298.0, -86.0, 178, 102, 255
L -605.0, -298.0, -86.0, -606.0, -331.0, -86.0, 178, 102, 255
L -662.0, -440.0, 0.0, -747.0, -445.0, -35.0, 178, 102, 255
L -747.0, -445.0, -35.0, -765.0, -449.0, -41.0, 178, 102, 255
L -765.0, -449.0, -41.0, -766.0, -412.0, -53.0, 178, 102, 255
L -766.0, -412.0, -53.0, -764.0, -372.0, -65.0, 178, 102, 255
L -764.0, -372.0, -65.0, -654.0, -373.0, -74.0, 178, 102, 255
L -654.0, -373.0, -74.0, -606.0, -373.0, -86.0, 178, 102, 255
L -606.0, -373.0, -86.0, -565.0, -330.0, -86.0, 178, 102, 255
L -565.0, -330.0, -86.0, -567.0, -296.0, -86.0, 178, 102, 255
L -567.0, -296.0, -86.0, -566.0, -152.0, -35.0, 178, 102, 255
L -566.0, -152.0, -35.0, -426.0, -152.0, -56.0, 178, 102, 255
L -426.0, -152.0, -56.0, -338.0, -143.0, -56.0, 178, 102, 255
L -338.0, -143.0, -56.0, -290.0, -159.0, -35.0, 178, 102, 255
L -290.0, -159.0, -35.0, -290.0, -191.0, -34.0, 0, 0, 0
L -290.0, -191.0, -34.0, -257.0, -212.0, -29.0, 0, 0, 0
L -255.0, -132.0, -28.0, -236.0, -120.0, 6.0, 0, 204, 0
L -236.0, -120.0, 6.0, -242.0, -105.0, 11.0, 0, 204, 0
L -242.0, -105.0, 11.0, -242.0, -87.0, 18.0, 0, 204, 0
L -242.0, -87.0, 18.0, -254.0, -65.0, 27.0, 0, 204, 0
L -254.0, -65.0, 27.0, -254.0, -41.0, 36.0, 0, 204, 0
L -254.0, -41.0, 36.0, -264.0, -17.0, 48.0, 0, 204, 0
L -287.0, 11.0, 59.0, -263.0, 11.0, 48.0, 0, 204, 0
L -263.0, 11.0, 48.0, -231.0, 2.0, 48.0, 0, 204, 0
L -287.0, 11.0, 59.0, -323.0, 11.0, 60.0, 0, 204, 0
L -323.0, 11.0, 60.0, -330.0, 17.0, 60.0, 0, 204, 0
L -330.0, 17.0, 60.0, -330.0, 109.0, 60.0, 0, 204, 0
L -330.0, 109.0, 60.0, -330.0, 140.0, 60.0, 0, 204, 0
L -330.0, 140.0, 60.0, -344.0, 104.0, 60.0, 150, 150, 150
L -344.0, 104.0, 60.0, -344.0, 60.0, 57.0, 150, 150, 150
L -344.0, 60.0, 57.0, -353.0, 18.0, 51.0, 150, 150, 150
L -353.0, 18.0, 51.0, -353.0, -33.0, 51.0, 150, 150, 150
L -353.0, -33.0, 51.0, -345.0, -77.0, 56.0, 150, 150, 150
L -345.0, -77.0, 56.0, -344.0, -122.0, 60.0, 150, 150, 150
L -344.0, -122.0, 60.0, -330.0, -157.0, 60.0, 150, 150, 150
L -330.0, -157.0, 60.0, -330.0, -120.0, 60.0, 0, 204, 0
L -330.0, -120.0, 60.0, -330.0, -33.0, 51.0, 0, 204, 0
L -330.0, -33.0, 51.0, -324.0, -23.0, 60.0, 0, 204, 0
L -324.0, -23.0, 60.0, -310.0, -23.0, 60.0, 0, 204, 0
L -310.0, -23.0, 60.0, -287.0, -17.0, 59.0, 0, 204, 0
L -287.0, -17.0, 59.0, -264.0, -17.0, 49.0, 0, 204, 0
L -264.0, -17.0, 48.0, -260.0, -26.0, 44.0, 0, 204, 0
L -231.0, 2.0, 48.0, -203.0, 17.0, 27.0, 0, 204, 0
L -203.0, 17.0, 27.0, -198.0, 17.0, 27.0, 0, 204, 0
L -198.0, 17.0, 27.0, -197.0, -17.0, 27.0, 0, 204, 0
L -197.0, -17.0, 27.0, -231.0, -18.0, 48.0, 0, 204, 0
L -231.0, -18.0, 48.0, -222.0, -41.0, 36.0, 0, 204, 0
L -222.0, -41.0, 36.0, -222.0, -66.0, 27.0, 0, 204, 0
L -222.0, -66.0, 27.0, -216.0, -87.0, 18.0, 0, 204, 0
L -216.0, -87.0, 18.0, -209.0, -105.0, 11.0, 0, 204, 0
L -209.0, -105.0, 11.0, -200.0, -120.0, 6.0, 0, 204, 0
L -200.0, -120.0, 6.0, -180.0, -132.0, 6.0, 0, 204, 0
L -180.0, -132.0, 6.0, -168.0, -159.0, -11.0, 0, 0, 0
L -168.0, -159.0, -11.0, -168.0, -176.0, -29.0, 0, 0, 0
L -168.0, -176.0, -29.0, -183.0, -191.0, -26.0, 0, 0, 0
L -183.0, -191.0, -26.0, -198.0, -204.0, -19.0, 0, 0, 0
L -198.0, -204.0, -19.0, -198.0, -213.0, -11.0, 0, 0, 0
L -198.0, -213.0, -11.0, -188.0, -222.0, -11.0, 0, 0, 0
L -188.0, -222.0, -11.0, -162.0, -234.0, -17.0, 0, 0, 0
L -162.0, -234.0, -17.0, -156.0, -249.0, -26.0, 0, 0, 0
L -156.0, -249.0, -26.0, -156.0, -276.0, -26.0, 0, 0, 0
L -25.0, -376.0, 0.0, -7.0, -421.0, 1.0, 0, 0, 0
L 8.0, -420.0, 0.0, 16.0, -412.0, 0.0, 0, 0, 0
L 16.0, -412.0, 0.0, 31.0, -407.0, 0.0, 0, 0, 0
L 31.0, -407.0, 0.0, 49.0, -387.0, 0.0, 0, 0, 0
L 49.0, -387.0, 0.0, 60.0, -367.0, 0.0, 0, 0, 0
L 60.0, -367.0, 0.0, 70.0, -348.0, 0.0, 0, 0, 0
L 15.0, -291.0, 0.0, 15.0, -376.0, 0.0, 150, 150, 150
L 35.0, -365.0, 10.0, 50.0, -365.0, 12.0, 150, 150, 150
L 50.0, -365.0, 12.0, 61.0, -357.0, 12.0, 150, 150, 150
L 61.0, -357.0, 12.0, 70.0, -348.0, 11.0, 150, 150, 150
L 70.0, -348.0, 11.0, 70.0, -319.0, 11.0, 0, 0, 0
L 70.0, -319.0, 11.0, 62.0, -310.0, 12.0, 150, 150, 150
L 62.0, -310.0, 12.0, 49.0, -302.0, 13.0, 150, 150, 150
L 49.0, -302.0, 13.0, 36.0, -301.0, 13.0, 150, 150, 150
L 70.0, -319.0, 0.0, 49.0, -279.0, 0.0, 0, 0, 0
L 49.0, -279.0, 0.0, 31.0, -258.0, 0.0, 0, 0, 0
L 31.0, -258.0, 0.0, 8.0, -244.0, 0.0, 0, 0, 0
L -7.0, -244.0, 1.0, -25.0, -291.0, 0.0, 0, 0, 0
L 7.0, -244.0, 1.0, -7.0, -244.0, 1.0, 0, 0, 0
L -7.0, -421.0, 1.0, 8.0, -420.0, 0.0, 0, 0, 0
L -89.0, -229.0, 0.0, -89.0, -201.0, -10.0, 0, 0, 0
L -89.0, -201.0, -10.0, -111.0, -201.0, -10.0, 0, 0, 0
L -111.0, -201.0, -10.0, -191.0, -111.0, -10.0, 0, 0, 0
L -191.0, -111.0, -10.0, -197.0, -17.0, -10.0, 0, 0, 0
L -197.0, -17.0, -10.0, -197.0, 18.0, -10.0, 0, 0, 0
L -197.0, 18.0, -10.0, -193.0, 73.0, -10.0, 0, 0, 0
L -193.0, 73.0, -10.0, -193.0, 111.0, -10.0, 0, 0, 0
L -193.0, 111.0, -10.0, -111.0, 181.0, -10.0, 0, 0, 0
L -111.0, 181.0, -10.0, -17.0, 193.0, -10.0, 0, 0, 0
L -17.0, 193.0, -10.0, 18.0, 193.0, -10.0, 0, 0, 0
L 18.0, 193.0, -10.0, 72.0, 185.0, -10.0, 0, 0, 0
L 72.0, 185.0, -10.0, 111.0, 185.0, -10.0, 0, 0, 0
L 111.0, 185.0, -10.0, 199.0, 111.0, -10.0, 0, 0, 0
L 199.0, 111.0, -10.0, 207.0, 18.0, -10.0, 0, 0, 0
L 198.0, -72.0, -10.0, 214.0, -72.0, -3.0, 0, 0, 0
L 214.0, -72.0, -3.0, 239.0, -72.0, 0.0, 0, 0, 0
L 239.0, -72.0, 0.0, 239.0, -91.0, 0.0, 0, 0, 0
L 239.0, -91.0, 0.0, 218.0, -118.0, 0.0, 0, 0, 0
L 218.0, -118.0, 0.0, 210.0, -145.0, 0.0, 0, 0, 0
L 227.0, -145.0, 0.0, 244.0, -131.0, 0.0, 0, 0, 0
L 249.0, -129.0, 0.0, 267.0, -129.0, 0.0, 0, 0, 0
L 267.0, -129.0, 0.0, 285.0, -145.0, 0.0, 0, 0, 0
L 285.0, -145.0, 0.0, 285.0, -190.0, 0.0, 0, 0, 0
L 285.0, -190.0, 0.0, 312.0, -190.0, 0.0, 0, 0, 0
L 312.0, -190.0, 0.0, 311.0, -192.0, 0.0, 0, 0, 0
L 311.0, -192.0, 0.0, 312.0, -193.0, 0.0, 0, 0, 0
L 312.0, -193.0, 0.0, 314.0, -195.0, 0.0, 0, 0, 0
L 314.0, -195.0, 0.0, 316.0, -194.0, 0.0, 0, 0, 0
L 316.0, -194.0, 0.0, 316.0, -210.0, 0.0, 0, 0, 0
L 316.0, -210.0, 0.0, 333.0, -239.0, 0.0, 0, 0, 0
L 333.0, -239.0, 0.0, 347.0, -242.0, 0.0, 0, 0, 0
L 347.0, -242.0, 0.0, 350.0, -242.0, 0.0, 0, 0, 0
L 350.0, -242.0, 0.0, 368.0, -203.0, 0.0, 0, 0, 0
L 368.0, -203.0, 0.0, 391.0, -203.0, 0.0, 0, 0, 0
L 391.0, -203.0, 0.0, 409.0, -241.0, 0.0, 0, 0, 0
L 409.0, -241.0, 0.0, 409.0, -259.0, 0.0, 0, 0, 0
L 367.0, -300.0, 0.0, 350.0, -259.0, 0.0, 0, 0, 0
L 392.0, -304.0, 5.0, 367.0, -304.0, 5.0, 0, 0, 0
L 367.0, -304.0, 5.0, 367.0, -301.0, 5.0, 0, 0, 0
L 392.0, -301.0, 5.0, 392.0, -304.0, 5.0, 0, 0, 0
L 367.0, -300.0, 0.0, 367.0, -301.0, 5.0, 0, 0, 0
L 392.0, -300.0, 0.0, 409.0, -259.0, 0.0, 0, 0, 0
L 392.0, -300.0, 0.0, 392.0, -301.0, 5.0, 0, 0, 0
L 349.0, -259.0, 0.0, 346.0, -260.0, 0.0, 0, 0, 0
L 346.0, -260.0, 0.0, 332.0, -268.0, 0.0, 0, 0, 0
L 350.0, -259.0, 0.0, 349.0, -259.0, 0.0, 0, 0, 0
L 330.0, -295.0, 0.0, 316.0, -316.0, 0.0, 0, 0, 0
L 316.0, -316.0, 0.0, 288.0, -320.0, 0.0, 0, 0, 0
L 288.0, -320.0, 0.0, 267.0, -336.0, 0.0, 0, 0, 0
L 267.0, -336.0, 0.0, 265.0, -339.0, 0.0, 0, 0, 0
L 265.0, -339.0, 0.0, 265.0, -410.0, 0.0, 0, 0, 0
L 265.0, -410.0, 0.0, 245.0, -437.0, 0.0, 0, 0, 0
L 245.0, -437.0, 0.0, 245.0, -629.0, 0.0, 0, 0, 0
L 245.0, -629.0, 0.0, 330.0, -630.0, 0.0, 0, 0, 0
L 330.0, -630.0, 0.0, 330.0, -744.0, 0.0, 0, 0, 0
L 330.0, -744.0, 0.0, 277.0, -744.0, 0.0, 0, 0, 0
L 277.0, -744.0, 0.0, 277.0, -803.0, 0.0, 0, 0, 0
L 277.0, -803.0, 0.0, 246.0, -803.0, 0.0, 0, 0, 0
L 246.0, -803.0, 0.0, 246.0, -716.0, 0.0, 0, 0, 0
L 246.0, -716.0, 0.0, 297.0, -715.0, 0.0, 0, 0, 0
L 297.0, -715.0, 0.0, 297.0, -663.0, 0.0, 0, 0, 0
L 297.0, -663.0, 0.0, 246.0, -663.0, 0.0, 0, 0, 0
L 246.0, -663.0, 0.0, 214.0, -629.0, 0.0, 0, 0, 0
L 244.0, -278.0, 0.0, 260.0, -278.0, 0.0, 0, 0, 0
L 267.0, -278.0, 0.0, 288.0, -296.0, 0.0, 0, 0, 0
L 288.0, -296.0, 0.0, 298.0, -296.0, 0.0, 0, 0, 0
L 298.0, -296.0, 0.0, 304.0, -268.0, 0.0, 0, 0, 0
L 304.0, -268.0, 0.0, 304.0, -238.0, 0.0, 0, 0, 0
L 304.0, -238.0, 0.0, 297.0, -209.0, 0.0, 0, 0, 0
L 297.0, -209.0, 0.0, 285.0, -209.0, 0.0, 0, 0, 0
L 285.0, -209.0, 0.0, 285.0, -253.0, 0.0, 0, 0, 0
L 285.0, -253.0, 0.0, 267.0, -268.0, 0.0, 0, 0, 0
L 267.0, -268.0, 0.0, 247.0, -268.0, 0.0, 0, 0, 0
L 247.0, -268.0, 0.0, 228.0, -253.0, 0.0, 0, 0, 0
L 228.0, -253.0, 0.0, 228.0, -233.0, 0.0, 0, 0, 0
L 228.0, -233.0, 0.0, 235.0, -208.0, 0.0, 0, 0, 0
L 235.0, -208.0, 0.0, 235.0, -198.0, 0.0, 0, 0, 0
L 235.0, -198.0, 0.0, 227.0, -164.0, 0.0, 0, 0, 0
L 180.0, -144.0, 0.0, 213.0, -90.0, -3.0, 0, 0, 0
L 180.0, -144.0, 0.0, 200.0, -164.0, 0.0, 0, 0, 0
L 200.0, -164.0, 0.0, 201.0, -164.0, 0.0, 0, 0, 0
L 213.0, -90.0, -3.0, 200.0, -89.0, -10.0, 0, 0, 0
L 200.0, -89.0, -10.0, 197.0, -89.0, -10.0, 0, 0, 0
L 197.0, -89.0, -10.0, 191.0, -111.0, -10.0, 0, 0, 0
L 191.0, -111.0, -10.0, 111.0, -187.0, -10.0, 0, 0, 0
L 111.0, -187.0, -10.0, 97.0, -206.0, -10.0, 0, 0, 0
L 97.0, -206.0, -10.0, 97.0, -211.0, -10.0, 0, 0, 0
L 97.0, -211.0, -10.0, 101.0, -236.0, -4.0, 0, 0, 0
L 101.0, -236.0, -4.0, 125.0, -278.0, 0.0, 0, 0, 0
L 125.0, -278.0, 0.0, 125.0, -296.0, 0.0, 0, 0, 0
L 125.0, -296.0, 0.0, 129.0, -296.0, 0.0, 0, 0, 0
L 129.0, -296.0, 0.0, 129.0, -281.0, 0.0, 0, 0, 0
L 123.0, -269.0, 0.0, 123.0, -251.0, 0.0, 0, 0, 0
L 123.0, -251.0, 0.0, 136.0, -237.0, 0.0, 0, 0, 0
L 136.0, -237.0, 0.0, 155.0, -237.0, 0.0, 0, 0, 0
L 155.0, -237.0, 0.0, 167.0, -251.0, 0.0, 0, 0, 0
L 167.0, -251.0, 0.0, 177.0, -231.0, 0.0, 0, 0, 0
L 177.0, -231.0, 0.0, 199.0, -231.0, 0.0, 0, 0, 0
L 199.0, -231.0, 0.0, 216.0, -251.0, 0.0, 0, 0, 0
L 216.0, -251.0, 0.0, 220.0, -251.0, 0.0, 0, 0, 0
L 220.0, -251.0, 0.0, 220.0, -269.0, 0.0, 0, 0, 0
L 220.0, -269.0, 0.0, 217.0, -269.0, 0.0, 0, 0, 0
L 219.0, -281.0, 0.0, 220.0, -296.0, 0.0, 0, 0, 0
L 220.0, -296.0, 0.0, 244.0, -278.0, 0.0, 0, 0, 0
L 260.0, -278.0, 0.0, 267.0, -278.0, 0.0, 0, 0, 0
L 92.0, -331.0, 0.0, 92.0, -278.0, 0.0, 0, 0, 0
L 92.0, -278.0, 0.0, 70.0, -236.0, -4.0, 0, 0, 0
L 70.0, -236.0, -4.0, 61.0, -211.0, -10.0, 0, 0, 0
L 61.0, -211.0, -10.0, 60.0, -205.0, -10.0, 0, 0, 0
L 60.0, -205.0, -10.0, -17.0, -205.0, -10.0, 0, 0, 0
L -17.0, -205.0, -10.0, -72.0, -201.0, -10.0, 0, 0, 0
L -72.0, -201.0, -10.0, -72.0, -229.0, 0.0, 0, 0, 0
L -72.0, -225.0, -1.0, -72.0, -230.0, 0.0, 0, 0, 0
L -72.0, -230.0, 0.0, -73.0, -230.0, 0.0, 0, 0, 0
L -163.0, -112.0, -9.0, -179.0, -18.0, -10.0, 0, 0, 0
L -179.0, -18.0, -10.0, -179.0, 17.0, -10.0, 127, 64, 0
L -179.0, 17.0, -10.0, -171.0, 72.0, -10.0, 0, 0, 0
L -171.0, 90.0, -10.0, -163.0, 111.0, -10.0, 0, 0, 0
L -163.0, 111.0, -10.0, -112.0, 159.0, -10.0, 0, 0, 0
L -112.0, 159.0, -10.0, -18.0, 173.0, -10.0, 0, 0, 0
L -18.0, 173.0, -10.0, 17.0, 173.0, -10.0, 0, 0, 0
L 17.0, 173.0, -10.0, 71.0, 165.0, -10.0, 0, 0, 0
L 90.0, 165.0, -10.0, 111.0, 159.0, -10.0, 0, 0, 0
L 111.0, 159.0, -10.0, 169.0, 112.0, -10.0, 0, 0, 0
L 169.0, 112.0, -10.0, 185.0, 18.0, -10.0, 0, 0, 0
L 185.0, 18.0, -10.0, 186.0, -17.0, -10.0, 127, 64, 0
L 186.0, -17.0, -10.0, 175.0, -72.0, -11.0, 0, 0, 0
L 175.0, -89.0, -11.0, 166.0, -111.0, -10.0, 0, 0, 0
L 166.0, -111.0, -10.0, 112.0, -165.0, -10.0, 0, 0, 0
L 112.0, -165.0, -10.0, 18.0, -183.0, -10.0, 0, 0, 0
L 18.0, -183.0, -10.0, -17.0, -183.0, -10.0, 0, 0, 0
L -17.0, -183.0, -10.0, -71.0, -177.0, -10.0, 0, 0, 0
L -89.0, -177.0, -10.0, -112.0, -171.0, -10.0, 0, 0, 0
L -111.0, -171.0, -10.0, -163.0, -112.0, -9.0, 0, 0, 0
L -160.0, 114.0, -142.0, -111.0, 159.0, -142.0, 0, 0, 255
L -111.0, 159.0, -142.0, -18.0, 173.0, -142.0, 0, 0, 255
L -18.0, 173.0, -142.0, -17.0, 133.0, -141.0, 0, 0, 255
L -17.0, 133.0, -142.0, 18.0, 133.0, -142.0, 0, 0, 255
L 18.0, 173.0, -142.0, 18.0, 133.0, -142.0, 0, 0, 255
L 18.0, 173.0, -142.0, 89.0, 165.0, -142.0, 0, 0, 255
L 89.0, 165.0, -142.0, 111.0, 159.0, -142.0, 0, 0, 255
L 111.0, 159.0, -142.0, 169.0, 111.0, -142.0, 0, 0, 255
L 169.0, 111.0, -142.0, 185.0, 18.0, -142.0, 0, 0, 255
L 185.0, 18.0, -142.0, 141.0, 17.0, -142.0, 0, 0, 255
L 141.0, 17.0, -142.0, 142.0, -18.0, -142.0, 0, 0, 255
L 142.0, -18.0, -142.0, 185.0, -18.0, -142.0, 0, 0, 255
L 185.0, -18.0, -142.0, 175.0, -72.0, -142.0, 0, 0, 255
L 175.0, -72.0, -142.0, 175.0, -89.0, -142.0, 0, 0, 255
L 175.0, -89.0, -142.0, 165.0, -111.0, -142.0, 0, 0, 255
L 165.0, -111.0, -142.0, 111.0, -165.0, -142.0, 0, 0, 255
L 111.0, -165.0, -142.0, 18.0, -183.0, -142.0, 0, 0, 255
L 18.0, -183.0, -142.0, 17.0, -139.0, -142.0, 0, 0, 255
L 17.0, -139.0, -142.0, -18.0, -139.0, -142.0, 0, 0, 255
L -18.0, -139.0, -142.0, -18.0, -183.0, -142.0, 0, 0, 255
L -18.0, -183.0, -142.0, -72.0, -177.0, -142.0, 0, 0, 255
L -72.0, -177.0, -142.0, -89.0, -177.0, -142.0, 0, 0, 255
L -89.0, -177.0, -142.0, -111.0, -171.0, -142.0, 0, 0, 255
L -111.0, -171.0, -142.0, -163.0, -111.0, -142.0, 0, 0, 255
L -163.0, -111.0, -142.0, -179.0, -18.0, -142.0, 0, 0, 255
L -179.0, -18.0, -142.0, -137.0, -18.0, -142.0, 0, 0, 255
L -137.0, -18.0, -142.0, -138.0, 18.0, -142.0, 0, 0, 255
L -138.0, 18.0, -142.0, -179.0, 18.0, -142.0, 0, 0, 255
L -179.0, 18.0, -142.0, -171.0, 72.0, -142.0, 0, 0, 255
L -171.0, 72.0, -142.0, -171.0, 89.0, -142.0, 0, 0, 255
L -171.0, 89.0, -142.0, -171.0, 90.0, -142.0, 0, 0, 255
L -160.0, 114.0, -142.0, -171.0, 89.0, -142.0, 0, 0, 255
L -732.0, -797.0, 28.0, -728.0, -788.0, 38.0, 0, 0, 0
L -728.0, -788.0, 38.0, -759.0, -750.0, 37.0, 0, 0, 0
L -759.0, -750.0, 37.0, -789.0, -750.0, 38.0, 0, 0, 0
L -789.0, -750.0, 38.0, -823.0, -685.0, 38.0, 0, 0, 0
L -823.0, -685.0, 38.0, -823.0, -627.0, 38.0, 0, 0, 0
L -823.0, -627.0, 38.0, -765.0, -579.0, 38.0, 0, 0, 0
L -765.0, -579.0, 38.0, -765.0, -539.0, 38.0, 0, 0, 0
L -765.0, -539.0, 38.0, -726.0, -516.0, 39.0, 0, 0, 0
L -726.0, -516.0, 39.0, -678.0, -516.0, 39.0, 0, 0, 0
L -678.0, -551.0, 40.0, -678.0, -516.0, 39.0, 0, 0, 0
L -701.0, -551.0, 75.0, -689.0, -551.0, 75.0, 0, 204, 0
L -689.0, -551.0, 75.0, -689.0, -578.0, 75.0, 0, 204, 0
L -689.0, -578.0, 75.0, -668.0, -602.0, 75.0, 0, 204, 0
L -668.0, -602.0, 75.0, -633.0, -602.0, 76.0, 0, 204, 0
L -633.0, -602.0, 76.0, -659.0, -551.0, 75.0, 150, 150, 150
L -659.0, -551.0, 75.0, -680.0, -551.0, 75.0, 150, 150, 150
L -680.0, -551.0, 75.0, -680.0, -369.0, 75.0, 150, 150, 150
L -680.0, -369.0, 75.0, -701.0, -369.0, 75.0, 0, 204, 0
L -701.0, -369.0, 75.0, -704.0, -402.0, 75.0, 0, 204, 0
L -704.0, -402.0, 75.0, -704.0, -441.0, 75.0, 0, 204, 0
L -704.0, -441.0, 75.0, -711.0, -441.0, 76.0, 0, 204, 0
L -813.0, -482.0, 76.0, -704.0, -485.0, 75.0, 0, 204, 0
L -704.0, -485.0, 75.0, -701.0, -551.0, 75.0, 0, 204, 0
L -711.0, -441.0, 75.0, -812.0, -450.0, 76.0, 0, 204, 0
L -812.0, -450.0, 76.0, -842.0, -411.0, 76.0, 0, 204, 0
L -842.0, -411.0, 76.0, -858.0, -401.0, 76.0, 0, 204, 0
L -858.0, -401.0, 76.0, -858.0, -354.0, 76.0, 0, 204, 0
L -858.0, -354.0, 76.0, -902.0, -321.0, 76.0, 0, 204, 0
L -902.0, -321.0, 76.0, -964.0, -311.0, 76.0, 0, 204, 0
L -964.0, -311.0, 76.0, -1034.0, -279.0, 76.0, 0, 204, 0
L -1034.0, -279.0, 76.0, -1040.0, -278.0, 76.0, 0, 204, 0
L -1068.0, -237.0, 76.0, -1091.0, -237.0, 76.0, 0, 204, 0
L -1040.0, -278.0, 76.0, -1068.0, -237.0, 76.0, 0, 204, 0
L -1040.0, -299.0, 76.0, -1034.0, -299.0, 77.0, 0, 204, 0
L -1034.0, -299.0, 77.0, -962.0, -338.0, 76.0, 0, 204, 0
L -962.0, -338.0, 76.0, -902.0, -353.0, 76.0, 0, 204, 0
L -902.0, -353.0, 76.0, -887.0, -401.0, 76.0, 0, 204, 0
L -887.0, -401.0, 76.0, -905.0, -411.0, 76.0, 0, 204, 0
L -905.0, -411.0, 76.0, -1034.0, -357.0, 76.0, 0, 204, 0
L -1034.0, -357.0, 76.0, -1040.0, -357.0, 76.0, 0, 204, 0
L -1040.0, -357.0, 76.0, -1067.0, -342.0, 76.0, 0, 204, 0
L -1067.0, -342.0, 76.0, -1091.0, -342.0, 76.0, 0, 204, 0
L -1091.0, -342.0, 76.0, -1113.0, -378.0, 76.0, 0, 204, 0
L -1113.0, -378.0, 76.0, -1112.0, -341.0, 76.0, 0, 204, 0
L -1112.0, -341.0, 76.0, -1118.0, -324.0, 76.0, 0, 204, 0
L -1118.0, -324.0, 76.0, -1139.0, -324.0, 76.0, 0, 204, 0
L -1139.0, -324.0, 76.0, -1151.0, -341.0, 76.0, 0, 204, 0
L -1151.0, -377.0, 76.0, -1112.0, -401.0, 76.0, 0, 204, 0
L -1151.0, -377.0, 76.0, -1151.0, -341.0, 76.0, 0, 204, 0
L -1112.0, -401.0, 76.0, -1091.0, -422.0, 76.0, 0, 204, 0
L -1091.0, -422.0, 76.0, -1067.0, -422.0, 76.0, 0, 204, 0
L -1067.0, -422.0, 76.0, -1039.0, -377.0, 76.0, 0, 204, 0
L -1039.0, -377.0, 76.0, -1035.0, -377.0, 76.0, 0, 204, 0
L -1035.0, -377.0, 76.0, -1034.0, -377.0, 76.0, 0, 204, 0
L -1035.0, -377.0, 76.0, -920.0, -435.0, 76.0, 0, 204, 0
L -920.0, -435.0, 76.0, -925.0, -449.0, 76.0, 0, 204, 0
L -925.0, -449.0, 76.0, -935.0, -459.0, 76.0, 0, 204, 0
L -935.0, -459.0, 76.0, -962.0, -459.0, 76.0, 0, 204, 0
L -962.0, -459.0, 76.0, -963.0, -459.0, 76.0, 0, 204, 0
L -962.0, -459.0, 76.0, -1034.0, -441.0, 76.0, 0, 204, 0
L -1034.0, -441.0, 76.0, -1094.0, -441.0, 76.0, 0, 204, 0
L -1094.0, -441.0, 76.0, -1121.0, -420.0, 76.0, 0, 204, 0
L -1121.0, -420.0, 76.0, -1139.0, -420.0, 76.0, 0, 204, 0
L -1139.0, -420.0, 76.0, -1163.0, -440.0, 76.0, 0, 204, 0
L -1163.0, -440.0, 76.0, -1163.0, -458.0, 76.0, 0, 204, 0
L -1163.0, -458.0, 76.0, -1139.0, -473.0, 76.0, 0, 204, 0
L -1139.0, -473.0, 76.0, -1121.0, -473.0, 76.0, 0, 204, 0
L -1121.0, -473.0, 76.0, -1093.0, -458.0, 76.0, 0, 204, 0
L -1093.0, -458.0, 76.0, -1082.0, -488.0, 76.0, 0, 204, 0
L -1082.0, -488.0, 76.0, -1067.0, -488.0, 76.0, 0, 204, 0
L -1067.0, -488.0, 76.0, -1052.0, -458.0, 76.0, 0, 204, 0
L -1052.0, -458.0, 76.0, -1034.0, -458.0, 76.0, 0, 204, 0
L -1034.0, -458.0, 76.0, -1032.0, -458.0, 76.0, 0, 204, 0
L -1034.0, -458.0, 76.0, -962.0, -485.0, 76.0, 0, 204, 0
L -962.0, -485.0, 76.0, -935.0, -485.0, 76.0, 0, 204, 0
L -935.0, -485.0, 76.0, -925.2, -483.0, 76.0, 0, 204, 0
L -925.2, -483.0, 76.0, -920.2, -503.1, 76.0, 0, 204, 0
L -920.2, -503.1, 76.0, -963.0, -522.0, 76.0, 0, 204, 0
L -963.0, -522.0, 76.0, -1041.0, -521.0, 76.0, 0, 204, 0
L -1041.0, -521.0, 76.0, -1067.0, -501.0, 76.0, 0, 204, 0
L -1067.0, -501.0, 76.0, -1091.0, -501.0, 76.0, 0, 204, 0
L -1091.0, -501.0, 76.0, -1128.0, -539.0, 76.0, 0, 204, 0
L -1128.0, -539.0, 76.0, -1142.0, -513.0, 76.0, 0, 204, 0
L -1142.0, -513.0, 76.0, -1159.0, -513.0, 76.0, 0, 204, 0
L -1159.0, -513.0, 76.0, -1162.0, -513.0, 76.0, 0, 204, 0
L -1162.0, -513.0, 76.0, -1166.0, -513.0, 76.0, 0, 204, 0
L -1166.0, -513.0, 76.0, -1178.0, -539.0, 76.0, 0, 204, 0
L -1178.0, -539.0, 76.0, -1178.0, -563.0, 76.0, 0, 204, 0
L -1178.0, -563.0, 76.0, -1166.0, -578.0, 76.0, 0, 204, 0
L -1166.0, -578.0, 76.0, -1142.0, -578.0, 76.0, 0, 204, 0
L -1142.0, -578.0, 76.0, -1127.0, -563.0, 76.0, 0, 204, 0
L -1127.0, -563.0, 76.0, -1091.0, -569.0, 76.0, 0, 204, 0
L -1091.0, -569.0, 76.0, -1067.0, -569.0, 76.0, 0, 204, 0
L -1067.0, -569.0, 76.0, -1040.0, -539.0, 76.0, 0, 204, 0
L -1040.0, -539.0, 76.0, -962.0, -539.0, 76.0, 0, 204, 0
L -791.0, -645.0, 0.0, -791.0, -675.0, 0.0, 0, 0, 0
L -783.0, -675.0, 0.0, -791.0, -675.0, 0.0, 0, 0, 0
L 72.0, 126.0, -30.0, 72.0, 140.0, -23.0, 127, 64, 0
L 89.0, 108.0, -30.0, 89.0, 115.0, -27.0, 127, 64, 0
L 72.0, 112.0, -31.0, 72.0, 126.0, -30.0, 127, 64, 0
L 89.0, 108.0, -30.0, 88.0, 107.0, -30.0, 0, 0, 0
L 88.0, 107.0, -30.0, 88.0, 56.0, -30.0, 0, 0, 0
L 88.0, 56.0, -30.0, 80.0, 56.0, -30.0, 0, 0, 0
L 80.0, 56.0, -30.0, 78.0, 51.0, -30.0, 0, 0, 0
L 78.0, 51.0, -30.0, 88.0, 8.0, -30.0, 0, 0, 0
L 88.0, 8.0, -30.0, 88.0, -8.0, -30.0, 0, 0, 0
L 88.0, -8.0, -30.0, 76.0, -56.0, -30.0, 0, 0, 0
L 76.0, -56.0, -30.0, 88.0, -56.0, -30.0, 0, 0, 0
L 57.0, -88.0, -30.0, 56.0, -78.0, -30.0, 0, 0, 0
L 56.0, -78.0, -30.0, 9.0, -88.0, -30.0, 0, 0, 0
L 9.0, -88.0, -30.0, -8.0, -88.0, -30.0, 0, 0, 0
L -8.0, -88.0, -30.0, -52.0, -78.0, -30.0, 0, 0, 0
L -52.0, -78.0, -30.0, -57.0, -82.0, -30.0, 0, 0, 0
L -57.0, -82.0, -30.0, -57.0, -89.0, -30.0, 0, 0, 0
L -57.0, -89.0, -30.0, -73.0, -106.0, -30.0, 0, 0, 0
L -88.0, -56.0, -30.0, -76.0, -55.0, -30.0, 0, 0, 0
L -76.0, -55.0, -30.0, -88.0, -8.0, -30.0, 0, 0, 0
L -88.0, -8.0, -30.0, -88.0, 9.0, -30.0, 0, 0, 0
L -88.0, 9.0, -30.0, -79.0, 51.0, -30.0, 0, 0, 0
L -79.0, 51.0, -30.0, -79.0, 56.0, -30.0, 0, 0, 0
L -79.0, 56.0, -30.0, -79.0, 57.0, -30.0, 0, 0, 0
L -79.0, 56.0, -30.0, -88.0, 57.0, -30.0, 0, 0, 0
L -88.0, 57.0, -30.0, -106.0, 73.0, -30.0, 0, 0, 0
L -56.0, 88.0, -30.0, -55.0, 77.0, -30.0, 0, 0, 0
L -55.0, 77.0, -30.0, -8.0, 88.0, -30.0, 0, 0, 0
L -8.0, 88.0, -30.0, 9.0, 88.0, -30.0, 0, 0, 0
L 9.0, 88.0, -30.0, 51.0, 78.0, -30.0, 0, 0, 0
L 51.0, 78.0, -30.0, 55.0, 79.0, -30.0, 0, 0, 0
L 55.0, 79.0, -30.0, 55.0, 88.0, -30.0, 0, 0, 0
L 55.0, 88.0, -30.0, 72.0, 106.0, -30.0, 0, 0, 0
L 108.0, -72.0, -30.0, 175.0, -72.0, -11.0, 127, 64, 0
L 108.0, -72.0, -30.0, 106.0, -73.0, -30.0, 0, 0, 0
L 106.0, -73.0, -30.0, 88.0, -56.0, -30.0, 0, 0, 0
L 108.0, -89.0, -30.0, 175.0, -89.0, -11.0, 127, 64, 0
L 108.0, -89.0, -30.0, 107.0, -88.0, -30.0, 0, 0, 0
L 107.0, -88.0, -30.0, 57.0, -88.0, -30.0, 0, 0, 0
L -72.0, -108.0, -30.0, -72.0, -133.0, -23.0, 127, 64, 0
L -89.0, -108.0, -30.0, -89.0, -133.0, -23.0, 127, 64, 0
L -72.0, -108.0, -30.0, -73.0, -106.0, -30.0, 0, 0, 0
L -89.0, -108.0, -30.0, -88.0, -106.0, -30.0, 0, 0, 0
L -88.0, -106.0, -30.0, -88.0, -56.0, -30.0, 0, 0, 0
L -56.0, 88.0, -30.0, -106.0, 88.0, -30.0, 0, 0, 0
L -106.0, 88.0, -30.0, -108.0, 89.0, -30.0, 0, 0, 0
L -108.0, 72.0, -30.0, -106.0, 73.0, -30.0, 0, 0, 0
L 368.0, -241.0, 0.0, 386.0, -241.0, 0.0, 127, 64, 0
L 386.0, -241.0, 0.0, 386.0, -260.0, 0.0, 127, 64, 0
L 386.0, -260.0, 0.0, 368.0, -260.0, 0.0, 127, 64, 0
L 368.0, -260.0, 0.0, 368.0, -241.0, 0.0, 127, 64, 0
L 243.0, 24.0, -10.0, 228.0, 24.0, -10.0, 0, 0, 0
L 228.0, 24.0, -10.0, 221.0, 16.0, -10.0, 0, 0, 0
L 243.0, 24.0, -10.0, 248.0, 16.0, -10.0, 0, 0, 0
L 248.0, 16.0, -10.0, 248.0, 2.0, -10.0, 205, 133, 63
L 248.0, 2.0, -10.0, 261.0, 2.0, -10.0, 205, 133, 63
L 261.0, 5.0, -10.0, 252.0, 5.0, -10.0, 205, 133, 63
L 252.0, 5.0, -10.0, 252.0, 16.0, -10.0, 205, 133, 63
L 251.0, 19.0, -10.0, 249.0, 24.0, -10.0, 0, 0, 0
L 249.0, 24.0, -10.0, 249.0, 38.0, -10.0, 0, 0, 0
L 270.0, 24.0, -10.0, 270.0, 38.0, -10.0, 0, 0, 0
L 270.0, 24.0, -10.0, 265.0, 18.0, -10.0, 0, 0, 0
L 265.0, 18.0, -10.0, 265.0, 17.0, -10.0, 0, 0, 0
L 265.0, 17.0, -10.0, 273.0, 12.0, -10.0, 0, 0, 0
L 273.0, 12.0, -10.0, 273.0, -18.0, -10.0, 0, 0, 0
L 273.0, -18.0, -10.0, 260.0, -21.0, -10.0, 0, 0, 0
L 260.0, -21.0, -10.0, 248.0, -19.0, -10.0, 0, 0, 0
L 248.0, -19.0, -10.0, 243.0, -26.0, -10.0, 0, 0, 0
L 243.0, -26.0, -10.0, 228.0, -26.0, -10.0, 0, 0, 0
L 228.0, -26.0, -10.0, 222.0, -18.0, -10.0, 0, 0, 0
L 252.0, 41.0, -7.0, 264.0, 41.0, -7.0, 0, 0, 0
L 264.0, 41.0, -7.0, 270.0, 38.0, -10.0, 0, 0, 0
L 252.0, 41.0, -7.0, 249.0, 38.0, -10.0, 0, 0, 0
L 261.0, 2.0, -10.0, 261.0, 5.0, -10.0, 205, 133, 63
L -332.0, 246.0, 0.0, -329.0, 243.0, 0.0, 0, 0, 0
L -339.0, 274.0, 4.0, -338.0, 274.0, 0.0, 0, 0, 0
L -332.0, 189.0, 0.0, -329.0, 194.0, 0.0, 0, 0, 0
L -388.0, 298.0, 31.0, -388.0, 275.0, 14.0, 0, 0, 0
L -415.0, 332.0, 37.0, -436.0, 331.0, 40.0, 0, 0, 0
L -446.0, 325.0, 42.0, -445.0, 326.0, 42.0, 0, 0, 0
L -445.0, 326.0, 42.0, -436.0, 331.0, 40.0, 0, 0, 0
L -484.0, 268.0, 37.0, -479.0, 290.0, 42.0, 0, 0, 0
L -479.0, 290.0, 42.0, -511.0, 289.0, 40.0, 150, 150, 150
L -446.0, 325.0, 42.0, -479.0, 290.0, 42.0, 150, 150, 150
L -424.0, 187.0, 2.0, -424.0, 185.0, 0.0, 0, 0, 0
L -402.0, 188.0, 2.0, -402.0, 185.0, 0.0, 0, 0, 0
L -424.0, 193.0, 5.0, -424.0, 187.0, 2.0, 0, 0, 0
L -108.0, 89.0, -30.0, -171.0, 89.0, -10.0, 127, 64, 0
L -108.0, 72.0, -30.0, -171.0, 72.0, -10.0, 127, 64, 0
L -72.0, -133.0, -23.0, -72.0, -177.0, -10.0, 127, 64, 0
L -89.0, -133.0, -23.0, -89.0, -177.0, -10.0, 127, 64, 0
L 89.0, 147.0, -16.0, 90.0, 165.0, -10.0, 127, 64, 0
L 72.0, 140.0, -23.0, 71.0, 165.0, -10.0, 127, 64, 0
L 89.0, 135.0, -20.0, 89.0, 147.0, -16.0, 127, 64, 0
L 89.0, 115.0, -27.0, 89.0, 135.0, -20.0, 127, 64, 0
L 70.0, -348.0, 0.0, 70.0, -319.0, 0.0, 0, 0, 0
L 36.0, -301.0, 13.0, 35.0, -365.0, 10.0, 150, 150, 150
L 15.0, -376.0, 0.0, 20.0, -373.0, 3.0, 150, 150, 150
L 36.0, -301.0, 13.0, 31.0, -299.0, 10.0, 150, 150, 150
L 25.0, -371.0, 5.0, 30.0, -368.0, 8.0, 150, 150, 150
L 26.0, -296.0, 6.0, 20.0, -294.0, 3.0, 150, 150, 150
L 25.0, -371.0, 5.0, 26.0, -296.0, 6.0, 150, 150, 150
L 30.0, -368.0, 8.0, 35.0, -365.0, 10.0, 150, 150, 150
L 31.0, -299.0, 10.0, 26.0, -296.0, 6.0, 150, 150, 150
L 30.0, -368.0, 8.0, 31.0, -299.0, 10.0, 150, 150, 150
L 20.0, -373.0, 3.0, 25.0, -371.0, 5.0, 150, 150, 150
L 20.0, -294.0, 3.0, 15.0, -291.0, 0.0, 150, 150, 150
L 20.0, -373.0, 3.0, 20.0, -294.0, 3.0, 150, 150, 150
L 78.0, 371.0, 0.0, 78.0, 388.0, 0.0, 0, 0, 0
L 10.0, 371.0, 0.0, 78.0, 371.0, 0.0, 0, 0, 0
L 135.0, -333.0, 0.0, 123.0, -354.0, 0.0, 0, 0, 0
L 129.0, -331.0, 0.0, 135.0, -331.0, 0.0, 0, 0, 0
L 212.0, -354.0, 0.0, 192.0, -333.0, 0.0, 0, 0, 0
L 192.0, -331.0, 0.0, 219.0, -331.0, 0.0, 0, 0, 0
L 162.0, -357.0, 0.0, 166.0, -357.0, 0.0, 0, 0, 0
L 162.0, -357.0, 0.0, 154.0, -335.0, 0.0, 0, 0, 0
L 154.0, -335.0, 0.0, 153.0, -333.0, 0.0, 0, 0, 0
L 166.0, -357.0, 0.0, 173.0, -336.0, 0.0, 0, 0, 0
L 173.0, -336.0, 0.0, 175.0, -333.0, 0.0, 0, 0, 0
L 123.0, -375.0, 0.0, 130.0, -380.0, 0.0, 0, 0, 0
L 131.0, -380.0, 0.0, 136.0, -383.0, 0.0, 0, 0, 0
L 130.0, -380.0, 0.0, 131.0, -380.0, 0.0, 0, 0, 0
L 165.0, -375.0, 0.0, 176.0, -381.0, 0.0, 0, 0, 0
L 176.0, -381.0, 0.0, 180.0, -383.0, 0.0, 0, 0, 0
L 192.0, -333.0, 0.0, 192.0, -332.0, 0.0, 0, 0, 0
L 135.0, -333.0, 0.0, 135.0, -332.0, 0.0, 0, 0, 0
L 153.0, -333.0, 0.0, 153.0, -332.0, 0.0, 0, 0, 0
L 153.0, -331.0, 0.0, 175.0, -331.0, 0.0, 0, 0, 0
L 175.0, -333.0, 0.0, 175.0, -332.0, 0.0, 0, 0, 0
L 135.0, -332.0, 0.0, 135.0, -331.0, 0.0, 0, 0, 0
L 153.0, -332.0, 0.0, 153.0, -331.0, 0.0, 0, 0, 0
L 135.0, -332.0, 0.0, 139.0, -332.0, 0.0, 205, 133, 63
L 139.0, -331.0, 0.0, 148.0, -331.0, 0.0, 205, 133, 63
L 148.0, -333.0, 0.0, 139.0, -333.0, 0.0, 205, 133, 63
L 139.0, -331.0, 0.0, 139.0, -332.0, 0.0, 205, 133, 63
L 139.0, -332.0, 0.0, 139.0, -333.0, 0.0, 205, 133, 63
L 148.0, -331.0, 0.0, 148.0, -332.0, 0.0, 205, 133, 63
L 148.0, -332.0, 0.0, 153.0, -332.0, 0.0, 205, 133, 63
L 148.0, -332.0, 0.0, 148.0, -333.0, 0.0, 205, 133, 63
L 179.0, -331.0, 0.0, 188.0, -331.0, 0.0, 205, 133, 63
L 188.0, -333.0, 0.0, 179.0, -333.0, 0.0, 205, 133, 63
L 179.0, -331.0, 0.0, 179.0, -332.0, 0.0, 205, 133, 63
L 188.0, -331.0, 0.0, 188.0, -332.0, 0.0, 205, 133, 63
L 175.0, -332.0, 0.0, 175.0, -331.0, 0.0, 0, 0, 0
L 192.0, -332.0, 0.0, 192.0, -331.0, 0.0, 0, 0, 0
L 175.0, -332.0, 0.0, 179.0, -332.0, 0.0, 205, 133, 63
L 179.0, -332.0, 0.0, 179.0, -333.0, 0.0, 205, 133, 63
L 188.0, -332.0, 0.0, 188.0, -333.0, 0.0, 205, 133, 63
L 188.0, -332.0, 0.0, 192.0, -332.0, 0.0, 205, 133, 63
L 217.0, -269.0, 0.0, 196.0, -278.0, 0.0, 0, 0, 0
L 135.0, -278.0, 0.0, 123.0, -269.0, 0.0, 0, 0, 0
L 196.0, -278.0, 0.0, 196.0, -279.0, 0.0, 0, 0, 0
L 196.0, -281.0, 0.0, 219.0, -281.0, 0.0, 0, 0, 0
L 167.0, -268.0, 0.0, 177.0, -278.0, 0.0, 0, 0, 0
L 155.0, -278.0, 0.0, 167.0, -268.0, 0.0, 0, 0, 0
L 135.0, -278.0, 0.0, 135.0, -279.0, 0.0, 0, 0, 0
L 135.0, -281.0, 0.0, 129.0, -281.0, 0.0, 0, 0, 0
L 177.0, -281.0, 0.0, 155.0, -281.0, 0.0, 0, 0, 0
L 177.0, -278.0, 0.0, 177.0, -279.0, 0.0, 0, 0, 0
L 155.0, -278.0, 0.0, 155.0, -279.0, 0.0, 0, 0, 0
L 177.0, -279.0, 0.0, 177.0, -281.0, 0.0, 0, 0, 0
L 196.0, -279.0, 0.0, 196.0, -281.0, 0.0, 0, 0, 0
L 177.0, -279.0, 0.0, 182.0, -279.0, 0.0, 205, 133, 63
L 192.0, -281.0, 0.0, 182.0, -281.0, 0.0, 205, 133, 63
L 192.0, -278.0, 0.0, 182.0, -278.0, 0.0, 205, 133, 63
L 182.0, -281.0, 0.0, 182.0, -279.0, 0.0, 205, 133, 63
L 182.0, -279.0, 0.0, 182.0, -278.0, 0.0, 205, 133, 63
L 192.0, -281.0, 0.0, 192.0, -279.0, 0.0, 205, 133, 63
L 192.0, -279.0, 0.0, 196.0, -279.0, 0.0, 205, 133, 63
L 192.0, -279.0, 0.0, 192.0, -278.0, 0.0, 205, 133, 63
L 155.0, -279.0, 0.0, 155.0, -281.0, 0.0, 0, 0, 0
L 135.0, -279.0, 0.0, 135.0, -281.0, 0.0, 0, 0, 0
L 155.0, -279.0, 0.0, 150.0, -279.0, 0.0, 205, 133, 63
L 150.0, -281.0, 0.0, 140.0, -281.0, 0.0, 205, 133, 63
L 150.0, -278.0, 0.0, 140.0, -278.0, 0.0, 205, 133, 63
L 140.0, -281.0, 0.0, 140.0, -279.0, 0.0, 205, 133, 63
L 140.0, -279.0, 0.0, 135.0, -279.0, 0.0, 205, 133, 63
L 140.0, -279.0, 0.0, 140.0, -278.0, 0.0, 205, 133, 63
L 150.0, -281.0, 0.0, 150.0, -279.0, 0.0, 205, 133, 63
L 150.0, -279.0, 0.0, 150.0, -278.0, 0.0, 205, 133, 63
L 214.0, -436.0, 0.0, 214.0, -520.0, 0.0, 0, 0, 0
L 214.0, -629.0, 0.0, 214.0, -539.0, 0.0, 0, 0, 0
L 214.0, -539.0, 0.0, 212.0, -539.0, 0.0, 0, 0, 0
L 211.0, -539.0, 0.0, 200.0, -544.0, 0.0, 0, 0, 0
L 214.0, -520.0, 0.0, 212.0, -520.0, 0.0, 0, 0, 0
L 211.0, -520.0, 0.0, 200.0, -515.0, 0.0, 0, 0, 0
L 211.0, -534.0, 0.0, 211.0, -524.0, 0.0, 205, 133, 63
L 214.0, -534.0, 0.0, 214.0, -524.0, 0.0, 205, 133, 63
L 211.0, -534.0, 0.0, 212.0, -534.0, 0.0, 205, 133, 63
L 211.0, -524.0, 0.0, 212.0, -524.0, 0.0, 205, 133, 63
L 212.0, -520.0, 0.0, 211.0, -520.0, 0.0, 0, 0, 0
L 212.0, -539.0, 0.0, 211.0, -539.0, 0.0, 0, 0, 0
L 212.0, -520.0, 0.0, 212.0, -524.0, 0.0, 205, 133, 63
L 212.0, -534.0, 0.0, 214.0, -534.0, 0.0, 205, 133, 63
L 212.0, -524.0, 0.0, 214.0, -524.0, 0.0, 205, 133, 63
L 212.0, -534.0, 0.0, 212.0, -539.0, 0.0, 205, 133, 63
L 210.0, -145.0, 0.0, 224.0, -145.0, 0.0, 0, 0, 0
L 227.0, -164.0, 0.0, 224.0, -164.0, 0.0, 0, 0, 0
L 224.0, -145.0, 0.0, 227.0, -145.0, 0.0, 0, 0, 0
L 224.0, -164.0, 0.0, 201.0, -164.0, 0.0, 0, 0, 0
L 221.0, -150.0, 0.0, 221.0, -159.0, 0.0, 205, 133, 63
L 227.0, -159.0, 0.0, 227.0, -150.0, 0.0, 205, 133, 63
L 221.0, -159.0, 0.0, 224.0, -159.0, 0.0, 205, 133, 63
L 221.0, -150.0, 0.0, 224.0, -150.0, 0.0, 205, 133, 63
L 224.0, -145.0, 0.0, 224.0, -150.0, 0.0, 205, 133, 63
L 224.0, -159.0, 0.0, 227.0, -159.0, 0.0, 205, 133, 63
L 224.0, -150.0, 0.0, 227.0, -150.0, 0.0, 205, 133, 63
L 224.0, -159.0, 0.0, 224.0, -164.0, 0.0, 205, 133, 63
L 248.0, 16.0, -10.0, 252.0, 16.0, -10.0, 0, 0, 0
L 252.0, 16.0, -10.0, 251.0, 19.0, -10.0, 0, 0, 0
L 207.0, 18.0, -10.0, 209.0, 9.0, -10.0, 0, 0, 0
L 209.0, 9.0, -10.0, 212.0, 9.0, -10.0, 0, 0, 0
L 221.0, 16.0, -10.0, 214.0, 9.0, -10.0, 0, 0, 0
L 209.0, -9.0, -10.0, 198.0, -72.0, -10.0, 0, 0, 0
L 209.0, -9.0, -10.0, 212.0, -9.0, -10.0, 0, 0, 0
L 222.0, -18.0, -10.0, 214.0, -9.0, -10.0, 0, 0, 0
L 212.0, -9.0, -10.0, 214.0, -9.0, -10.0, 0, 0, 0
L 212.0, 9.0, -10.0, 214.0, 9.0, -10.0, 0, 0, 0
L 212.0, -9.0, -10.0, 212.0, -4.0, -10.0, 205, 133, 63
L 209.0, 4.0, -10.0, 209.0, -4.0, -10.0, 205, 133, 63
L 214.0, 4.0, -10.0, 214.0, -4.0, -10.0, 205, 133, 63
L 209.0, -4.0, -10.0, 212.0, -4.0, -10.0, 205, 133, 63
L 212.0, -4.0, -10.0, 214.0, -4.0, -10.0, 205, 133, 63
L 209.0, 4.0, -10.0, 212.0, 4.0, -10.0, 205, 133, 63
L 212.0, 4.0, -10.0, 212.0, 9.0, -10.0, 205, 133, 63
L 212.0, 4.0, -10.0, 214.0, 4.0, -10.0, 205, 133, 63
L -8.0, -50.0, -30.0, -12.0, -50.0, -30.0, 150, 150, 150
L -50.0, 13.0, -30.0, -50.0, -12.0, -30.0, 150, 150, 150
L 50.0, -12.0, -30.0, 50.0, 13.0, -30.0, 150, 150, 150
L 12.0, 51.0, -30.0, -12.0, 51.0, -30.0, 150, 150, 150
L 12.0, -50.0, -30.0, -8.0, -50.0, -30.0, 150, 150, 150
L -12.0, 51.0, -30.0, -12.0, 38.0, -30.0, 150, 150, 150
L -12.0, 38.0, -30.0, -12.0, 13.0, -30.0, 150, 150, 150
L -12.0, -12.0, -30.0, -12.0, -38.0, -30.0, 150, 150, 150
L 12.0, -50.0, -30.0, 12.0, -38.0, -30.0, 150, 150, 150
L 12.0, 13.0, -30.0, 12.0, 38.0, -30.0, 150, 150, 150
L 12.0, -38.0, -30.0, 12.0, -12.0, -30.0, 150, 150, 150
L 50.0, -12.0, -30.0, 37.0, -12.0, -30.0, 150, 150, 150
L -12.0, -12.0, -30.0, -37.0, -12.0, -30.0, 150, 150, 150
L 37.0, -12.0, -30.0, 12.0, -12.0, -30.0, 150, 150, 150
L -37.0, -12.0, -30.0, -50.0, -12.0, -30.0, 150, 150, 150
L 50.0, 13.0, -30.0, 37.0, 13.0, -30.0, 150, 150, 150
L -37.0, 13.0, -30.0, -50.0, 13.0, -30.0, 150, 150, 150
L 37.0, 13.0, -30.0, 12.0, 13.0, -30.0, 150, 150, 150
L -12.0, 13.0, -30.0, -37.0, 13.0, -30.0, 150, 150, 150
L 12.0, 38.0, -30.0, 12.0, 51.0, -30.0, 150, 150, 150
L -12.0, -38.0, -30.0, -12.0, -50.0, -30.0, 150, 150, 150
L 37.0, 13.0, -30.0, 12.0, 38.0, -30.0, 150, 150, 150
L -12.0, 38.0, -30.0, -37.0, 13.0, -30.0, 150, 150, 150
L -37.0, -12.0, -30.0, -12.0, -38.0, -30.0, 150, 150, 150
L 12.0, -38.0, -30.0, 37.0, -12.0, -30.0, 150, 150, 150
L 12.0, -12.0, -30.0, -12.0, -12.0, -30.0, 150, 150, 150
L -12.0, -12.0, -30.0, -12.0, 13.0, -30.0, 150, 150, 150
L -12.0, 13.0, -30.0, 12.0, 13.0, -30.0, 150, 150, 150
L 12.0, 13.0, -30.0, 12.0, -12.0, -30.0, 150, 150, 150
L 50.0, -12.0, -30.0, 37.0, -38.0, -30.0, 150, 150, 150
L 37.0, -38.0, -30.0, 12.0, -50.0, -30.0, 150, 150, 150
L 50.0, 13.0, -30.0, 37.0, 38.0, -30.0, 150, 150, 150
L 37.0, 38.0, -30.0, 12.0, 51.0, -30.0, 150, 150, 150
L -12.0, 51.0, -30.0, -37.0, 38.0, -30.0, 150, 150, 150
L -37.0, 38.0, -30.0, -50.0, 13.0, -30.0, 150, 150, 150
L -50.0, -12.0, -30.0, -37.0, -38.0, -30.0, 150, 150, 150
L -37.0, -38.0, -30.0, -12.0, -50.0, -30.0, 150, 150, 150
L -50.0, -316.0, 0.0, -64.0, -315.0, 0.0, 0, 0, 0
L -48.0, -322.0, 0.0, -50.0, -316.0, 0.0, 0, 0, 0
L -48.0, -322.0, 0.0, -45.0, -322.0, 0.0, 0, 0, 0
L -41.0, -322.0, 0.0, -25.0, -291.0, 0.0, 0, 0, 0
L -41.0, -342.0, 0.0, -45.0, -342.0, 0.0, 0, 0, 0
L -50.0, -349.0, 0.0, -48.0, -342.0, 0.0, 0, 0, 0
L -41.0, -342.0, 0.0, -25.0, -376.0, 0.0, 0, 0, 0
L -45.0, -342.0, 0.0, -48.0, -342.0, 0.0, 0, 0, 0
L -45.0, -322.0, 0.0, -41.0, -322.0, 0.0, 0, 0, 0
L -45.0, -342.0, 0.0, -45.0, -337.0, 0.0, 205, 133, 63
L -41.0, -327.0, 0.0, -41.0, -337.0, 0.0, 205, 133, 63
L -48.0, -327.0, 0.0, -48.0, -337.0, 0.0, 205, 133, 63
L -41.0, -337.0, 0.0, -45.0, -337.0, 0.0, 205, 133, 63
L -45.0, -337.0, 0.0, -48.0, -337.0, 0.0, 205, 133, 63
L -41.0, -327.0, 0.0, -45.0, -327.0, 0.0, 205, 133, 63
L -45.0, -327.0, 0.0, -45.0, -322.0, 0.0, 205, 133, 63
L -45.0, -327.0, 0.0, -48.0, -327.0, 0.0, 205, 133, 63
L 200.0, -502.0, 0.0, 200.0, -491.0, 0.0, 0, 0, 0
L 138.0, -555.0, 0.0, 143.0, -558.0, 0.0, 0, 0, 0
L 200.0, -565.0, 0.0, 200.0, -558.0, 0.0, 0, 0, 0
L 200.0, -491.0, 0.0, 153.0, -491.0, 0.0, 0, 0, 0
L 155.0, -565.0, 0.0, 200.0, -565.0, 0.0, 0, 0, 0
L 200.0, -515.0, 0.0, 200.0, -502.0, 0.0, 0, 0, 0
L 138.0, -502.0, 0.0, 138.0, -555.0, 0.0, 0, 0, 0
L 138.0, -502.0, 0.0, 200.0, -502.0, 0.0, 205, 133, 63
L 143.0, -558.0, 0.0, 155.0, -565.0, 0.0, 0, 0, 0
L 153.0, -491.0, 0.0, 138.0, -502.0, 0.0, 0, 0, 0
L 200.0, -558.0, 0.0, 200.0, -555.0, 0.0, 0, 0, 0
L 138.0, -555.0, 0.0, 200.0, -555.0, 0.0, 205, 133, 63
L 200.0, -555.0, 0.0, 200.0, -544.0, 0.0, 0, 0, 0
L -606.0, -331.0, -86.0, -764.0, -332.0, -65.0, 178, 102, 255
L -801.0, -373.0, -65.0, -764.0, -332.0, -65.0, 178, 102, 255
L -8.0, 226.0, 0.0, -7.0, 223.3, 0.0, 0, 0, 0
L -888.0, -61.0, 35.0, -890.1, -61.0, 35.0, 0, 0, 0
L -891.0, -62.0, 35.0, -890.1, -61.0, 35.0, 0, 0, 0
L 7.0, -244.0, 1.0, 8.0, -244.0, 0.0, 0, 0, 0
L 249.0, -129.0, 0.0, 244.0, -131.0, 0.0, 0, 0, 0
L 332.0, -268.0, 0.0, 330.0, -295.0, 0.0, 0, 0, 0
L 35.3, -18.5, -52.0, 44.7, -23.2, -31.0, 255, 165, 0
L 42.7, -27.6, -31.0, 32.4, -21.8, -53.3, 255, 165, 0
L 169.7, 3.2, -68.5, 186.7, 3.9, -11.0, 255, 165, 0
L 186.4, -3.7, -11.0, 170.0, -4.1, -73.0, 255, 165, 0
L 44.7, -23.2, -31.0, 46.0, -24.3, -31.0, 255, 165, 0
L 42.7, -27.6, -31.0, 43.5, -28.3, -31.0, 255, 165, 0
L 186.7, 3.9, -11.0, 190.3, 3.9, -11.0, 255, 165, 0
L 186.4, -3.7, -11.0, 190.3, -3.7, -11.0, 255, 165, 0
L 46.0, -24.3, -31.0, 48.7, -24.3, -31.0, 255, 165, 0
L 43.5, -28.3, -31.0, 46.0, -28.3, -31.0, 255, 165, 0
L 78.0, 388.0, 0.0, 78.0, 393.4, 0.0, 0, 0, 0
L 78.0, 393.4, 0.0, 118.8, 393.4, 0.0, 199, 21, 133
L 78.0, 393.4, 0.0, 78.0, 419.6, 0.0, 0, 0, 0
