P -1421.9893, 6050.0000, 364.4331, 255, 0, 0, 3, to_Frontier_Mountains
P -1544.8222, -86.8585, -703.0905, 255, 0, 0, 3, to_The_Howling_Stones
P -1938.4927, -3134.4523, -44.9310, 255, 0, 0, 3, to_The_Plane_of_Knowledge_(Click_Book)
P -4188.5834, 1046.2227, 95.6259, 255, 0, 0, 3, to_The_Skyfire_Mountains
P 4200.0000, 150.0000, 0.0000, 255, 0, 0, 3, to_The_Warsliks_Woods
P -2731.6994, -3449.0263, -161.7176, 255, 0, 0, 3, to_Timorous_Deep_(Translocator_Breya)
P 4263.0000, 241.0000, 0.0000, 255, 0, 0, 2, Succor
P -3250.7919, -2502.8771, -139.3259, 128, 0, 128, 2, Forge
P -2357.1684, -2692.7536, -53.0926, 128, 0, 128, 2, Oven
P -2371.5468, -2847.5258, -53.0926, 128, 0, 128, 2, Sewing_Kit
P -2383.0434, -2680.8598, -53.0926, 128, 0, 128, 2, Brew_Barrel
P -2384.5603, -2866.9396, -53.0926, 128, 0, 128, 2, Kiln
P -2396.1542, -2861.2478, -53.0926, 128, 0, 128, 2, Pottery_Wheel
P -2146.0390, -2675.1774, -53.0926, 255, 210, 0, 2, Bank
P -2775.8566, -3068.9025, -156.5937, 0, 0, 0, 2, Soulbinder
P -2192.4472, -3018.2702, -53.0463, 0, 128, 0, 2, Dom_(Merchant)
P -2408.0922, -2751.6250, -53.0926, 0, 128, 0, 2, Merchants_(Spells)
P -2727.4833, -2513.9262, -53.0926, 128, 128, 128, 2, Uggrig_(GM_Beastlord)
P -2251.1481, -3139.0971, -53.0926, 128, 128, 128, 2, Dyth_(GM_Wizard)
P -3394.0000, -2675.0000, -134.3239, 255, 0, 0, 3, from_Overthere_Hammer
P 927.9264, -3736.5290, -172.5607, 240, 240, 240, 2, Wreck_of_the_Greysong
P -3765.9729, 668.0604, 83.2157, 0, 0, 0, 2, Ratrana_Zill
P -2712.2050, -2492.0114, -53.0916, 0, 0, 0, 2, General_V`Deers
P -2144.9533, -2473.7658, -53.0916, 0, 0, 0, 2, Captain_Rottgrime
P -2576.6962, -2646.6762, -53.0916, 0, 127, 0, 2, Tin_Merchants
P -2047.9219, -3140.7001, -53.0916, 0, 0, 0, 2, Galdon_Vok_Nir
P -2194.2851, -3247.9716, -61.1384, 0, 0, 0, 2, Kurron_Ni
P -2206.0708, -2905.5976, -53.0916, 0, 0, 0, 2, Admiral_Tylix
P -2124.8383, -2906.5268, -53.0916, 0, 0, 0, 2, Kuughrak_Bonecrush
P -2156.2189, -2850.7243, -53.0916, 0, 0, 0, 2, Inem_R`ker
P -2422.1735, -2365.6813, -42.5604, 0, 0, 0, 2, Tektite
P -2402.1276, -2359.9375, -42.5604, 0, 0, 0, 2, Stishovite
P -2400.5424, -2106.3815, -42.5604, 0, 0, 0, 2, Tourmaline
P -2430.8571, -2107.8186, -42.5604, 0, 0, 0, 2, Corundium
P -1513.3948, 3540.7912, 313.7270, 0, 0, 0, 2, Historian_Azern
P -2330.6723, -2802.2243, -51.5303, 0, 0, 0, 2, Nureya
P -2284.3041, -3115.5734, -53.0906, 0, 0, 0, 2, Shandral
P -2357.2724, -2682.9582, -51.5349, 0, 0, 0, 2, Vitratul_K`Reil
P -667.1243, 54.8106, -543.0343, 240, 240, 240, 2, Canyon_of_Misery
