P 332.0000, -1578.0000, 123.7963, 255, 0, 0, 3, to_Hollowshade_Moor
P 274.0000, 3916.0000, 192.0010, 255, 0, 0, 3, to_Shadeweaver`s_Thicket
P -1073.0000, 2120.0000, -319.9990, 255, 0, 0, 3, to_Shadow_Haven
P 241.0000, 3721.0000, 0.0000, 255, 0, 0, 2, Succor
P -431.0000, 675.0000, -394.3497, 240, 0, 0, 2, from_Shadow_Haven_(Water_pit)
P 382.2239, 1957.6329, -47.9980, 240, 240, 240, 2, Owlbear_Camp
P 908.5405, -304.4450, 57.3450, 240, 240, 240, 2, Muckdiggers
P -1068.0000, 25.0000, 0.0000, 255, 255, 255, 2, Ramp
P -858.0000, 1567.0000, 0.0000, 255, 255, 255, 2, Ramp
P -10.0470, 629.8570, -174.4320, 255, 255, 255, 2, Owlbear_Camp
P 646.0850, 260.3100, -18.2060, 255, 255, 255, 2, Safe_Tunnel
P 171.0140, 333.2370, -84.6470, 255, 255, 255, 2, Dwarf_Miners
P -440.7600, 2010.8340, -31.9940, 255, 255, 255, 2, Lake_Recondite
P -421.7600, 1995.8340, -31.9940, 255, 255, 255, 2, Lake_Phlarg_Camp
P -240.9360, 2479.2310, 132.3530, 255, 255, 255, 2, Small_Phlarg_Camp
P 811.7800, 2321.7068, 16.6483, 255, 255, 255, 2, Phlarg_Camp
P -599.8810, 940.7110, -250.3890, 255, 255, 255, 2, Bridge_Camp
P -799.9170, 124.0350, -303.5770, 255, 255, 255, 2, Bandit_Camp_2
P -992.3409, 1614.8329, -351.9840, 255, 255, 255, 2, Bandit_Camp_1
P 455.7150, -812.4960, 48.4049, 255, 255, 255, 2, Small_Lake_Camp
P -23.4180, 3567.9419, 209.9301, 0, 0, 240, 1, GS:_Dulfis_Mushroom_(blue_dot)
P 225.4402, 3451.7676, 209.9349, 0, 0, 240, 1, GS:_Dulfis_Mushroom
P 61.4681, 3838.4297, 193.9333, 0, 0, 240, 1, GS:_Dulfis_Mushroom
P -701.0114, 227.2884, -302.0696, 0, 0, 0, 2, Ringo
P -776.8321, -2127.8467, 16.4124, 0, 0, 0, 2, The_Reischicyben
P -1047.4353, 1775.4143, -364.6065, 0, 0, 0, 2, Yelloweyes
P 112.9188, 392.1356, -91.9183, 127, 64, 0, 2, a_massive_sediment_delver_(Hunter)
P -1.3438, 630.6860, -175.1702, 127, 64, 0, 2, a_ravenous_owlbear_(Hunter)
P -369.7550, -1449.2283, -22.4794, 127, 64, 0, 2, Ch`ktok_(Hunter)

