P -87.0000, 87.0000, 0.0000, 255, 0, 0, 3, from_The_Plane_of_Tranquility
P -371.0000, 2.0000, -1.0000, 255, 0, 0, 3, to_The_Plane_of_Tranquility
P -58.0000, 61.0000, 2.8125, 255, 0, 0, 2, Succor
P -82.4700, 74.9029, 0.8789, 240, 240, 240, 2, Graveyard
P -216.0000, -474.0000, 0.0000, 240, 240, 0, 2, Portal_to_Trial_Area
P 402.8131, 775.9037, -29.9980, 240, 240, 0, 2, Hidden_Door
P -470.0000, -862.0000, 6.8131, 240, 240, 240, 2, Trial_Area
P -403.8152, -763.7896, 10.3145, 240, 240, 240, 2, Execution
P -425.9629, -808.8976, 10.3143, 240, 240, 240, 2, Lashing
P -430.0781, -722.0334, 10.3141, 240, 240, 240, 2, Stoning
P -506.3215, -724.2231, 10.3140, 240, 240, 240, 2, Torture
P -531.9373, -761.6058, 10.3138, 240, 240, 240, 2, Hanging
P -511.0689, -802.4705, 10.3137, 240, 240, 240, 2, Flame
P 118.9773, 1123.3949, 71.8162, 240, 240, 240, 2, Trial_of_Stoning
P -159.2869, 645.9429, -28.4846, 240, 240, 240, 2, Factionless_Area
P 309.5762, -99.5407, -3.4842, 0, 0, 240, 1, GS:_Platinum_Token
P 303.0980, 19.1268, -3.4688, 240, 240, 240, 2, Creatures_of_Justice_Faction_(South)
P 301.3499, -16.3882, -3.4688, 240, 240, 240, 2, Prisoners_of_Justice_(North)
P -181.0000, -1240.0000, 31.0000, 240, 127, 0, 2, The_Seventh_Hammer_(Raid)
P -739.5478, 456.9831, -28.1914, 0, 127, 127, 2, Mavuin_(Quest)
P 809.7567, 567.6353, -28.2037, 0, 0, 0, 2, Sralm_Noramir
P -271.7034, 388.9975, -29.9980, 0, 0, 0, 2, Dreamthief
P -614.0000, 395.6322, -28.4928, 0, 0, 0, 2, Telorau_Xi_Atraeth
P -617.8563, 547.0359, -29.9980, 0, 0, 0, 2, The_Xel`Moar
P -548.0931, 387.1195, -29.9980, 0, 0, 0, 2, Xenioth_the_Endless
P -423.9981, 564.8909, -29.9980, 0, 0, 0, 2, Talliz
P -438.8121, 397.8118, -29.9980, 0, 0, 0, 2, Nghala_Sretch
P -364.2476, 387.0292, -29.9980, 0, 0, 0, 2, General_Vhan`Geltah
P -274.1916, 550.6205, -29.9980, 0, 0, 0, 2, Kalliz
P 404.7128, 766.0121, -29.9980, 0, 0, 0, 2, Priest_of_Tumagal
P 212.5075, 87.8329, -3.4597, 0, 0, 0, 2, Zayenaekk
P -872.8710, 1224.6519, 70.3144, 127, 64, 0, 2, an_accursed_tormentor_(Hunter)
P 960.8198, 1071.3224, -27.1156, 127, 64, 0, 2, the_ancient_crawler_(Hunter)
P 589.9243, 1122.5829, -20.0252, 127, 64, 0, 2, a_blood_leech_(Hunter)
P -948.4842, 728.4711, 52.3145, 127, 64, 0, 2, a_burning_nemesis_(Hunter)
P 427.5113, 1181.1001, -29.1326, 127, 64, 0, 2, a_diamond_beetle_(Hunter)
P -806.4781, 731.0502, 52.3145, 127, 64, 0, 2, a_fiery_aggressor_(Hunter)
P 672.3472, 453.7673, -26.9871, 127, 64, 0, 2, a_grallok_appraisor_(Hunter)
P 808.3737, 606.3536, -29.4734, 127, 64, 0, 2, a_grallok_crusader_(Hunter)
P 912.4312, 782.6042, -29.6855, 127, 64, 0, 2, a_grallok_elder_(Hunter)
P 693.7745, 778.2849, -29.2356, 127, 64, 0, 2, a_grallok_overseer_(Hunter)
P 912.4312, 782.6042, -29.6855, 127, 64, 0, 2, the_grallok_underworld_(Hunter)
P -1370.4612, 1074.1354, -1.6855, 127, 64, 0, 2, a_harrowing_lasher_(Hunter)
P -217.9189, 1091.7460, 70.3145, 127, 64, 0, 2, herald_of_destruction_(Hunter)
P -874.4467, 1036.4170, 70.3145, 127, 64, 0, 2, nemesis_of_despair_(Hunter)
P 30.2332, 1120.1078, 71.5286, 127, 64, 0, 2, nemesis_of_stone_(Hunter)
P -539.3835, 1114.8687, 70.3144, 127, 64, 0, 2, phantom_of_asphyxiation_(Hunter)
P -162.6093, 1072.3893, 70.3145, 127, 64, 0, 2, priest_of_doom_(Hunter)
P 235.5212, 1119.9042, 71.5046, 127, 64, 0, 2, a_ruthless_grinder_(Hunter)
P 621.9484, 999.1606, -28.4304, 127, 64, 0, 2, a_screeching_parasite_(Hunter)
P -527.2036, 1071.9374, 70.3145, 127, 64, 0, 2, a_smothering_nemesis_(Hunter)
P -1363.6779, 1170.2134, -1.6855, 127, 64, 0, 2, a_stinging_nemesis_(Hunter)
P 881.1890, 1325.3550, -27.7171, 127, 64, 0, 2, the_yrendan_scarab(Hunter,ENC:1.5)
P -91.7534, -205.6730, -4.9980, 240, 240, 240, 2, Tormented_Wraiths
P -207.9499, -472.6396, -35.9980, 0, 0, 0, 2, Jacosh_Steldenn
P -122.8926, -27.2031, -4.9980, 0, 0, 0, 2, Sraim_Noramir
P -113.2087, -63.7387, -4.9980, 0, 0, 0, 2, Norlta_Zamish
P -72.1052, -120.7156, -4.9980, 0, 0, 0, 2, Alkus_McNeeson
P 23.2388, -107.0087, -4.9980, 0, 0, 0, 2, Klaren_Dunn
P 89.0320, -108.0839, -2.7599, 0, 0, 0, 2, Sheyna_D`Leen
P 116.0956, -34.9562, -2.6915, 0, 0, 0, 2, Rhionn_Leafsblade
P 122.4418, 26.7214, -4.9980, 0, 0, 0, 2, Moobik
P 117.7473, 69.5500, -4.9980, 0, 0, 0, 2, Kuraal_Nem_Azmih
P 62.9889, 127.7127, -4.9980, 0, 0, 0, 2, Sister_Tomyn
P 80.1610, 112.0377, -4.9980, 0, 0, 0, 2, Aneya_Mallar
P 23.0595, 135.4311, -4.9980, 0, 0, 0, 2, Royal_Guardian_Finro
P -40.0265, 111.1124, -2.6915, 0, 0, 0, 2, Thrak_Riftwing
P -57.7840, 123.7822, -4.9980, 0, 0, 0, 2, Trazin_D`Feyl
P -110.0193, 62.3516, -4.9980, 0, 0, 0, 2, Shaldyn_Thunderhoof
P -117.5901, 20.1056, -4.9980, 0, 0, 0, 2, Shera_Banneth
P 195.0807, -94.3828, -4.9980, 0, 0, 0, 2, Wurgoz
P 199.7700, -57.4636, -4.9980, 0, 0, 0, 2, Elizabtha_Ianthe
P 299.0180, -117.4799, -4.9980, 0, 0, 0, 2, Vulur_Stonehold
P 301.4688, -156.6042, -4.9980, 0, 0, 0, 2, High_Shaman_Dannal
P 130.7596, -295.5549, -4.9980, 0, 0, 0, 2, Genni_Dulzane
P 120.0063, -299.7862, -4.9980, 0, 0, 0, 2, Dumann_the_Quick
P 122.1352, -290.2052, -4.9980, 0, 0, 0, 2, Golikan
P 37.9959, -199.2938, -2.6915, 0, 0, 0, 2, Yventa_Va`Ssula
P 91.9652, -195.9415, -4.9980, 0, 0, 0, 2, Zakis_Var_Sl`tad
P -148.2806, -292.4747, -4.9980, 0, 0, 0, 2, Captain_Nyra
P -100.9366, -273.8344, -2.6915, 0, 0, 0, 2, Tamyna_Willowsong
P -31.9702, -209.4273, -4.9980, 0, 0, 0, 2, Fubbel_Copperwheel
P -35.2806, -204.7534, -4.9980, 0, 0, 0, 2, Baxo_Numbalin
P 103.8210, -457.3975, -29.9980, 0, 0, 0, 2, Nemli
P 126.9496, -454.0592, -29.9980, 0, 0, 0, 2, Master_Vhezar
P 140.8534, -438.3056, -29.9980, 0, 0, 0, 2, Isseith_Xerok
P 179.1222, -376.0802, -27.6915, 0, 0, 0, 2, Umplud
P 230.6866, -366.1735, -29.9980, 0, 0, 0, 2, Grum
P 281.4793, -220.6494, -29.9980, 0, 0, 0, 2, Kantao_Darkwaters
P 235.5966, -209.0982, -29.9980, 0, 0, 0, 2, Commander_Ralinor
P 283.1587, -369.2902, -29.9980, 0, 0, 0, 2, Welas_Hollander
P 328.1472, -369.0042, -29.9980, 0, 0, 0, 2, Halkr_Nighman
P 329.4124, -354.4345, -29.9980, 0, 0, 0, 2, Kuvan_Wolvesbane
P 428.1947, -295.9755, -29.9980, 0, 0, 0, 2, Tamsin
P 377.2540, -279.7137, -29.9980, 0, 0, 0, 2, Drazl
P 348.2512, -423.6019, -54.9980, 0, 0, 0, 2, Trisha_Pettals
P 379.8949, -441.5799, -54.9980, 0, 0, 0, 2, tortured_spirit
P 378.7897, -469.8533, -54.9980, 0, 0, 0, 2, Shadalis_Oathbinder
P 518.7194, -504.8423, -54.9980, 0, 0, 0, 2, Al`Corisalm
P 525.3592, -483.9701, -54.9980, 0, 0, 0, 2, Great_Bear
P 509.5572, -467.3482, -54.9980, 0, 0, 0, 2, Archpriest_Del`Maque
P 357.3837, -515.8858, -54.9980, 0, 0, 0, 2, Saal_the_Keeper
P 365.6068, -550.2090, -54.9980, 0, 0, 0, 2, Arch_Memoch_Vanim
P 448.5647, -606.3637, -54.9980, 0, 0, 0, 2, Zadyr_Moralin
P 461.1190, -607.2092, -54.9980, 240, 240, 240, 2, Forgotten_Spirits
P 382.9120, -741.6371, -29.9980, 0, 0, 0, 2, Nentae_Weaver
P 436.0369, -766.8760, -27.6915, 0, 0, 0, 2, Kimry_Joolimel
P 389.0807, -763.9523, -29.9980, 0, 0, 0, 2, Evia_N`Cizai
P 323.0688, -658.9666, -29.9980, 0, 0, 0, 2, Druenna_Oakshade
P 289.7045, -667.4684, -29.9980, 0, 0, 0, 2, Eyan_Thunderseeker
P 239.8439, -813.7516, -29.9980, 0, 0, 0, 2, Lasiya
P 239.0204, -832.2611, -29.9980, 0, 0, 0, 2, Parza
P 281.8694, -827.6691, -29.9980, 0, 0, 0, 2, Jesgard_Q`Nacat
P 237.7831, -677.5692, -29.9980, 0, 0, 0, 2, Jhyric_Kan_Voth
P 200.5259, -665.1685, -29.9980, 0, 0, 0, 2, Gubkuk
P 235.5197, -658.8225, -29.9980, 0, 0, 0, 2, Librarian_Rushal
P 104.1832, -754.4626, -29.9980, 0, 0, 0, 2, Mystic_Bamina
P 143.6261, -764.6497, -29.9980, 0, 0, 0, 2, Qallan_Shellhopper
P 84.0956, -682.0994, -29.9980, 0, 0, 0, 2, Ranno_Zalpar
P 135.8384, -673.5828, -29.9980, 0, 0, 0, 2, Alchemist_Jorrum
P 100.7200, -496.1888, -29.9980, 0, 0, 0, 2, Summoner_Teikk
P 137.8766, -507.3599, -29.9980, 0, 0, 0, 2, Halken_Zeparr
P -212.9225, -473.8425, -35.9980, 240, 240, 0, 2, Teleporter
P -723.2456, 1119.5110, 85.0020, 240, 240, 240, 2, Trial_of_Torture
P -199.8901, 1120.3275, 70.0019, 240, 240, 240, 2, Trial_of_Execution
P -497.2297, 1101.6703, 70.0020, 240, 240, 240, 2, Trial_of_Hanging
P -880.0000, 719.6017, 52.0020, 240, 240, 240, 2, Trial_of_Flame
P 208.6079, 59.8555, -4.9980, 0, 0, 0, 2, Iyalinaoukh
P 305.9774, 141.6250, -4.9980, 0, 0, 0, 2, Mublok
P 272.0198, 169.1797, -2.6915, 0, 0, 0, 2, Yalaki
P 130.6640, 193.0594, -4.9980, 0, 0, 0, 2, Ra`Silyas
P 132.1143, 291.6584, -4.9980, 0, 0, 0, 2, Dremekal
P 102.0918, 204.9862, -4.9970, 0, 0, 0, 2, Trader_Sha`Deno
P 106.3966, 193.5581, -4.9980, 0, 0, 0, 2, warrior_of_Nel`Ptan
P -51.6560, 221.9465, -4.9980, 0, 0, 0, 2, Quillon
P -87.2487, 209.6994, -4.9980, 0, 0, 0, 2, Guardian_Ionew
P -166.0485, 307.2707, -4.9980, 0, 0, 0, 2, Wraith_of_Domagr
P 97.7094, 439.4534, -29.9980, 0, 0, 0, 2, Tjey_Xeda
P 143.3873, 442.3970, -29.9980, 0, 0, 0, 2, Djaa_Xeda
P 236.1032, 362.1294, -29.9980, 0, 0, 0, 2, Oracle_Morgak
P 179.0081, 374.9581, -27.7915, 0, 0, 0, 2, Treasurer_Ma`Quivo
P 236.7585, 222.2483, -29.9980, 0, 0, 0, 2, Cormin_Desalis
P 287.1906, 213.5287, -29.9980, 0, 0, 0, 2, Maen_Kul`Daar
P 321.4904, 360.3006, -29.9980, 0, 0, 0, 2, Syenni
P 283.6296, 370.0767, -29.9980, 0, 0, 0, 2, Trainer_Wazzel
P 423.3276, 288.3096, -29.9980, 0, 0, 0, 2, Habax_Blackfang
P 395.1950, 259.8404, -29.9980, 0, 0, 0, 2, Nerkila
P 374.9816, 425.6917, -54.9980, 0, 0, 0, 2, Karzyn_the_Dreadgazer
P 358.7313, 457.9918, -54.9980, 0, 0, 0, 2, Zammar_of_Tial`Vok
P 524.6743, 508.7445, -54.9980, 0, 0, 0, 2, Xin_Renthais_Ishan
P 526.0365, 464.5702, -54.9980, 0, 0, 0, 2, Xaui_Xi_Ans_Vius
P 499.0902, 480.2691, -54.9980, 0, 0, 0, 2, tormented_wraith
P 368.2136, 549.2066, -54.9980, 0, 0, 0, 2, Huntmaster_Synl
P 373.0168, 510.2306, -54.9980, 0, 0, 0, 2, Numeinastel
P 434.7307, 627.5361, -54.9980, 0, 0, 0, 2, Ral`Zehta
P 461.0101, 598.5851, -54.9980, 0, 0, 0, 2, Councilor_Vaylaz
P 329.7052, 664.0319, -29.9980, 0, 0, 0, 2, Conjurer_Mrial
P 285.9781, 665.6440, -29.9980, 0, 0, 0, 2, Georr_Kul`Daar
P 277.4695, 661.3636, -29.9980, 0, 0, 0, 2, Grandmaster_Xhaan
P 271.3171, 668.1757, -29.9980, 0, 0, 0, 2, Ten`Aphiim
P 280.3755, 824.3085, -29.9980, 0, 0, 0, 2, Ine`Thar_Di`Zok
P 240.6240, 814.8613, -29.9980, 0, 0, 0, 2, Zemian_Blackfang
P 197.4898, 665.0137, -29.9980, 0, 0, 0, 2, Advisor_Vyenz
P 229.8975, 672.4805, -29.9980, 0, 0, 0, 2, Nuryek
P 138.0697, 751.9840, -29.9980, 0, 0, 0, 2, Brugga
P 99.8359, 761.4082, -29.9980, 0, 0, 0, 2, Kennar
P 113.2917, 771.5006, -29.9980, 0, 0, 0, 2, Adilan_Lemansa
P 118.2182, 681.3424, -29.9980, 0, 0, 0, 2, Iziyaneema
P 100.9646, 669.3952, -29.9980, 0, 0, 0, 2, Azomnius
P 116.9513, 490.5929, -29.9980, 0, 0, 0, 2, Komazz
P 94.6488, 500.0109, -29.9980, 0, 0, 0, 2, Warlord_Urgalth
P 146.4541, 512.6598, -29.9980, 0, 0, 0, 2, Soothsayer_Greyal
P -131.3730, 293.5514, -3.4815, 240, 240, 240, 2, Wraith_of_Domagr