P -1562.0000, -266.0000, 0.0000, 255, 0, 0, 3, to_The_Plane_of_Tranquility
P 1672.8902, -1076.5161, 119.3944, 240, 0, 0, 3, to_The_Plane_of_Tranquility
P 1926.0000, -194.0000, 122.0000, 240, 0, 0, 3, to_Lair_of_Terris_Thule_(click_gate)
P -1669.0000, -276.0000, 209.0000, 255, 0, 0, 3, from_The_Plane_of_Tranquility
P -1668.0000, -282.0000, 209.8125, 255, 0, 0, 2, Succor
P -164.0000, -1835.0000, -10.0000, 240, 240, 0, 2, One_Way_(North)
P 522.0000, -2582.0000, -224.0000, 240, 240, 240, 2, Mephits
P 450.0000, -1442.0000, 164.0000, 240, 240, 240, 2, Nightmares
P 751.0000, -2440.0000, -103.0000, 240, 240, 0, 2, One-Way_South
P -430.0111, 1665.0496, 199.6631, 240, 240, 240, 2, Nightstalker_Camp
P 1532.0000, -1095.0000, 120.0000, 0, 127, 127, 2, Thelin_Poxbourne_(Mission)
P 1298.0000, 1654.0000, 137.0000, 0, 127, 127, 2, Etumer_(Mission)
P 1213.0000, -443.0000, 113.0000, 0, 0, 0, 2, The_Wailing_Sister_(Roam)
P -1258.0000, -1149.0000, 210.0000, 0, 0, 0, 2, Silean
P 764.0000, -4582.0000, -114.0000, 0, 0, 0, 2, Hobgoblin_Horrorfiend
P -722.0000, -4572.0000, -107.0000, 0, 0, 0, 2, The_Painwrack_Hobgoblin
P -1677.0000, -4075.0000, 29.0000, 0, 0, 0, 2, The_Fearsome_Hobgoblin
P 841.0000, -1449.0000, 164.0000, 0, 0, 0, 2, Kelletia
P -1464.0000, -2654.0000, -85.0000, 240, 127, 0, 2, Hobgoblin_Anguish_Lord_(Raid)
P -1400.0000, -1147.0000, 279.0000, 240, 127, 0, 2, Deyid_the_Twisted_(Raid)
P 1377.0000, 2527.0000, 170.0000, 240, 127, 0, 2, Mujaki_the_Devourer_(Raid)
P 309.0000, 3506.0000, 166.0000, 240, 127, 0, 2, Mujaki_the_Devourer_(Raid)
P -738.0000, 2509.0000, 194.0000, 240, 127, 0, 2, Mujaki_the_Devourer_(Raid)
P 523.6516, 1294.1706, 194.0903, 240, 127, 0, 2, Terror_Matriarch_(Raid)
P 1857.0000, -199.0000, 117.0000, 240, 127, 0, 2, Tyrant_of_Nightmare_(Raid)
P -18.0000, 1819.0000, -124.0000, 240, 127, 0, 2, Untel`Dak_(Raid)
P 390.0000, -1335.0000, 164.0000, 240, 127, 0, 2, Vaksiz_the_Shade_(Raid)
P 495.7791, -2400.8588, -209.9051, 127, 64, 0, 2, an_agony_mephit_(Hunter)
P 338.4155, -3482.9445, -145.5680, 127, 64, 0, 2, a_bullyrag_bat_(Hunter)
P 829.3045, -4499.0312, -123.0093, 127, 64, 0, 2, a_bullyrag_bat_(Hunter)
P -1278.5307, -2677.3776, -77.4848, 127, 64, 0, 2, a_fearsome_hobgoblin_(Hunter)
P 499.1735, 1216.3765, 134.3385, 127, 64, 0, 2, a_fiendish_consort_(Hunter)
P 459.2777, 1300.5441, 143.7385, 127, 64, 0, 2, an_infernal_consort_(Hunter)
P -335.7936, -1423.7277, 7.5594, 127, 64, 0, 2, a_painwrack_hobgoblin_(Hunter)
P 4454.4438, -5649.0195, 0.0019, 240, 240, 240, 2, Mission_Start
P 4416.8227, -5603.9018, 0.0019, 0, 0, 0, 2, Thelin_Poxbourne_(Maze)
P 4751.7871, -6102.2426, 0.0019, 240, 240, 240, 2, Attack_#2
P 4727.0874, -6207.4970, 0.0019, 240, 240, 240, 2, Attack_#1
P 4906.7500, -5691.8852, 0.0019, 240, 240, 240, 2, Attack_#3
P 4144.9106, -5610.6806, 0.0019, 240, 240, 240, 2, Attack_#4
P 4263.8540, -5921.7783, 0.0019, 240, 240, 240, 2, Attack_#5
P 4450.6396, -6375.2084, 0.0019, 240, 240, 240, 2, Attack_#6
P 4560.3520, -6113.3315, 0.0019, 240, 240, 240, 2, Attack_#7
P 4535.9038, -5948.5439, 0.0019, 240, 240, 240, 2, Terris-Thule_(end)
