L -60.0, -2.0, 7.0, -56.0, 18.0, 8.0, 0, 0, 0
L -56.0, 18.0, 8.0, -46.0, 36.0, 7.0, 0, 0, 0
L -46.0, 36.0, 7.0, -30.0, 49.0, 7.0, 0, 0, 0
L -30.0, 49.0, 7.0, -12.0, 56.0, 8.0, 0, 0, 0
L -12.0, 56.0, 8.0, 10.0, 57.0, 7.0, 0, 0, 0
L 10.0, 57.0, 7.0, 30.0, 49.0, 7.0, 0, 0, 0
L 30.0, 49.0, 7.0, 46.0, 35.0, 7.0, 0, 0, 0
L 46.0, 35.0, 7.0, 55.0, 20.0, 7.0, 0, 0, 0
L 55.0, 20.0, 7.0, 60.0, -2.0, 7.0, 0, 0, 0
L 60.0, -2.0, 7.0, 55.0, -24.0, 8.0, 0, 0, 0
L 55.0, -24.0, 8.0, 44.0, -42.0, 7.0, 0, 0, 0
L 44.0, -42.0, 7.0, 28.0, -55.0, 7.0, 0, 0, 0
L 28.0, -55.0, 7.0, 9.0, -61.0, 8.0, 0, 0, 0
L 9.0, -61.0, 8.0, -10.0, -61.0, 7.0, 0, 0, 0
L -10.0, -61.0, 7.0, -30.0, -54.0, 7.0, 0, 0, 0
L -30.0, -54.0, 7.0, -44.0, -42.0, 7.0, 0, 0, 0
L -44.0, -42.0, 7.0, -56.0, -23.0, 7.0, 0, 0, 0
L -56.0, -23.0, 7.0, -60.0, -2.0, 7.0, 0, 0, 0
L -386.0, 150.0, 6.0, -369.0, 125.0, 7.0, 0, 0, 255
L -369.0, 125.0, 7.0, -363.0, 96.0, 6.0, 0, 0, 255
L -363.0, 96.0, 6.0, -382.0, 60.0, 7.0, 0, 0, 255
L -382.0, 60.0, 7.0, -414.0, 29.0, 7.0, 0, 0, 255
L -395.0, -18.0, 7.0, -389.0, -46.0, 7.0, 0, 0, 255
L -389.0, -46.0, 7.0, -366.0, -76.0, 7.0, 0, 0, 255
L -366.0, -76.0, 7.0, -346.0, -122.0, 6.0, 0, 0, 255
L -346.0, -122.0, 6.0, -356.0, -154.0, 5.0, 0, 0, 255
L -349.0, -179.0, 7.0, -350.0, -195.0, 7.0, 0, 0, 255
L -350.0, -195.0, 7.0, -341.0, -227.0, 5.0, 0, 0, 255
L -341.0, -227.0, 5.0, -358.0, -259.0, 7.0, 0, 0, 255
L -358.0, -259.0, 7.0, -359.0, -329.0, 7.0, 0, 0, 255
L -274.0, -368.0, 7.0, -264.0, -374.0, 7.0, 0, 0, 255
L -264.0, -374.0, 7.0, -237.0, -364.0, 7.0, 0, 0, 255
L -237.0, -364.0, 7.0, -190.0, -385.0, 7.0, 0, 0, 255
L -190.0, -385.0, 7.0, -162.0, -409.0, 7.0, 0, 0, 255
L -162.0, -409.0, 7.0, -134.0, -407.0, 7.0, 0, 0, 255
L -134.0, -407.0, 7.0, -104.0, -388.0, 7.0, 0, 0, 255
L -104.0, -388.0, 7.0, -74.0, -382.0, 7.0, 0, 0, 255
L -74.0, -382.0, 7.0, -38.0, -402.0, 7.0, 0, 0, 255
L -38.0, -402.0, 7.0, -8.0, -435.0, 6.0, 0, 0, 255
L -8.0, -435.0, 6.0, 8.0, -434.0, 7.0, 0, 0, 255
L 8.0, -434.0, 7.0, 40.0, -414.0, 7.0, 0, 0, 255
L 40.0, -414.0, 7.0, 69.0, -408.0, 6.0, 0, 0, 255
L 69.0, -408.0, 6.0, 96.0, -385.0, 7.0, 0, 0, 255
L 96.0, -385.0, 7.0, 144.0, -365.0, 7.0, 0, 0, 255
L 144.0, -365.0, 7.0, 171.0, -373.0, 7.0, 0, 0, 255
L 171.0, -373.0, 7.0, 194.0, -364.0, 7.0, 0, 0, 255
L 226.0, -363.0, 7.0, 246.0, -359.0, 7.0, 0, 0, 255
L 246.0, -359.0, 7.0, 280.0, -378.0, 7.0, 0, 0, 255
L 280.0, -378.0, 7.0, 309.0, -379.0, 7.0, 0, 0, 255
L 309.0, -379.0, 7.0, 338.0, -360.0, 7.0, 0, 0, 255
L 338.0, -360.0, 7.0, 349.0, -332.0, 7.0, 0, 0, 255
L 349.0, -332.0, 7.0, 350.0, -313.0, 6.0, 0, 0, 255
L 350.0, -313.0, 6.0, 355.0, -284.0, 6.0, 0, 0, 255
L 355.0, -284.0, 6.0, 344.0, -258.0, 7.0, 0, 0, 255
L 344.0, -258.0, 7.0, 366.0, -209.0, 7.0, 0, 0, 255
L 366.0, -209.0, 7.0, 388.0, -182.0, 7.0, 0, 0, 255
L 388.0, -182.0, 7.0, 387.0, -156.0, 7.0, 0, 0, 255
L 387.0, -156.0, 7.0, 369.0, -125.0, 7.0, 0, 0, 255
L 369.0, -125.0, 7.0, 363.0, -95.0, 6.0, 0, 0, 255
L 363.0, -95.0, 6.0, 382.0, -59.0, 7.0, 0, 0, 255
L 382.0, -59.0, 7.0, 414.0, -14.0, 7.0, 0, 0, 255
L 411.0, 17.0, 7.0, 394.0, 33.0, 7.0, 0, 0, 255
L 394.0, 33.0, 7.0, 387.0, 49.0, 7.0, 0, 0, 255
L 387.0, 49.0, 7.0, 364.0, 79.0, 7.0, 0, 0, 255
L 364.0, 79.0, 7.0, 344.0, 124.0, 7.0, 0, 0, 255
L 344.0, 124.0, 7.0, 354.0, 153.0, 7.0, 0, 0, 255
L 354.0, 153.0, 7.0, 349.0, 180.0, 7.0, 0, 0, 255
L 349.0, 180.0, 7.0, 350.0, 198.0, 7.0, 0, 0, 255
L 350.0, 198.0, 7.0, 340.0, 226.0, 7.0, 0, 0, 255
L 340.0, 226.0, 7.0, 360.0, 263.0, 7.0, 0, 0, 255
L 360.0, 263.0, 7.0, 359.0, 292.0, 7.0, 0, 0, 255
L 359.0, 292.0, 7.0, 340.0, 358.0, 6.0, 0, 0, 255
L 340.0, 358.0, 6.0, 310.0, 369.0, 7.0, 0, 0, 255
L 310.0, 369.0, 7.0, 290.0, 369.0, 7.0, 0, 0, 255
L 290.0, 369.0, 7.0, 264.0, 375.0, 6.0, 0, 0, 255
L 264.0, 375.0, 6.0, 239.0, 365.0, 7.0, 0, 0, 255
L 239.0, 365.0, 7.0, 204.0, 381.0, 6.0, 0, 0, 255
L 204.0, 381.0, 6.0, 179.0, 408.0, 7.0, 0, 0, 255
L 135.0, 409.0, 6.0, 124.0, 409.0, 6.0, 0, 0, 255
L 124.0, 409.0, 6.0, 105.0, 389.0, 7.0, 0, 0, 255
L 105.0, 389.0, 7.0, 73.0, 382.0, 7.0, 0, 0, 255
L 73.0, 382.0, 7.0, 40.0, 402.0, 7.0, 0, 0, 255
L 40.0, 402.0, 7.0, 9.0, 435.0, 6.0, 0, 0, 255
L 9.0, 435.0, 6.0, -12.0, 434.0, 6.0, 0, 0, 255
L -12.0, 434.0, 6.0, -43.0, 414.0, 7.0, 0, 0, 255
L -43.0, 414.0, 7.0, -67.0, 408.0, 7.0, 0, 0, 255
L -67.0, 408.0, 7.0, -97.0, 385.0, 7.0, 0, 0, 255
L -97.0, 385.0, 7.0, -145.0, 365.0, 7.0, 0, 0, 255
L -145.0, 365.0, 7.0, -173.0, 375.0, 7.0, 0, 0, 255
L -173.0, 375.0, 7.0, -200.0, 370.0, 7.0, 0, 0, 255
L -200.0, 370.0, 7.0, -220.0, 370.0, 6.0, 0, 0, 255
L -220.0, 370.0, 6.0, -247.0, 360.0, 7.0, 0, 0, 255
L -247.0, 360.0, 7.0, -282.0, 380.0, 7.0, 0, 0, 255
L -282.0, 380.0, 7.0, -309.0, 379.0, 7.0, 0, 0, 255
L -309.0, 379.0, 7.0, -339.0, 359.0, 7.0, 0, 0, 255
L -339.0, 359.0, 7.0, -349.0, 332.0, 7.0, 0, 0, 255
L -349.0, 332.0, 7.0, -350.0, 311.0, 6.0, 0, 0, 255
L -350.0, 311.0, 6.0, -355.0, 284.0, 6.0, 0, 0, 255
L -355.0, 284.0, 6.0, -344.0, 257.0, 7.0, 0, 0, 255
L -344.0, 257.0, 7.0, -366.0, 209.0, 6.0, 0, 0, 255
L -366.0, 209.0, 6.0, -385.0, 187.0, 6.0, 0, 0, 255
L -414.0, 29.0, 7.0, -414.0, 11.0, 7.0, 0, 0, 255
L -356.0, -154.0, 5.0, -349.0, -179.0, 7.0, 0, 0, 255
L -359.0, -329.0, 7.0, -338.0, -359.0, 7.0, 0, 0, 255
L -338.0, -359.0, 7.0, -308.0, -370.0, 7.0, 0, 0, 255
L -413.0, 849.0, 7.0, -387.0, 809.0, 7.0, 0, 0, 255
L -387.0, 809.0, 7.0, -368.0, 791.0, 7.0, 0, 0, 255
L -368.0, 791.0, 7.0, -312.0, 755.0, 7.0, 0, 0, 255
L -312.0, 755.0, 7.0, -284.0, 754.0, 7.0, 0, 0, 255
L -284.0, 754.0, 7.0, -255.0, 733.0, 7.0, 0, 0, 255
L -255.0, 733.0, 7.0, -237.0, 711.0, 7.0, 0, 0, 255
L -237.0, 711.0, 7.0, -235.0, 691.0, 7.0, 0, 0, 255
L -235.0, 691.0, 7.0, -268.0, 659.0, 7.0, 0, 0, 255
L -268.0, 659.0, 7.0, -288.0, 625.0, 7.0, 0, 0, 255
L -288.0, 625.0, 7.0, -281.0, 593.0, 7.0, 0, 0, 255
L -281.0, 593.0, 7.0, -261.0, 562.0, 7.0, 0, 0, 255
L -261.0, 562.0, 7.0, -262.0, 540.0, 7.0, 0, 0, 255
L -262.0, 540.0, 7.0, -285.0, 511.0, 7.0, 0, 0, 255
L -285.0, 511.0, 7.0, -307.0, 461.0, 7.0, 0, 0, 255
L -307.0, 461.0, 7.0, -303.0, 430.0, 7.0, 0, 0, 255
L -303.0, 430.0, 7.0, -332.0, 416.0, 7.0, 0, 0, 255
L -332.0, 416.0, 7.0, -362.0, 404.0, 7.0, 0, 0, 255
L -362.0, 404.0, 7.0, -375.0, 390.0, 7.0, 0, 0, 255
L -375.0, 390.0, 7.0, -387.0, 359.0, 7.0, 0, 0, 255
L -387.0, 359.0, 7.0, -400.0, 334.0, 7.0, 0, 0, 255
L -400.0, 334.0, 7.0, -402.0, 311.0, 7.0, 0, 0, 255
L -402.0, 311.0, 7.0, -406.0, 285.0, 7.0, 0, 0, 255
L -406.0, 285.0, 7.0, -397.0, 258.0, 7.0, 0, 0, 255
L -397.0, 258.0, 7.0, -417.0, 209.0, 7.0, 0, 0, 255
L -417.0, 209.0, 7.0, -442.0, 188.0, 7.0, 0, 0, 255
L -441.0, 151.0, 6.0, -421.0, 125.0, 7.0, 0, 0, 255
L -421.0, 125.0, 7.0, -414.0, 94.0, 7.0, 0, 0, 255
L -414.0, 94.0, 7.0, -434.0, 60.0, 7.0, 0, 0, 255
L -434.0, 60.0, 7.0, -466.0, 29.0, 7.0, 0, 0, 255
L -466.0, 29.0, 7.0, -465.0, 11.0, 6.0, 0, 0, 255
L -465.0, 11.0, 6.0, -445.0, -21.0, 7.0, 0, 0, 255
L -445.0, -21.0, 7.0, -438.0, -50.0, 7.0, 0, 0, 255
L -438.0, -50.0, 7.0, -415.0, -80.0, 7.0, 0, 0, 255
L -415.0, -80.0, 7.0, -396.0, -124.0, 7.0, 0, 0, 255
L -396.0, -124.0, 7.0, -406.0, -154.0, 7.0, 0, 0, 255
L -406.0, -154.0, 7.0, -401.0, -181.0, 7.0, 0, 0, 255
L -401.0, -181.0, 7.0, -402.0, -198.0, 7.0, 0, 0, 255
L -402.0, -198.0, 7.0, -392.0, -225.0, 7.0, 0, 0, 255
L -392.0, -225.0, 7.0, -411.0, -262.0, 7.0, 0, 0, 255
L -411.0, -262.0, 7.0, -410.0, -288.0, 7.0, 0, 0, 255
L -410.0, -288.0, 7.0, -424.0, -313.0, 7.0, 0, 0, 255
L -424.0, -313.0, 7.0, -464.0, -255.0, 7.0, 0, 0, 255
L -464.0, -255.0, 7.0, -480.0, -239.0, 7.0, 0, 0, 255
L -480.0, -239.0, 7.0, -514.0, -220.0, 7.0, 0, 0, 255
L -514.0, -220.0, 7.0, -546.0, -208.0, 7.0, 0, 0, 255
L -546.0, -208.0, 7.0, -562.0, -209.0, 7.0, 0, 0, 255
L -562.0, -209.0, 7.0, -591.0, -204.0, 7.0, 0, 0, 255
L -591.0, -204.0, 7.0, -616.0, -212.0, 7.0, 0, 0, 255
L -616.0, -212.0, 7.0, -642.0, -199.0, 7.0, 0, 0, 255
L -642.0, -199.0, 7.0, -664.0, -171.0, 7.0, 0, 0, 255
L -664.0, -171.0, 7.0, -678.0, -157.0, 7.0, 0, 0, 255
L -678.0, -157.0, 7.0, -721.0, -145.0, 7.0, 0, 0, 255
L -721.0, -145.0, 7.0, -741.0, -145.0, 7.0, 0, 0, 255
L -741.0, -145.0, 7.0, -778.0, -169.0, 7.0, 0, 0, 255
L -778.0, -169.0, 7.0, -795.0, -187.0, 7.0, 0, 0, 255
L -795.0, -187.0, 7.0, -836.0, -246.0, 7.0, 0, 0, 255
L -836.0, -246.0, 7.0, -835.0, -273.0, 7.0, 0, 0, 255
L -835.0, -273.0, 7.0, -856.0, -304.0, 7.0, 0, 0, 255
L -856.0, -304.0, 7.0, -878.0, -322.0, 7.0, 0, 0, 255
L -878.0, -322.0, 7.0, -897.0, -322.0, 7.0, 0, 0, 255
L -897.0, -322.0, 7.0, -930.0, -289.0, 7.0, 0, 0, 255
L -930.0, -289.0, 7.0, -965.0, -271.0, 7.0, 0, 0, 255
L -965.0, -271.0, 7.0, -994.0, -276.0, 7.0, 0, 0, 255
L -994.0, -276.0, 7.0, -1023.0, -258.0, 7.0, 0, 0, 255
L -1023.0, -258.0, 7.0, -1049.0, -258.0, 6.0, 0, 0, 255
L -1049.0, -258.0, 6.0, -1096.0, -232.0, 7.0, 0, 0, 255
L -1096.0, -232.0, 7.0, -1140.0, -223.0, 7.0, 0, 0, 255
L -1140.0, -223.0, 7.0, -1157.0, -224.0, 7.0, 0, 0, 255
L -1156.0, -276.0, 7.0, -1141.0, -276.0, 7.0, 0, 0, 255
L -1141.0, -276.0, 7.0, -1092.0, -285.0, 7.0, 0, 0, 255
L -1092.0, -285.0, 7.0, -1050.0, -309.0, 7.0, 0, 0, 255
L -1050.0, -309.0, 7.0, -1025.0, -309.0, 7.0, 0, 0, 255
L -1025.0, -309.0, 7.0, -994.0, -329.0, 7.0, 0, 0, 255
L -994.0, -329.0, 7.0, -965.0, -322.0, 7.0, 0, 0, 255
L -965.0, -322.0, 7.0, -930.0, -343.0, 7.0, 0, 0, 255
L -930.0, -343.0, 7.0, -898.0, -374.0, 7.0, 0, 0, 255
L -898.0, -374.0, 7.0, -880.0, -375.0, 7.0, 0, 0, 255
L -880.0, -375.0, 7.0, -840.0, -349.0, 7.0, 0, 0, 255
L -840.0, -349.0, 7.0, -824.0, -334.0, 7.0, 0, 0, 255
L -824.0, -334.0, 7.0, -784.0, -275.0, 7.0, 0, 0, 255
L -784.0, -275.0, 7.0, -783.0, -247.0, 7.0, 0, 0, 255
L -783.0, -247.0, 7.0, -763.0, -216.0, 7.0, 0, 0, 255
L -763.0, -216.0, 7.0, -737.0, -196.0, 7.0, 0, 0, 255
L -737.0, -196.0, 7.0, -720.0, -196.0, 7.0, 0, 0, 255
L -720.0, -196.0, 7.0, -693.0, -203.0, 7.0, 0, 0, 255
L -693.0, -203.0, 7.0, -672.0, -227.0, 7.0, 0, 0, 255
L -672.0, -227.0, 7.0, -657.0, -240.0, 7.0, 0, 0, 255
L -657.0, -240.0, 7.0, -620.0, -264.0, 7.0, 0, 0, 255
L -620.0, -264.0, 7.0, -589.0, -256.0, 7.0, 0, 0, 255
L -589.0, -256.0, 7.0, -560.0, -260.0, 7.0, 0, 0, 255
L -560.0, -260.0, 7.0, -542.0, -261.0, 7.0, 0, 0, 255
L -542.0, -261.0, 7.0, -518.0, -270.0, 7.0, 0, 0, 255
L -518.0, -270.0, 7.0, -496.0, -286.0, 7.0, 0, 0, 255
L -496.0, -286.0, 7.0, -455.0, -345.0, 7.0, 0, 0, 255
L -455.0, -345.0, 7.0, -440.0, -360.0, 7.0, 0, 0, 255
L -440.0, -360.0, 7.0, -391.0, -395.0, 7.0, 0, 0, 255
L -391.0, -395.0, 7.0, -376.0, -409.0, 7.0, 0, 0, 255
L -376.0, -409.0, 7.0, -341.0, -416.0, 7.0, 0, 0, 255
L -341.0, -416.0, 7.0, -312.0, -431.0, 7.0, 0, 0, 255
L -312.0, -431.0, 7.0, -305.0, -431.0, 7.0, 0, 0, 255
L -276.0, -430.0, 7.0, -269.0, -429.0, 7.0, 0, 0, 255
L -269.0, -429.0, 7.0, -265.0, -427.0, 7.0, 0, 0, 255
L -265.0, -427.0, 7.0, -236.0, -417.0, 7.0, 0, 0, 255
L -236.0, -417.0, 7.0, -189.0, -436.0, 7.0, 0, 0, 255
L -189.0, -436.0, 7.0, -162.0, -458.0, 6.0, 0, 0, 255
L -162.0, -458.0, 6.0, -135.0, -459.0, 7.0, 0, 0, 255
L -135.0, -459.0, 7.0, -105.0, -440.0, 7.0, 0, 0, 255
L -105.0, -440.0, 7.0, -75.0, -433.0, 7.0, 0, 0, 255
L -75.0, -433.0, 7.0, -48.0, -455.0, 7.0, 0, 0, 255
L -48.0, -455.0, 7.0, -47.0, -492.0, 7.0, 0, 0, 255
L -47.0, -492.0, 7.0, -33.0, -514.0, 7.0, 0, 0, 255
L -33.0, -514.0, 7.0, -51.0, -558.0, 7.0, 0, 0, 255
L -51.0, -558.0, 7.0, -75.0, -590.0, 7.0, 0, 0, 255
L -75.0, -590.0, 7.0, -75.0, -615.0, 7.0, 0, 0, 255
L -75.0, -615.0, 7.0, -55.0, -645.0, 7.0, 0, 0, 255
L -55.0, -645.0, 7.0, -50.0, -676.0, 7.0, 0, 0, 255
L -50.0, -676.0, 7.0, -68.0, -708.0, 7.0, 0, 0, 255
L -68.0, -708.0, 7.0, -101.0, -740.0, 7.0, 0, 0, 255
L -101.0, -740.0, 7.0, -101.0, -758.0, 7.0, 0, 0, 255
L -101.0, -758.0, 7.0, -74.0, -801.0, 7.0, 0, 0, 255
L -74.0, -801.0, 7.0, -61.0, -815.0, 7.0, 0, 0, 255
L -61.0, -815.0, 7.0, 0.0, -856.0, 7.0, 0, 0, 255
L 0.0, -856.0, 7.0, 25.0, -856.0, 7.0, 0, 0, 255
L 25.0, -856.0, 7.0, 56.0, -876.0, 7.0, 0, 0, 255
L 56.0, -876.0, 7.0, 76.0, -900.0, 7.0, 0, 0, 255
L 76.0, -900.0, 7.0, 76.0, -920.0, 7.0, 0, 0, 255
L 76.0, -920.0, 7.0, 56.0, -943.0, 7.0, 0, 0, 255
L 56.0, -943.0, 7.0, 16.0, -982.0, 7.0, 0, 0, 255
L 16.0, -982.0, 7.0, -6.0, -1019.0, 7.0, 0, 0, 255
L -6.0, -1019.0, 7.0, 2.0, -1051.0, 7.0, 0, 0, 255
L 2.0, -1051.0, 7.0, -1.0, -1077.0, 7.0, 0, 0, 255
L -1.0, -1077.0, 7.0, -1.0, -1101.0, 7.0, 0, 0, 255
L -1.0, -1101.0, 7.0, -12.0, -1128.0, 7.0, 0, 0, 255
L -12.0, -1128.0, 7.0, 9.0, -1165.0, 7.0, 0, 0, 255
L 9.0, -1165.0, 7.0, 24.0, -1179.0, 7.0, 0, 0, 255
L 24.0, -1179.0, 7.0, 83.0, -1218.0, 7.0, 0, 0, 255
L 83.0, -1218.0, 7.0, 105.0, -1241.0, 7.0, 0, 0, 255
L 157.0, -1240.0, 7.0, 126.0, -1201.0, 6.0, 0, 0, 255
L 126.0, -1201.0, 6.0, 116.0, -1190.0, 7.0, 0, 0, 255
L 116.0, -1190.0, 7.0, 52.0, -1145.0, 7.0, 0, 0, 255
L 52.0, -1145.0, 7.0, 43.0, -1130.0, 7.0, 0, 0, 255
L 43.0, -1130.0, 7.0, 48.0, -1098.0, 6.0, 0, 0, 255
L 48.0, -1098.0, 6.0, 49.0, -1079.0, 7.0, 0, 0, 255
L 49.0, -1079.0, 7.0, 54.0, -1049.0, 7.0, 0, 0, 255
L 54.0, -1049.0, 7.0, 47.0, -1022.0, 7.0, 0, 0, 255
L 47.0, -1022.0, 7.0, 59.0, -997.0, 7.0, 0, 0, 255
L 59.0, -997.0, 7.0, 84.0, -976.0, 7.0, 0, 0, 255
L 84.0, -976.0, 7.0, 101.0, -960.0, 7.0, 0, 0, 255
L 101.0, -960.0, 7.0, 126.0, -920.0, 7.0, 0, 0, 255
L 126.0, -920.0, 7.0, 128.0, -901.0, 7.0, 0, 0, 255
L 128.0, -901.0, 7.0, 105.0, -863.0, 7.0, 0, 0, 255
L 105.0, -863.0, 7.0, 82.0, -839.0, 7.0, 0, 0, 255
L 82.0, -839.0, 7.0, 27.0, -804.0, 7.0, 0, 0, 255
L 27.0, -804.0, 7.0, 3.0, -802.0, 7.0, 0, 0, 255
L 3.0, -802.0, 7.0, -26.0, -784.0, 7.0, 0, 0, 255
L -26.0, -784.0, 7.0, -48.0, -760.0, 7.0, 0, 0, 255
L -48.0, -760.0, 7.0, -50.0, -742.0, 7.0, 0, 0, 255
L -50.0, -742.0, 7.0, -18.0, -710.0, 7.0, 0, 0, 255
L -18.0, -710.0, 7.0, 1.0, -674.0, 7.0, 0, 0, 255
L 1.0, -674.0, 7.0, -4.0, -644.0, 7.0, 0, 0, 255
L -4.0, -644.0, 7.0, -23.0, -614.0, 7.0, 0, 0, 255
L -23.0, -614.0, 7.0, -20.0, -585.0, 7.0, 0, 0, 255
L -20.0, -585.0, 7.0, 0.0, -562.0, 7.0, 0, 0, 255
L 0.0, -562.0, 7.0, 18.0, -516.0, 7.0, 0, 0, 255
L 18.0, -516.0, 7.0, 12.0, -498.0, 7.0, 0, 0, 255
L 12.0, -498.0, 7.0, 10.0, -488.0, 7.0, 0, 0, 255
L 10.0, -488.0, 7.0, 42.0, -465.0, 7.0, 0, 0, 255
L 42.0, -465.0, 7.0, 69.0, -459.0, 7.0, 0, 0, 255
L 69.0, -459.0, 7.0, 99.0, -436.0, 7.0, 0, 0, 255
L 99.0, -436.0, 7.0, 142.0, -417.0, 7.0, 0, 0, 255
L 142.0, -417.0, 7.0, 174.0, -426.0, 7.0, 0, 0, 255
L 174.0, -426.0, 7.0, 194.0, -426.0, 7.0, 0, 0, 255
L 226.0, -426.0, 7.0, 246.0, -411.0, 7.0, 0, 0, 255
L 246.0, -411.0, 7.0, 285.0, -431.0, 7.0, 0, 0, 255
L 285.0, -431.0, 7.0, 309.0, -431.0, 7.0, 0, 0, 255
L 309.0, -431.0, 7.0, 342.0, -410.0, 7.0, 0, 0, 255
L 342.0, -410.0, 7.0, 359.0, -405.0, 7.0, 0, 0, 255
L 359.0, -405.0, 7.0, 375.0, -389.0, 7.0, 0, 0, 255
L 375.0, -389.0, 7.0, 388.0, -357.0, 7.0, 0, 0, 255
L 388.0, -357.0, 7.0, 401.0, -333.0, 7.0, 0, 0, 255
L 401.0, -333.0, 7.0, 435.0, -335.0, 7.0, 0, 0, 255
L 435.0, -335.0, 7.0, 479.0, -316.0, 7.0, 0, 0, 255
L 479.0, -316.0, 7.0, 508.0, -293.0, 7.0, 0, 0, 255
L 508.0, -293.0, 7.0, 536.0, -293.0, 7.0, 0, 0, 255
L 536.0, -293.0, 7.0, 565.0, -311.0, 7.0, 0, 0, 255
L 565.0, -311.0, 7.0, 595.0, -318.0, 7.0, 0, 0, 255
L 595.0, -318.0, 7.0, 632.0, -296.0, 7.0, 0, 0, 255
L 632.0, -296.0, 7.0, 664.0, -266.0, 7.0, 0, 0, 255
L 664.0, -266.0, 7.0, 682.0, -267.0, 7.0, 0, 0, 255
L 682.0, -267.0, 7.0, 705.0, -286.0, 7.0, 0, 0, 255
L 705.0, -286.0, 7.0, 724.0, -316.0, 7.0, 0, 0, 255
L 724.0, -316.0, 7.0, 725.0, -345.0, 7.0, 0, 0, 255
L 725.0, -345.0, 7.0, 764.0, -402.0, 7.0, 0, 0, 255
L 764.0, -402.0, 7.0, 779.0, -417.0, 7.0, 0, 0, 255
L 779.0, -417.0, 7.0, 821.0, -444.0, 7.0, 0, 0, 255
L 821.0, -444.0, 7.0, 839.0, -444.0, 7.0, 0, 0, 255
L 839.0, -444.0, 7.0, 880.0, -418.0, 7.0, 0, 0, 255
L 880.0, -418.0, 7.0, 897.0, -401.0, 7.0, 0, 0, 255
L 897.0, -401.0, 7.0, 916.0, -374.0, 7.0, 0, 0, 255
L 916.0, -374.0, 7.0, 941.0, -361.0, 7.0, 0, 0, 255
L 941.0, -361.0, 7.0, 968.0, -369.0, 6.0, 0, 0, 255
L 968.0, -369.0, 6.0, 994.0, -365.0, 7.0, 0, 0, 255
L 994.0, -365.0, 7.0, 1015.0, -366.0, 7.0, 0, 0, 255
L 1015.0, -366.0, 7.0, 1040.0, -356.0, 7.0, 0, 0, 255
L 1040.0, -356.0, 7.0, 1063.0, -371.0, 7.0, 0, 0, 255
L 1063.0, -371.0, 7.0, 1105.0, -431.0, 7.0, 0, 0, 255
L 1105.0, -431.0, 7.0, 1129.0, -455.0, 7.0, 0, 0, 255
L 1129.0, -455.0, 7.0, 1156.0, -479.0, 7.0, 0, 0, 255
L 1157.0, -427.0, 7.0, 1132.0, -397.0, 7.0, 0, 0, 255
L 1132.0, -397.0, 7.0, 1092.0, -338.0, 7.0, 0, 0, 255
L 1092.0, -338.0, 7.0, 1075.0, -323.0, 7.0, 0, 0, 255
L 1075.0, -323.0, 7.0, 1043.0, -304.0, 7.0, 0, 0, 255
L 1043.0, -304.0, 7.0, 1015.0, -314.0, 7.0, 0, 0, 255
L 1015.0, -314.0, 7.0, 998.0, -314.0, 7.0, 0, 0, 255
L 998.0, -314.0, 7.0, 966.0, -319.0, 6.0, 0, 0, 255
L 966.0, -319.0, 6.0, 939.0, -309.0, 7.0, 0, 0, 255
L 939.0, -309.0, 7.0, 900.0, -334.0, 7.0, 0, 0, 255
L 900.0, -334.0, 7.0, 862.0, -373.0, 7.0, 0, 0, 255
L 862.0, -373.0, 7.0, 838.0, -392.0, 7.0, 0, 0, 255
L 838.0, -392.0, 7.0, 818.0, -392.0, 7.0, 0, 0, 255
L 818.0, -392.0, 7.0, 794.0, -371.0, 7.0, 0, 0, 255
L 794.0, -371.0, 7.0, 775.0, -340.0, 6.0, 0, 0, 255
L 775.0, -340.0, 6.0, 775.0, -314.0, 7.0, 0, 0, 255
L 775.0, -314.0, 7.0, 734.0, -254.0, 7.0, 0, 0, 255
L 734.0, -254.0, 7.0, 719.0, -238.0, 7.0, 0, 0, 255
L 719.0, -238.0, 7.0, 681.0, -214.0, 7.0, 0, 0, 255
L 681.0, -214.0, 7.0, 658.0, -215.0, 7.0, 0, 0, 255
L 658.0, -215.0, 7.0, 627.0, -248.0, 7.0, 0, 0, 255
L 627.0, -248.0, 7.0, 593.0, -267.0, 6.0, 0, 0, 255
L 593.0, -267.0, 6.0, 563.0, -258.0, 7.0, 0, 0, 255
L 563.0, -258.0, 7.0, 536.0, -239.0, 7.0, 0, 0, 255
L 536.0, -239.0, 7.0, 507.0, -241.0, 7.0, 0, 0, 255
L 507.0, -241.0, 7.0, 481.0, -263.0, 7.0, 0, 0, 255
L 481.0, -263.0, 7.0, 433.0, -283.0, 7.0, 0, 0, 255
L 433.0, -283.0, 7.0, 407.0, -267.0, 7.0, 0, 0, 255
L 407.0, -267.0, 7.0, 396.0, -257.0, 7.0, 0, 0, 255
L 396.0, -257.0, 7.0, 417.0, -209.0, 7.0, 0, 0, 255
L 417.0, -209.0, 7.0, 442.0, -180.0, 7.0, 0, 0, 255
L 442.0, -180.0, 7.0, 439.0, -152.0, 7.0, 0, 0, 255
L 439.0, -152.0, 7.0, 419.0, -121.0, 7.0, 0, 0, 255
L 419.0, -121.0, 7.0, 415.0, -97.0, 7.0, 0, 0, 255
L 415.0, -97.0, 7.0, 437.0, -54.0, 7.0, 0, 0, 255
L 437.0, -54.0, 7.0, 466.0, -15.0, 7.0, 0, 0, 255
L 466.0, 17.0, 7.0, 444.0, 35.0, 7.0, 0, 0, 255
L 444.0, 35.0, 7.0, 439.0, 51.0, 7.0, 0, 0, 255
L 439.0, 51.0, 7.0, 418.0, 76.0, 7.0, 0, 0, 255
L 418.0, 76.0, 7.0, 397.0, 123.0, 7.0, 0, 0, 255
L 397.0, 123.0, 7.0, 404.0, 150.0, 6.0, 0, 0, 255
L 404.0, 150.0, 6.0, 402.0, 180.0, 7.0, 0, 0, 255
L 402.0, 180.0, 7.0, 400.0, 199.0, 6.0, 0, 0, 255
L 400.0, 199.0, 6.0, 392.0, 224.0, 7.0, 0, 0, 255
L 392.0, 224.0, 7.0, 417.0, 256.0, 7.0, 0, 0, 255
L 417.0, 256.0, 7.0, 443.0, 272.0, 7.0, 0, 0, 255
L 443.0, 272.0, 7.0, 481.0, 274.0, 7.0, 0, 0, 255
L 481.0, 274.0, 7.0, 542.0, 313.0, 7.0, 0, 0, 255
L 542.0, 313.0, 7.0, 557.0, 328.0, 7.0, 0, 0, 255
L 557.0, 328.0, 7.0, 581.0, 366.0, 7.0, 0, 0, 255
L 581.0, 366.0, 7.0, 582.0, 389.0, 7.0, 0, 0, 255
L 582.0, 389.0, 7.0, 560.0, 425.0, 7.0, 0, 0, 255
L 560.0, 425.0, 7.0, 558.0, 444.0, 7.0, 0, 0, 255
L 558.0, 444.0, 7.0, 577.0, 469.0, 7.0, 0, 0, 255
L 577.0, 469.0, 7.0, 617.0, 496.0, 7.0, 0, 0, 255
L 617.0, 496.0, 7.0, 632.0, 512.0, 6.0, 0, 0, 255
L 632.0, 512.0, 6.0, 671.0, 569.0, 7.0, 0, 0, 255
L 671.0, 569.0, 7.0, 672.0, 595.0, 6.0, 0, 0, 255
L 672.0, 595.0, 6.0, 693.0, 627.0, 7.0, 0, 0, 255
L 693.0, 627.0, 7.0, 717.0, 647.0, 7.0, 0, 0, 255
L 717.0, 647.0, 7.0, 753.0, 665.0, 7.0, 0, 0, 255
L 753.0, 665.0, 7.0, 766.0, 679.0, 7.0, 0, 0, 255
L 766.0, 679.0, 7.0, 768.0, 699.0, 7.0, 0, 0, 255
L 768.0, 699.0, 7.0, 769.0, 715.0, 7.0, 0, 0, 255
L 769.0, 715.0, 7.0, 786.0, 741.0, 7.0, 0, 0, 255
L 786.0, 741.0, 7.0, 817.0, 762.0, 7.0, 0, 0, 255
L 817.0, 762.0, 7.0, 843.0, 763.0, 7.0, 0, 0, 255
L 843.0, 763.0, 7.0, 911.0, 810.0, 7.0, 0, 0, 255
L 911.0, 810.0, 7.0, 920.0, 818.0, 7.0, 0, 0, 255
L 920.0, 818.0, 7.0, 946.0, 859.0, 6.0, 0, 0, 255
L 946.0, 859.0, 6.0, 947.0, 875.0, 7.0, 0, 0, 255
L 947.0, 875.0, 7.0, 923.0, 917.0, 7.0, 0, 0, 255
L 923.0, 917.0, 7.0, 909.0, 932.0, 7.0, 0, 0, 255
L 909.0, 932.0, 7.0, 885.0, 951.0, 7.0, 0, 0, 255
L 885.0, 951.0, 7.0, 854.0, 992.0, 7.0, 0, 0, 255
L 854.0, 992.0, 7.0, 819.0, 1027.0, 7.0, 0, 0, 255
L 819.0, 1027.0, 7.0, 800.0, 1051.0, 7.0, 0, 0, 255
L 800.0, 1051.0, 7.0, 795.0, 1074.0, 7.0, 0, 0, 255
L 795.0, 1074.0, 7.0, 816.0, 1099.0, 7.0, 0, 0, 255
L 816.0, 1099.0, 7.0, 846.0, 1119.0, 7.0, 0, 0, 255
L 846.0, 1119.0, 7.0, 872.0, 1119.0, 7.0, 0, 0, 255
L 872.0, 1119.0, 7.0, 933.0, 1159.0, 7.0, 0, 0, 255
L 933.0, 1159.0, 7.0, 951.0, 1177.0, 7.0, 0, 0, 255
L 951.0, 1177.0, 7.0, 974.0, 1204.0, 7.0, 0, 0, 255
L 974.0, 1204.0, 7.0, 1004.0, 1227.0, 7.0, 0, 0, 255
L 1002.0, 1284.0, 7.0, 970.0, 1263.0, 7.0, 0, 0, 255
L 970.0, 1263.0, 7.0, 942.0, 1244.0, 7.0, 0, 0, 255
L 942.0, 1244.0, 7.0, 925.0, 1225.0, 7.0, 0, 0, 255
L 925.0, 1225.0, 7.0, 902.0, 1190.0, 7.0, 0, 0, 255
L 902.0, 1190.0, 7.0, 874.0, 1171.0, 7.0, 0, 0, 255
L 874.0, 1171.0, 7.0, 845.0, 1168.0, 5.0, 0, 0, 255
L 845.0, 1168.0, 5.0, 785.0, 1130.0, 7.0, 0, 0, 255
L 785.0, 1130.0, 7.0, 770.0, 1113.0, 6.0, 0, 0, 255
L 770.0, 1113.0, 6.0, 745.0, 1076.0, 7.0, 0, 0, 255
L 745.0, 1076.0, 7.0, 744.0, 1055.0, 7.0, 0, 0, 255
L 744.0, 1055.0, 7.0, 770.0, 1015.0, 6.0, 0, 0, 255
L 770.0, 1015.0, 6.0, 789.0, 997.0, 7.0, 0, 0, 255
L 789.0, 997.0, 7.0, 812.0, 977.0, 7.0, 0, 0, 255
L 812.0, 977.0, 7.0, 837.0, 940.0, 7.0, 0, 0, 255
L 837.0, 940.0, 7.0, 874.0, 905.0, 7.0, 0, 0, 255
L 874.0, 905.0, 7.0, 896.0, 878.0, 6.0, 0, 0, 255
L 896.0, 878.0, 6.0, 895.0, 861.0, 7.0, 0, 0, 255
L 895.0, 861.0, 7.0, 875.0, 835.0, 7.0, 0, 0, 255
L 875.0, 835.0, 7.0, 845.0, 816.0, 7.0, 0, 0, 255
L 845.0, 816.0, 7.0, 818.0, 815.0, 7.0, 0, 0, 255
L 818.0, 815.0, 7.0, 758.0, 774.0, 7.0, 0, 0, 255
L 758.0, 774.0, 7.0, 741.0, 758.0, 7.0, 0, 0, 255
L 741.0, 758.0, 7.0, 718.0, 720.0, 7.0, 0, 0, 255
L 718.0, 720.0, 7.0, 717.0, 702.0, 7.0, 0, 0, 255
L 717.0, 702.0, 7.0, 677.0, 676.0, 7.0, 0, 0, 255
L 677.0, 676.0, 7.0, 661.0, 658.0, 7.0, 0, 0, 255
L 661.0, 658.0, 7.0, 621.0, 599.0, 7.0, 0, 0, 255
L 621.0, 599.0, 7.0, 621.0, 570.0, 7.0, 0, 0, 255
L 621.0, 570.0, 7.0, 602.0, 543.0, 7.0, 0, 0, 255
L 602.0, 543.0, 7.0, 577.0, 522.0, 7.0, 0, 0, 255
L 577.0, 522.0, 7.0, 546.0, 510.0, 7.0, 0, 0, 255
L 546.0, 510.0, 7.0, 531.0, 495.0, 7.0, 0, 0, 255
L 531.0, 495.0, 7.0, 506.0, 446.0, 7.0, 0, 0, 255
L 506.0, 446.0, 7.0, 506.0, 426.0, 7.0, 0, 0, 255
L 506.0, 426.0, 7.0, 511.0, 412.0, 7.0, 0, 0, 255
L 511.0, 412.0, 7.0, 531.0, 388.0, 7.0, 0, 0, 255
L 531.0, 388.0, 7.0, 532.0, 369.0, 7.0, 0, 0, 255
L 532.0, 369.0, 7.0, 509.0, 342.0, 7.0, 0, 0, 255
L 509.0, 342.0, 7.0, 483.0, 324.0, 7.0, 0, 0, 255
L 483.0, 324.0, 7.0, 449.0, 332.0, 7.0, 0, 0, 255
L 449.0, 332.0, 7.0, 413.0, 323.0, 7.0, 0, 0, 255
L 413.0, 323.0, 7.0, 396.0, 352.0, 7.0, 0, 0, 255
L 396.0, 352.0, 7.0, 386.0, 380.0, 7.0, 0, 0, 255
L 386.0, 380.0, 7.0, 369.0, 396.0, 7.0, 0, 0, 255
L 369.0, 396.0, 7.0, 340.0, 411.0, 7.0, 0, 0, 255
L 340.0, 411.0, 7.0, 311.0, 421.0, 7.0, 0, 0, 255
L 311.0, 421.0, 7.0, 290.0, 421.0, 7.0, 0, 0, 255
L 290.0, 421.0, 7.0, 264.0, 426.0, 7.0, 0, 0, 255
L 264.0, 426.0, 7.0, 236.0, 417.0, 7.0, 0, 0, 255
L 236.0, 417.0, 7.0, 204.0, 431.0, 7.0, 0, 0, 255
L 204.0, 431.0, 7.0, 180.0, 460.0, 7.0, 0, 0, 255
L 180.0, 460.0, 7.0, 168.0, 459.0, 6.0, 0, 0, 255
L 125.0, 459.0, 7.0, 122.0, 457.0, 7.0, 0, 0, 255
L 122.0, 457.0, 7.0, 104.0, 439.0, 7.0, 0, 0, 255
L 104.0, 439.0, 7.0, 74.0, 433.0, 7.0, 0, 0, 255
L 74.0, 433.0, 7.0, 39.0, 454.0, 7.0, 0, 0, 255
L 39.0, 454.0, 7.0, 10.0, 485.0, 7.0, 0, 0, 255
L 10.0, 485.0, 7.0, -9.0, 485.0, 7.0, 0, 0, 255
L -9.0, 485.0, 7.0, -38.0, 466.0, 7.0, 0, 0, 255
L -38.0, 466.0, 7.0, -70.0, 459.0, 7.0, 0, 0, 255
L -70.0, 459.0, 7.0, -96.0, 436.0, 7.0, 0, 0, 255
L -96.0, 436.0, 7.0, -143.0, 416.0, 7.0, 0, 0, 255
L -143.0, 416.0, 7.0, -147.0, 417.0, 7.0, 0, 0, 255
L -147.0, 417.0, 7.0, -172.0, 425.0, 7.0, 0, 0, 255
L -172.0, 425.0, 7.0, -201.0, 421.0, 7.0, 0, 0, 255
L -201.0, 421.0, 7.0, -225.0, 426.0, 7.0, 0, 0, 255
L -225.0, 426.0, 7.0, -239.0, 436.0, 7.0, 0, 0, 255
L -239.0, 436.0, 7.0, -252.0, 461.0, 7.0, 0, 0, 255
L -252.0, 461.0, 7.0, -233.0, 512.0, 7.0, 0, 0, 255
L -233.0, 512.0, 7.0, -209.0, 540.0, 7.0, 0, 0, 255
L -209.0, 540.0, 7.0, -211.0, 564.0, 6.0, 0, 0, 255
L -211.0, 564.0, 6.0, -230.0, 597.0, 7.0, 0, 0, 255
L -230.0, 597.0, 7.0, -236.0, 627.0, 7.0, 0, 0, 255
L -236.0, 627.0, 7.0, -215.0, 662.0, 7.0, 0, 0, 255
L -215.0, 662.0, 7.0, -184.0, 691.0, 7.0, 0, 0, 255
L -184.0, 691.0, 7.0, -184.0, 711.0, 7.0, 0, 0, 255
L -184.0, 711.0, 7.0, -210.0, 751.0, 7.0, 0, 0, 255
L -210.0, 751.0, 7.0, -227.0, 766.0, 7.0, 0, 0, 255
L -227.0, 766.0, 7.0, -286.0, 805.0, 7.0, 0, 0, 255
L -286.0, 805.0, 7.0, -312.0, 807.0, 7.0, 0, 0, 255
L -312.0, 807.0, 7.0, -342.0, 826.0, 7.0, 0, 0, 255
L -342.0, 826.0, 7.0, -361.0, 850.0, 7.0, 0, 0, 255
L -359.0, 850.0, 7.0, -252.0, 863.0, 7.0, 0, 0, 0
L -252.0, 863.0, 7.0, -141.0, 917.0, 7.0, 0, 0, 0
L -141.0, 917.0, 7.0, 0.0, 1062.0, 7.0, 0, 0, 0
L 0.0, 1062.0, 7.0, 81.0, 1229.0, 7.0, 0, 0, 0
L 81.0, 1229.0, 7.0, 95.0, 1310.0, 7.0, 0, 0, 0
L 95.0, 1310.0, 7.0, 76.0, 1369.0, 7.0, 0, 0, 0
L 76.0, 1369.0, 7.0, 95.0, 1439.0, 7.0, 0, 0, 0
L 95.0, 1439.0, 7.0, 144.0, 1502.0, 7.0, 0, 0, 0
L 144.0, 1502.0, 7.0, 182.0, 1512.0, 7.0, 0, 0, 0
L 182.0, 1512.0, 7.0, 222.0, 1490.0, 7.0, 0, 0, 0
L 222.0, 1490.0, 7.0, 323.0, 1475.0, 7.0, 0, 0, 0
L 323.0, 1475.0, 7.0, 383.0, 1430.0, 7.0, 0, 0, 0
L 383.0, 1430.0, 7.0, 421.0, 1468.0, 7.0, 0, 0, 0
L 421.0, 1468.0, 7.0, 420.0, 1326.0, 7.0, 0, 0, 0
L 420.0, 1326.0, 7.0, 520.0, 1327.0, 7.0, 0, 0, 0
L 573.0, 1326.0, 7.0, 672.0, 1328.0, 9.0, 0, 0, 0
L 672.0, 1328.0, 9.0, 672.0, 1562.0, 7.0, 0, 0, 0
L 672.0, 1562.0, 7.0, 725.0, 1584.0, 7.0, 0, 0, 0
L 725.0, 1584.0, 7.0, 776.0, 1559.0, 7.0, 0, 0, 0
L 776.0, 1559.0, 7.0, 927.0, 1504.0, 7.0, 0, 0, 0
L 927.0, 1504.0, 7.0, 967.0, 1463.0, 7.0, 0, 0, 0
L 967.0, 1463.0, 7.0, 1004.0, 1410.0, 7.0, 0, 0, 0
L 1004.0, 1410.0, 7.0, 1023.0, 1344.0, 7.0, 0, 0, 0
L 1023.0, 1344.0, 7.0, 1003.0, 1284.0, 7.0, 0, 0, 0
L 1003.0, 1284.0, 7.0, 1005.0, 1225.0, 7.0, 0, 0, 0
L 1005.0, 1225.0, 7.0, 1018.0, 1201.0, 7.0, 0, 0, 0
L 1018.0, 1201.0, 7.0, 1053.0, 1150.0, 7.0, 0, 0, 0
L 1053.0, 1150.0, 7.0, 1089.0, 1049.0, 7.0, 0, 0, 0
L 1089.0, 1049.0, 7.0, 1159.0, 983.0, 7.0, 0, 0, 0
L 1159.0, 983.0, 7.0, 1193.0, 925.0, 7.0, 0, 0, 0
L 1193.0, 925.0, 7.0, 1208.0, 827.0, 7.0, 0, 0, 0
L 1208.0, 827.0, 7.0, 1237.0, 753.0, 7.0, 0, 0, 0
L 1237.0, 753.0, 7.0, 1298.0, 695.0, 7.0, 0, 0, 0
L 1298.0, 695.0, 7.0, 1294.0, 670.0, 7.0, 0, 0, 0
L 1288.0, 630.0, 7.0, 1284.0, 600.0, 7.0, 0, 0, 0
L 1284.0, 600.0, 7.0, 1249.0, 527.0, 7.0, 0, 0, 0
L 1249.0, 527.0, 7.0, 1294.0, 444.0, 7.0, 0, 0, 0
L 1294.0, 444.0, 7.0, 1318.0, 345.0, 7.0, 0, 0, 0
L 1318.0, 345.0, 7.0, 1283.0, 274.0, 7.0, 0, 0, 0
L 1283.0, 274.0, 7.0, 1329.0, 195.0, 7.0, 0, 0, 0
L 1329.0, 195.0, 7.0, 1354.0, 92.0, 7.0, 0, 0, 0
L 1354.0, 92.0, 7.0, 1359.0, 47.0, 7.0, 0, 0, 0
L 1359.0, 47.0, 7.0, 1323.0, -102.0, 7.0, 0, 0, 0
L 1323.0, -102.0, 7.0, 1238.0, -189.0, 7.0, 0, 0, 0
L 1238.0, -189.0, 7.0, 1209.0, -250.0, 7.0, 0, 0, 0
L 1209.0, -250.0, 7.0, 1197.0, -321.0, 7.0, 0, 0, 0
L 1197.0, -321.0, 7.0, 1157.0, -426.0, 7.0, 0, 0, 0
L 1157.0, -426.0, 7.0, 1155.0, -482.0, 7.0, 0, 0, 0
L 1155.0, -482.0, 7.0, 1129.0, -548.0, 7.0, 0, 0, 0
L 1129.0, -548.0, 7.0, 1113.0, -649.0, 7.0, 0, 0, 0
L 1113.0, -649.0, 7.0, 1068.0, -711.0, 7.0, 0, 0, 0
L 1068.0, -711.0, 7.0, 1087.0, -776.0, 7.0, 0, 0, 0
L 1087.0, -776.0, 7.0, 1057.0, -874.0, 7.0, 0, 0, 0
L 1057.0, -874.0, 7.0, 1024.0, -922.0, 7.0, 0, 0, 0
L 1024.0, -922.0, 7.0, 1008.0, -1007.0, 7.0, 0, 0, 0
L 1008.0, -1007.0, 7.0, 1026.0, -1058.0, 7.0, 0, 0, 0
L 1026.0, -1058.0, 7.0, 1010.0, -1131.0, 7.0, 0, 0, 0
L 1010.0, -1131.0, 7.0, 956.0, -1179.0, 7.0, 0, 0, 0
L 956.0, -1179.0, 7.0, 943.0, -1192.0, 7.0, 0, 0, 0
L 912.0, -1220.0, 7.0, 897.0, -1233.0, 7.0, 0, 0, 0
L 897.0, -1233.0, 7.0, 780.0, -1282.0, 7.0, 0, 0, 0
L 780.0, -1282.0, 7.0, 732.0, -1306.0, 7.0, 0, 0, 0
L 732.0, -1306.0, 7.0, 662.0, -1278.0, 7.0, 0, 0, 0
L 662.0, -1278.0, 7.0, 583.0, -1266.0, 7.0, 0, 0, 0
L 583.0, -1266.0, 7.0, 521.0, -1232.0, 7.0, 0, 0, 0
L 521.0, -1232.0, 7.0, 449.0, -1216.0, 7.0, 0, 0, 0
L 449.0, -1216.0, 7.0, 392.0, -1154.0, 7.0, 0, 0, 0
L 392.0, -1154.0, 7.0, 327.0, -1197.0, 7.0, 0, 0, 0
L 327.0, -1197.0, 7.0, 230.0, -1212.0, 7.0, 0, 0, 0
L 230.0, -1212.0, 7.0, 159.0, -1240.0, 7.0, 0, 0, 0
L 159.0, -1240.0, 7.0, 106.0, -1241.0, 7.0, 0, 0, 0
L 106.0, -1241.0, 7.0, 29.0, -1257.0, 7.0, 0, 0, 0
L 29.0, -1257.0, 7.0, -58.0, -1236.0, 7.0, 0, 0, 0
L -58.0, -1236.0, 7.0, -124.0, -1209.0, 7.0, 0, 0, 0
L -124.0, -1209.0, 7.0, -221.0, -1194.0, 7.0, 0, 0, 0
L -221.0, -1194.0, 7.0, -283.0, -1156.0, 7.0, 0, 0, 0
L -283.0, -1156.0, 7.0, -323.0, -1169.0, 7.0, 0, 0, 0
L -323.0, -1169.0, 7.0, -388.0, -1182.0, 7.0, 0, 0, 0
L -388.0, -1182.0, 7.0, -458.0, -1219.0, 7.0, 0, 0, 0
L -458.0, -1219.0, 7.0, -528.0, -1228.0, 7.0, 0, 0, 0
L -528.0, -1228.0, 7.0, -597.0, -1258.0, 7.0, 0, 0, 0
L -597.0, -1258.0, 7.0, -648.0, -1234.0, 7.0, 0, 0, 0
L -648.0, -1234.0, 7.0, -676.0, -1223.0, 7.0, 0, 0, 0
L -740.0, -1196.0, 7.0, -773.0, -1183.0, 7.0, 0, 0, 0
L -773.0, -1183.0, 7.0, -837.0, -1130.0, 7.0, 0, 0, 0
L -837.0, -1130.0, 7.0, -877.0, -1086.0, 7.0, 0, 0, 0
L -877.0, -1086.0, 7.0, -897.0, -1017.0, 7.0, 0, 0, 0
L -897.0, -1017.0, 7.0, -877.0, -959.0, 7.0, 0, 0, 0
L -877.0, -959.0, 7.0, -892.0, -875.0, 7.0, 0, 0, 0
L -892.0, -875.0, 7.0, -906.0, -855.0, 7.0, 0, 0, 0
L -937.0, -795.0, 7.0, -956.0, -733.0, 7.0, 0, 0, 0
L -956.0, -733.0, 7.0, -942.0, -675.0, 7.0, 0, 0, 0
L -961.0, -628.0, 7.0, -983.0, -599.0, 7.0, 0, 0, 0
L -983.0, -599.0, 7.0, -993.0, -514.0, 7.0, 0, 0, 0
L -993.0, -514.0, 7.0, -1041.0, -449.0, 7.0, 0, 0, 0
L -1041.0, -449.0, 7.0, -1128.0, -360.0, 7.0, 0, 0, 0
L -1128.0, -360.0, 7.0, -1156.0, -277.0, 7.0, 0, 0, 0
L -1156.0, -277.0, 7.0, -1158.0, -165.0, 7.0, 0, 0, 0
L -1158.0, -165.0, 7.0, -1134.0, -66.0, 7.0, 0, 0, 0
L -1134.0, -66.0, 7.0, -1088.0, 19.0, 7.0, 0, 0, 0
L -1088.0, 19.0, 7.0, -1102.0, 100.0, 7.0, 0, 0, 0
L -1102.0, 100.0, 7.0, -1137.0, 150.0, 7.0, 0, 0, 0
L -1137.0, 150.0, 7.0, -1167.0, 244.0, 7.0, 0, 0, 0
L -1167.0, 244.0, 7.0, -1150.0, 319.0, 7.0, 0, 0, 0
L -1150.0, 319.0, 7.0, -1192.0, 374.0, 7.0, 0, 0, 0
L -1192.0, 374.0, 7.0, -1207.0, 472.0, 7.0, 0, 0, 0
L -1207.0, 472.0, 7.0, -1286.0, 545.0, 7.0, 0, 0, 0
L -1286.0, 545.0, 7.0, -1307.0, 598.0, 7.0, 0, 0, 0
L -1307.0, 598.0, 7.0, -1298.0, 649.0, 7.0, 0, 0, 0
L -1298.0, 649.0, 7.0, -1243.0, 700.0, 7.0, 0, 0, 0
L -925.0, 793.0, 7.0, -872.0, 785.0, 7.0, 0, 0, 0
L -872.0, 785.0, 7.0, -807.0, 750.0, 7.0, 0, 0, 0
L -807.0, 750.0, 7.0, -736.0, 735.0, 7.0, 0, 0, 0
L -736.0, 735.0, 7.0, -706.0, 721.0, 7.0, 0, 0, 0
L -706.0, 721.0, 7.0, -643.0, 761.0, 7.0, 0, 0, 0
L -643.0, 761.0, 7.0, -546.0, 776.0, 7.0, 0, 0, 0
L -546.0, 776.0, 7.0, -475.0, 804.0, 7.0, 0, 0, 0
L -475.0, 804.0, 7.0, -412.0, 849.0, 6.0, 0, 0, 0
L -412.0, 849.0, 6.0, -362.0, 849.0, 7.0, 0, 0, 0
L -362.0, 849.0, 7.0, -354.0, 850.0, 7.0, 0, 0, 0
L -136.0, 905.0, 14.0, 86.0, 904.0, 13.0, 0, 0, 0
L 86.0, 904.0, 13.0, 85.0, 683.0, 13.0, 0, 0, 0
L 85.0, 683.0, 13.0, -136.0, 684.0, 13.0, 0, 0, 0
L -136.0, 684.0, 13.0, -136.0, 905.0, 13.0, 0, 0, 0
L 133.0, 1108.0, 13.0, 135.0, 1311.0, 13.0, 0, 0, 0
L 135.0, 1311.0, 13.0, 336.0, 1310.0, 13.0, 0, 0, 0
L 336.0, 1310.0, 13.0, 335.0, 1108.0, 13.0, 0, 0, 0
L 335.0, 1108.0, 13.0, 133.0, 1111.0, 13.0, 0, 0, 0
L 390.0, 846.0, 13.0, 611.0, 845.0, 13.0, 0, 0, 0
L 611.0, 845.0, 13.0, 609.0, 623.0, 13.0, 0, 0, 0
L 609.0, 623.0, 13.0, 389.0, 623.0, 13.0, 0, 0, 0
L 389.0, 623.0, 13.0, 388.0, 845.0, 13.0, 0, 0, 0
L 438.0, 1344.0, 28.0, 438.0, 1486.0, 28.0, 0, 204, 0
L 438.0, 1486.0, 28.0, 455.0, 1496.0, 28.0, 0, 204, 0
L 455.0, 1496.0, 28.0, 457.0, 1361.0, 28.0, 0, 204, 0
L 457.0, 1361.0, 28.0, 528.0, 1362.0, 28.0, 0, 204, 0
L 528.0, 1362.0, 28.0, 528.0, 1397.0, 28.0, 0, 204, 0
L 520.0, 1389.0, 7.0, 483.0, 1389.0, 7.0, 0, 0, 0
L 483.0, 1389.0, 7.0, 483.0, 1502.0, 7.0, 0, 0, 0
L 483.0, 1502.0, 7.0, 517.0, 1509.0, 7.0, 0, 0, 0
L 517.0, 1509.0, 7.0, 530.0, 1517.0, 7.0, 0, 0, 0
L 530.0, 1517.0, 7.0, 532.0, 1520.0, 7.0, 0, 0, 0
L 532.0, 1520.0, 7.0, 532.0, 1591.0, 15.0, 0, 0, 0
L 532.0, 1591.0, 15.0, 531.0, 1825.0, 15.0, 0, 0, 0
L 531.0, 1825.0, 15.0, 485.0, 1823.0, 15.0, 0, 0, 0
L 485.0, 1823.0, 15.0, 485.0, 1977.0, 15.0, 0, 0, 0
L 485.0, 1977.0, 15.0, 612.0, 1977.0, 15.0, 0, 0, 0
L 612.0, 1977.0, 15.0, 612.0, 1823.0, 15.0, 0, 0, 0
L 612.0, 1823.0, 15.0, 565.0, 1822.0, 15.0, 0, 0, 0
L 565.0, 1822.0, 15.0, 565.0, 1595.0, 15.0, 0, 0, 0
L 565.0, 1595.0, 15.0, 565.0, 1539.0, 7.0, 0, 0, 0
L 565.0, 1539.0, 7.0, 580.0, 1544.0, 7.0, 0, 0, 0
L 580.0, 1544.0, 7.0, 610.0, 1548.0, 7.0, 0, 0, 0
L 610.0, 1548.0, 7.0, 610.0, 1389.0, 7.0, 0, 0, 0
L 610.0, 1389.0, 7.0, 573.0, 1389.0, 7.0, 0, 0, 0
L 566.0, 1361.0, 28.0, 638.0, 1362.0, 28.0, 0, 204, 0
L 638.0, 1362.0, 28.0, 638.0, 1552.0, 28.0, 0, 204, 0
L 638.0, 1552.0, 28.0, 655.0, 1555.0, 28.0, 0, 204, 0
L 655.0, 1555.0, 28.0, 655.0, 1344.0, 28.0, 0, 204, 0
L 1294.0, 667.0, 7.0, 1354.0, 665.0, 10.0, 0, 0, 0
L 1354.0, 665.0, 10.0, 1610.0, 664.0, 11.0, 0, 0, 0
L 1610.0, 664.0, 11.0, 1610.0, 716.0, 10.0, 0, 0, 0
L 1610.0, 716.0, 10.0, 1762.0, 716.0, 10.0, 0, 0, 0
L 1762.0, 716.0, 10.0, 1762.0, 563.0, 10.0, 0, 0, 0
L 1762.0, 563.0, 10.0, 1610.0, 563.0, 10.0, 0, 0, 0
L 1610.0, 563.0, 10.0, 1610.0, 627.0, 11.0, 0, 0, 0
L 1610.0, 627.0, 11.0, 1591.0, 628.0, 11.0, 0, 0, 0
L 1591.0, 628.0, 11.0, 1291.0, 632.0, 7.0, 0, 0, 0
L 943.0, -1197.0, 7.0, 1021.0, -1280.0, 21.0, 0, 0, 0
L 1021.0, -1280.0, 21.0, 1147.0, -1415.0, 21.0, 0, 0, 0
L 1147.0, -1415.0, 21.0, 1194.0, -1371.0, 21.0, 0, 0, 0
L 1194.0, -1371.0, 21.0, 1319.0, -1505.0, 21.0, 0, 0, 0
L 1319.0, -1505.0, 21.0, 1194.0, -1621.0, 21.0, 0, 0, 0
L 1194.0, -1621.0, 21.0, 1069.0, -1488.0, 21.0, 0, 0, 0
L 1069.0, -1488.0, 21.0, 1121.0, -1439.0, 21.0, 0, 0, 0
L 1121.0, -1439.0, 21.0, 991.0, -1299.0, 21.0, 0, 0, 0
L 991.0, -1299.0, 21.0, 918.0, -1221.0, 7.0, 0, 0, 0
L -683.0, -1225.0, 7.0, -682.0, -1263.0, 9.0, 0, 0, 0
L -682.0, -1263.0, 9.0, -682.0, -1349.0, 18.0, 0, 0, 0
L -682.0, -1349.0, 18.0, -682.0, -1579.0, 18.0, 0, 0, 0
L -682.0, -1579.0, 18.0, -630.0, -1580.0, 18.0, 0, 0, 0
L -630.0, -1580.0, 18.0, -630.0, -1800.0, 18.0, 0, 0, 0
L -630.0, -1800.0, 18.0, -795.0, -1800.0, 18.0, 0, 0, 0
L -795.0, -1800.0, 18.0, -795.0, -1580.0, 18.0, 0, 0, 0
L -795.0, -1580.0, 18.0, -737.0, -1579.0, 18.0, 0, 0, 0
L -737.0, -1579.0, 18.0, -737.0, -1349.0, 18.0, 0, 0, 0
L -737.0, -1349.0, 18.0, -737.0, -1200.0, 7.0, 0, 0, 0
L -1243.0, 700.0, 7.0, -1216.0, 657.0, 7.0, 0, 0, 0
L -1216.0, 657.0, 7.0, -1207.0, 647.0, 7.0, 0, 0, 0
L -1207.0, 647.0, 7.0, -1149.0, 592.0, 7.0, 0, 0, 0
L -1149.0, 592.0, 7.0, -1144.0, 597.0, 7.0, 0, 0, 0
L -1144.0, 597.0, 7.0, -1203.0, 653.0, 7.0, 0, 0, 0
L -1203.0, 653.0, 7.0, -1209.0, 661.0, 7.0, 0, 0, 0
L -1209.0, 661.0, 7.0, -1238.0, 705.0, 7.0, 0, 0, 0
L -1238.0, 705.0, 7.0, -1187.0, 751.0, 7.0, 0, 0, 0
L -1187.0, 751.0, 7.0, -1137.0, 772.0, 7.0, 0, 0, 0
L -1137.0, 772.0, 7.0, -1154.0, 809.0, 10.0, 0, 0, 0
L -1154.0, 809.0, 10.0, -1163.0, 832.0, 12.0, 0, 0, 0
L -1163.0, 832.0, 12.0, -1259.0, 1057.0, 12.0, 0, 0, 0
L -1259.0, 1057.0, 12.0, -1316.0, 1033.0, 12.0, 0, 0, 0
L -1316.0, 1033.0, 12.0, -1385.0, 1195.0, 12.0, 0, 0, 0
L -1385.0, 1195.0, 12.0, -1239.0, 1257.0, 12.0, 0, 0, 0
L -1239.0, 1257.0, 12.0, -1170.0, 1095.0, 12.0, 0, 0, 0
L -1170.0, 1095.0, 12.0, -1227.0, 1070.0, 12.0, 0, 0, 0
L -1227.0, 1070.0, 12.0, -1132.0, 847.0, 12.0, 0, 0, 0
L -1132.0, 847.0, 12.0, -1103.0, 785.0, 7.0, 0, 0, 0
L -1103.0, 785.0, 7.0, -1067.0, 801.0, 7.0, 0, 0, 0
L -1067.0, 801.0, 7.0, -1017.0, 826.0, 7.0, 0, 0, 0
L -1017.0, 826.0, 7.0, -950.0, 797.0, 7.0, 0, 0, 0
L -950.0, 797.0, 7.0, -932.0, 794.0, 7.0, 0, 0, 0
L -932.0, 794.0, 7.0, -932.0, 740.0, 7.0, 0, 0, 0
L -932.0, 740.0, 7.0, -936.0, 730.0, 7.0, 0, 0, 0
L -936.0, 730.0, 7.0, -981.0, 661.0, 7.0, 0, 0, 0
L -981.0, 661.0, 7.0, -987.0, 653.0, 7.0, 0, 0, 0
L -987.0, 653.0, 7.0, -1046.0, 597.0, 7.0, 0, 0, 0
L -1046.0, 597.0, 7.0, -1041.0, 592.0, 7.0, 0, 0, 0
L -1041.0, 592.0, 7.0, -983.0, 647.0, 7.0, 0, 0, 0
L -983.0, 647.0, 7.0, -974.0, 657.0, 7.0, 0, 0, 0
L -974.0, 657.0, 7.0, -931.0, 725.0, 7.0, 0, 0, 0
L -931.0, 725.0, 7.0, -925.0, 740.0, 7.0, 0, 0, 0
L -925.0, 740.0, 7.0, -925.0, 793.0, 7.0, 0, 0, 0
L -572.0, 577.0, 7.0, -553.0, 576.0, 7.0, 0, 0, 0
L -553.0, 576.0, 7.0, -552.0, 574.0, 7.0, 0, 0, 0
L -552.0, 574.0, 7.0, -537.0, 553.0, 7.0, 0, 0, 0
L -537.0, 553.0, 7.0, -512.0, 545.0, 7.0, 0, 0, 0
L -512.0, 545.0, 7.0, -486.0, 554.0, 7.0, 0, 0, 0
L -486.0, 554.0, 7.0, -470.0, 577.0, 7.0, 0, 0, 0
L -470.0, 577.0, 7.0, -470.0, 603.0, 7.0, 0, 0, 0
L -470.0, 603.0, 7.0, -486.0, 624.0, 7.0, 0, 0, 0
L -486.0, 624.0, 7.0, -511.0, 632.0, 7.0, 0, 0, 0
L -511.0, 632.0, 7.0, -535.0, 624.0, 7.0, 0, 0, 0
L -535.0, 624.0, 7.0, -552.0, 603.0, 7.0, 0, 0, 0
L -552.0, 603.0, 7.0, -553.0, 601.0, 7.0, 0, 0, 0
L -553.0, 601.0, 7.0, -572.0, 601.0, 7.0, 0, 0, 0
L -572.0, 601.0, 7.0, -572.0, 577.0, 7.0, 0, 0, 0
L -615.0, 632.0, 7.0, -614.0, 651.0, 7.0, 0, 0, 0
L -614.0, 651.0, 7.0, -613.0, 651.0, 7.0, 0, 0, 0
L -613.0, 651.0, 7.0, -590.0, 670.0, 7.0, 0, 0, 0
L -590.0, 670.0, 7.0, -583.0, 693.0, 7.0, 0, 0, 0
L -583.0, 693.0, 7.0, -592.0, 719.0, 7.0, 0, 0, 0
L -592.0, 719.0, 7.0, -614.0, 734.0, 7.0, 0, 0, 0
L -614.0, 734.0, 7.0, -640.0, 734.0, 7.0, 0, 0, 0
L -640.0, 734.0, 7.0, -662.0, 717.0, 7.0, 0, 0, 0
L -662.0, 717.0, 7.0, -670.0, 693.0, 7.0, 0, 0, 0
L -670.0, 693.0, 7.0, -661.0, 667.0, 7.0, 0, 0, 0
L -661.0, 667.0, 7.0, -641.0, 653.0, 7.0, 0, 0, 0
L -641.0, 653.0, 7.0, -639.0, 651.0, 7.0, 0, 0, 0
L -639.0, 651.0, 7.0, -639.0, 633.0, 7.0, 0, 0, 0
L -639.0, 633.0, 7.0, -614.0, 632.0, 7.0, 0, 0, 0
L -692.0, 603.0, 7.0, -711.0, 603.0, 7.0, 0, 0, 0
L -711.0, 603.0, 7.0, -711.0, 604.0, 7.0, 0, 0, 0
L -711.0, 604.0, 7.0, -728.0, 627.0, 7.0, 0, 0, 0
L -728.0, 627.0, 7.0, -754.0, 634.0, 7.0, 0, 0, 0
L -754.0, 634.0, 7.0, -778.0, 626.0, 7.0, 0, 0, 0
L -778.0, 626.0, 7.0, -794.0, 604.0, 7.0, 0, 0, 0
L -794.0, 604.0, 7.0, -794.0, 579.0, 7.0, 0, 0, 0
L -794.0, 579.0, 7.0, -778.0, 556.0, 7.0, 0, 0, 0
L -778.0, 556.0, 7.0, -753.0, 548.0, 7.0, 0, 0, 0
L -753.0, 548.0, 7.0, -727.0, 556.0, 7.0, 0, 0, 0
L -727.0, 556.0, 7.0, -711.0, 578.0, 7.0, 0, 0, 0
L -711.0, 578.0, 7.0, -711.0, 579.0, 7.0, 0, 0, 0
L -711.0, 579.0, 7.0, -691.0, 580.0, 7.0, 0, 0, 0
L -691.0, 580.0, 7.0, -692.0, 603.0, 7.0, 0, 0, 0
L -1040.0, 245.0, 8.0, -1049.0, 246.0, 8.0, 0, 0, 0
L -1049.0, 246.0, 8.0, -1049.0, 253.0, 8.0, 0, 0, 0
L -1049.0, 253.0, 8.0, -1065.0, 275.0, 8.0, 0, 0, 0
L -1065.0, 275.0, 8.0, -1094.0, 284.0, 8.0, 0, 0, 0
L -1094.0, 284.0, 8.0, -1121.0, 275.0, 8.0, 0, 0, 0
L -1121.0, 275.0, 8.0, -1137.0, 253.0, 8.0, 0, 0, 0
L -1137.0, 253.0, 8.0, -1136.0, 223.0, 8.0, 0, 0, 0
L -1136.0, 223.0, 8.0, -1121.0, 202.0, 8.0, 0, 0, 0
L -1121.0, 202.0, 8.0, -1094.0, 192.0, 8.0, 0, 0, 0
L -1094.0, 192.0, 8.0, -1067.0, 200.0, 8.0, 0, 0, 0
L -1067.0, 200.0, 8.0, -1049.0, 223.0, 8.0, 0, 0, 0
L -1049.0, 223.0, 8.0, -1049.0, 232.0, 8.0, 0, 0, 0
L -1049.0, 232.0, 8.0, -1040.0, 233.0, 8.0, 0, 0, 0
L -1040.0, 233.0, 8.0, -1040.0, 245.0, 8.0, 0, 0, 0
L -301.0, -449.0, 7.0, -302.0, -350.0, 7.0, 139, 69, 19
L -280.0, -351.0, 7.0, -280.0, -449.0, 7.0, 139, 69, 19
L 197.0, -350.0, 7.0, 196.0, -439.0, 7.0, 139, 69, 19
L 224.0, -439.0, 7.0, 223.0, -350.0, 7.0, 139, 69, 19
L 394.0, -14.0, 7.0, 487.0, -13.0, 7.0, 139, 69, 19
L 487.0, 13.0, 7.0, 394.0, 13.0, 7.0, 139, 69, 19
L 165.0, 379.0, 7.0, 165.0, 490.0, 7.0, 139, 69, 19
L 138.0, 489.0, 7.0, 138.0, 379.0, 7.0, 139, 69, 19
L -370.0, 183.0, 8.0, -462.0, 183.0, 7.0, 139, 69, 19
L -461.0, 152.0, 7.0, -368.0, 152.0, 7.0, 139, 69, 19
L 305.0, -603.0, 7.0, 305.0, -593.0, 7.0, 0, 0, 0
L 305.0, -593.0, 7.0, 398.0, -593.0, 7.0, 0, 0, 0
L 398.0, -593.0, 7.0, 399.0, -666.0, 7.0, 0, 0, 0
L 399.0, -666.0, 7.0, 305.0, -666.0, 7.0, 0, 0, 0
L 305.0, -666.0, 7.0, 306.0, -656.0, 7.0, 0, 0, 0
L 306.0, -656.0, 7.0, 389.0, -656.0, 17.0, 0, 0, 0
L 389.0, -656.0, 17.0, 389.0, -603.0, 18.0, 0, 0, 0
L 389.0, -603.0, 18.0, 305.0, -603.0, 7.0, 0, 0, 0
L 589.0, -662.0, 7.0, 618.0, -635.0, 7.0, 0, 0, 0
L 618.0, -635.0, 7.0, 643.0, -634.0, 7.0, 0, 0, 0
L 643.0, -634.0, 7.0, 671.0, -662.0, 8.0, 0, 0, 0
L 671.0, -662.0, 8.0, 671.0, -688.0, 7.0, 0, 0, 0
L 671.0, -688.0, 7.0, 646.0, -712.0, 7.0, 0, 0, 0
L 646.0, -712.0, 7.0, 621.0, -714.0, 8.0, 0, 0, 0
L 621.0, -714.0, 8.0, 592.0, -689.0, 7.0, 0, 0, 0
L 853.0, -855.0, 7.0, 854.0, -845.0, 7.0, 0, 0, 0
L 854.0, -845.0, 7.0, 947.0, -845.0, 7.0, 0, 0, 0
L 947.0, -845.0, 7.0, 946.0, -919.0, 7.0, 0, 0, 0
L 946.0, -919.0, 7.0, 854.0, -919.0, 7.0, 0, 0, 0
L 854.0, -919.0, 7.0, 854.0, -908.0, 7.0, 0, 0, 0
L 854.0, -908.0, 7.0, 937.0, -908.0, 18.0, 0, 0, 0
L 937.0, -908.0, 18.0, 936.0, -855.0, 17.0, 0, 0, 0
L 936.0, -855.0, 17.0, 853.0, -856.0, 7.0, 0, 0, 0
L 853.0, -856.0, 7.0, 853.0, -846.0, 7.0, 0, 0, 0
L 580.0, -856.0, -20.0, 439.0, -856.0, -20.0, 0, 0, 255
L 439.0, -856.0, -20.0, 439.0, -908.0, -20.0, 0, 0, 255
L 439.0, -908.0, -20.0, 580.0, -908.0, -20.0, 0, 0, 255
L 580.0, -908.0, -20.0, 580.0, -856.0, -20.0, 0, 0, 255
L 246.0, -926.0, 7.0, 246.0, -1019.0, 7.0, 0, 0, 0
L 246.0, -1019.0, 7.0, 173.0, -1019.0, 7.0, 0, 0, 0
L 173.0, -1019.0, 7.0, 173.0, -926.0, 7.0, 0, 0, 0
L 173.0, -926.0, 7.0, 183.0, -926.0, 7.0, 0, 0, 0
L 183.0, -926.0, 7.0, 183.0, -952.0, 17.0, 0, 0, 0
L 183.0, -952.0, 17.0, 183.0, -1009.0, 17.0, 0, 0, 0
L 183.0, -1009.0, 17.0, 236.0, -1007.0, 17.0, 0, 0, 0
L 236.0, -1007.0, 17.0, 236.0, -926.0, 7.0, 0, 0, 0
L 236.0, -926.0, 7.0, 246.0, -926.0, 7.0, 0, 0, 0
L 770.0, -28.0, 7.0, 729.0, -28.0, 7.0, 0, 0, 0
L 729.0, -28.0, 7.0, 728.0, -38.0, 7.0, 0, 0, 0
L 728.0, -38.0, 7.0, 689.0, -38.0, 7.0, 0, 0, 0
L 689.0, -38.0, 7.0, 688.0, -53.0, 7.0, 0, 0, 0
L 688.0, -53.0, 7.0, 673.0, -54.0, 7.0, 0, 0, 0
L 673.0, -54.0, 7.0, 673.0, -93.0, 7.0, 0, 0, 0
L 673.0, -93.0, 7.0, 664.0, -93.0, 7.0, 0, 0, 0
L 664.0, -93.0, 7.0, 663.0, -135.0, 7.0, 0, 0, 0
L 663.0, -135.0, 7.0, 673.0, -136.0, 7.0, 0, 0, 0
L 673.0, -136.0, 7.0, 673.0, -176.0, 7.0, 0, 0, 0
L 673.0, -176.0, 7.0, 688.0, -176.0, 7.0, 0, 0, 0
L 688.0, -176.0, 7.0, 688.0, -190.0, 7.0, 0, 0, 0
L 688.0, -190.0, 7.0, 728.0, -191.0, 7.0, 0, 0, 0
L 728.0, -191.0, 7.0, 728.0, -200.0, 7.0, 0, 0, 0
L 728.0, -200.0, 7.0, 851.0, -200.0, 7.0, 0, 0, 0
L 851.0, -200.0, 7.0, 851.0, -191.0, 7.0, 0, 0, 0
L 851.0, -191.0, 7.0, 890.0, -191.0, 7.0, 0, 0, 0
L 890.0, -191.0, 7.0, 891.0, -176.0, 7.0, 0, 0, 0
L 891.0, -176.0, 7.0, 905.0, -176.0, 7.0, 0, 0, 0
L 905.0, -176.0, 7.0, 906.0, -136.0, 7.0, 0, 0, 0
L 906.0, -136.0, 7.0, 915.0, -136.0, 7.0, 0, 0, 0
L 915.0, -136.0, 7.0, 915.0, -93.0, 7.0, 0, 0, 0
L 915.0, -93.0, 7.0, 906.0, -93.0, 7.0, 0, 0, 0
L 906.0, -93.0, 7.0, 906.0, -54.0, 7.0, 0, 0, 0
L 906.0, -54.0, 7.0, 891.0, -53.0, 7.0, 0, 0, 0
L 891.0, -53.0, 7.0, 891.0, -39.0, 7.0, 0, 0, 0
L 891.0, -39.0, 7.0, 851.0, -38.0, 7.0, 0, 0, 0
L 851.0, -38.0, 7.0, 851.0, -29.0, 7.0, 0, 0, 0
L 851.0, -29.0, 7.0, 808.0, -29.0, 7.0, 0, 0, 0
L 808.0, -29.0, 7.0, 809.0, -56.0, 7.0, 0, 0, 0
L 809.0, -56.0, 7.0, 888.0, -56.0, 7.0, 0, 0, 0
L 888.0, -56.0, 7.0, 888.0, -173.0, 7.0, 0, 0, 0
L 888.0, -173.0, 7.0, 691.0, -173.0, 7.0, 0, 0, 0
L 691.0, -173.0, 7.0, 691.0, -56.0, 7.0, 0, 0, 0
L 691.0, -56.0, 7.0, 771.0, -55.0, 7.0, 0, 0, 0
L 771.0, -55.0, 7.0, 770.0, -28.0, 7.0, 0, 0, 0
L 761.0, 300.0, 7.0, 761.0, 258.0, 7.0, 0, 0, 0
L 761.0, 258.0, 7.0, 751.0, 258.0, 7.0, 0, 0, 0
L 751.0, 258.0, 7.0, 751.0, 218.0, 7.0, 0, 0, 0
L 751.0, 218.0, 7.0, 736.0, 218.0, 7.0, 0, 0, 0
L 736.0, 218.0, 7.0, 736.0, 203.0, 7.0, 0, 0, 0
L 736.0, 203.0, 7.0, 696.0, 203.0, 7.0, 0, 0, 0
L 696.0, 203.0, 7.0, 695.0, 193.0, 7.0, 0, 0, 0
L 695.0, 193.0, 7.0, 653.0, 195.0, 7.0, 0, 0, 0
L 653.0, 195.0, 7.0, 653.0, 203.0, 7.0, 0, 0, 0
L 653.0, 203.0, 7.0, 613.0, 204.0, 7.0, 0, 0, 0
L 613.0, 204.0, 7.0, 613.0, 218.0, 7.0, 0, 0, 0
L 613.0, 218.0, 7.0, 598.0, 219.0, 7.0, 0, 0, 0
L 598.0, 219.0, 7.0, 598.0, 258.0, 7.0, 0, 0, 0
L 598.0, 258.0, 7.0, 588.0, 259.0, 7.0, 0, 0, 0
L 588.0, 259.0, 7.0, 589.0, 381.0, 7.0, 0, 0, 0
L 589.0, 381.0, 7.0, 598.0, 381.0, 7.0, 0, 0, 0
L 598.0, 381.0, 7.0, 599.0, 421.0, 7.0, 0, 0, 0
L 599.0, 421.0, 7.0, 613.0, 421.0, 7.0, 0, 0, 0
L 613.0, 421.0, 7.0, 613.0, 436.0, 7.0, 0, 0, 0
L 613.0, 436.0, 7.0, 653.0, 436.0, 7.0, 0, 0, 0
L 653.0, 436.0, 7.0, 653.0, 446.0, 7.0, 0, 0, 0
L 653.0, 446.0, 7.0, 696.0, 445.0, 7.0, 0, 0, 0
L 696.0, 445.0, 7.0, 696.0, 436.0, 7.0, 0, 0, 0
L 696.0, 436.0, 7.0, 736.0, 436.0, 7.0, 0, 0, 0
L 736.0, 436.0, 7.0, 736.0, 421.0, 7.0, 0, 0, 0
L 736.0, 421.0, 7.0, 751.0, 420.0, 7.0, 0, 0, 0
L 751.0, 420.0, 7.0, 751.0, 381.0, 7.0, 0, 0, 0
L 751.0, 381.0, 7.0, 761.0, 380.0, 7.0, 0, 0, 0
L 761.0, 380.0, 7.0, 761.0, 338.0, 7.0, 0, 0, 0
L 761.0, 338.0, 7.0, 733.0, 339.0, 7.0, 0, 0, 0
L 733.0, 339.0, 7.0, 733.0, 418.0, 7.0, 0, 0, 0
L 733.0, 418.0, 7.0, 616.0, 418.0, 7.0, 0, 0, 0
L 616.0, 418.0, 7.0, 616.0, 221.0, 7.0, 0, 0, 0
L 616.0, 221.0, 7.0, 733.0, 221.0, 7.0, 0, 0, 0
L 733.0, 221.0, 7.0, 734.0, 301.0, 7.0, 0, 0, 0
L 734.0, 301.0, 7.0, 760.0, 301.0, 7.0, 0, 0, 0
L 1050.0, 26.0, 7.0, 1051.0, 66.0, 7.0, 0, 0, 0
L 1051.0, 66.0, 7.0, 1060.0, 66.0, 7.0, 0, 0, 0
L 1060.0, 66.0, 7.0, 1060.0, 96.0, 7.0, 0, 0, 0
L 1060.0, 96.0, 7.0, 1070.0, 96.0, 7.0, 0, 0, 0
L 1070.0, 96.0, 7.0, 1070.0, 125.0, 7.0, 0, 0, 0
L 1070.0, 125.0, 7.0, 1085.0, 126.0, 7.0, 0, 0, 0
L 1085.0, 126.0, 7.0, 1085.0, 140.0, 7.0, 0, 0, 0
L 1085.0, 140.0, 7.0, 1115.0, 141.0, 7.0, 0, 0, 0
L 1115.0, 141.0, 7.0, 1116.0, 151.0, 7.0, 0, 0, 0
L 1116.0, 151.0, 7.0, 1135.0, 151.0, 7.0, 0, 0, 0
L 1135.0, 151.0, 7.0, 1136.0, 161.0, 7.0, 0, 0, 0
L 1136.0, 161.0, 7.0, 1218.0, 160.0, 7.0, 0, 0, 0
L 1218.0, 160.0, 7.0, 1218.0, 151.0, 7.0, 0, 0, 0
L 1218.0, 151.0, 7.0, 1240.0, 151.0, 7.0, 0, 0, 0
L 1240.0, 151.0, 7.0, 1238.0, 141.0, 7.0, 0, 0, 0
L 1238.0, 141.0, 7.0, 1268.0, 140.0, 7.0, 0, 0, 0
L 1268.0, 140.0, 7.0, 1268.0, 126.0, 7.0, 0, 0, 0
L 1268.0, 126.0, 7.0, 1282.0, 126.0, 7.0, 0, 0, 0
L 1282.0, 126.0, 7.0, 1283.0, 96.0, 7.0, 0, 0, 0
L 1283.0, 96.0, 7.0, 1292.0, 96.0, 7.0, 0, 0, 0
L 1292.0, 96.0, 7.0, 1293.0, 76.0, 7.0, 0, 0, 0
L 1293.0, 76.0, 7.0, 1303.0, 76.0, 7.0, 0, 0, 0
L 1303.0, 76.0, 7.0, 1302.0, -76.0, 7.0, 0, 0, 0
L 1302.0, -76.0, 7.0, 1293.0, -76.0, 7.0, 0, 0, 0
L 1293.0, -76.0, 7.0, 1292.0, -96.0, 7.0, 0, 0, 0
L 1292.0, -96.0, 7.0, 1283.0, -96.0, 7.0, 0, 0, 0
L 1283.0, -96.0, 7.0, 1283.0, -126.0, 7.0, 0, 0, 0
L 1283.0, -126.0, 7.0, 1268.0, -126.0, 7.0, 0, 0, 0
L 1268.0, -126.0, 7.0, 1267.0, -141.0, 7.0, 0, 0, 0
L 1267.0, -141.0, 7.0, 1238.0, -141.0, 7.0, 0, 0, 0
L 1238.0, -141.0, 7.0, 1237.0, -151.0, 7.0, 0, 0, 0
L 1237.0, -151.0, 7.0, 1218.0, -151.0, 7.0, 0, 0, 0
L 1218.0, -151.0, 7.0, 1218.0, -160.0, 7.0, 0, 0, 0
L 1218.0, -160.0, 7.0, 1135.0, -159.0, 7.0, 0, 0, 0
L 1135.0, -159.0, 7.0, 1135.0, -151.0, 7.0, 0, 0, 0
L 1135.0, -151.0, 7.0, 1115.0, -150.0, 7.0, 0, 0, 0
L 1115.0, -150.0, 7.0, 1115.0, -141.0, 7.0, 0, 0, 0
L 1115.0, -141.0, 7.0, 1085.0, -140.0, 7.0, 0, 0, 0
L 1085.0, -140.0, 7.0, 1085.0, -126.0, 7.0, 0, 0, 0
L 1085.0, -126.0, 7.0, 1070.0, -126.0, 7.0, 0, 0, 0
L 1070.0, -126.0, 7.0, 1070.0, -96.0, 7.0, 0, 0, 0
L 1070.0, -96.0, 7.0, 1060.0, -96.0, 7.0, 0, 0, 0
L 1060.0, -96.0, 7.0, 1060.0, -66.0, 7.0, 0, 0, 0
L 1060.0, -66.0, 7.0, 1050.0, -66.0, 7.0, 0, 0, 0
L 1050.0, -66.0, 7.0, 1050.0, -26.0, 7.0, 0, 0, 0
L 1050.0, -26.0, 7.0, 1041.0, -25.0, 7.0, 0, 0, 0
L 1074.0, -18.0, 34.0, 1108.0, -19.0, 34.0, 0, 0, 0
L 1108.0, -19.0, 34.0, 1108.0, -103.0, 34.0, 0, 0, 0
L 1108.0, -103.0, 34.0, 1245.0, -103.0, 34.0, 0, 0, 0
L 1245.0, -103.0, 34.0, 1245.0, 103.0, 34.0, 0, 0, 0
L 1245.0, 103.0, 34.0, 1108.0, 103.0, 34.0, 0, 0, 0
L 1108.0, 103.0, 34.0, 1107.0, 18.0, 34.0, 0, 0, 0
L 1107.0, 18.0, 34.0, 1074.0, 18.0, 34.0, 0, 0, 0
L -937.0, -795.0, 7.0, -913.0, -785.0, 7.0, 0, 0, 0
L -913.0, -785.0, 7.0, -891.0, -792.0, 7.0, 0, 0, 0
L -891.0, -792.0, 7.0, -885.0, -802.0, 7.0, 0, 0, 0
L -885.0, -802.0, 7.0, -883.0, -796.0, 7.0, 0, 0, 0
L -883.0, -796.0, 7.0, -870.0, -787.0, 8.0, 0, 0, 0
L -870.0, -787.0, 8.0, -855.0, -786.0, 7.0, 0, 0, 0
L -855.0, -786.0, 7.0, -850.0, -789.0, 7.0, 0, 0, 0
L -850.0, -789.0, 7.0, -839.0, -782.0, 7.0, 0, 0, 0
L -839.0, -782.0, 7.0, -832.0, -783.0, 7.0, 0, 0, 0
L -832.0, -783.0, 7.0, -828.0, -773.0, 7.0, 0, 0, 0
L -828.0, -773.0, 7.0, -837.0, -763.0, 7.0, 0, 0, 0
L -837.0, -763.0, 7.0, -833.0, -749.0, 7.0, 0, 0, 0
L -833.0, -749.0, 7.0, -823.0, -743.0, 7.0, 0, 0, 0
L -823.0, -743.0, 7.0, -810.0, -741.0, 7.0, 0, 0, 0
L -810.0, -741.0, 7.0, -801.0, -748.0, 7.0, 0, 0, 0
L -801.0, -748.0, 7.0, -800.0, -756.0, 7.0, 0, 0, 0
L -800.0, -756.0, 7.0, -805.0, -769.0, 7.0, 0, 0, 0
L -805.0, -769.0, 7.0, -802.0, -773.0, 7.0, 0, 0, 0
L -802.0, -773.0, 7.0, -798.0, -783.0, 7.0, 0, 0, 0
L -798.0, -783.0, 7.0, -800.0, -793.0, 7.0, 0, 0, 0
L -800.0, -793.0, 7.0, -811.0, -802.0, 7.0, 0, 0, 0
L -811.0, -802.0, 7.0, -817.0, -817.0, 7.0, 0, 0, 0
L -817.0, -817.0, 7.0, -829.0, -823.0, 7.0, 0, 0, 0
L -829.0, -823.0, 7.0, -840.0, -824.0, 7.0, 0, 0, 0
L -840.0, -824.0, 7.0, -851.0, -834.0, 7.0, 0, 0, 0
L -851.0, -834.0, 7.0, -868.0, -837.0, 7.0, 0, 0, 0
L -868.0, -837.0, 7.0, -881.0, -830.0, 7.0, 0, 0, 0
L -881.0, -830.0, 7.0, -892.0, -845.0, 7.0, 0, 0, 0
L -892.0, -845.0, 7.0, -906.0, -855.0, 7.0, 0, 0, 0
L -942.0, -675.0, 7.0, -932.0, -677.0, 7.0, 0, 0, 0
L -932.0, -677.0, 7.0, -912.0, -671.0, 7.0, 0, 0, 0
L -912.0, -671.0, 7.0, -903.0, -660.0, 7.0, 0, 0, 0
L -903.0, -660.0, 7.0, -889.0, -670.0, 7.0, 0, 0, 0
L -889.0, -670.0, 7.0, -873.0, -669.0, 7.0, 0, 0, 0
L -873.0, -669.0, 7.0, -859.0, -658.0, 7.0, 0, 0, 0
L -859.0, -658.0, 7.0, -853.0, -656.0, 7.0, 0, 0, 0
L -853.0, -656.0, 7.0, -846.0, -672.0, 7.0, 0, 0, 0
L -846.0, -672.0, 7.0, -850.0, -679.0, 7.0, 0, 0, 0
L -850.0, -679.0, 7.0, -851.0, -691.0, 7.0, 0, 0, 0
L -851.0, -691.0, 7.0, -841.0, -696.0, 7.0, 0, 0, 0
L -841.0, -696.0, 7.0, -831.0, -700.0, 7.0, 0, 0, 0
L -831.0, -700.0, 7.0, -820.0, -696.0, 7.0, 0, 0, 0
L -820.0, -696.0, 7.0, -814.0, -678.0, 7.0, 0, 0, 0
L -814.0, -678.0, 7.0, -819.0, -667.0, 7.0, 0, 0, 0
L -819.0, -667.0, 7.0, -820.0, -656.0, 7.0, 0, 0, 0
L -820.0, -656.0, 7.0, -823.0, -646.0, 7.0, 0, 0, 0
L -823.0, -646.0, 7.0, -837.0, -626.0, 7.0, 0, 0, 0
L -837.0, -626.0, 7.0, -848.0, -618.0, 7.0, 0, 0, 0
L -848.0, -618.0, 7.0, -861.0, -617.0, 7.0, 0, 0, 0
L -861.0, -617.0, 7.0, -869.0, -623.0, 7.0, 0, 0, 0
L -869.0, -623.0, 7.0, -876.0, -619.0, 7.0, 0, 0, 0
L -876.0, -619.0, 7.0, -891.0, -619.0, 7.0, 0, 0, 0
L -891.0, -619.0, 7.0, -903.0, -629.0, 7.0, 0, 0, 0
L -903.0, -629.0, 7.0, -912.0, -616.0, 7.0, 0, 0, 0
L -912.0, -616.0, 7.0, -929.0, -609.0, 7.0, 0, 0, 0
L -929.0, -609.0, 7.0, -951.0, -614.0, 7.0, 0, 0, 0
L -951.0, -614.0, 7.0, -961.0, -628.0, 7.0, 0, 0, 0
L -414.0, 11.0, 7.0, -395.0, -18.0, 7.0, 0, 0, 255
L 528.0, 1334.0, 28.0, 528.0, 1346.0, 28.0, 0, 204, 0
L 528.0, 1346.0, 28.0, 438.0, 1344.0, 28.0, 0, 204, 0
L 655.0, 1344.0, 28.0, 566.0, 1344.0, 28.0, 0, 204, 0
L 566.0, 1344.0, 28.0, 566.0, 1334.0, 28.0, 0, 204, 0
L 528.0, 1334.0, 28.0, 566.0, 1334.0, 28.0, 155, 155, 155
L 573.0, 1268.0, 7.0, 573.0, 1326.0, 7.0, 0, 0, 0
L 520.0, 1327.0, 7.0, 520.9, 1268.0, 7.0, 0, 0, 0
L 573.0, 1268.0, 7.0, 565.0, 1268.0, 7.0, 0, 0, 0
L 528.0, 1268.0, 7.0, 520.9, 1268.0, 7.0, 0, 0, 0
L 565.0, 1268.0, 7.0, 528.0, 1268.0, 7.0, 155, 155, 155
L 528.0, 1268.0, 7.0, 528.0, 1276.2, 9.6, 0, 204, 0
L 565.0, 1268.0, 7.0, 565.1, 1276.2, 9.6, 0, 204, 0
L 528.0, 1301.0, 17.5, 528.0, 1309.2, 20.1, 0, 204, 0
L 528.0, 1301.0, 17.5, 565.5, 1301.0, 17.5, 155, 155, 155
L 565.5, 1301.0, 17.5, 565.6, 1309.2, 20.1, 0, 204, 0
L 565.5, 1301.0, 17.5, 566.0, 1301.0, 17.5, 0, 204, 0
L 528.0, 1284.5, 12.2, 528.0, 1292.8, 14.9, 0, 204, 0
L 565.3, 1284.5, 12.2, 565.4, 1292.8, 14.9, 0, 204, 0
L 528.0, 1284.5, 12.2, 565.3, 1284.5, 12.2, 155, 155, 155
L 528.0, 1276.2, 9.6, 528.0, 1284.5, 12.2, 0, 204, 0
L 565.1, 1276.2, 9.6, 565.3, 1284.5, 12.2, 0, 204, 0
L 528.0, 1276.2, 9.6, 565.1, 1276.2, 9.6, 155, 155, 155
L 528.0, 1292.8, 14.9, 528.0, 1301.0, 17.5, 0, 204, 0
L 565.4, 1292.8, 14.9, 565.5, 1301.0, 17.5, 0, 204, 0
L 528.0, 1292.8, 14.9, 565.4, 1292.8, 14.9, 155, 155, 155
L 528.0, 1317.5, 22.8, 528.0, 1325.8, 25.4, 0, 204, 0
L 565.8, 1317.5, 22.8, 565.9, 1325.8, 25.4, 0, 204, 0
L 528.0, 1317.5, 22.8, 565.8, 1317.5, 22.8, 155, 155, 155
L 528.0, 1309.2, 20.1, 528.0, 1317.5, 22.8, 0, 204, 0
L 565.6, 1309.2, 20.1, 565.8, 1317.5, 22.8, 0, 204, 0
L 528.0, 1309.2, 20.1, 565.6, 1309.2, 20.1, 155, 155, 155
L 528.0, 1325.8, 25.4, 528.0, 1334.0, 28.0, 0, 204, 0
L 565.9, 1325.8, 25.4, 566.0, 1334.0, 28.0, 0, 204, 0
L 528.0, 1325.8, 25.4, 565.9, 1325.8, 25.4, 155, 155, 155
L 528.0, 1397.0, 28.0, 565.0, 1397.0, 28.0, 0, 204, 0
L 520.0, 1463.0, 7.0, 520.0, 1389.0, 7.0, 0, 0, 0
L 573.0, 1389.0, 7.0, 572.0, 1463.0, 7.0, 0, 0, 0
L 520.0, 1463.0, 7.0, 527.0, 1463.0, 7.0, 0, 0, 0
L 527.0, 1463.0, 7.0, 565.0, 1463.0, 7.0, 155, 155, 155
L 565.0, 1463.0, 7.0, 572.0, 1463.0, 7.0, 0, 0, 0
L 566.0, 1361.0, 28.0, 565.0, 1361.0, 28.0, 0, 204, 0
L 565.0, 1361.0, 28.0, 565.0, 1364.0, 28.0, 0, 204, 0
L 565.0, 1364.0, 28.0, 565.0, 1397.0, 28.0, 0, 204, 0
L 565.0, 1397.0, 28.0, 565.0, 1405.2, 25.4, 0, 204, 0
L 527.0, 1463.0, 7.0, 527.1, 1454.8, 9.6, 0, 204, 0
L 527.5, 1430.0, 17.5, 527.6, 1421.8, 20.1, 0, 204, 0
L 565.0, 1430.0, 17.5, 565.0, 1438.2, 14.9, 0, 204, 0
L 527.5, 1430.0, 17.5, 565.0, 1430.0, 17.5, 155, 155, 155
L 527.8, 1413.5, 22.8, 527.9, 1405.2, 25.4, 0, 204, 0
L 565.0, 1413.5, 22.8, 565.0, 1421.8, 20.1, 0, 204, 0
L 527.8, 1413.5, 22.8, 565.0, 1413.5, 22.8, 155, 155, 155
L 527.9, 1405.2, 25.4, 528.0, 1397.0, 28.0, 0, 204, 0
L 565.0, 1405.2, 25.4, 565.0, 1413.5, 22.8, 0, 204, 0
L 527.9, 1405.2, 25.4, 565.0, 1405.2, 25.4, 155, 155, 155
L 527.3, 1446.5, 12.2, 527.4, 1438.2, 14.9, 0, 204, 0
L 565.0, 1446.5, 12.2, 565.0, 1454.8, 9.6, 0, 204, 0
L 527.3, 1446.5, 12.2, 565.0, 1446.5, 12.2, 155, 155, 155
L 527.4, 1438.2, 14.9, 527.5, 1430.0, 17.5, 0, 204, 0
L 565.0, 1438.2, 14.9, 565.0, 1446.5, 12.2, 0, 204, 0
L 527.4, 1438.2, 14.9, 565.0, 1438.2, 14.9, 155, 155, 155
L 527.1, 1454.8, 9.6, 527.3, 1446.5, 12.2, 0, 204, 0
L 565.0, 1454.8, 9.6, 565.0, 1463.0, 7.0, 0, 204, 0
L 527.1, 1454.8, 9.6, 565.0, 1454.8, 9.6, 155, 155, 155
L 527.6, 1421.8, 20.1, 527.8, 1413.5, 22.8, 0, 204, 0
L 565.0, 1421.8, 20.1, 565.0, 1430.0, 17.5, 0, 204, 0
L 527.6, 1421.8, 20.1, 565.0, 1421.8, 20.1, 155, 155, 155
L 1041.0, -25.0, 7.0, 1041.0, -18.0, 7.0, 0, 0, 0
L 1050.0, 26.0, 7.0, 1041.0, 26.0, 7.0, 0, 0, 0
L 1074.0, -18.0, 34.0, 1074.0, 18.0, 34.0, 150, 150, 150
L 1041.0, 18.0, 7.0, 1041.0, 26.0, 7.0, 0, 0, 0
L 1074.0, 18.0, 34.0, 1069.9, 18.0, 30.6, 0, 0, 0
L 1041.0, -18.0, 7.0, 1041.0, 18.0, 7.0, 150, 150, 150
L 1074.0, -18.0, 34.0, 1069.9, -18.0, 30.6, 0, 0, 0
L 1057.5, -18.0, 20.5, 1053.4, -18.0, 17.1, 0, 0, 0
L 1057.5, 18.0, 20.5, 1053.4, 18.0, 17.1, 0, 0, 0
L 1057.5, -18.0, 20.5, 1057.5, 18.0, 20.5, 150, 150, 150
L 1065.8, -18.0, 27.2, 1061.6, -18.0, 23.9, 0, 0, 0
L 1065.8, 18.0, 27.2, 1061.6, 18.0, 23.9, 0, 0, 0
L 1065.8, -18.0, 27.2, 1065.8, 18.0, 27.2, 150, 150, 150
L 1049.2, -18.0, 13.8, 1045.1, -18.0, 10.4, 0, 0, 0
L 1049.2, 18.0, 13.8, 1045.1, 18.0, 10.4, 0, 0, 0
L 1049.2, -18.0, 13.8, 1049.2, 18.0, 13.8, 150, 150, 150
L 1045.1, -18.0, 10.4, 1041.0, -18.0, 7.0, 0, 0, 0
L 1045.1, 18.0, 10.4, 1041.0, 18.0, 7.0, 0, 0, 0
L 1045.1, -18.0, 10.4, 1045.1, 18.0, 10.4, 150, 150, 150
L 1053.4, -18.0, 17.1, 1049.2, -18.0, 13.8, 0, 0, 0
L 1053.4, 18.0, 17.1, 1049.2, 18.0, 13.8, 0, 0, 0
L 1053.4, -18.0, 17.1, 1053.4, 18.0, 17.1, 150, 150, 150
L 1061.6, -18.0, 23.9, 1057.5, -18.0, 20.5, 0, 0, 0
L 1061.6, 18.0, 23.9, 1057.5, 18.0, 20.5, 0, 0, 0
L 1061.6, -18.0, 23.9, 1061.6, 18.0, 23.9, 150, 150, 150
L 1069.9, -18.0, 30.6, 1065.8, -18.0, 27.2, 0, 0, 0
L 1069.9, 18.0, 30.6, 1065.8, 18.0, 27.2, 0, 0, 0
L 1069.9, -18.0, 30.6, 1069.9, 18.0, 30.6, 150, 150, 150
