P 2422.1060, -1276.5104, -4.3417, 255, 0, 0, 3, to_The_Western_Plains_of_Karana
P 1147.7328, -3430.1675, 0.6260, 255, 0, 0, 3, to_Blackburrow
P -107.8533, -5181.2881, -5.9677, 255, 0, 0, 3, to_Surefall_Glade
P -250.0000, 325.0000, 0.0000, 255, 0, 0, 3, to_North_Qeynos
P -83.0000, -508.0000, -5.9507, 255, 0, 0, 2, Succor
P 168.2821, -1776.9740, 111.8911, 0, 0, 240, 1, GS:_Ebon_Lotus
P 943.6379, -3396.1216, -7.5550, 0, 0, 240, 1, GS:_Library_of_Erudin
P 851.5536, -1050.6676, 31.4847, 255, 255, 255, 2, Guard_Tower
P -969.7856, -3779.0513, -22.6068, 255, 255, 255, 2, Fishing_Hut
P -946.7617, -3935.9246, -23.5434, 0, 0, 0, 2, Rephas
P 918.3445, -4682.9946, 39.7185, 255, 255, 255, 2, Undead_Ruins
P -278.0000, -1381.0000, 4.6919, 0, 128, 0, 2, Marton_Sayer_(Smithing)
P -307.0000, -1404.0000, 4.6919, 0, 128, 0, 2, Mira_Sayer_(Smithing)
P 558.0000, -3399.0000, -8.0000, 0, 0, 0, 2, Ubzial_Iyeaql
P -96.2837, -4995.3252, -7.4537, 0, 0, 0, 2, Chandra_Miller
P 1118.1150, -347.6231, -7.6255, 0, 0, 0, 2, Pellween_Sithmoor
P 677.0662, -1031.4541, 14.8700, 0, 0, 0, 2, Neclo_Rheslar
P 670.2924, -1093.0426, 10.2821, 0, 0, 0, 2, Koneme_Matse
P 830.6445, -2032.2113, -67.5673, 0, 0, 0, 2, Lamangao_Fallstine
P -122.9775, -602.3837, -5.0295, 0, 0, 0, 2, Korem_Matse
P 808.5187, -1383.9441, -2.5197, 0, 0, 0, 2, Niclaus_Ressinn_(Roam)
P 1990.2240, -1482.1198, -4.3417, 0, 0, 0, 2, Gornolin_(Roam)
P -42.0527, -523.0970, -7.6230, 0, 0, 0, 2, Waradern_Skymoor
P -336.9869, -869.9559, -3.2068, 0, 0, 0, 2, Tovax_Vmar_(Roam)
P 29.8129, -3813.8772, 63.6437, 0, 0, 0, 2, Yollis_Jenkins_(Roam)
P -933.1832, -4621.7852, -16.1218, 0, 0, 0, 2, Pemawen_Vorana
P -988.6495, -3800.6851, -24.1473, 0, 0, 0, 2, Hadden
P -963.0248, -3774.9561, -22.4594, 0, 0, 0, 2, Axe_Broadsmith
P -1042.2649, -3493.6133, -17.2388, 0, 0, 0, 2, erudite_traveler
P -103.3262, -83.6147, -7.8417, 0, 0, 0, 2, Tol_Nicelot_(Roam,Path)
P 849.8361, -1031.4491, 33.6817, 0, 0, 0, 2, Hefax_Tinmar
P -480.6060, -3754.6265, 4.9714, 0, 0, 0, 2, Holly_Windstalker_(Roam)
P 1134.1132, -3549.3733, -6.0200, 0, 0, 0, 2, Cethernee_Vellestan
P 248.2867, -4484.4590, 10.0802, 0, 0, 0, 2, Beobob_Miller_(Roam)
P -99.3726, -1035.7749, -1.0615, 0, 0, 0, 2, Wyle_Bimlin_(Roam,Path)
P 495.1206, -399.3383, -5.3888, 0, 0, 0, 2, Scruffy_(Roam)
P 889.1783, -4653.7510, 39.6055, 127, 64, 0, 2, Pyzjn_(Hunter,Roam)
P 909.5361, -4670.8433, 39.5742, 127, 64, 0, 2, Varsoon_(Hunter)
