L -293.0, -1358.0, -2.0, -285.0, -1358.0, -2.0, 150, 150, 150
L -285.0, -1360.0, 0.0, -293.0, -1360.0, 0.0, 150, 150, 150
L -293.0, -1361.0, 0.0, -285.0, -1361.0, 0.0, 150, 150, 150
L -293.0, -1363.0, 2.0, -285.0, -1363.0, 2.0, 150, 150, 150
L -285.0, -1357.0, -2.0, -293.0, -1357.0, -3.0, 150, 150, 150
L -285.0, -1364.0, 3.0, -285.0, -1357.0, -2.0, 150, 150, 150
L -293.0, -1357.0, -3.0, -293.0, -1364.0, 3.0, 150, 150, 150
L 853.0, -1055.0, 32.0, 855.0, -1055.0, 32.0, 0, 0, 0
L 853.0, -1059.0, 30.0, 853.0, -1039.0, 33.0, 0, 0, 0
L 871.0, -1071.0, 21.0, 853.0, -1059.0, 29.0, 0, 0, 0
L 891.0, -1060.0, 16.0, 871.0, -1071.0, 21.0, 0, 0, 0
L 912.0, -1058.0, 8.0, 891.0, -1060.0, 16.0, 0, 0, 0
L 912.0, -1040.0, 10.0, 912.0, -1058.0, 8.0, 0, 0, 0
L 891.0, -1038.0, 18.0, 912.0, -1040.0, 10.0, 0, 0, 0
L 872.0, -1027.0, 25.0, 891.0, -1038.0, 18.0, 0, 0, 0
L 853.0, -1037.0, 32.0, 872.0, -1027.0, 25.0, 0, 0, 0
L 855.0, -1043.0, 32.0, 853.0, -1037.0, 33.0, 0, 0, 0
L 888.0, -1053.0, 32.0, 891.0, -1053.0, 32.0, 0, 0, 0
L 888.0, -1046.0, 32.0, 891.0, -1046.0, 32.0, 0, 0, 0
L 891.0, -1041.0, 32.0, 891.0, -1046.0, 32.0, 0, 0, 0
L 910.0, -1041.0, 32.0, 891.0, -1041.0, 32.0, 0, 0, 0
L 910.0, -1057.0, 32.0, 910.0, -1041.0, 32.0, 0, 0, 0
L 891.0, -1056.0, 32.0, 910.0, -1057.0, 32.0, 0, 0, 0
L 891.0, -1053.0, 32.0, 891.0, -1056.0, 32.0, 0, 0, 0
L 856.0, -1039.0, 31.0, 856.0, -1058.0, 31.0, 0, 0, 0
L 872.0, -1030.0, 31.0, 856.0, -1039.0, 31.0, 0, 0, 0
L 888.0, -1040.0, 31.0, 872.0, -1030.0, 31.0, 0, 0, 0
L 887.0, -1058.0, 31.0, 888.0, -1040.0, 31.0, 0, 0, 0
L 871.0, -1067.0, 31.0, 887.0, -1058.0, 31.0, 0, 0, 0
L 856.0, -1058.0, 31.0, 871.0, -1067.0, 31.0, 0, 0, 0
L 1039.0, -3410.0, 0.0, 1075.2, -3410.0, 0.0, 0, 0, 0
L -69.0, -5189.0, -3.0, -85.0, -5173.0, -3.0, 0, 0, 0
L -94.0, -5202.0, -3.0, -69.0, -5189.0, -3.0, 199, 21, 133
L -120.0, 333.0, -7.0, -115.0, 343.0, -7.0, 205, 133, 63
L -116.0, 320.0, -7.0, -120.0, 333.0, -7.0, 205, 133, 63
L -112.0, 313.0, -7.0, -116.0, 320.0, -7.0, 205, 133, 63
L -113.0, 298.0, -7.0, -112.0, 313.0, -7.0, 205, 133, 63
L -112.0, 291.0, -7.0, -113.0, 298.0, -7.0, 205, 133, 63
L -110.0, 285.0, -7.0, -112.0, 291.0, -7.0, 205, 133, 63
L -112.0, 276.0, -7.0, -110.0, 285.0, -7.0, 205, 133, 63
L -117.0, 251.0, -7.0, -112.0, 276.0, -7.0, 205, 133, 63
L -117.0, 227.0, -7.0, -117.0, 251.0, -7.0, 205, 133, 63
L -114.0, 212.0, -7.0, -117.0, 227.0, -7.0, 205, 133, 63
L -112.0, 200.0, -7.0, -114.0, 212.0, -7.0, 205, 133, 63
L -113.0, 191.0, -7.0, -112.0, 200.0, -7.0, 205, 133, 63
L -113.0, 174.0, -7.0, -113.0, 191.0, -7.0, 205, 133, 63
L -117.0, 157.0, -7.0, -113.0, 174.0, -7.0, 205, 133, 63
L -115.0, 141.0, -7.0, -117.0, 157.0, -7.0, 205, 133, 63
L -120.0, 128.0, -7.0, -115.0, 141.0, -7.0, 205, 133, 63
L -116.0, 115.0, -7.0, -120.0, 128.0, -7.0, 205, 133, 63
L -115.0, 98.0, -7.0, -116.0, 115.0, -7.0, 205, 133, 63
L -111.0, 83.0, -7.0, -115.0, 98.0, -7.0, 205, 133, 63
L -113.0, 69.0, -7.0, -111.0, 83.0, -7.0, 205, 133, 63
L -116.0, 59.0, -7.0, -113.0, 69.0, -7.0, 205, 133, 63
L -118.0, 33.0, -7.0, -116.0, 59.0, -7.0, 205, 133, 63
L -116.0, 20.0, -7.0, -118.0, 33.0, -7.0, 205, 133, 63
L -113.0, 7.0, -7.0, -116.0, 20.0, -7.0, 205, 133, 63
L -109.0, -12.0, -7.0, -113.0, 7.0, -7.0, 205, 133, 63
L -114.0, -27.0, -7.0, -109.0, -12.0, -7.0, 205, 133, 63
L -117.0, -45.0, -7.0, -114.0, -27.0, -7.0, 205, 133, 63
L -117.0, -60.0, -7.0, -117.0, -45.0, -7.0, 205, 133, 63
L -118.0, -69.0, -7.0, -117.0, -60.0, -7.0, 205, 133, 63
L -117.0, -85.0, -7.0, -118.0, -69.0, -7.0, 205, 133, 63
L -113.0, -102.0, -7.0, -117.0, -85.0, -7.0, 205, 133, 63
L -111.0, -119.0, -7.0, -113.0, -102.0, -7.0, 205, 133, 63
L -113.0, -128.0, -7.0, -111.0, -119.0, -7.0, 205, 133, 63
L -116.0, -144.0, -7.0, -113.0, -128.0, -7.0, 205, 133, 63
L -118.0, -164.0, -7.0, -116.0, -144.0, -7.0, 205, 133, 63
L -114.0, -178.0, -7.0, -118.0, -164.0, -7.0, 205, 133, 63
L -113.0, -192.0, -7.0, -114.0, -178.0, -7.0, 205, 133, 63
L -111.0, -214.0, -7.0, -113.0, -192.0, -7.0, 205, 133, 63
L -113.0, -229.0, -7.0, -111.0, -214.0, -7.0, 205, 133, 63
L -117.0, -249.0, -7.0, -113.0, -229.0, -7.0, 205, 133, 63
L -118.0, -264.0, -5.0, -117.0, -249.0, -7.0, 205, 133, 63
L -115.0, -283.0, -3.0, -118.0, -264.0, -5.0, 205, 133, 63
L -111.0, -307.0, -1.0, -115.0, -283.0, -3.0, 205, 133, 63
L -112.0, -321.0, 0.0, -111.0, -307.0, -1.0, 205, 133, 63
L -115.0, -335.0, 1.0, -112.0, -321.0, 0.0, 205, 133, 63
L -116.0, -354.0, 2.0, -115.0, -335.0, 1.0, 205, 133, 63
L -116.0, -380.0, 2.0, -116.0, -354.0, 2.0, 205, 133, 63
L -111.0, -397.0, 1.0, -116.0, -380.0, 2.0, 205, 133, 63
L -111.0, -420.0, 1.0, -111.0, -397.0, 1.0, 205, 133, 63
L -114.0, -430.0, 0.0, -111.0, -420.0, 1.0, 205, 133, 63
L -118.0, -446.0, 0.0, -114.0, -430.0, 0.0, 205, 133, 63
L -110.0, -457.0, -1.0, -118.0, -446.0, 0.0, 205, 133, 63
L -107.0, -474.0, -2.0, -110.0, -457.0, -1.0, 205, 133, 63
L -106.0, -489.0, -3.0, -107.0, -474.0, -2.0, 205, 133, 63
L -111.0, -506.0, -3.0, -106.0, -489.0, -3.0, 205, 133, 63
L -111.0, -528.0, -3.0, -111.0, -506.0, -3.0, 205, 133, 63
L -109.0, -546.0, -4.0, -111.0, -528.0, -3.0, 205, 133, 63
L -109.0, -570.0, -4.0, -109.0, -546.0, -4.0, 205, 133, 63
L -110.0, -595.0, -4.0, -109.0, -570.0, -4.0, 205, 133, 63
L -110.0, -614.0, -5.0, -110.0, -595.0, -4.0, 205, 133, 63
L -113.0, -629.0, -5.0, -110.0, -614.0, -5.0, 205, 133, 63
L -115.0, -646.0, -5.0, -113.0, -629.0, -5.0, 205, 133, 63
L -117.0, -660.0, -5.0, -115.0, -646.0, -5.0, 205, 133, 63
L -116.0, -675.0, -5.0, -117.0, -660.0, -5.0, 205, 133, 63
L -109.0, -695.0, -6.0, -116.0, -675.0, -5.0, 205, 133, 63
L -109.0, -705.0, -6.0, -109.0, -695.0, -6.0, 205, 133, 63
L -111.0, -718.0, -6.0, -109.0, -705.0, -6.0, 205, 133, 63
L -116.0, -743.0, -5.0, -111.0, -718.0, -6.0, 205, 133, 63
L -116.0, -757.0, -5.0, -116.0, -743.0, -5.0, 205, 133, 63
L -116.0, -765.0, -5.0, -116.0, -757.0, -5.0, 205, 133, 63
L -115.0, -777.0, -4.0, -116.0, -765.0, -5.0, 205, 133, 63
L -109.0, -788.0, -4.0, -115.0, -777.0, -4.0, 205, 133, 63
L -114.0, -802.0, -3.0, -109.0, -788.0, -4.0, 205, 133, 63
L -106.0, -812.0, -3.0, -114.0, -802.0, -3.0, 205, 133, 63
L -110.0, -822.0, -3.0, -106.0, -812.0, -3.0, 205, 133, 63
L -116.0, -846.0, -3.0, -110.0, -822.0, -3.0, 205, 133, 63
L -114.0, -864.0, -3.0, -116.0, -846.0, -3.0, 205, 133, 63
L -116.0, -871.0, -2.0, -114.0, -864.0, -3.0, 205, 133, 63
L -113.0, -882.0, -2.0, -116.0, -871.0, -2.0, 205, 133, 63
L -108.0, -891.0, -2.0, -113.0, -882.0, -2.0, 205, 133, 63
L -111.0, -902.0, -2.0, -108.0, -891.0, -2.0, 205, 133, 63
L -109.0, -915.0, -2.0, -111.0, -902.0, -2.0, 205, 133, 63
L -109.0, -925.0, -2.0, -109.0, -915.0, -2.0, 205, 133, 63
L -115.0, -938.0, -1.0, -109.0, -925.0, -2.0, 205, 133, 63
L -114.0, -951.0, -1.0, -115.0, -938.0, -1.0, 205, 133, 63
L -118.0, -972.0, -1.0, -114.0, -951.0, -1.0, 205, 133, 63
L -113.0, -985.0, -1.0, -118.0, -972.0, -1.0, 205, 133, 63
L -109.0, -1002.0, -1.0, -113.0, -985.0, -1.0, 205, 133, 63
L -110.0, -1010.0, -1.0, -109.0, -1002.0, -1.0, 205, 133, 63
L -109.0, -1017.0, 0.0, -110.0, -1010.0, -1.0, 205, 133, 63
L -114.0, -1024.0, -1.0, -109.0, -1017.0, 0.0, 205, 133, 63
L -111.0, -1033.0, 0.0, -114.0, -1024.0, -1.0, 205, 133, 63
L -116.0, -1040.0, -1.0, -111.0, -1033.0, 0.0, 205, 133, 63
L -110.0, -1058.0, 0.0, -116.0, -1040.0, -1.0, 205, 133, 63
L -108.0, -1067.0, 0.0, -110.0, -1058.0, 0.0, 205, 133, 63
L -112.0, -1077.0, 0.0, -108.0, -1067.0, 0.0, 205, 133, 63
L -107.0, -1084.0, 0.0, -112.0, -1077.0, 0.0, 205, 133, 63
L -115.0, -1092.0, 0.0, -107.0, -1084.0, 0.0, 205, 133, 63
L -129.0, -1105.0, -1.0, -115.0, -1092.0, 0.0, 205, 133, 63
L -128.0, -1116.0, -1.0, -129.0, -1105.0, -1.0, 205, 133, 63
L -143.0, -1127.0, -1.0, -128.0, -1116.0, -1.0, 205, 133, 63
L -147.0, -1134.0, -1.0, -143.0, -1127.0, -1.0, 205, 133, 63
L -143.0, -1141.0, -1.0, -147.0, -1134.0, -1.0, 205, 133, 63
L -146.0, -1148.0, -1.0, -143.0, -1141.0, -1.0, 205, 133, 63
L -130.0, -1143.0, 0.0, -146.0, -1148.0, -1.0, 205, 133, 63
L -123.0, -1137.0, 0.0, -130.0, -1143.0, 0.0, 205, 133, 63
L -103.0, -1127.0, 0.0, -123.0, -1137.0, 0.0, 205, 133, 63
L -94.0, -1121.0, 0.0, -103.0, -1127.0, 0.0, 205, 133, 63
L -87.0, -1113.0, 1.0, -94.0, -1121.0, 0.0, 205, 133, 63
L -82.0, -1099.0, 0.0, -87.0, -1113.0, 1.0, 205, 133, 63
L -84.0, -1086.0, 0.0, -82.0, -1099.0, 0.0, 205, 133, 63
L -79.0, -1059.0, 0.0, -84.0, -1086.0, 0.0, 205, 133, 63
L -89.0, -1050.0, 0.0, -79.0, -1059.0, 0.0, 205, 133, 63
L -90.0, -1040.0, 0.0, -89.0, -1050.0, 0.0, 205, 133, 63
L -83.0, -1036.0, 0.0, -90.0, -1040.0, 0.0, 205, 133, 63
L -86.0, -1020.0, 0.0, -83.0, -1036.0, 0.0, 205, 133, 63
L -90.0, -1009.0, 0.0, -86.0, -1020.0, 0.0, 205, 133, 63
L -80.0, -990.0, 0.0, -90.0, -1009.0, 0.0, 205, 133, 63
L -81.0, -967.0, 0.0, -80.0, -990.0, 0.0, 205, 133, 63
L -86.0, -957.0, 0.0, -81.0, -967.0, 0.0, 205, 133, 63
L -90.0, -949.0, 0.0, -86.0, -957.0, 0.0, 205, 133, 63
L -84.0, -942.0, 0.0, -90.0, -949.0, 0.0, 205, 133, 63
L -86.0, -919.0, -1.0, -84.0, -942.0, 0.0, 205, 133, 63
L -82.0, -892.0, -2.0, -86.0, -919.0, -1.0, 205, 133, 63
L -79.0, -878.0, -2.0, -82.0, -892.0, -2.0, 205, 133, 63
L -81.0, -866.0, -3.0, -79.0, -878.0, -2.0, 205, 133, 63
L -89.0, -847.0, -3.0, -81.0, -866.0, -3.0, 205, 133, 63
L -83.0, -839.0, -3.0, -89.0, -847.0, -3.0, 205, 133, 63
L -86.0, -817.0, -3.0, -83.0, -839.0, -3.0, 205, 133, 63
L -83.0, -804.0, -3.0, -86.0, -817.0, -3.0, 205, 133, 63
L -83.0, -791.0, -3.0, -83.0, -804.0, -3.0, 205, 133, 63
L -78.0, -778.0, -4.0, -83.0, -791.0, -3.0, 205, 133, 63
L -83.0, -765.0, -4.0, -78.0, -778.0, -4.0, 205, 133, 63
L -83.0, -758.0, -4.0, -83.0, -765.0, -4.0, 205, 133, 63
L -90.0, -746.0, -5.0, -83.0, -758.0, -4.0, 205, 133, 63
L -84.0, -741.0, -5.0, -90.0, -746.0, -5.0, 205, 133, 63
L -82.0, -731.0, -5.0, -84.0, -741.0, -5.0, 205, 133, 63
L -87.0, -724.0, -5.0, -82.0, -731.0, -5.0, 205, 133, 63
L -89.0, -709.0, -6.0, -87.0, -724.0, -5.0, 205, 133, 63
L -80.0, -689.0, -6.0, -89.0, -709.0, -6.0, 205, 133, 63
L -81.0, -677.0, -6.0, -80.0, -689.0, -6.0, 205, 133, 63
L -83.0, -657.0, -6.0, -81.0, -677.0, -6.0, 205, 133, 63
L -87.0, -640.0, -5.0, -83.0, -657.0, -6.0, 205, 133, 63
L -84.0, -634.0, -5.0, -87.0, -640.0, -5.0, 205, 133, 63
L 1099.0, 343.0, -4.0, -1098.0, 336.0, -4.0, 199, 21, 133
L -1098.0, 336.0, -4.0, -1099.0, -299.0, -7.0, 0, 0, 0
L -1099.0, -299.0, -7.0, -1147.0, -331.0, -7.0, 0, 0, 0
L -1147.0, -331.0, -7.0, -1178.0, -351.0, 32.0, 0, 0, 0
L -1201.0, -366.0, 62.0, -1201.0, -1474.0, 78.0, 0, 0, 0
L -1201.0, -1474.0, 78.0, -1201.0, -1849.0, 41.0, 0, 0, 0
L -1201.0, -1849.0, 41.0, -1201.0, -1956.0, 20.0, 0, 0, 0
L -1201.0, -1956.0, 20.0, -1201.0, -2102.0, 41.0, 0, 0, 0
L -1201.0, -2102.0, 41.0, -1201.0, -2212.0, 71.0, 0, 0, 0
L -1201.0, -2212.0, 71.0, -1201.0, -2300.0, 83.0, 0, 0, 0
L -1201.0, -2300.0, 83.0, -1201.0, -2389.0, 105.0, 0, 0, 0
L -1201.0, -2389.0, 105.0, -1201.0, -2553.0, 96.0, 0, 0, 0
L -1201.0, -2553.0, 96.0, -1201.0, -2610.0, 91.0, 0, 0, 0
L -1201.0, -2610.0, 91.0, -1201.0, -2663.0, 77.0, 0, 0, 0
L -1201.0, -2663.0, 77.0, -1201.0, -2801.0, 73.0, 0, 0, 0
L -1201.0, -2801.0, 73.0, -1201.0, -2860.0, 59.0, 0, 0, 0
L -1201.0, -2860.0, 59.0, -1201.0, -2907.0, 62.0, 0, 0, 0
L -1201.0, -2907.0, 62.0, -1201.0, -2963.0, 70.0, 0, 0, 0
L -1201.0, -2963.0, 70.0, -1201.0, -3061.0, 77.0, 0, 0, 0
L -1201.0, -3061.0, 77.0, -1201.0, -3155.0, 80.0, 0, 0, 0
L -1201.0, -3155.0, 80.0, -1201.0, -3349.0, 80.0, 0, 0, 0
L -1201.0, -3349.0, 80.0, -1201.0, -3464.0, 75.0, 0, 0, 0
L -1201.0, -3464.0, 75.0, -1201.0, -4609.0, 105.0, 0, 0, 0
L -1201.0, -4609.0, 105.0, -1201.0, -4707.0, 117.0, 0, 0, 0
L -1201.0, -4707.0, 117.0, -1201.0, -4803.0, 124.0, 0, 0, 0
L -1201.0, -4803.0, 124.0, -1201.0, -5212.0, 148.0, 0, 0, 0
L -1201.0, -5212.0, 148.0, -744.0, -5212.0, 89.0, 0, 0, 0
L -744.0, -5212.0, 89.0, -542.0, -5208.0, 80.0, 0, 0, 0
L -542.0, -5208.0, 80.0, -425.0, -5211.0, 80.0, 0, 0, 0
L -181.0, -5082.0, -6.0, -49.0, -5082.0, -3.0, 0, 0, 0
L -49.0, -5082.0, -3.0, 51.0, -5149.0, 27.0, 0, 0, 0
L 51.0, -5149.0, 27.0, 51.0, -5212.0, 77.0, 0, 0, 0
L 51.0, -5212.0, 77.0, 389.0, -5212.0, 88.0, 0, 0, 0
L 389.0, -5212.0, 88.0, 1198.0, -5212.0, 139.0, 0, 0, 0
L 1198.0, -5212.0, 139.0, 1198.0, -4954.0, 119.0, 0, 0, 0
L 1198.0, -4954.0, 119.0, 1198.0, -4640.0, 109.0, 0, 0, 0
L 1198.0, -4640.0, 109.0, 1198.0, -4427.0, 85.0, 0, 0, 0
L 1198.0, -4427.0, 85.0, 1198.0, -4235.0, 80.0, 0, 0, 0
L 1198.0, -4235.0, 80.0, 1198.0, -3858.0, 72.0, 0, 0, 0
L 1198.0, -3858.0, 72.0, 1185.0, -3781.0, 78.0, 0, 0, 0
L 1185.0, -3781.0, 78.0, 1151.0, -3709.0, 20.0, 0, 0, 0
L 1151.0, -3709.0, 20.0, 1151.0, -3647.0, -4.0, 0, 0, 0
L 1151.0, -3647.0, -4.0, 1149.0, -3546.0, -3.0, 0, 0, 0
L 1149.0, -3546.0, -3.0, 1055.0, -3448.0, -1.0, 0, 0, 0
L 1015.0, -3408.0, -1.0, 1039.0, -3410.0, 0.0, 150, 150, 150
L 1015.0, -3401.0, -1.0, 1024.0, -3399.0, -1.0, 150, 150, 150
L 1056.0, -3383.0, -1.0, 1039.0, -3383.0, -1.0, 0, 0, 0
L 1039.0, -3383.0, -1.0, 1039.0, -3397.0, -1.0, 0, 0, 0
L 1024.0, -3399.0, -1.0, 1039.0, -3397.0, -1.0, 150, 150, 150
L 1056.0, -3383.0, -1.0, 1055.0, -3349.0, -1.0, 0, 0, 0
L 1055.0, -3349.0, -1.0, 1108.0, -3294.0, 2.0, 0, 0, 0
L 1151.0, -3248.0, 4.0, 1148.0, -3178.0, 64.0, 0, 0, 0
L 1095.0, -3204.0, 64.0, 1148.0, -3178.0, 64.0, 0, 0, 0
L 1095.0, -3204.0, 64.0, 1079.0, -3140.0, 63.0, 0, 0, 0
L 1079.0, -3140.0, 63.0, 1083.0, -3108.0, 59.0, 0, 0, 0
L 1083.0, -3108.0, 59.0, 1122.0, -3035.0, 54.0, 0, 0, 0
L 1122.0, -3035.0, 54.0, 1198.0, -2976.0, 108.0, 0, 0, 0
L 1198.0, -2976.0, 108.0, 1198.0, -2892.0, 114.0, 0, 0, 0
L 1198.0, -2892.0, 114.0, 1198.0, -2843.0, 121.0, 0, 0, 0
L 1198.0, -2843.0, 121.0, 1198.0, -2748.0, 122.0, 0, 0, 0
L 1198.0, -2748.0, 122.0, 1198.0, -2702.0, 109.0, 0, 0, 0
L 1198.0, -2702.0, 109.0, 1198.0, -2646.0, 118.0, 0, 0, 0
L 1198.0, -2646.0, 118.0, 1198.0, -2602.0, 117.0, 0, 0, 0
L 1198.0, -2602.0, 117.0, 1198.0, -2546.0, 127.0, 0, 0, 0
L 1198.0, -2546.0, 127.0, 1198.0, -2448.0, 127.0, 0, 0, 0
L 1198.0, -2448.0, 127.0, 1198.0, -2400.0, 114.0, 0, 0, 0
L 1198.0, -2400.0, 114.0, 1198.0, -2298.0, 107.0, 0, 0, 0
L 1198.0, -2298.0, 107.0, 1198.0, -1513.0, 99.0, 0, 0, 0
L 1198.0, -1513.0, 99.0, 1198.0, -1449.0, 101.0, 0, 0, 0
L 1198.0, -1449.0, 101.0, 1207.0, -1431.0, 86.0, 0, 0, 0
L 1207.0, -1431.0, 86.0, 1253.0, -1403.0, 67.0, 0, 0, 0
L 1253.0, -1403.0, 67.0, 1285.0, -1396.0, 60.0, 0, 0, 0
L 1317.0, -1390.0, 54.0, 1432.0, -1349.0, 5.0, 0, 0, 0
L 1432.0, -1349.0, 5.0, 1487.0, -1349.0, -3.0, 0, 0, 0
L 1487.0, -1349.0, -3.0, 1607.0, -1349.0, -3.0, 0, 0, 0
L 1607.0, -1349.0, -3.0, 1836.0, -1349.0, -3.0, 0, 0, 0
L 1836.0, -1349.0, -3.0, 1841.0, -1349.0, -3.0, 0, 0, 0
L 1841.0, -1349.0, -3.0, 1842.0, -1349.0, -3.0, 0, 0, 0
L 1842.0, -1349.0, -3.0, 1955.0, -1533.0, -3.0, 0, 0, 0
L 1955.0, -1533.0, -3.0, 2093.0, -1610.0, -3.0, 0, 0, 0
L 2093.0, -1610.0, -3.0, 2213.0, -1518.0, -3.0, 0, 0, 0
L 2213.0, -1518.0, -3.0, 2331.0, -1420.0, -3.0, 0, 0, 0
L 2331.0, -1420.0, -3.0, 2442.0, -1308.0, -3.0, 0, 0, 0
L 2452.0, -1203.0, -1.0, 2442.0, -1308.0, -3.0, 199, 21, 133
L 2452.0, -1203.0, -1.0, 2333.0, -1321.0, -3.0, 0, 0, 0
L 2333.0, -1321.0, -3.0, 2213.0, -1335.0, -3.0, 0, 0, 0
L 2213.0, -1335.0, -3.0, 2090.0, -1484.0, -3.0, 0, 0, 0
L 2090.0, -1484.0, -3.0, 1976.0, -1372.0, -3.0, 0, 0, 0
L 1976.0, -1372.0, -3.0, 1841.0, -1252.0, -3.0, 0, 0, 0
L 1563.0, -1250.0, -3.0, 1494.0, -1226.0, 33.0, 0, 0, 0
L 1494.0, -1226.0, 33.0, 1424.0, -1217.0, 57.0, 0, 0, 0
L 1424.0, -1217.0, 57.0, 1359.0, -1202.0, 69.0, 0, 0, 0
L 1359.0, -1202.0, 69.0, 1312.0, -1196.0, 76.0, 0, 0, 0
L 1312.0, -1196.0, 76.0, 1184.0, -1172.0, 76.0, 0, 0, 0
L 1184.0, -1172.0, 76.0, 1170.0, -1094.0, 87.0, 0, 0, 0
L 1170.0, -1094.0, 87.0, 1180.0, -1020.0, 84.0, 0, 0, 0
L 1180.0, -1020.0, 84.0, 1179.0, -952.0, 75.0, 0, 0, 0
L 1179.0, -952.0, 75.0, 1178.0, -922.0, 76.0, 0, 0, 0
L 1178.0, -922.0, 76.0, 1172.0, -848.0, 61.0, 0, 0, 0
L 1172.0, -848.0, 61.0, 1160.0, -749.0, 51.0, 0, 0, 0
L 1160.0, -749.0, 51.0, 1153.0, -728.0, 47.0, 0, 0, 0
L 1153.0, -728.0, 47.0, 1151.0, -669.0, 44.0, 0, 0, 0
L 1151.0, -669.0, 44.0, 1151.0, -636.0, 42.0, 0, 0, 0
L 1151.0, -636.0, 42.0, 1151.0, -559.0, 32.0, 0, 0, 0
L 1151.0, -559.0, 32.0, 1151.0, -540.0, 28.0, 0, 0, 0
L 1151.0, -540.0, 28.0, 1151.0, -447.0, 1.0, 0, 0, 0
L 1151.0, -447.0, 1.0, 1151.0, -334.0, -6.0, 0, 0, 0
L 1151.0, -334.0, -6.0, 1100.0, -300.0, -7.0, 0, 0, 0
L 1100.0, -300.0, -7.0, 1099.0, 343.0, -7.0, 0, 0, 0
L -87.0, 291.0, -7.0, -84.0, 302.0, -7.0, 205, 133, 63
L -84.0, 302.0, -7.0, -85.0, 309.0, -7.0, 205, 133, 63
L -85.0, 309.0, -7.0, -82.0, 322.0, -7.0, 205, 133, 63
L -82.0, 322.0, -7.0, -83.0, 331.0, -7.0, 205, 133, 63
L -83.0, 331.0, -7.0, -87.0, 341.0, -7.0, 205, 133, 63
L -87.0, 291.0, -7.0, -83.0, 269.0, -7.0, 205, 133, 63
L -83.0, 269.0, -7.0, -84.0, 258.0, -7.0, 205, 133, 63
L -84.0, 258.0, -7.0, -89.0, 253.0, -7.0, 205, 133, 63
L -89.0, 253.0, -7.0, -86.0, 242.0, -7.0, 205, 133, 63
L -86.0, 242.0, -7.0, -81.0, 224.0, -7.0, 205, 133, 63
L -81.0, 224.0, -7.0, -81.0, 208.0, -7.0, 205, 133, 63
L -81.0, 208.0, -7.0, -88.0, 193.0, -7.0, 205, 133, 63
L -88.0, 193.0, -7.0, -86.0, 181.0, -7.0, 205, 133, 63
L -86.0, 181.0, -7.0, -86.0, 172.0, -7.0, 205, 133, 63
L -86.0, 172.0, -7.0, -82.0, 165.0, -7.0, 205, 133, 63
L -82.0, 165.0, -7.0, -86.0, 156.0, -7.0, 205, 133, 63
L -86.0, 156.0, -7.0, -89.0, 145.0, -7.0, 205, 133, 63
L -89.0, 145.0, -7.0, -83.0, 130.0, -7.0, 205, 133, 63
L -83.0, 130.0, -7.0, -81.0, 114.0, -7.0, 205, 133, 63
L -81.0, 114.0, -7.0, -84.0, 102.0, -7.0, 205, 133, 63
L -84.0, 102.0, -7.0, -88.0, 89.0, -7.0, 205, 133, 63
L -88.0, 89.0, -7.0, -85.0, 74.0, -7.0, 205, 133, 63
L -85.0, 74.0, -7.0, -85.0, 61.0, -7.0, 205, 133, 63
L -85.0, 61.0, -7.0, -89.0, 54.0, -7.0, 205, 133, 63
L -89.0, 54.0, -7.0, -86.0, 42.0, -7.0, 205, 133, 63
L -86.0, 42.0, -7.0, -82.0, 30.0, -7.0, 205, 133, 63
L -82.0, 30.0, -7.0, -82.0, 20.0, -7.0, 205, 133, 63
L -82.0, 20.0, -7.0, -81.0, 9.0, -7.0, 205, 133, 63
L -81.0, 9.0, -7.0, -84.0, 0.0, -7.0, 205, 133, 63
L -84.0, 0.0, -7.0, -86.0, -11.0, -7.0, 205, 133, 63
L -86.0, -11.0, -7.0, -85.0, -24.0, -7.0, 205, 133, 63
L -85.0, -24.0, -7.0, -83.0, -36.0, -7.0, 205, 133, 63
L -83.0, -36.0, -7.0, -87.0, -45.0, -7.0, 205, 133, 63
L -87.0, -45.0, -7.0, -88.0, -53.0, -7.0, 205, 133, 63
L -88.0, -53.0, -7.0, -84.0, -65.0, -7.0, 205, 133, 63
L -84.0, -65.0, -7.0, -81.0, -80.0, -7.0, 205, 133, 63
L -81.0, -80.0, -7.0, -82.0, -94.0, -7.0, 205, 133, 63
L -82.0, -94.0, -7.0, -86.0, -104.0, -7.0, 205, 133, 63
L -86.0, -104.0, -7.0, -87.0, -117.0, -7.0, 205, 133, 63
L -87.0, -117.0, -7.0, -84.0, -130.0, -7.0, 205, 133, 63
L -84.0, -130.0, -7.0, -84.0, -140.0, -7.0, 205, 133, 63
L -84.0, -140.0, -7.0, -89.0, -151.0, -7.0, 205, 133, 63
L -89.0, -151.0, -7.0, -84.0, -161.0, -7.0, 205, 133, 63
L -84.0, -161.0, -7.0, -82.0, -173.0, -7.0, 205, 133, 63
L -82.0, -173.0, -7.0, -81.0, -186.0, -7.0, 205, 133, 63
L -81.0, -186.0, -7.0, -84.0, -199.0, -7.0, 205, 133, 63
L -84.0, -199.0, -7.0, -87.0, -210.0, -7.0, 205, 133, 63
L -87.0, -210.0, -7.0, -87.0, -221.0, -7.0, 205, 133, 63
L -87.0, -221.0, -7.0, -84.0, -231.0, -7.0, 205, 133, 63
L -84.0, -231.0, -7.0, -86.0, -240.0, -7.0, 205, 133, 63
L -86.0, -240.0, -7.0, -88.0, -254.0, -6.0, 205, 133, 63
L -88.0, -254.0, -6.0, -82.0, -270.0, -5.0, 205, 133, 63
L -82.0, -270.0, -5.0, -80.0, -283.0, -3.0, 205, 133, 63
L -80.0, -283.0, -3.0, -83.0, -298.0, -2.0, 205, 133, 63
L -83.0, -298.0, -2.0, -86.0, -314.0, -1.0, 205, 133, 63
L -86.0, -314.0, -1.0, -84.0, -325.0, 0.0, 205, 133, 63
L -84.0, -325.0, 0.0, -82.0, -337.0, 0.0, 205, 133, 63
L -82.0, -337.0, 0.0, -85.0, -342.0, 0.0, 205, 133, 63
L -85.0, -342.0, 0.0, -90.0, -351.0, 1.0, 205, 133, 63
L -90.0, -351.0, 1.0, -84.0, -360.0, 1.0, 205, 133, 63
L -84.0, -360.0, 1.0, -80.0, -374.0, 1.0, 205, 133, 63
L -80.0, -374.0, 1.0, -81.0, -384.0, 1.0, 205, 133, 63
L -81.0, -384.0, 1.0, -82.0, -397.0, 0.0, 205, 133, 63
L -82.0, -397.0, 0.0, -85.0, -408.0, 0.0, 205, 133, 63
L -85.0, -408.0, 0.0, -85.0, -420.0, -1.0, 205, 133, 63
L -85.0, -420.0, -1.0, -82.0, -436.0, -2.0, 205, 133, 63
L -82.0, -436.0, -2.0, -87.0, -444.0, -2.0, 205, 133, 63
L -87.0, -444.0, -2.0, -86.0, -455.0, -3.0, 205, 133, 63
L -86.0, -455.0, -3.0, -77.0, -456.0, -4.0, 205, 133, 63
L -77.0, -456.0, -4.0, -76.0, -462.0, -4.0, 205, 133, 63
L -76.0, -462.0, -4.0, -78.0, -474.0, -5.0, 205, 133, 63
L -78.0, -474.0, -5.0, -77.0, -484.0, -5.0, 205, 133, 63
L -77.0, -484.0, -5.0, -55.0, -482.0, -6.0, 205, 133, 63
L -55.0, -482.0, -6.0, -43.0, -480.0, -6.0, 205, 133, 63
L -43.0, -480.0, -6.0, -30.0, -484.0, -6.0, 205, 133, 63
L -30.0, -484.0, -6.0, -15.0, -486.0, -6.0, 205, 133, 63
L -15.0, -486.0, -6.0, -1.0, -484.0, -6.0, 205, 133, 63
L -1.0, -484.0, -6.0, 11.0, -483.0, -6.0, 205, 133, 63
L 11.0, -483.0, -6.0, 28.0, -479.0, -6.0, 205, 133, 63
L 28.0, -479.0, -6.0, 39.0, -483.0, -6.0, 205, 133, 63
L 39.0, -483.0, -6.0, 54.0, -480.0, -6.0, 205, 133, 63
L 54.0, -480.0, -6.0, 69.0, -484.0, -6.0, 205, 133, 63
L 69.0, -484.0, -6.0, 78.0, -486.0, -6.0, 205, 133, 63
L 78.0, -486.0, -6.0, 88.0, -488.0, -6.0, 205, 133, 63
L 88.0, -488.0, -6.0, 99.0, -489.0, -6.0, 205, 133, 63
L 99.0, -489.0, -6.0, 110.0, -493.0, -6.0, 205, 133, 63
L 110.0, -493.0, -6.0, 129.0, -487.0, -6.0, 205, 133, 63
L 129.0, -487.0, -6.0, 141.0, -481.0, -6.0, 205, 133, 63
L 141.0, -481.0, -6.0, 157.0, -480.0, -5.0, 205, 133, 63
L 157.0, -480.0, -5.0, 170.0, -484.0, -5.0, 205, 133, 63
L 170.0, -484.0, -5.0, 183.0, -484.0, -6.0, 205, 133, 63
L 183.0, -484.0, -6.0, 201.0, -487.0, -6.0, 205, 133, 63
L 201.0, -487.0, -6.0, 217.0, -482.0, -6.0, 205, 133, 63
L 217.0, -482.0, -6.0, 237.0, -482.0, -6.0, 205, 133, 63
L 237.0, -482.0, -6.0, 255.0, -480.0, -6.0, 205, 133, 63
L 255.0, -480.0, -6.0, 274.0, -484.0, -5.0, 205, 133, 63
L 274.0, -484.0, -5.0, 292.0, -485.0, -5.0, 205, 133, 63
L 292.0, -485.0, -5.0, 311.0, -490.0, -5.0, 205, 133, 63
L 311.0, -490.0, -5.0, 324.0, -497.0, -5.0, 205, 133, 63
L 324.0, -497.0, -5.0, 330.0, -509.0, -5.0, 205, 133, 63
L 330.0, -509.0, -5.0, 337.0, -518.0, -5.0, 205, 133, 63
L 337.0, -518.0, -5.0, 347.0, -529.0, -5.0, 205, 133, 63
L 347.0, -529.0, -5.0, 352.0, -538.0, -5.0, 205, 133, 63
L 352.0, -538.0, -5.0, 365.0, -545.0, -5.0, 205, 133, 63
L 365.0, -545.0, -5.0, 380.0, -553.0, -5.0, 205, 133, 63
L 380.0, -553.0, -5.0, 390.0, -564.0, -3.0, 205, 133, 63
L 390.0, -564.0, -3.0, 401.0, -579.0, -2.0, 205, 133, 63
L 401.0, -579.0, -2.0, 414.0, -587.0, -1.0, 205, 133, 63
L 414.0, -587.0, -1.0, 426.0, -595.0, 0.0, 205, 133, 63
L 426.0, -595.0, 0.0, 440.0, -610.0, 3.0, 205, 133, 63
L 440.0, -610.0, 3.0, 448.0, -623.0, 5.0, 205, 133, 63
L 448.0, -623.0, 5.0, 448.0, -632.0, 6.0, 205, 133, 63
L 448.0, -632.0, 6.0, 444.0, -637.0, 6.0, 205, 133, 63
L 444.0, -637.0, 6.0, 433.0, -645.0, 7.0, 205, 133, 63
L 433.0, -645.0, 7.0, 422.0, -642.0, 6.0, 205, 133, 63
L 422.0, -642.0, 6.0, 414.0, -634.0, 5.0, 205, 133, 63
L 414.0, -634.0, 5.0, 407.0, -625.0, 3.0, 205, 133, 63
L 407.0, -625.0, 3.0, 399.0, -611.0, 1.0, 205, 133, 63
L 399.0, -611.0, 1.0, 388.0, -601.0, 0.0, 205, 133, 63
L 388.0, -601.0, 0.0, 381.0, -594.0, 0.0, 205, 133, 63
L 381.0, -594.0, 0.0, 363.0, -580.0, -2.0, 205, 133, 63
L 363.0, -580.0, -2.0, 354.0, -572.0, -3.0, 205, 133, 63
L 354.0, -572.0, -3.0, 350.0, -561.0, -4.0, 205, 133, 63
L 350.0, -561.0, -4.0, 335.0, -550.0, -5.0, 205, 133, 63
L 335.0, -550.0, -5.0, 328.0, -539.0, -5.0, 205, 133, 63
L 328.0, -539.0, -5.0, 319.0, -532.0, -5.0, 205, 133, 63
L 319.0, -532.0, -5.0, 316.0, -523.0, -5.0, 205, 133, 63
L 316.0, -523.0, -5.0, 312.0, -513.0, -5.0, 205, 133, 63
L 312.0, -513.0, -5.0, 296.0, -510.0, -5.0, 205, 133, 63
L 296.0, -510.0, -5.0, 282.0, -511.0, -5.0, 205, 133, 63
L 282.0, -511.0, -5.0, 265.0, -514.0, -5.0, 205, 133, 63
L 265.0, -514.0, -5.0, 250.0, -513.0, -5.0, 205, 133, 63
L 250.0, -513.0, -5.0, 237.0, -514.0, -5.0, 205, 133, 63
L 237.0, -514.0, -5.0, 225.0, -516.0, -5.0, 205, 133, 63
L 225.0, -516.0, -5.0, 211.0, -516.0, -5.0, 205, 133, 63
L 211.0, -516.0, -5.0, 201.0, -514.0, -5.0, 205, 133, 63
L 201.0, -514.0, -5.0, 190.0, -511.0, -5.0, 205, 133, 63
L 190.0, -511.0, -5.0, 175.0, -513.0, -5.0, 205, 133, 63
L 175.0, -513.0, -5.0, 163.0, -514.0, -5.0, 205, 133, 63
L 163.0, -514.0, -5.0, 152.0, -510.0, -5.0, 205, 133, 63
L 152.0, -510.0, -5.0, 135.0, -516.0, -5.0, 205, 133, 63
L 135.0, -516.0, -5.0, 122.0, -516.0, -6.0, 205, 133, 63
L 122.0, -516.0, -6.0, 110.0, -515.0, -6.0, 205, 133, 63
L 110.0, -515.0, -6.0, 98.0, -514.0, -6.0, 205, 133, 63
L 98.0, -514.0, -6.0, 82.0, -511.0, -6.0, 205, 133, 63
L 82.0, -511.0, -6.0, 68.0, -514.0, -6.0, 205, 133, 63
L 68.0, -514.0, -6.0, 53.0, -511.0, -6.0, 205, 133, 63
L 53.0, -511.0, -6.0, 37.0, -515.0, -6.0, 205, 133, 63
L 37.0, -515.0, -6.0, 22.0, -516.0, -6.0, 205, 133, 63
L 22.0, -516.0, -6.0, 6.0, -515.0, -6.0, 205, 133, 63
L 6.0, -515.0, -6.0, -9.0, -512.0, -6.0, 205, 133, 63
L -9.0, -512.0, -6.0, -25.0, -513.0, -6.0, 205, 133, 63
L -25.0, -513.0, -6.0, -36.0, -516.0, -6.0, 205, 133, 63
L -36.0, -516.0, -6.0, -49.0, -518.0, -6.0, 205, 133, 63
L -49.0, -518.0, -6.0, -69.0, -519.0, -5.0, 205, 133, 63
L -69.0, -519.0, -5.0, -77.0, -529.0, -5.0, 205, 133, 63
L -77.0, -529.0, -5.0, -83.0, -554.0, -5.0, 205, 133, 63
L -83.0, -554.0, -5.0, -83.0, -563.0, -5.0, 205, 133, 63
L -83.0, -563.0, -5.0, -81.0, -577.0, -5.0, 205, 133, 63
L -81.0, -577.0, -5.0, -82.0, -590.0, -6.0, 205, 133, 63
L -82.0, -590.0, -6.0, -86.0, -604.0, -5.0, 205, 133, 63
L -86.0, -604.0, -5.0, -88.0, -621.0, -5.0, 205, 133, 63
L -88.0, -621.0, -5.0, -84.0, -634.0, -5.0, 205, 133, 63
L -150.0, -1164.0, 0.0, -151.0, -1176.0, 0.0, 205, 133, 63
L -151.0, -1176.0, 0.0, -165.0, -1195.0, 0.0, 205, 133, 63
L -165.0, -1195.0, 0.0, -183.0, -1210.0, 0.0, 205, 133, 63
L -183.0, -1210.0, 0.0, -196.0, -1219.0, 0.0, 205, 133, 63
L -196.0, -1219.0, 0.0, -206.0, -1230.0, 0.0, 205, 133, 63
L -206.0, -1230.0, 0.0, -212.0, -1242.0, 0.0, 205, 133, 63
L -212.0, -1242.0, 0.0, -221.0, -1248.0, 0.0, 205, 133, 63
L -221.0, -1248.0, 0.0, -245.0, -1267.0, -3.0, 205, 133, 63
L -245.0, -1267.0, -3.0, -251.0, -1279.0, -3.0, 205, 133, 63
L -251.0, -1279.0, -3.0, -266.0, -1297.0, -3.0, 205, 133, 63
L -266.0, -1297.0, -3.0, -280.0, -1309.0, -4.0, 205, 133, 63
L -280.0, -1309.0, -4.0, -296.0, -1320.0, -4.0, 205, 133, 63
L -296.0, -1320.0, -4.0, -305.0, -1331.0, -5.0, 205, 133, 63
L -305.0, -1331.0, -5.0, -319.0, -1343.0, -5.0, 205, 133, 63
L -319.0, -1343.0, -5.0, -332.0, -1347.0, -6.0, 205, 133, 63
L -332.0, -1347.0, -6.0, -343.0, -1357.0, -6.0, 205, 133, 63
L -343.0, -1357.0, -6.0, -354.0, -1367.0, -5.0, 205, 133, 63
L -354.0, -1367.0, -5.0, -364.0, -1377.0, -4.0, 205, 133, 63
L -364.0, -1377.0, -4.0, -378.0, -1392.0, -4.0, 205, 133, 63
L -378.0, -1392.0, -4.0, -382.0, -1410.0, -2.0, 205, 133, 63
L -382.0, -1410.0, -2.0, -381.0, -1432.0, 0.0, 205, 133, 63
L -381.0, -1432.0, 0.0, -383.0, -1446.0, 0.0, 205, 133, 63
L -383.0, -1446.0, 0.0, -386.0, -1468.0, 1.0, 205, 133, 63
L -386.0, -1468.0, 1.0, -387.0, -1485.0, 1.0, 205, 133, 63
L -387.0, -1485.0, 1.0, -376.0, -1498.0, 0.0, 205, 133, 63
L -376.0, -1498.0, 0.0, -367.0, -1513.0, -1.0, 205, 133, 63
L -367.0, -1513.0, -1.0, -356.0, -1528.0, -3.0, 205, 133, 63
L -356.0, -1528.0, -3.0, -346.0, -1542.0, -5.0, 205, 133, 63
L -346.0, -1542.0, -5.0, -332.0, -1553.0, -3.0, 205, 133, 63
L -332.0, -1553.0, -3.0, -312.0, -1566.0, 0.0, 205, 133, 63
L -312.0, -1566.0, 0.0, -298.0, -1574.0, 2.0, 205, 133, 63
L -298.0, -1574.0, 2.0, -286.0, -1588.0, 4.0, 205, 133, 63
L -286.0, -1588.0, 4.0, -283.0, -1601.0, 6.0, 205, 133, 63
L -283.0, -1601.0, 6.0, -284.0, -1620.0, 7.0, 205, 133, 63
L -284.0, -1620.0, 7.0, -282.0, -1633.0, 9.0, 205, 133, 63
L -282.0, -1633.0, 9.0, -286.0, -1647.0, 9.0, 205, 133, 63
L -286.0, -1647.0, 9.0, -284.0, -1661.0, 9.0, 205, 133, 63
L -284.0, -1661.0, 9.0, -281.0, -1677.0, 10.0, 205, 133, 63
L -281.0, -1677.0, 10.0, -282.0, -1694.0, 11.0, 205, 133, 63
L -282.0, -1694.0, 11.0, -286.0, -1705.0, 11.0, 205, 133, 63
L -286.0, -1705.0, 11.0, -287.0, -1719.0, 12.0, 205, 133, 63
L -287.0, -1719.0, 12.0, -283.0, -1733.0, 14.0, 205, 133, 63
L -283.0, -1733.0, 14.0, -287.0, -1744.0, 14.0, 205, 133, 63
L -287.0, -1744.0, 14.0, -289.0, -1757.0, 14.0, 205, 133, 63
L -289.0, -1757.0, 14.0, -281.0, -1771.0, 17.0, 205, 133, 63
L -281.0, -1771.0, 17.0, -282.0, -1784.0, 16.0, 205, 133, 63
L -282.0, -1784.0, 16.0, -281.0, -1797.0, 16.0, 205, 133, 63
L -281.0, -1797.0, 16.0, -286.0, -1813.0, 14.0, 205, 133, 63
L -286.0, -1813.0, 14.0, -283.0, -1830.0, 14.0, 205, 133, 63
L -283.0, -1830.0, 14.0, -283.0, -1845.0, 13.0, 205, 133, 63
L -283.0, -1845.0, 13.0, -283.0, -1863.0, 14.0, 205, 133, 63
L -283.0, -1863.0, 14.0, -281.0, -1883.0, 15.0, 205, 133, 63
L -281.0, -1883.0, 15.0, -285.0, -1904.0, 13.0, 205, 133, 63
L -285.0, -1904.0, 13.0, -282.0, -1924.0, 12.0, 205, 133, 63
L -282.0, -1924.0, 12.0, -282.0, -1938.0, 11.0, 205, 133, 63
L -282.0, -1938.0, 11.0, -285.0, -1953.0, 9.0, 205, 133, 63
L -285.0, -1953.0, 9.0, -280.0, -1969.0, 9.0, 205, 133, 63
L -280.0, -1969.0, 9.0, -280.0, -1984.0, 8.0, 205, 133, 63
L -280.0, -1984.0, 8.0, -281.0, -1997.0, 7.0, 205, 133, 63
L -281.0, -1997.0, 7.0, -286.0, -2013.0, 5.0, 205, 133, 63
L -286.0, -2013.0, 5.0, -282.0, -2031.0, 4.0, 205, 133, 63
L -282.0, -2031.0, 4.0, -286.0, -2053.0, 3.0, 205, 133, 63
L -286.0, -2053.0, 3.0, -282.0, -2068.0, 4.0, 205, 133, 63
L -282.0, -2068.0, 4.0, -287.0, -2088.0, 4.0, 205, 133, 63
L -287.0, -2088.0, 4.0, -283.0, -2100.0, 4.0, 205, 133, 63
L -283.0, -2100.0, 4.0, -289.0, -2112.0, 4.0, 205, 133, 63
L -289.0, -2112.0, 4.0, -284.0, -2129.0, 4.0, 205, 133, 63
L -284.0, -2129.0, 4.0, -285.0, -2143.0, 3.0, 205, 133, 63
L -285.0, -2143.0, 3.0, -290.0, -2152.0, 3.0, 205, 133, 63
L -290.0, -2152.0, 3.0, -283.0, -2166.0, 2.0, 205, 133, 63
L -283.0, -2166.0, 2.0, -281.0, -2179.0, 1.0, 205, 133, 63
L -281.0, -2179.0, 1.0, -283.0, -2191.0, 0.0, 205, 133, 63
L -283.0, -2191.0, 0.0, -286.0, -2205.0, 0.0, 205, 133, 63
L -286.0, -2205.0, 0.0, -287.0, -2219.0, 0.0, 205, 133, 63
L -287.0, -2219.0, 0.0, -282.0, -2233.0, 1.0, 205, 133, 63
L -282.0, -2233.0, 1.0, -286.0, -2250.0, 0.0, 205, 133, 63
L -286.0, -2250.0, 0.0, -283.0, -2267.0, 0.0, 205, 133, 63
L -283.0, -2267.0, 0.0, -283.0, -2283.0, 0.0, 205, 133, 63
L -283.0, -2283.0, 0.0, -285.0, -2315.0, -1.0, 205, 133, 63
L -285.0, -2315.0, -1.0, -283.0, -2329.0, -3.0, 205, 133, 63
L -283.0, -2329.0, -3.0, -277.0, -2348.0, -4.0, 205, 133, 63
L -277.0, -2348.0, -4.0, -279.0, -2362.0, -3.0, 205, 133, 63
L -279.0, -2362.0, -3.0, -278.0, -2374.0, -2.0, 205, 133, 63
L -278.0, -2374.0, -2.0, -273.0, -2396.0, 0.0, 205, 133, 63
L -273.0, -2396.0, 0.0, -261.0, -2410.0, 0.0, 205, 133, 63
L -261.0, -2410.0, 0.0, -250.0, -2424.0, 0.0, 205, 133, 63
L -250.0, -2424.0, 0.0, -248.0, -2440.0, 2.0, 205, 133, 63
L -248.0, -2440.0, 2.0, -235.0, -2449.0, 1.0, 205, 133, 63
L -235.0, -2449.0, 1.0, -213.0, -2455.0, 0.0, 205, 133, 63
L -213.0, -2455.0, 0.0, -206.0, -2469.0, 0.0, 205, 133, 63
L -206.0, -2469.0, 0.0, -180.0, -2489.0, -2.0, 205, 133, 63
L -180.0, -2489.0, -2.0, -152.0, -2521.0, -6.0, 205, 133, 63
L -152.0, -2521.0, -6.0, -145.0, -2539.0, -6.0, 205, 133, 63
L -145.0, -2539.0, -6.0, -133.0, -2551.0, -6.0, 205, 133, 63
L -133.0, -2551.0, -6.0, -115.0, -2563.0, -6.0, 205, 133, 63
L -115.0, -2563.0, -6.0, -100.0, -2572.0, -5.0, 205, 133, 63
L -100.0, -2572.0, -5.0, -91.0, -2584.0, -5.0, 205, 133, 63
L -91.0, -2584.0, -5.0, -84.0, -2601.0, -5.0, 205, 133, 63
L -84.0, -2601.0, -5.0, -84.0, -2618.0, -4.0, 205, 133, 63
L -84.0, -2618.0, -4.0, -81.0, -2634.0, -4.0, 205, 133, 63
L -81.0, -2634.0, -4.0, -83.0, -2651.0, -4.0, 205, 133, 63
L -83.0, -2651.0, -4.0, -81.0, -2667.0, -3.0, 205, 133, 63
L -81.0, -2667.0, -3.0, -79.0, -2682.0, -2.0, 205, 133, 63
L -79.0, -2682.0, -2.0, -83.0, -2699.0, -2.0, 205, 133, 63
L -83.0, -2699.0, -2.0, -86.0, -2720.0, -3.0, 205, 133, 63
L -86.0, -2720.0, -3.0, -83.0, -2734.0, -4.0, 205, 133, 63
L -83.0, -2734.0, -4.0, -85.0, -2748.0, -4.0, 205, 133, 63
L -85.0, -2748.0, -4.0, -81.0, -2764.0, -4.0, 205, 133, 63
L -81.0, -2764.0, -4.0, -81.0, -2781.0, -4.0, 205, 133, 63
L -81.0, -2781.0, -4.0, -84.0, -2800.0, -3.0, 205, 133, 63
L -84.0, -2800.0, -3.0, -86.0, -2821.0, -1.0, 205, 133, 63
L -86.0, -2821.0, -1.0, -85.0, -2839.0, 0.0, 205, 133, 63
L -85.0, -2839.0, 0.0, -85.0, -2857.0, 1.0, 205, 133, 63
L -85.0, -2857.0, 1.0, -81.0, -2877.0, 1.0, 205, 133, 63
L -81.0, -2877.0, 1.0, -83.0, -2899.0, 1.0, 205, 133, 63
L -83.0, -2899.0, 1.0, -86.0, -2919.0, 1.0, 205, 133, 63
L -86.0, -2919.0, 1.0, -84.0, -2940.0, 1.0, 205, 133, 63
L -84.0, -2940.0, 1.0, -85.0, -2953.0, 1.0, 205, 133, 63
L -85.0, -2953.0, 1.0, -80.0, -2973.0, 0.0, 205, 133, 63
L -80.0, -2973.0, 0.0, -83.0, -2994.0, 0.0, 205, 133, 63
L -83.0, -2994.0, 0.0, -88.0, -3014.0, 0.0, 205, 133, 63
L -88.0, -3014.0, 0.0, -84.0, -3032.0, 0.0, 205, 133, 63
L -84.0, -3032.0, 0.0, -87.0, -3047.0, 0.0, 205, 133, 63
L -87.0, -3047.0, 0.0, -82.0, -3059.0, 0.0, 205, 133, 63
L -82.0, -3059.0, 0.0, -81.0, -3070.0, 0.0, 205, 133, 63
L -81.0, -3070.0, 0.0, -84.0, -3088.0, 0.0, 205, 133, 63
L -84.0, -3088.0, 0.0, -85.0, -3106.0, -1.0, 205, 133, 63
L -85.0, -3106.0, -1.0, -96.0, -3122.0, -2.0, 205, 133, 63
L -96.0, -3122.0, -2.0, -110.0, -3129.0, -3.0, 205, 133, 63
L -110.0, -3129.0, -3.0, -132.0, -3146.0, -5.0, 205, 133, 63
L -132.0, -3146.0, -5.0, -146.0, -3169.0, -6.0, 205, 133, 63
L -146.0, -3169.0, -6.0, -154.0, -3184.0, -6.0, 205, 133, 63
L -154.0, -3184.0, -6.0, -164.0, -3195.0, -6.0, 205, 133, 63
L -164.0, -3195.0, -6.0, -182.0, -3209.0, -6.0, 205, 133, 63
L -182.0, -3209.0, -6.0, -204.0, -3225.0, -5.0, 205, 133, 63
L -204.0, -3225.0, -5.0, -212.0, -3238.0, -5.0, 205, 133, 63
L -212.0, -3238.0, -5.0, -221.0, -3243.0, -5.0, 205, 133, 63
L -221.0, -3243.0, -5.0, -233.0, -3248.0, -5.0, 205, 133, 63
L -233.0, -3248.0, -5.0, -250.0, -3273.0, -5.0, 205, 133, 63
L -250.0, -3273.0, -5.0, -260.0, -3290.0, -4.0, 205, 133, 63
L -260.0, -3290.0, -4.0, -272.0, -3303.0, -4.0, 205, 133, 63
L -272.0, -3303.0, -4.0, -286.0, -3311.0, -3.0, 205, 133, 63
L -286.0, -3311.0, -3.0, -304.0, -3326.0, -2.0, 205, 133, 63
L -304.0, -3326.0, -2.0, -315.0, -3340.0, -2.0, 205, 133, 63
L -315.0, -3340.0, -2.0, -329.0, -3346.0, -1.0, 205, 133, 63
L -329.0, -3346.0, -1.0, -347.0, -3359.0, 0.0, 205, 133, 63
L -347.0, -3359.0, 0.0, -357.0, -3373.0, 0.0, 205, 133, 63
L -357.0, -3373.0, 0.0, -369.0, -3385.0, 1.0, 205, 133, 63
L -369.0, -3385.0, 1.0, -390.0, -3386.0, 3.0, 205, 133, 63
L -390.0, -3386.0, 3.0, -393.0, -3400.0, 4.0, 205, 133, 63
L -393.0, -3400.0, 4.0, -387.0, -3418.0, 2.0, 205, 133, 63
L -387.0, -3418.0, 2.0, -386.0, -3435.0, 1.0, 205, 133, 63
L -386.0, -3435.0, 1.0, -382.0, -3451.0, 0.0, 205, 133, 63
L -382.0, -3451.0, 0.0, -379.0, -3473.0, 2.0, 205, 133, 63
L -379.0, -3473.0, 2.0, -381.0, -3491.0, 3.0, 205, 133, 63
L -381.0, -3491.0, 3.0, -386.0, -3509.0, 4.0, 205, 133, 63
L -386.0, -3509.0, 4.0, -385.0, -3533.0, 3.0, 205, 133, 63
L -385.0, -3533.0, 3.0, -388.0, -3546.0, 3.0, 205, 133, 63
L -388.0, -3546.0, 3.0, -385.0, -3565.0, 0.0, 205, 133, 63
L -385.0, -3565.0, 0.0, -380.0, -3586.0, -6.0, 205, 133, 63
L -380.0, -3586.0, -6.0, -385.0, -3602.0, -5.0, 205, 133, 63
L -385.0, -3602.0, -5.0, -384.0, -3621.0, -5.0, 205, 133, 63
L -384.0, -3621.0, -5.0, -384.0, -3639.0, -5.0, 205, 133, 63
L -384.0, -3639.0, -5.0, -388.0, -3654.0, -5.0, 205, 133, 63
L -388.0, -3654.0, -5.0, -381.0, -3668.0, -6.0, 205, 133, 63
L -381.0, -3668.0, -6.0, -381.0, -3688.0, -6.0, 205, 133, 63
L -381.0, -3688.0, -6.0, -385.0, -3706.0, -5.0, 205, 133, 63
L -385.0, -3706.0, -5.0, -385.0, -3723.0, -4.0, 205, 133, 63
L -385.0, -3723.0, -4.0, -383.0, -3738.0, -3.0, 205, 133, 63
L -383.0, -3738.0, -3.0, -390.0, -3745.0, -3.0, 205, 133, 63
L -390.0, -3745.0, -3.0, -386.0, -3757.0, -2.0, 205, 133, 63
L -386.0, -3757.0, -2.0, -381.0, -3773.0, 0.0, 205, 133, 63
L -381.0, -3773.0, 0.0, -382.0, -3799.0, 0.0, 205, 133, 63
L -382.0, -3799.0, 0.0, -385.0, -3822.0, 0.0, 205, 133, 63
L -385.0, -3822.0, 0.0, -384.0, -3841.0, 0.0, 205, 133, 63
L -384.0, -3841.0, 0.0, -389.0, -3855.0, 0.0, 205, 133, 63
L -389.0, -3855.0, 0.0, -382.0, -3868.0, -1.0, 205, 133, 63
L -382.0, -3868.0, -1.0, -382.0, -3892.0, -2.0, 205, 133, 63
L -382.0, -3892.0, -2.0, -386.0, -3904.0, -2.0, 205, 133, 63
L -386.0, -3904.0, -2.0, -385.0, -3924.0, -1.0, 205, 133, 63
L -385.0, -3924.0, -1.0, -385.0, -3940.0, -1.0, 205, 133, 63
L -385.0, -3940.0, -1.0, -387.0, -3954.0, -1.0, 205, 133, 63
L -387.0, -3954.0, -1.0, -379.0, -3974.0, -1.0, 205, 133, 63
L -379.0, -3974.0, -1.0, -383.0, -3990.0, -1.0, 205, 133, 63
L -383.0, -3990.0, -1.0, -390.0, -4010.0, -2.0, 205, 133, 63
L -390.0, -4010.0, -2.0, -388.0, -4023.0, -3.0, 205, 133, 63
L -388.0, -4023.0, -3.0, -381.0, -4040.0, -4.0, 205, 133, 63
L -381.0, -4040.0, -4.0, -383.0, -4052.0, -4.0, 205, 133, 63
L -383.0, -4052.0, -4.0, -385.0, -4068.0, -3.0, 205, 133, 63
L -385.0, -4068.0, -3.0, -388.0, -4084.0, -2.0, 205, 133, 63
L -388.0, -4084.0, -2.0, -375.0, -4102.0, -3.0, 205, 133, 63
L -375.0, -4102.0, -3.0, -360.0, -4120.0, -5.0, 205, 133, 63
L -360.0, -4120.0, -5.0, -343.0, -4144.0, -6.0, 205, 133, 63
L -343.0, -4144.0, -6.0, -323.0, -4152.0, -5.0, 205, 133, 63
L -323.0, -4152.0, -5.0, -310.0, -4164.0, -4.0, 205, 133, 63
L -310.0, -4164.0, -4.0, -296.0, -4181.0, -4.0, 205, 133, 63
L -296.0, -4181.0, -4.0, -271.0, -4199.0, -3.0, 205, 133, 63
L -271.0, -4199.0, -3.0, -257.0, -4214.0, -3.0, 205, 133, 63
L -257.0, -4214.0, -3.0, -246.0, -4242.0, -3.0, 205, 133, 63
L -246.0, -4242.0, -3.0, -234.0, -4253.0, -3.0, 205, 133, 63
L -234.0, -4253.0, -3.0, -209.0, -4269.0, -5.0, 205, 133, 63
L -209.0, -4269.0, -5.0, -195.0, -4278.0, -6.0, 205, 133, 63
L -195.0, -4278.0, -6.0, -185.0, -4293.0, -7.0, 205, 133, 63
L -185.0, -4293.0, -7.0, -187.0, -4306.0, -7.0, 205, 133, 63
L -187.0, -4306.0, -7.0, -184.0, -4321.0, -7.0, 205, 133, 63
L -184.0, -4321.0, -7.0, -179.0, -4334.0, -7.0, 205, 133, 63
L -179.0, -4334.0, -7.0, -183.0, -4345.0, -7.0, 205, 133, 63
L -183.0, -4345.0, -7.0, -184.0, -4360.0, -6.0, 205, 133, 63
L -184.0, -4360.0, -6.0, -179.0, -4381.0, -6.0, 205, 133, 63
L -179.0, -4381.0, -6.0, -184.0, -4402.0, -6.0, 205, 133, 63
L -184.0, -4402.0, -6.0, -187.0, -4421.0, -6.0, 205, 133, 63
L -187.0, -4421.0, -6.0, -184.0, -4445.0, -6.0, 205, 133, 63
L -184.0, -4445.0, -6.0, -183.0, -4463.0, -5.0, 205, 133, 63
L -183.0, -4463.0, -5.0, -178.0, -4481.0, -4.0, 205, 133, 63
L -178.0, -4481.0, -4.0, -183.0, -4498.0, -3.0, 205, 133, 63
L -183.0, -4498.0, -3.0, -186.0, -4511.0, -3.0, 205, 133, 63
L -186.0, -4511.0, -3.0, -185.0, -4523.0, -3.0, 205, 133, 63
L -185.0, -4523.0, -3.0, -185.0, -4541.0, -3.0, 205, 133, 63
L -185.0, -4541.0, -3.0, -191.0, -4550.0, -2.0, 205, 133, 63
L -191.0, -4550.0, -2.0, -182.0, -4566.0, -4.0, 205, 133, 63
L -182.0, -4566.0, -4.0, -181.0, -4589.0, -5.0, 205, 133, 63
L -181.0, -4589.0, -5.0, -186.0, -4607.0, -5.0, 205, 133, 63
L -186.0, -4607.0, -5.0, -186.0, -4624.0, -5.0, 205, 133, 63
L -186.0, -4624.0, -5.0, -187.0, -4640.0, -5.0, 205, 133, 63
L -187.0, -4640.0, -5.0, -184.0, -4657.0, -5.0, 205, 133, 63
L -184.0, -4657.0, -5.0, -181.0, -4675.0, -6.0, 205, 133, 63
L -181.0, -4675.0, -6.0, -184.0, -4697.0, -6.0, 205, 133, 63
L -184.0, -4697.0, -6.0, -187.0, -4718.0, -6.0, 205, 133, 63
L -187.0, -4718.0, -6.0, -186.0, -4740.0, -6.0, 205, 133, 63
L -186.0, -4740.0, -6.0, -183.0, -4761.0, -6.0, 205, 133, 63
L -183.0, -4761.0, -6.0, -179.0, -4782.0, -6.0, 205, 133, 63
L -179.0, -4782.0, -6.0, -186.0, -4810.0, -6.0, 205, 133, 63
L -186.0, -4810.0, -6.0, -184.0, -4832.0, -6.0, 205, 133, 63
L -184.0, -4832.0, -6.0, -187.0, -4845.0, -6.0, 205, 133, 63
L -187.0, -4845.0, -6.0, -184.0, -4860.0, -6.0, 205, 133, 63
L -184.0, -4860.0, -6.0, -181.0, -4880.0, -6.0, 205, 133, 63
L -181.0, -4880.0, -6.0, -186.0, -4898.0, -6.0, 205, 133, 63
L -186.0, -4898.0, -6.0, -189.0, -4919.0, -6.0, 205, 133, 63
L -189.0, -4919.0, -6.0, -185.0, -4933.0, -6.0, 205, 133, 63
L -185.0, -4933.0, -6.0, -188.0, -4946.0, -6.0, 205, 133, 63
L -188.0, -4946.0, -6.0, -183.0, -4960.0, -6.0, 205, 133, 63
L -183.0, -4960.0, -6.0, -180.0, -4973.0, -6.0, 205, 133, 63
L -180.0, -4973.0, -6.0, -187.0, -4996.0, -6.0, 205, 133, 63
L -187.0, -4996.0, -6.0, -183.0, -5010.0, -6.0, 205, 133, 63
L -183.0, -5010.0, -6.0, -181.0, -5028.0, -6.0, 205, 133, 63
L -181.0, -5028.0, -6.0, -182.0, -5045.0, -6.0, 205, 133, 63
L -182.0, -5045.0, -6.0, -191.0, -5051.0, -6.0, 205, 133, 63
L -191.0, -5051.0, -6.0, -202.0, -5049.0, -6.0, 205, 133, 63
L -202.0, -5049.0, -6.0, -211.0, -5039.0, -6.0, 205, 133, 63
L -211.0, -5039.0, -6.0, -214.0, -5023.0, -6.0, 205, 133, 63
L -214.0, -5023.0, -6.0, -213.0, -5006.0, -6.0, 205, 133, 63
L -213.0, -5006.0, -6.0, -208.0, -4990.0, -6.0, 205, 133, 63
L -208.0, -4990.0, -6.0, -215.0, -4972.0, -6.0, 205, 133, 63
L -215.0, -4972.0, -6.0, -215.0, -4955.0, -6.0, 205, 133, 63
L -215.0, -4955.0, -6.0, -213.0, -4935.0, -6.0, 205, 133, 63
L -213.0, -4935.0, -6.0, -210.0, -4917.0, -6.0, 205, 133, 63
L -210.0, -4917.0, -6.0, -209.0, -4901.0, -6.0, 205, 133, 63
L -209.0, -4901.0, -6.0, -209.0, -4884.0, -6.0, 205, 133, 63
L -209.0, -4884.0, -6.0, -215.0, -4866.0, -6.0, 205, 133, 63
L -215.0, -4866.0, -6.0, -214.0, -4844.0, -6.0, 205, 133, 63
L -214.0, -4844.0, -6.0, -211.0, -4825.0, -6.0, 205, 133, 63
L -211.0, -4825.0, -6.0, -210.0, -4808.0, -6.0, 205, 133, 63
L -210.0, -4808.0, -6.0, -210.0, -4792.0, -6.0, 205, 133, 63
L -210.0, -4792.0, -6.0, -210.0, -4773.0, -6.0, 205, 133, 63
L -210.0, -4773.0, -6.0, -213.0, -4761.0, -6.0, 205, 133, 63
L -213.0, -4761.0, -6.0, -215.0, -4749.0, -6.0, 205, 133, 63
L -215.0, -4749.0, -6.0, -214.0, -4737.0, -6.0, 205, 133, 63
L -214.0, -4737.0, -6.0, -211.0, -4706.0, -6.0, 205, 133, 63
L -211.0, -4706.0, -6.0, -206.0, -4687.0, -6.0, 205, 133, 63
L -206.0, -4687.0, -6.0, -209.0, -4674.0, -5.0, 205, 133, 63
L -209.0, -4674.0, -5.0, -216.0, -4657.0, -4.0, 205, 133, 63
L -216.0, -4657.0, -4.0, -211.0, -4638.0, -3.0, 205, 133, 63
L -211.0, -4638.0, -3.0, -213.0, -4624.0, -3.0, 205, 133, 63
L -213.0, -4624.0, -3.0, -210.0, -4605.0, -3.0, 205, 133, 63
L -210.0, -4605.0, -3.0, -211.0, -4590.0, -2.0, 205, 133, 63
L -211.0, -4590.0, -2.0, -212.0, -4575.0, -2.0, 205, 133, 63
L -212.0, -4575.0, -2.0, -216.0, -4557.0, 0.0, 205, 133, 63
L -216.0, -4557.0, 0.0, -213.0, -4534.0, 0.0, 205, 133, 63
L -213.0, -4534.0, 0.0, -210.0, -4517.0, 0.0, 205, 133, 63
L -210.0, -4517.0, 0.0, -209.0, -4498.0, -2.0, 205, 133, 63
L -209.0, -4498.0, -2.0, -215.0, -4480.0, -3.0, 205, 133, 63
L -215.0, -4480.0, -3.0, -217.0, -4467.0, -5.0, 205, 133, 63
L -217.0, -4467.0, -5.0, -215.0, -4453.0, -6.0, 205, 133, 63
L -215.0, -4453.0, -6.0, -215.0, -4431.0, -6.0, 205, 133, 63
L -215.0, -4431.0, -6.0, -210.0, -4412.0, -6.0, 205, 133, 63
L -210.0, -4412.0, -6.0, -209.0, -4398.0, -6.0, 205, 133, 63
L -209.0, -4398.0, -6.0, -212.0, -4383.0, -6.0, 205, 133, 63
L -212.0, -4383.0, -6.0, -216.0, -4367.0, -6.0, 205, 133, 63
L -216.0, -4367.0, -6.0, -214.0, -4350.0, -6.0, 205, 133, 63
L -214.0, -4350.0, -6.0, -209.0, -4335.0, -7.0, 205, 133, 63
L -209.0, -4335.0, -7.0, -211.0, -4314.0, -7.0, 205, 133, 63
L -211.0, -4314.0, -7.0, -219.0, -4293.0, -6.0, 205, 133, 63
L -219.0, -4293.0, -6.0, -230.0, -4282.0, -5.0, 205, 133, 63
L -230.0, -4282.0, -5.0, -243.0, -4267.0, -4.0, 205, 133, 63
L -243.0, -4267.0, -4.0, -255.0, -4248.0, -3.0, 205, 133, 63
L -255.0, -4248.0, -3.0, -273.0, -4238.0, -3.0, 205, 133, 63
L -273.0, -4238.0, -3.0, -280.0, -4225.0, -4.0, 205, 133, 63
L -280.0, -4225.0, -4.0, -292.0, -4206.0, -4.0, 205, 133, 63
L -292.0, -4206.0, -4.0, -310.0, -4193.0, -4.0, 205, 133, 63
L -310.0, -4193.0, -4.0, -325.0, -4187.0, -5.0, 205, 133, 63
L -325.0, -4187.0, -5.0, -338.0, -4178.0, -6.0, 205, 133, 63
L -338.0, -4178.0, -6.0, -345.0, -4167.0, -6.0, 205, 133, 63
L -345.0, -4167.0, -6.0, -348.0, -4153.0, -6.0, 205, 133, 63
L -348.0, -4153.0, -6.0, -361.0, -4146.0, -5.0, 205, 133, 63
L -361.0, -4146.0, -5.0, -371.0, -4140.0, -4.0, 205, 133, 63
L -371.0, -4140.0, -4.0, -388.0, -4128.0, -2.0, 205, 133, 63
L -388.0, -4128.0, -2.0, -402.0, -4119.0, -1.0, 205, 133, 63
L -402.0, -4119.0, -1.0, -411.0, -4097.0, -1.0, 205, 133, 63
L -411.0, -4097.0, -1.0, -410.0, -4079.0, -2.0, 205, 133, 63
L -410.0, -4079.0, -2.0, -417.0, -4056.0, -3.0, 205, 133, 63
L -417.0, -4056.0, -3.0, -413.0, -4031.0, -3.0, 205, 133, 63
L -413.0, -4031.0, -3.0, -410.0, -4006.0, -2.0, 205, 133, 63
L -410.0, -4006.0, -2.0, -410.0, -3983.0, -2.0, 205, 133, 63
L -410.0, -3983.0, -2.0, -413.0, -3964.0, -2.0, 205, 133, 63
L -413.0, -3964.0, -2.0, -415.0, -3945.0, -2.0, 205, 133, 63
L -415.0, -3945.0, -2.0, -411.0, -3916.0, -2.0, 205, 133, 63
L -411.0, -3916.0, -2.0, -410.0, -3897.0, -2.0, 205, 133, 63
L -410.0, -3897.0, -2.0, -408.0, -3868.0, 0.0, 205, 133, 63
L -408.0, -3868.0, 0.0, -403.0, -3845.0, 0.0, 205, 133, 63
L -403.0, -3845.0, 0.0, -412.0, -3830.0, 1.0, 205, 133, 63
L -412.0, -3830.0, 1.0, -409.0, -3814.0, 1.0, 205, 133, 63
L -409.0, -3814.0, 1.0, -410.0, -3796.0, 0.0, 205, 133, 63
L -410.0, -3796.0, 0.0, -417.0, -3773.0, -2.0, 205, 133, 63
L -417.0, -3773.0, -2.0, -416.0, -3749.0, -5.0, 205, 133, 63
L -416.0, -3749.0, -5.0, -412.0, -3727.0, -6.0, 205, 133, 63
L -412.0, -3727.0, -6.0, -410.0, -3704.0, -6.0, 205, 133, 63
L -410.0, -3704.0, -6.0, -410.0, -3673.0, -5.0, 205, 133, 63
L -410.0, -3673.0, -5.0, -414.0, -3644.0, -5.0, 205, 133, 63
L -414.0, -3644.0, -5.0, -414.0, -3632.0, -5.0, 205, 133, 63
L -414.0, -3632.0, -5.0, -410.0, -3604.0, -3.0, 205, 133, 63
L -410.0, -3604.0, -3.0, -409.0, -3572.0, 3.0, 205, 133, 63
L -409.0, -3572.0, 3.0, -413.0, -3557.0, 8.0, 205, 133, 63
L -413.0, -3557.0, 8.0, -406.0, -3544.0, 8.0, 205, 133, 63
L -406.0, -3544.0, 8.0, -412.0, -3524.0, 10.0, 205, 133, 63
L -412.0, -3524.0, 10.0, -410.0, -3506.0, 10.0, 205, 133, 63
L -410.0, -3506.0, 10.0, -410.0, -3485.0, 7.0, 205, 133, 63
L -410.0, -3485.0, 7.0, -416.0, -3472.0, 7.0, 205, 133, 63
L -416.0, -3472.0, 7.0, -417.0, -3459.0, 6.0, 205, 133, 63
L -417.0, -3459.0, 6.0, -416.0, -3441.0, 5.0, 205, 133, 63
L -416.0, -3441.0, 5.0, -406.0, -3405.0, 5.0, 205, 133, 63
L -406.0, -3405.0, 5.0, -399.0, -3368.0, 0.0, 205, 133, 63
L -399.0, -3368.0, 0.0, -376.0, -3360.0, 0.0, 205, 133, 63
L -376.0, -3360.0, 0.0, -356.0, -3350.0, 0.0, 205, 133, 63
L -356.0, -3350.0, 0.0, -341.0, -3324.0, 1.0, 205, 133, 63
L -341.0, -3324.0, 1.0, -329.0, -3315.0, 0.0, 205, 133, 63
L -329.0, -3315.0, 0.0, -307.0, -3294.0, 0.0, 205, 133, 63
L -307.0, -3294.0, 0.0, -292.0, -3274.0, 0.0, 205, 133, 63
L -292.0, -3274.0, 0.0, -279.0, -3259.0, -1.0, 205, 133, 63
L -279.0, -3259.0, -1.0, -249.0, -3228.0, -2.0, 205, 133, 63
L -249.0, -3228.0, -2.0, -230.0, -3215.0, -3.0, 205, 133, 63
L -230.0, -3215.0, -3.0, -212.0, -3197.0, -4.0, 205, 133, 63
L -212.0, -3197.0, -4.0, -198.0, -3181.0, -3.0, 205, 133, 63
L -198.0, -3181.0, -3.0, -190.0, -3167.0, -3.0, 205, 133, 63
L -190.0, -3167.0, -3.0, -152.0, -3132.0, -5.0, 205, 133, 63
L -152.0, -3132.0, -5.0, -133.0, -3121.0, -4.0, 205, 133, 63
L -133.0, -3121.0, -4.0, -117.0, -3111.0, -3.0, 205, 133, 63
L -117.0, -3111.0, -3.0, -110.0, -3095.0, -2.0, 205, 133, 63
L -110.0, -3095.0, -2.0, -111.0, -3073.0, -2.0, 205, 133, 63
L -111.0, -3073.0, -2.0, -114.0, -3047.0, -2.0, 205, 133, 63
L -114.0, -3047.0, -2.0, -112.0, -3035.0, -2.0, 205, 133, 63
L -112.0, -3035.0, -2.0, -112.0, -3019.0, -2.0, 205, 133, 63
L -112.0, -3019.0, -2.0, -109.0, -3002.0, -1.0, 205, 133, 63
L -109.0, -3002.0, -1.0, -110.0, -2980.0, 0.0, 205, 133, 63
L -110.0, -2980.0, 0.0, -114.0, -2958.0, 0.0, 205, 133, 63
L -114.0, -2958.0, 0.0, -114.0, -2943.0, 0.0, 205, 133, 63
L -114.0, -2943.0, 0.0, -111.0, -2919.0, 0.0, 205, 133, 63
L -111.0, -2919.0, 0.0, -112.0, -2906.0, 0.0, 205, 133, 63
L -112.0, -2906.0, 0.0, -109.0, -2894.0, 0.0, 205, 133, 63
L -109.0, -2894.0, 0.0, -107.0, -2877.0, 0.0, 205, 133, 63
L -107.0, -2877.0, 0.0, -113.0, -2863.0, 0.0, 205, 133, 63
L -113.0, -2863.0, 0.0, -117.0, -2844.0, 0.0, 205, 133, 63
L -117.0, -2844.0, 0.0, -111.0, -2813.0, -3.0, 205, 133, 63
L -111.0, -2813.0, -3.0, -110.0, -2792.0, -3.0, 205, 133, 63
L -110.0, -2792.0, -3.0, -119.0, -2774.0, -3.0, 205, 133, 63
L -119.0, -2774.0, -3.0, -115.0, -2747.0, -3.0, 205, 133, 63
L -115.0, -2747.0, -3.0, -112.0, -2725.0, -2.0, 205, 133, 63
L -112.0, -2725.0, -2.0, -110.0, -2709.0, -2.0, 205, 133, 63
L -110.0, -2709.0, -2.0, -112.0, -2683.0, -3.0, 205, 133, 63
L -112.0, -2683.0, -3.0, -117.0, -2668.0, -4.0, 205, 133, 63
L -117.0, -2668.0, -4.0, -115.0, -2650.0, -5.0, 205, 133, 63
L -115.0, -2650.0, -5.0, -111.0, -2632.0, -5.0, 205, 133, 63
L -111.0, -2632.0, -5.0, -111.0, -2607.0, -6.0, 205, 133, 63
L -111.0, -2607.0, -6.0, -116.0, -2590.0, -6.0, 205, 133, 63
L -116.0, -2590.0, -6.0, -131.0, -2582.0, -6.0, 205, 133, 63
L -131.0, -2582.0, -6.0, -142.0, -2572.0, -6.0, 205, 133, 63
L -142.0, -2572.0, -6.0, -144.0, -2561.0, -6.0, 205, 133, 63
L -144.0, -2561.0, -6.0, -155.0, -2545.0, -6.0, 205, 133, 63
L -155.0, -2545.0, -6.0, -166.0, -2543.0, -5.0, 205, 133, 63
L -166.0, -2543.0, -5.0, -184.0, -2536.0, -3.0, 205, 133, 63
L -184.0, -2536.0, -3.0, -194.0, -2522.0, -2.0, 205, 133, 63
L -194.0, -2522.0, -2.0, -201.0, -2508.0, -1.0, 205, 133, 63
L -201.0, -2508.0, -1.0, -219.0, -2494.0, 0.0, 205, 133, 63
L -219.0, -2494.0, 0.0, -240.0, -2478.0, 1.0, 205, 133, 63
L -240.0, -2478.0, 1.0, -246.0, -2466.0, 2.0, 205, 133, 63
L -246.0, -2466.0, 2.0, -255.0, -2444.0, 2.0, 205, 133, 63
L -255.0, -2444.0, 2.0, -276.0, -2433.0, 1.0, 205, 133, 63
L -276.0, -2433.0, 1.0, -301.0, -2416.0, 1.0, 205, 133, 63
L -301.0, -2416.0, 1.0, -310.0, -2389.0, -1.0, 205, 133, 63
L -310.0, -2389.0, -1.0, -316.0, -2357.0, -4.0, 205, 133, 63
L -316.0, -2357.0, -4.0, -315.0, -2337.0, -4.0, 205, 133, 63
L -315.0, -2337.0, -4.0, -310.0, -2316.0, -2.0, 205, 133, 63
L -310.0, -2316.0, -2.0, -311.0, -2302.0, -2.0, 205, 133, 63
L -311.0, -2302.0, -2.0, -311.0, -2284.0, -2.0, 205, 133, 63
L -311.0, -2284.0, -2.0, -316.0, -2273.0, -2.0, 205, 133, 63
L -316.0, -2273.0, -2.0, -318.0, -2262.0, -2.0, 205, 133, 63
L -318.0, -2262.0, -2.0, -317.0, -2247.0, -2.0, 205, 133, 63
L -317.0, -2247.0, -2.0, -312.0, -2225.0, -2.0, 205, 133, 63
L -312.0, -2225.0, -2.0, -312.0, -2209.0, -1.0, 205, 133, 63
L -312.0, -2209.0, -1.0, -313.0, -2193.0, 0.0, 205, 133, 63
L -313.0, -2193.0, 0.0, -316.0, -2178.0, 0.0, 205, 133, 63
L -316.0, -2178.0, 0.0, -318.0, -2166.0, 1.0, 205, 133, 63
L -318.0, -2166.0, 1.0, -314.0, -2136.0, 2.0, 205, 133, 63
L -314.0, -2136.0, 2.0, -312.0, -2115.0, 3.0, 205, 133, 63
L -312.0, -2115.0, 3.0, -316.0, -2083.0, 1.0, 205, 133, 63
L -316.0, -2083.0, 1.0, -319.0, -2064.0, 0.0, 205, 133, 63
L -319.0, -2064.0, 0.0, -315.0, -2037.0, 0.0, 205, 133, 63
L -315.0, -2037.0, 0.0, -312.0, -2011.0, 3.0, 205, 133, 63
L -312.0, -2011.0, 3.0, -313.0, -1992.0, 3.0, 205, 133, 63
L -313.0, -1992.0, 3.0, -317.0, -1970.0, 4.0, 205, 133, 63
L -317.0, -1970.0, 4.0, -317.0, -1946.0, 5.0, 205, 133, 63
L -317.0, -1946.0, 5.0, -310.0, -1916.0, 8.0, 205, 133, 63
L -310.0, -1916.0, 8.0, -313.0, -1899.0, 8.0, 205, 133, 63
L -313.0, -1899.0, 8.0, -316.0, -1876.0, 6.0, 205, 133, 63
L -316.0, -1876.0, 6.0, -317.0, -1849.0, 4.0, 205, 133, 63
L -317.0, -1849.0, 4.0, -310.0, -1817.0, 8.0, 205, 133, 63
L -310.0, -1817.0, 8.0, -310.0, -1796.0, 8.0, 205, 133, 63
L -310.0, -1796.0, 8.0, -309.0, -1778.0, 8.0, 205, 133, 63
L -309.0, -1778.0, 8.0, -315.0, -1758.0, 6.0, 205, 133, 63
L -315.0, -1758.0, 6.0, -314.0, -1735.0, 5.0, 205, 133, 63
L -314.0, -1735.0, 5.0, -311.0, -1706.0, 4.0, 205, 133, 63
L -311.0, -1706.0, 4.0, -310.0, -1682.0, 4.0, 205, 133, 63
L -310.0, -1682.0, 4.0, -314.0, -1663.0, 3.0, 205, 133, 63
L -314.0, -1663.0, 3.0, -313.0, -1647.0, 3.0, 205, 133, 63
L -313.0, -1647.0, 3.0, -309.0, -1626.0, 2.0, 205, 133, 63
L -309.0, -1626.0, 2.0, -316.0, -1605.0, 0.0, 205, 133, 63
L -316.0, -1605.0, 0.0, -325.0, -1592.0, -1.0, 205, 133, 63
L -325.0, -1592.0, -1.0, -336.0, -1574.0, -3.0, 205, 133, 63
L -336.0, -1574.0, -3.0, -349.0, -1562.0, -5.0, 205, 133, 63
L -349.0, -1562.0, -5.0, -366.0, -1545.0, -4.0, 205, 133, 63
L -366.0, -1545.0, -4.0, -381.0, -1533.0, -2.0, 205, 133, 63
L -381.0, -1533.0, -2.0, -396.0, -1525.0, 0.0, 205, 133, 63
L -396.0, -1525.0, 0.0, -408.0, -1513.0, 1.0, 205, 133, 63
L -408.0, -1513.0, 1.0, -413.0, -1488.0, 1.0, 205, 133, 63
L -413.0, -1488.0, 1.0, -417.0, -1466.0, 0.0, 205, 133, 63
L -417.0, -1466.0, 0.0, -408.0, -1446.0, 0.0, 205, 133, 63
L -408.0, -1446.0, 0.0, -414.0, -1426.0, -2.0, 205, 133, 63
L -414.0, -1426.0, -2.0, -410.0, -1410.0, -3.0, 205, 133, 63
L -410.0, -1410.0, -3.0, -408.0, -1395.0, -3.0, 205, 133, 63
L -408.0, -1395.0, -3.0, -398.0, -1370.0, -3.0, 205, 133, 63
L -398.0, -1370.0, -3.0, -379.0, -1360.0, -4.0, 205, 133, 63
L -379.0, -1360.0, -4.0, -350.0, -1329.0, -6.0, 205, 133, 63
L -350.0, -1329.0, -6.0, -333.0, -1318.0, -6.0, 205, 133, 63
L -333.0, -1318.0, -6.0, -317.0, -1304.0, -6.0, 205, 133, 63
L -317.0, -1304.0, -6.0, -291.0, -1272.0, -5.0, 205, 133, 63
L -291.0, -1272.0, -5.0, -276.0, -1254.0, -4.0, 205, 133, 63
L -276.0, -1254.0, -4.0, -250.0, -1229.0, -4.0, 205, 133, 63
L -250.0, -1229.0, -4.0, -236.0, -1220.0, -3.0, 205, 133, 63
L -236.0, -1220.0, -3.0, -221.0, -1209.0, -3.0, 205, 133, 63
L -221.0, -1209.0, -3.0, -207.0, -1196.0, -3.0, 205, 133, 63
L -207.0, -1196.0, -3.0, -196.0, -1181.0, -3.0, 205, 133, 63
L -196.0, -1181.0, -3.0, -187.0, -1167.0, -2.0, 205, 133, 63
L -187.0, -1167.0, -2.0, -176.0, -1157.0, -2.0, 205, 133, 63
L -176.0, -1157.0, -2.0, -159.0, -1153.0, -2.0, 205, 133, 63
L -159.0, -1153.0, -2.0, -150.0, -1164.0, 0.0, 205, 133, 63
L 484.0, -656.0, 12.0, 492.0, -665.0, 14.0, 205, 133, 63
L 492.0, -665.0, 14.0, 515.0, -685.0, 18.0, 205, 133, 63
L 515.0, -685.0, 18.0, 525.0, -696.0, 15.0, 205, 133, 63
L 525.0, -696.0, 15.0, 542.0, -711.0, 12.0, 205, 133, 63
L 542.0, -711.0, 12.0, 547.0, -724.0, 9.0, 205, 133, 63
L 547.0, -724.0, 9.0, 559.0, -747.0, 8.0, 205, 133, 63
L 559.0, -747.0, 8.0, 580.0, -753.0, 14.0, 205, 133, 63
L 580.0, -753.0, 14.0, 595.0, -773.0, 20.0, 205, 133, 63
L 595.0, -773.0, 20.0, 606.0, -793.0, 23.0, 205, 133, 63
L 606.0, -793.0, 23.0, 628.0, -802.0, 19.0, 205, 133, 63
L 628.0, -802.0, 19.0, 641.0, -811.0, 15.0, 205, 133, 63
L 641.0, -811.0, 15.0, 651.0, -838.0, 3.0, 205, 133, 63
L 651.0, -838.0, 3.0, 664.0, -850.0, 1.0, 205, 133, 63
L 664.0, -850.0, 1.0, 686.0, -867.0, 3.0, 205, 133, 63
L 686.0, -867.0, 3.0, 708.0, -878.0, 6.0, 205, 133, 63
L 708.0, -878.0, 6.0, 714.0, -889.0, 6.0, 205, 133, 63
L 714.0, -889.0, 6.0, 715.0, -906.0, 4.0, 205, 133, 63
L 715.0, -906.0, 4.0, 713.0, -949.0, -2.0, 205, 133, 63
L 713.0, -949.0, -2.0, 718.0, -969.0, 2.0, 205, 133, 63
L 718.0, -969.0, 2.0, 719.0, -989.0, 5.0, 205, 133, 63
L 719.0, -989.0, 5.0, 713.0, -1009.0, 6.0, 205, 133, 63
L 713.0, -1009.0, 6.0, 712.0, -1021.0, 6.0, 205, 133, 63
L 712.0, -1021.0, 6.0, 715.0, -1030.0, 5.0, 205, 133, 63
L 715.0, -1030.0, 5.0, 711.0, -1045.0, 5.0, 205, 133, 63
L 711.0, -1045.0, 5.0, 711.0, -1053.0, 5.0, 205, 133, 63
L 711.0, -1053.0, 5.0, 717.0, -1074.0, 1.0, 205, 133, 63
L 717.0, -1074.0, 1.0, 718.0, -1097.0, 0.0, 205, 133, 63
L 718.0, -1097.0, 0.0, 713.0, -1118.0, 1.0, 205, 133, 63
L 713.0, -1118.0, 1.0, 720.0, -1148.0, 2.0, 205, 133, 63
L 720.0, -1148.0, 2.0, 719.0, -1172.0, 3.0, 205, 133, 63
L 719.0, -1172.0, 3.0, 720.0, -1191.0, 6.0, 205, 133, 63
L 720.0, -1191.0, 6.0, 734.0, -1205.0, 12.0, 205, 133, 63
L 734.0, -1205.0, 12.0, 746.0, -1223.0, 19.0, 205, 133, 63
L 746.0, -1223.0, 19.0, 751.0, -1236.0, 24.0, 205, 133, 63
L 751.0, -1236.0, 24.0, 770.0, -1249.0, 25.0, 205, 133, 63
L 770.0, -1249.0, 25.0, 785.0, -1263.0, 21.0, 205, 133, 63
L 785.0, -1263.0, 21.0, 806.0, -1281.0, 16.0, 205, 133, 63
L 806.0, -1281.0, 16.0, 827.0, -1284.0, 12.0, 205, 133, 63
L 827.0, -1284.0, 12.0, 852.0, -1282.0, 8.0, 205, 133, 63
L 852.0, -1282.0, 8.0, 871.0, -1285.0, 5.0, 205, 133, 63
L 871.0, -1285.0, 5.0, 885.0, -1281.0, 4.0, 205, 133, 63
L 885.0, -1281.0, 4.0, 897.0, -1286.0, 2.0, 205, 133, 63
L 897.0, -1286.0, 2.0, 913.0, -1284.0, 0.0, 205, 133, 63
L 913.0, -1284.0, 0.0, 931.0, -1280.0, 0.0, 205, 133, 63
L 931.0, -1280.0, 0.0, 949.0, -1281.0, 0.0, 205, 133, 63
L 949.0, -1281.0, 0.0, 966.0, -1286.0, 1.0, 205, 133, 63
L 966.0, -1286.0, 1.0, 982.0, -1284.0, 3.0, 205, 133, 63
L 982.0, -1284.0, 3.0, 999.0, -1287.0, 4.0, 205, 133, 63
L 999.0, -1287.0, 4.0, 1017.0, -1285.0, 6.0, 205, 133, 63
L 1017.0, -1285.0, 6.0, 1040.0, -1282.0, 9.0, 205, 133, 63
L 1040.0, -1282.0, 9.0, 1061.0, -1286.0, 10.0, 205, 133, 63
L 1061.0, -1286.0, 10.0, 1081.0, -1286.0, 10.0, 205, 133, 63
L 1081.0, -1286.0, 10.0, 1106.0, -1284.0, 9.0, 205, 133, 63
L 1106.0, -1284.0, 9.0, 1127.0, -1283.0, 8.0, 205, 133, 63
L 1127.0, -1283.0, 8.0, 1144.0, -1283.0, 8.0, 205, 133, 63
L 1144.0, -1283.0, 8.0, 1160.0, -1289.0, 10.0, 205, 133, 63
L 1160.0, -1289.0, 10.0, 1180.0, -1287.0, 12.0, 205, 133, 63
L 1180.0, -1287.0, 12.0, 1193.0, -1288.0, 13.0, 205, 133, 63
L 1193.0, -1288.0, 13.0, 1208.0, -1291.0, 15.0, 205, 133, 63
L 1208.0, -1291.0, 15.0, 1222.0, -1287.0, 16.0, 205, 133, 63
L 1222.0, -1287.0, 16.0, 1243.0, -1285.0, 18.0, 205, 133, 63
L 1243.0, -1285.0, 18.0, 1259.0, -1282.0, 19.0, 205, 133, 63
L 1259.0, -1282.0, 19.0, 1270.0, -1283.0, 18.0, 205, 133, 63
L 1270.0, -1283.0, 18.0, 1292.0, -1286.0, 18.0, 205, 133, 63
L 1292.0, -1286.0, 18.0, 1324.0, -1284.0, 17.0, 205, 133, 63
L 1324.0, -1284.0, 17.0, 1343.0, -1280.0, 16.0, 205, 133, 63
L 1343.0, -1280.0, 16.0, 1373.0, -1281.0, 15.0, 205, 133, 63
L 1373.0, -1281.0, 15.0, 1396.0, -1284.0, 11.0, 205, 133, 63
L 1396.0, -1284.0, 11.0, 1430.0, -1285.0, 5.0, 205, 133, 63
L 1430.0, -1285.0, 5.0, 1451.0, -1280.0, 2.0, 205, 133, 63
L 1451.0, -1280.0, 2.0, 1473.0, -1282.0, -1.0, 205, 133, 63
L 1473.0, -1282.0, -1.0, 1488.0, -1280.0, -3.0, 205, 133, 63
L 1488.0, -1280.0, -3.0, 1509.0, -1283.0, -3.0, 205, 133, 63
L 1509.0, -1283.0, -3.0, 1532.0, -1285.0, -3.0, 205, 133, 63
L 1532.0, -1285.0, -3.0, 1547.0, -1285.0, -3.0, 205, 133, 63
L 1547.0, -1285.0, -3.0, 1575.0, -1280.0, -3.0, 205, 133, 63
L 1575.0, -1280.0, -3.0, 1600.0, -1282.0, -3.0, 205, 133, 63
L 1600.0, -1282.0, -3.0, 1612.0, -1280.0, -3.0, 205, 133, 63
L 1612.0, -1280.0, -3.0, 1645.0, -1286.0, -3.0, 205, 133, 63
L 1645.0, -1286.0, -3.0, 1671.0, -1286.0, -3.0, 205, 133, 63
L 1671.0, -1286.0, -3.0, 1704.0, -1281.0, -3.0, 205, 133, 63
L 1704.0, -1281.0, -3.0, 1736.0, -1280.0, -3.0, 205, 133, 63
L 1736.0, -1280.0, -3.0, 1761.0, -1285.0, -3.0, 205, 133, 63
L 1761.0, -1285.0, -3.0, 1788.0, -1285.0, -3.0, 205, 133, 63
L 1788.0, -1285.0, -3.0, 1810.0, -1281.0, -3.0, 205, 133, 63
L 1810.0, -1281.0, -3.0, 1831.0, -1281.0, -3.0, 205, 133, 63
L 1831.0, -1281.0, -3.0, 1851.0, -1287.0, -3.0, 205, 133, 63
L 1851.0, -1287.0, -3.0, 1863.0, -1289.0, -3.0, 205, 133, 63
L 1863.0, -1289.0, -3.0, 1877.0, -1297.0, -3.0, 205, 133, 63
L 1877.0, -1297.0, -3.0, 1887.0, -1305.0, -3.0, 205, 133, 63
L 1887.0, -1305.0, -3.0, 1901.0, -1323.0, -3.0, 205, 133, 63
L 1901.0, -1323.0, -3.0, 1918.0, -1348.0, -3.0, 205, 133, 63
L 1918.0, -1348.0, -3.0, 1927.0, -1363.0, -3.0, 205, 133, 63
L 1927.0, -1363.0, -3.0, 1939.0, -1374.0, -3.0, 205, 133, 63
L 1939.0, -1374.0, -3.0, 1949.0, -1384.0, -3.0, 205, 133, 63
L 1949.0, -1384.0, -3.0, 1962.0, -1391.0, -3.0, 205, 133, 63
L 1962.0, -1391.0, -3.0, 1977.0, -1407.0, -3.0, 205, 133, 63
L 1977.0, -1407.0, -3.0, 1999.0, -1436.0, -3.0, 205, 133, 63
L 1999.0, -1436.0, -3.0, 2016.0, -1460.0, -3.0, 205, 133, 63
L 2016.0, -1460.0, -3.0, 2044.0, -1481.0, -3.0, 205, 133, 63
L 2044.0, -1481.0, -3.0, 2060.0, -1496.0, -3.0, 205, 133, 63
L 2060.0, -1496.0, -3.0, 2078.0, -1520.0, -3.0, 205, 133, 63
L 2078.0, -1520.0, -3.0, 2088.0, -1534.0, -3.0, 205, 133, 63
L 2088.0, -1534.0, -3.0, 2092.0, -1525.0, -3.0, 205, 133, 63
L 2092.0, -1525.0, -3.0, 2105.0, -1514.0, -3.0, 205, 133, 63
L 2105.0, -1514.0, -3.0, 2116.0, -1507.0, -3.0, 205, 133, 63
L 2116.0, -1507.0, -3.0, 2125.0, -1493.0, -3.0, 205, 133, 63
L 2125.0, -1493.0, -3.0, 2153.0, -1480.0, -3.0, 205, 133, 63
L 2153.0, -1480.0, -3.0, 2165.0, -1469.0, -3.0, 205, 133, 63
L 2165.0, -1469.0, -3.0, 2178.0, -1456.0, -3.0, 205, 133, 63
L 2178.0, -1456.0, -3.0, 2194.0, -1432.0, -3.0, 205, 133, 63
L 2194.0, -1432.0, -3.0, 2244.0, -1398.0, -3.0, 205, 133, 63
L 2244.0, -1398.0, -3.0, 2258.0, -1387.0, -3.0, 205, 133, 63
L 2258.0, -1387.0, -3.0, 2270.0, -1378.0, -3.0, 205, 133, 63
L 2270.0, -1378.0, -3.0, 2282.0, -1365.0, -3.0, 205, 133, 63
L 2282.0, -1365.0, -3.0, 2298.0, -1347.0, -3.0, 205, 133, 63
L 2298.0, -1347.0, -3.0, 2308.0, -1338.0, -3.0, 205, 133, 63
L 2308.0, -1338.0, -3.0, 2327.0, -1328.0, -3.0, 205, 133, 63
L 2327.0, -1328.0, -3.0, 2344.0, -1315.0, -3.0, 205, 133, 63
L 2344.0, -1315.0, -3.0, 2354.0, -1305.0, -3.0, 205, 133, 63
L 2354.0, -1305.0, -3.0, 2375.0, -1287.0, -3.0, 205, 133, 63
L 2375.0, -1287.0, -3.0, 2402.0, -1269.0, -3.0, 205, 133, 63
L 2402.0, -1269.0, -3.0, 2432.0, -1281.0, -3.0, 205, 133, 63
L 2432.0, -1281.0, -3.0, 2431.0, -1295.0, -3.0, 205, 133, 63
L 2431.0, -1295.0, -3.0, 2411.0, -1313.0, -3.0, 205, 133, 63
L 2411.0, -1313.0, -3.0, 2395.0, -1324.0, -3.0, 205, 133, 63
L 2395.0, -1324.0, -3.0, 2378.0, -1331.0, -3.0, 205, 133, 63
L 2378.0, -1331.0, -3.0, 2364.0, -1351.0, -3.0, 205, 133, 63
L 2364.0, -1351.0, -3.0, 2343.0, -1361.0, -3.0, 205, 133, 63
L 2343.0, -1361.0, -3.0, 2334.0, -1372.0, -3.0, 205, 133, 63
L 2334.0, -1372.0, -3.0, 2323.0, -1391.0, -3.0, 205, 133, 63
L 2323.0, -1391.0, -3.0, 2306.0, -1404.0, -3.0, 205, 133, 63
L 2306.0, -1404.0, -3.0, 2284.0, -1414.0, -3.0, 205, 133, 63
L 2284.0, -1414.0, -3.0, 2269.0, -1430.0, -3.0, 205, 133, 63
L 2269.0, -1430.0, -3.0, 2261.0, -1440.0, -3.0, 205, 133, 63
L 2261.0, -1440.0, -3.0, 2244.0, -1442.0, -3.0, 205, 133, 63
L 2244.0, -1442.0, -3.0, 2236.0, -1453.0, -3.0, 205, 133, 63
L 2236.0, -1453.0, -3.0, 2230.0, -1470.0, -3.0, 205, 133, 63
L 2230.0, -1470.0, -3.0, 2219.0, -1481.0, -3.0, 205, 133, 63
L 2219.0, -1481.0, -3.0, 2203.0, -1491.0, -3.0, 205, 133, 63
L 2203.0, -1491.0, -3.0, 2186.0, -1499.0, -3.0, 205, 133, 63
L 2186.0, -1499.0, -3.0, 2172.0, -1516.0, -3.0, 205, 133, 63
L 2172.0, -1516.0, -3.0, 2156.0, -1527.0, -3.0, 205, 133, 63
L 2156.0, -1527.0, -3.0, 2145.0, -1530.0, -3.0, 205, 133, 63
L 2145.0, -1530.0, -3.0, 2139.0, -1541.0, -3.0, 205, 133, 63
L 2139.0, -1541.0, -3.0, 2133.0, -1555.0, -3.0, 205, 133, 63
L 2133.0, -1555.0, -3.0, 2125.0, -1563.0, -3.0, 205, 133, 63
L 2125.0, -1563.0, -3.0, 2115.0, -1572.0, -3.0, 205, 133, 63
L 2115.0, -1572.0, -3.0, 2101.0, -1580.0, -3.0, 205, 133, 63
L 2101.0, -1580.0, -3.0, 2088.0, -1588.0, -3.0, 205, 133, 63
L 2088.0, -1588.0, -3.0, 2077.0, -1581.0, -3.0, 205, 133, 63
L 2077.0, -1581.0, -3.0, 2073.0, -1565.0, -3.0, 205, 133, 63
L 2073.0, -1565.0, -3.0, 2058.0, -1556.0, -3.0, 205, 133, 63
L 2058.0, -1556.0, -3.0, 2047.0, -1543.0, -3.0, 205, 133, 63
L 2047.0, -1543.0, -3.0, 2040.0, -1529.0, -3.0, 205, 133, 63
L 2040.0, -1529.0, -3.0, 2022.0, -1519.0, -3.0, 205, 133, 63
L 2022.0, -1519.0, -3.0, 2007.0, -1504.0, -3.0, 205, 133, 63
L 2007.0, -1504.0, -3.0, 1994.0, -1480.0, -3.0, 205, 133, 63
L 1994.0, -1480.0, -3.0, 1979.0, -1465.0, -3.0, 205, 133, 63
L 1979.0, -1465.0, -3.0, 1966.0, -1454.0, -3.0, 205, 133, 63
L 1966.0, -1454.0, -3.0, 1962.0, -1441.0, -3.0, 205, 133, 63
L 1962.0, -1441.0, -3.0, 1949.0, -1433.0, -3.0, 205, 133, 63
L 1949.0, -1433.0, -3.0, 1934.0, -1424.0, -3.0, 205, 133, 63
L 1934.0, -1424.0, -3.0, 1919.0, -1407.0, -3.0, 205, 133, 63
L 1919.0, -1407.0, -3.0, 1912.0, -1395.0, -3.0, 205, 133, 63
L 1912.0, -1395.0, -3.0, 1904.0, -1381.0, -3.0, 205, 133, 63
L 1904.0, -1381.0, -3.0, 1891.0, -1370.0, -3.0, 205, 133, 63
L 1891.0, -1370.0, -3.0, 1882.0, -1361.0, -3.0, 205, 133, 63
L 1882.0, -1361.0, -3.0, 1876.0, -1345.0, -3.0, 205, 133, 63
L 1876.0, -1345.0, -3.0, 1866.0, -1339.0, -3.0, 205, 133, 63
L 1866.0, -1339.0, -3.0, 1852.0, -1331.0, -3.0, 205, 133, 63
L 1852.0, -1331.0, -3.0, 1836.0, -1320.0, -3.0, 205, 133, 63
L 1836.0, -1320.0, -3.0, 1817.0, -1316.0, -3.0, 205, 133, 63
L 1817.0, -1316.0, -3.0, 1798.0, -1317.0, -3.0, 205, 133, 63
L 1798.0, -1317.0, -3.0, 1783.0, -1313.0, -3.0, 205, 133, 63
L 1783.0, -1313.0, -3.0, 1757.0, -1311.0, -3.0, 205, 133, 63
L 1757.0, -1311.0, -3.0, 1736.0, -1313.0, -3.0, 205, 133, 63
L 1736.0, -1313.0, -3.0, 1722.0, -1308.0, -3.0, 205, 133, 63
L 1722.0, -1308.0, -3.0, 1703.0, -1314.0, -3.0, 205, 133, 63
L 1703.0, -1314.0, -3.0, 1683.0, -1318.0, -3.0, 205, 133, 63
L 1683.0, -1318.0, -3.0, 1660.0, -1314.0, -3.0, 205, 133, 63
L 1660.0, -1314.0, -3.0, 1627.0, -1313.0, -3.0, 205, 133, 63
L 1627.0, -1313.0, -3.0, 1606.0, -1312.0, -3.0, 205, 133, 63
L 1606.0, -1312.0, -3.0, 1582.0, -1314.0, -3.0, 205, 133, 63
L 1582.0, -1314.0, -3.0, 1563.0, -1318.0, -3.0, 205, 133, 63
L 1563.0, -1318.0, -3.0, 1551.0, -1317.0, -3.0, 205, 133, 63
L 1551.0, -1317.0, -3.0, 1533.0, -1310.0, -3.0, 205, 133, 63
L 1533.0, -1310.0, -3.0, 1518.0, -1312.0, -3.0, 205, 133, 63
L 1518.0, -1312.0, -3.0, 1499.0, -1314.0, -3.0, 205, 133, 63
L 1499.0, -1314.0, -3.0, 1489.0, -1308.0, -3.0, 205, 133, 63
L 1489.0, -1308.0, -3.0, 1478.0, -1311.0, -2.0, 205, 133, 63
L 1478.0, -1311.0, -2.0, 1459.0, -1316.0, 0.0, 205, 133, 63
L 1459.0, -1316.0, 0.0, 1438.0, -1317.0, 4.0, 205, 133, 63
L 1438.0, -1317.0, 4.0, 1428.0, -1313.0, 6.0, 205, 133, 63
L 1428.0, -1313.0, 6.0, 1411.0, -1312.0, 8.0, 205, 133, 63
L 1411.0, -1312.0, 8.0, 1388.0, -1314.0, 12.0, 205, 133, 63
L 1388.0, -1314.0, 12.0, 1378.0, -1310.0, 14.0, 205, 133, 63
L 1378.0, -1310.0, 14.0, 1362.0, -1309.0, 16.0, 205, 133, 63
L 1362.0, -1309.0, 16.0, 1348.0, -1315.0, 16.0, 205, 133, 63
L 1348.0, -1315.0, 16.0, 1316.0, -1314.0, 17.0, 205, 133, 63
L 1316.0, -1314.0, 17.0, 1299.0, -1310.0, 17.0, 205, 133, 63
L 1299.0, -1310.0, 17.0, 1284.0, -1312.0, 18.0, 205, 133, 63
L 1284.0, -1312.0, 18.0, 1267.0, -1314.0, 18.0, 205, 133, 63
L 1267.0, -1314.0, 18.0, 1256.0, -1310.0, 18.0, 205, 133, 63
L 1256.0, -1310.0, 18.0, 1242.0, -1314.0, 18.0, 205, 133, 63
L 1242.0, -1314.0, 18.0, 1226.0, -1322.0, 16.0, 205, 133, 63
L 1226.0, -1322.0, 16.0, 1211.0, -1320.0, 15.0, 205, 133, 63
L 1211.0, -1320.0, 15.0, 1196.0, -1320.0, 14.0, 205, 133, 63
L 1196.0, -1320.0, 14.0, 1179.0, -1316.0, 12.0, 205, 133, 63
L 1179.0, -1316.0, 12.0, 1161.0, -1314.0, 10.0, 205, 133, 63
L 1161.0, -1314.0, 10.0, 1141.0, -1318.0, 9.0, 205, 133, 63
L 1141.0, -1318.0, 9.0, 1121.0, -1319.0, 9.0, 205, 133, 63
L 1121.0, -1319.0, 9.0, 1108.0, -1318.0, 9.0, 205, 133, 63
L 1108.0, -1318.0, 9.0, 1094.0, -1319.0, 9.0, 205, 133, 63
L 1094.0, -1319.0, 9.0, 1073.0, -1312.0, 10.0, 205, 133, 63
L 1073.0, -1312.0, 10.0, 1056.0, -1314.0, 10.0, 205, 133, 63
L 1056.0, -1314.0, 10.0, 1036.0, -1313.0, 8.0, 205, 133, 63
L 1036.0, -1313.0, 8.0, 1014.0, -1317.0, 5.0, 205, 133, 63
L 1014.0, -1317.0, 5.0, 998.0, -1317.0, 3.0, 205, 133, 63
L 998.0, -1317.0, 3.0, 984.0, -1314.0, 1.0, 205, 133, 63
L 984.0, -1314.0, 1.0, 967.0, -1307.0, 0.0, 205, 133, 63
L 967.0, -1307.0, 0.0, 948.0, -1311.0, -1.0, 205, 133, 63
L 948.0, -1311.0, -1.0, 930.0, -1314.0, -1.0, 205, 133, 63
L 930.0, -1314.0, -1.0, 912.0, -1316.0, -1.0, 205, 133, 63
L 912.0, -1316.0, -1.0, 895.0, -1313.0, -1.0, 205, 133, 63
L 895.0, -1313.0, -1.0, 875.0, -1311.0, 0.0, 205, 133, 63
L 875.0, -1311.0, 0.0, 859.0, -1311.0, 2.0, 205, 133, 63
L 859.0, -1311.0, 2.0, 841.0, -1313.0, 4.0, 205, 133, 63
L 841.0, -1313.0, 4.0, 825.0, -1311.0, 7.0, 205, 133, 63
L 825.0, -1311.0, 7.0, 806.0, -1308.0, 11.0, 205, 133, 63
L 806.0, -1308.0, 11.0, 789.0, -1305.0, 14.0, 205, 133, 63
L 789.0, -1305.0, 14.0, 776.0, -1292.0, 18.0, 205, 133, 63
L 776.0, -1292.0, 18.0, 766.0, -1275.0, 22.0, 205, 133, 63
L 766.0, -1275.0, 22.0, 735.0, -1239.0, 22.0, 205, 133, 63
L 735.0, -1239.0, 22.0, 721.0, -1232.0, 18.0, 205, 133, 63
L 721.0, -1232.0, 18.0, 705.0, -1225.0, 14.0, 205, 133, 63
L 705.0, -1225.0, 14.0, 698.0, -1214.0, 9.0, 205, 133, 63
L 698.0, -1214.0, 9.0, 692.0, -1202.0, 6.0, 205, 133, 63
L 692.0, -1202.0, 6.0, 692.0, -1187.0, 6.0, 205, 133, 63
L 692.0, -1187.0, 6.0, 690.0, -1171.0, 5.0, 205, 133, 63
L 690.0, -1171.0, 5.0, 684.0, -1150.0, 5.0, 205, 133, 63
L 684.0, -1150.0, 5.0, 686.0, -1132.0, 4.0, 205, 133, 63
L 686.0, -1132.0, 4.0, 689.0, -1109.0, 3.0, 205, 133, 63
L 689.0, -1109.0, 3.0, 690.0, -1096.0, 4.0, 205, 133, 63
L 690.0, -1096.0, 4.0, 686.0, -1084.0, 7.0, 205, 133, 63
L 686.0, -1084.0, 7.0, 683.0, -1068.0, 10.0, 205, 133, 63
L 683.0, -1068.0, 10.0, 684.0, -1053.0, 12.0, 205, 133, 63
L 684.0, -1053.0, 12.0, 688.0, -1027.0, 12.0, 205, 133, 63
L 688.0, -1027.0, 12.0, 687.0, -1010.0, 12.0, 205, 133, 63
L 687.0, -1010.0, 12.0, 682.0, -980.0, 4.0, 205, 133, 63
L 682.0, -980.0, 4.0, 682.0, -959.0, 0.0, 205, 133, 63
L 682.0, -959.0, 0.0, 688.0, -944.0, -2.0, 205, 133, 63
L 688.0, -944.0, -2.0, 689.0, -926.0, 0.0, 205, 133, 63
L 689.0, -926.0, 0.0, 689.0, -911.0, 2.0, 205, 133, 63
L 689.0, -911.0, 2.0, 682.0, -902.0, 1.0, 205, 133, 63
L 682.0, -902.0, 1.0, 663.0, -876.0, 0.0, 205, 133, 63
L 663.0, -876.0, 0.0, 655.0, -868.0, 0.0, 205, 133, 63
L 655.0, -868.0, 0.0, 633.0, -850.0, 0.0, 205, 133, 63
L 633.0, -850.0, 0.0, 617.0, -837.0, 6.0, 205, 133, 63
L 617.0, -837.0, 6.0, 605.0, -826.0, 11.0, 205, 133, 63
L 605.0, -826.0, 11.0, 596.0, -807.0, 19.0, 205, 133, 63
L 596.0, -807.0, 19.0, 586.0, -798.0, 17.0, 205, 133, 63
L 586.0, -798.0, 17.0, 564.0, -779.0, 10.0, 205, 133, 63
L 564.0, -779.0, 10.0, 548.0, -769.0, 6.0, 205, 133, 63
L 548.0, -769.0, 6.0, 528.0, -749.0, 7.0, 205, 133, 63
L 528.0, -749.0, 7.0, 515.0, -735.0, 10.0, 205, 133, 63
L 515.0, -735.0, 10.0, 505.0, -724.0, 12.0, 205, 133, 63
L 505.0, -724.0, 12.0, 497.0, -707.0, 16.0, 205, 133, 63
L 497.0, -707.0, 16.0, 489.0, -701.0, 15.0, 205, 133, 63
L 489.0, -701.0, 15.0, 468.0, -684.0, 12.0, 205, 133, 63
L 468.0, -684.0, 12.0, 455.0, -672.0, 10.0, 205, 133, 63
L 455.0, -672.0, 10.0, 454.0, -658.0, 9.0, 205, 133, 63
L 454.0, -658.0, 9.0, 461.0, -647.0, 9.0, 205, 133, 63
L 461.0, -647.0, 9.0, 484.0, -656.0, 11.0, 205, 133, 63
L -973.0, -3766.0, -23.0, -959.0, -3748.0, -23.0, 0, 0, 255
L -959.0, -3748.0, -23.0, -979.0, -3678.0, -24.0, 0, 0, 255
L -979.0, -3678.0, -24.0, -972.0, -3643.0, -24.0, 0, 0, 255
L -972.0, -3643.0, -24.0, -975.0, -3575.0, -23.0, 0, 0, 255
L -975.0, -3575.0, -23.0, -1005.0, -3549.0, -23.0, 0, 0, 255
L -1005.0, -3549.0, -23.0, -1012.0, -3513.0, -23.0, 0, 0, 255
L -1012.0, -3513.0, -23.0, -1049.0, -3514.0, -23.0, 0, 0, 255
L -1049.0, -3514.0, -23.0, -1066.0, -3551.0, -23.0, 0, 0, 255
L -1066.0, -3551.0, -23.0, -1067.0, -3569.0, -23.0, 0, 0, 255
L -1067.0, -3569.0, -23.0, -1094.0, -3652.0, -23.0, 0, 0, 255
L -1094.0, -3652.0, -23.0, -1094.0, -3698.0, -23.0, 0, 0, 255
L -1094.0, -3698.0, -23.0, -1086.0, -3754.0, -24.0, 0, 0, 255
L -1086.0, -3754.0, -24.0, -1085.0, -3787.0, -23.0, 0, 0, 255
L -1085.0, -3787.0, -23.0, -1052.0, -3849.0, -23.0, 0, 0, 255
L -1052.0, -3849.0, -23.0, -1054.0, -3949.0, -24.0, 0, 0, 255
L -1054.0, -3949.0, -24.0, -1059.0, -4052.0, -24.0, 0, 0, 255
L -1059.0, -4052.0, -24.0, -1061.0, -4063.0, -23.0, 0, 0, 255
L -1061.0, -4063.0, -23.0, -1086.0, -4149.0, -23.0, 0, 0, 255
L -1086.0, -4149.0, -23.0, -1086.0, -4188.0, -23.0, 0, 0, 255
L -1086.0, -4188.0, -23.0, -1098.0, -4251.0, -24.0, 0, 0, 255
L -1098.0, -4251.0, -24.0, -1103.0, -4303.0, -23.0, 0, 0, 255
L -1103.0, -4303.0, -23.0, -1107.0, -4350.0, -23.0, 0, 0, 255
L -1107.0, -4350.0, -23.0, -1099.0, -4404.0, -23.0, 0, 0, 255
L -1099.0, -4404.0, -23.0, -1088.0, -4449.0, -23.0, 0, 0, 255
L -1088.0, -4449.0, -23.0, -1082.0, -4484.0, -23.0, 0, 0, 255
L -1082.0, -4484.0, -23.0, -1055.0, -4549.0, -23.0, 0, 0, 255
L -1055.0, -4549.0, -23.0, -1049.0, -4562.0, -24.0, 0, 0, 255
L -1049.0, -4562.0, -24.0, -977.0, -4582.0, -24.0, 0, 0, 255
L -977.0, -4582.0, -24.0, -951.0, -4587.0, -24.0, 0, 0, 255
L -951.0, -4587.0, -24.0, -913.0, -4610.0, -24.0, 0, 0, 255
L -913.0, -4610.0, -24.0, -885.0, -4647.0, -23.0, 0, 0, 255
L -885.0, -4647.0, -23.0, -872.0, -4670.0, -23.0, 0, 0, 255
L -872.0, -4670.0, -23.0, -867.0, -4751.0, -24.0, 0, 0, 255
L -867.0, -4751.0, -24.0, -860.0, -4762.0, -23.0, 0, 0, 255
L -860.0, -4762.0, -23.0, -847.0, -4773.0, -23.0, 0, 0, 255
L -847.0, -4773.0, -23.0, -760.0, -4762.0, -23.0, 0, 0, 255
L -760.0, -4762.0, -23.0, -748.0, -4764.0, -23.0, 0, 0, 255
L -748.0, -4764.0, -23.0, -688.0, -4787.0, -24.0, 0, 0, 255
L -688.0, -4787.0, -24.0, -649.0, -4789.0, -24.0, 0, 0, 255
L -649.0, -4789.0, -24.0, -619.0, -4750.0, -23.0, 0, 0, 255
L -619.0, -4750.0, -23.0, -643.0, -4650.0, -24.0, 0, 0, 255
L -643.0, -4650.0, -24.0, -649.0, -4639.0, -23.0, 0, 0, 255
L -649.0, -4639.0, -23.0, -698.0, -4602.0, -23.0, 0, 0, 255
L -698.0, -4602.0, -23.0, -717.0, -4549.0, -24.0, 0, 0, 255
L -717.0, -4549.0, -24.0, -733.0, -4536.0, -23.0, 0, 0, 255
L -733.0, -4536.0, -23.0, -748.0, -4520.0, -24.0, 0, 0, 255
L -748.0, -4520.0, -24.0, -794.0, -4498.0, -23.0, 0, 0, 255
L -794.0, -4498.0, -23.0, -809.0, -4450.0, -23.0, 0, 0, 255
L -809.0, -4450.0, -23.0, -821.0, -4423.0, -24.0, 0, 0, 255
L -821.0, -4423.0, -24.0, -880.0, -4384.0, -23.0, 0, 0, 255
L -880.0, -4384.0, -23.0, -918.0, -4349.0, -24.0, 0, 0, 255
L -918.0, -4349.0, -24.0, -935.0, -4338.0, -23.0, 0, 0, 255
L -935.0, -4338.0, -23.0, -950.0, -4322.0, -24.0, 0, 0, 255
L -950.0, -4322.0, -24.0, -984.0, -4288.0, -23.0, 0, 0, 255
L -984.0, -4288.0, -23.0, -989.0, -4251.0, -23.0, 0, 0, 255
L -989.0, -4251.0, -23.0, -948.0, -4149.0, -23.0, 0, 0, 255
L -948.0, -4149.0, -23.0, -940.0, -4048.0, -24.0, 0, 0, 255
L -940.0, -4048.0, -24.0, -941.0, -4038.0, -24.0, 0, 0, 255
L -941.0, -4038.0, -24.0, -948.0, -3971.0, -23.0, 0, 0, 255
L -948.0, -3971.0, -23.0, -963.0, -3964.0, -24.0, 0, 0, 255
L -963.0, -3964.0, -24.0, -971.0, -3949.0, -24.0, 0, 0, 255
L -971.0, -3949.0, -24.0, -948.0, -3933.0, -24.0, 0, 0, 255
L -948.0, -3933.0, -24.0, -937.0, -3848.0, -24.0, 0, 0, 255
L -937.0, -3848.0, -24.0, -938.0, -3837.0, -23.0, 0, 0, 255
L -938.0, -3837.0, -23.0, -948.0, -3789.0, -23.0, 0, 0, 255
L -948.0, -3789.0, -23.0, -1014.0, -3816.0, -24.0, 0, 0, 255
L -1014.0, -3816.0, -24.0, -1001.0, -3799.0, -24.0, 0, 0, 255
L -1001.0, -3799.0, -24.0, -973.0, -3766.0, -23.0, 0, 0, 255
L -972.0, -3770.0, -21.0, -953.0, -3764.0, -21.0, 150, 100, 0
L -953.0, -3764.0, -21.0, -947.0, -3783.0, -22.0, 150, 100, 0
L -947.0, -3783.0, -23.0, -966.0, -3789.0, -23.0, 150, 100, 0
L -966.0, -3789.0, -22.0, -967.0, -3784.0, -22.0, 150, 100, 0
L -970.0, -3776.0, -21.0, -972.0, -3770.0, -21.0, 150, 100, 0
L 885.0, -4737.0, 39.0, 910.0, -4729.0, 39.0, 0, 0, 0
L 910.0, -4729.0, 39.0, 909.0, -4724.0, 39.0, 0, 0, 0
L 909.0, -4724.0, 39.0, 888.0, -4731.0, 39.0, 0, 0, 0
L 888.0, -4731.0, 39.0, 873.0, -4686.0, 39.0, 0, 0, 0
L 868.0, -4688.0, 39.0, 885.0, -4737.0, 39.0, 0, 0, 0
L 873.0, -4686.0, 39.0, 868.0, -4688.0, 39.0, 0, 0, 0
L 902.0, -4657.0, 40.0, 900.0, -4652.0, 40.0, 0, 0, 0
L 900.0, -4652.0, 40.0, 905.0, -4649.0, 40.0, 0, 0, 0
L 905.0, -4649.0, 40.0, 909.0, -4652.0, 40.0, 0, 0, 0
L 909.0, -4652.0, 40.0, 907.0, -4657.0, 40.0, 0, 0, 0
L 907.0, -4657.0, 40.0, 902.0, -4657.0, 40.0, 0, 0, 0
L 926.0, -4650.0, 40.0, 923.0, -4645.0, 40.0, 0, 0, 0
L 923.0, -4645.0, 40.0, 928.0, -4641.0, 40.0, 0, 0, 0
L 928.0, -4641.0, 40.0, 932.0, -4644.0, 40.0, 0, 0, 0
L 932.0, -4644.0, 40.0, 931.0, -4649.0, 40.0, 0, 0, 0
L 931.0, -4649.0, 40.0, 926.0, -4650.0, 40.0, 0, 0, 0
L 951.0, -4641.0, 40.0, 950.0, -4636.0, 40.0, 0, 0, 0
L 950.0, -4636.0, 40.0, 954.0, -4633.0, 40.0, 0, 0, 0
L 954.0, -4633.0, 40.0, 959.0, -4636.0, 40.0, 0, 0, 0
L 959.0, -4636.0, 40.0, 957.0, -4641.0, 40.0, 0, 0, 0
L 957.0, -4641.0, 40.0, 951.0, -4641.0, 40.0, 0, 0, 0
L -85.0, -5173.0, -3.0, -163.0, -5173.0, -5.0, 0, 0, 0
L -163.0, -5173.0, -5.0, -180.0, -5160.0, 0.0, 0, 0, 0
L -107.0, -5189.0, -5.0, -94.0, -5202.0, -5.0, 0, 0, 0
L -180.0, -5160.0, 0.0, -182.0, -5126.0, 0.0, 0, 0, 0
L -182.0, -5126.0, 0.0, -191.0, -5086.0, 0.0, 0, 0, 0
L -191.0, -5086.0, 0.0, -191.0, -5071.0, 0.0, 0, 0, 0
L -191.0, -5071.0, 0.0, -181.0, -5070.0, -6.0, 0, 0, 0
L 51.0, -5149.0, 27.0, 76.0, -5208.0, 0.0, 150, 150, 150
L 76.0, -5208.0, 0.0, 246.0, -5209.0, 0.0, 150, 150, 150
L 246.0, -5209.0, 0.0, 578.0, -5187.0, 0.0, 150, 150, 150
L 578.0, -5187.0, 0.0, 858.0, -5211.0, 0.0, 150, 150, 150
L 858.0, -5211.0, 0.0, 1057.0, -5211.0, 0.0, 150, 150, 150
L 1057.0, -5211.0, 0.0, 1195.0, -5148.0, 0.0, 150, 150, 150
L 1195.0, -5148.0, 0.0, 1186.0, -4996.0, 0.0, 150, 150, 150
L 1186.0, -4996.0, 0.0, 1195.0, -4823.0, 0.0, 150, 150, 150
L 1195.0, -4823.0, 0.0, 1167.0, -3841.0, 0.0, 150, 150, 150
L 1167.0, -3841.0, 0.0, 1143.0, -3717.0, 0.0, 150, 150, 150
L 1143.0, -3717.0, 0.0, 1149.0, -3549.0, 0.0, 150, 150, 150
L 1055.0, -3426.0, 0.0, 1039.0, -3425.0, 0.0, 0, 0, 0
L 1108.0, -3294.0, 2.0, 1150.0, -3249.0, 0.0, 150, 150, 150
L 1150.0, -3249.0, 0.0, 1140.0, -3198.0, 0.0, 150, 150, 150
L 1140.0, -3198.0, 0.0, 1081.0, -3223.0, 0.0, 150, 150, 150
L 1081.0, -3223.0, 0.0, 1068.0, -3152.0, 0.0, 150, 150, 150
L 1068.0, -3152.0, 0.0, 1080.0, -3078.0, 0.0, 150, 150, 150
L 1080.0, -3078.0, 0.0, 1154.0, -2945.0, 0.0, 150, 150, 150
L 1154.0, -2945.0, 0.0, 1195.0, -2755.0, 0.0, 150, 150, 150
L 1195.0, -2755.0, 0.0, 1182.0, -2170.0, 0.0, 150, 150, 150
L 1182.0, -2170.0, 0.0, 1195.0, -2005.0, 0.0, 150, 150, 150
L 1195.0, -2005.0, 0.0, 1195.0, -1572.0, 0.0, 150, 150, 150
L 1195.0, -1572.0, 0.0, 1167.0, -1449.0, 0.0, 150, 150, 150
L 1167.0, -1449.0, 0.0, 1285.0, -1396.0, 60.0, 150, 150, 150
L 1184.0, -1172.0, 76.0, 1157.0, -1045.0, 0.0, 150, 150, 150
L 1157.0, -1045.0, 0.0, 1136.0, -719.0, 0.0, 150, 150, 150
L 1136.0, -719.0, 0.0, 1116.0, -546.0, 0.0, 150, 150, 150
L 1116.0, -546.0, 0.0, 1118.0, -453.0, 0.0, 150, 150, 150
L 1118.0, -453.0, 0.0, 1100.0, -300.0, -7.0, 150, 150, 150
L -1178.0, -351.0, 32.0, -1199.0, -368.0, 0.0, 150, 150, 150
L -1199.0, -368.0, 0.0, -1199.0, -3649.0, 0.0, 150, 150, 150
L -1199.0, -3649.0, 0.0, -1189.0, -4998.0, 0.0, 150, 150, 150
L -1189.0, -4998.0, 0.0, -1199.0, -5201.0, 0.0, 150, 150, 150
L -1199.0, -5201.0, 0.0, -959.0, -5211.0, 0.0, 150, 150, 150
L -959.0, -5211.0, 0.0, -551.0, -5211.0, 0.0, 150, 150, 150
L -551.0, -5211.0, 0.0, -473.0, -5199.0, 0.0, 150, 150, 150
L -473.0, -5199.0, 0.0, -402.0, -5172.0, 54.0, 150, 150, 150
L -202.0, -5072.0, 0.0, -202.0, -5090.0, 0.0, 0, 0, 0
L -202.0, -5090.0, 0.0, -209.0, -5127.0, 0.0, 0, 0, 0
L -209.0, -5127.0, 0.0, -209.0, -5157.0, 0.0, 0, 0, 0
L 1841.0, -1252.0, -3.0, 1563.0, -1250.0, -3.0, 0, 0, 0
L 1285.0, -1396.0, 60.0, 1317.0, -1390.0, 54.0, 0, 0, 0
L 1039.0, -3410.0, 0.0, 1039.0, -3425.0, 0.0, 0, 0, 0
L 1055.0, -3426.0, 0.0, 1055.0, -3448.0, -1.0, 0, 0, 0
L 1108.0, -3294.0, 2.0, 1151.0, -3248.0, 4.0, 0, 0, 0
L -347.0, -5081.0, -6.0, -210.0, -5081.0, -6.0, 0, 0, 0
L -425.0, -5211.0, 80.0, -402.0, -5172.0, 54.0, 0, 0, 0
L -402.0, -5172.0, 54.0, -347.0, -5081.0, -6.0, 0, 0, 0
L -181.0, -5070.0, -6.0, -181.0, -5082.0, -6.0, 0, 0, 0
L -210.0, -5081.0, -6.0, -209.0, -5072.0, 0.0, 0, 0, 0
L -209.0, -5072.0, 0.0, -202.0, -5072.0, 0.0, 0, 0, 0
L -195.0, -5189.0, -5.0, -107.0, -5189.0, -5.0, 0, 0, 0
L -209.0, -5157.0, 0.0, -195.0, -5189.0, -5.0, 0, 0, 0
L -1178.0, -351.0, 32.0, -1201.0, -366.0, 62.0, 0, 0, 0
L -293.0, -1367.0, 4.0, -313.0, -1367.0, 4.0, 0, 0, 0
L -315.0, -1364.0, 4.0, -293.0, -1364.0, 4.0, 0, 0, 0
L -293.0, -1367.0, 4.0, -293.0, -1365.0, 4.0, 0, 0, 0
L -313.0, -1400.0, 4.0, -313.0, -1420.0, 4.0, 0, 0, 0
L -315.0, -1400.0, 4.0, -318.0, -1400.0, 4.0, 0, 0, 0
L -263.0, -1364.0, 4.0, -285.0, -1364.0, 4.0, 0, 0, 0
L -318.0, -1412.0, 4.0, -315.0, -1412.0, 4.0, 0, 0, 0
L -315.0, -1412.0, 4.0, -315.0, -1423.0, 4.0, 0, 0, 0
L -318.0, -1400.0, 4.0, -318.0, -1412.0, 4.0, 0, 0, 0
L -266.0, -1367.0, 4.0, -285.0, -1367.0, 4.0, 0, 0, 0
L -313.0, -1367.0, 4.0, -313.0, -1400.0, 4.0, 0, 0, 0
L -315.0, -1423.0, 4.0, -263.0, -1423.0, 4.0, 0, 0, 0
L -266.0, -1420.0, 4.0, -266.0, -1367.0, 4.0, 0, 0, 0
L -263.0, -1423.0, 4.0, -263.0, -1364.0, 4.0, 0, 0, 0
L -315.0, -1364.0, 4.0, -315.0, -1400.0, 4.0, 0, 0, 0
L -313.0, -1420.0, 4.0, -266.0, -1420.0, 4.0, 0, 0, 0
L -285.0, -1367.0, 4.0, -285.0, -1365.0, 4.0, 0, 0, 0
L -287.0, -1364.0, 4.0, -291.0, -1364.0, 4.0, 205, 133, 63
L -291.0, -1367.0, 4.0, -287.0, -1367.0, 4.0, 205, 133, 63
L -285.0, -1365.0, 4.0, -285.0, -1364.0, 4.0, 0, 0, 0
L -293.0, -1365.0, 4.0, -293.0, -1364.0, 4.0, 0, 0, 0
L -285.0, -1365.0, 4.0, -287.0, -1365.0, 4.0, 205, 133, 63
L -291.0, -1367.0, 4.0, -291.0, -1365.0, 4.0, 205, 133, 63
L -291.0, -1365.0, 4.0, -293.0, -1365.0, 4.0, 205, 133, 63
L -291.0, -1365.0, 4.0, -291.0, -1364.0, 4.0, 205, 133, 63
L -287.0, -1364.0, 4.0, -287.0, -1365.0, 4.0, 205, 133, 63
L -287.0, -1365.0, 4.0, -287.0, -1367.0, 4.0, 205, 133, 63
L -69.0, -5189.0, -3.0, -44.6, -5213.4, -3.0, 0, 0, 0
L -94.0, -5202.0, -3.0, -82.6, -5213.4, -3.0, 0, 0, 0
L -59.0, -532.0, -6.0, -56.0, -523.0, -6.0, 0, 0, 0
L -68.0, -529.0, -6.0, -59.0, -532.0, -6.0, 0, 0, 0
L -56.0, -523.0, -6.0, -65.0, -520.0, -6.0, 0, 0, 0
L -65.0, -520.0, -6.0, -68.0, -529.0, -6.0, 0, 0, 0
L 2452.0, -1203.0, -1.0, 2524.0, -1203.0, -1.0, 0, 0, 0
L 2442.0, -1308.0, -3.0, 2524.0, -1308.0, -3.0, 0, 0, 0
L 1164.2, -3439.3, 3.1, 1145.1, -3439.3, 3.1, 0, 0, 0
L 1164.2, -3439.3, 3.1, 1164.2, -3376.8, 3.4, 0, 0, 0
L 1164.2, -3376.8, 3.4, 1147.0, -3360.0, 3.4, 0, 0, 0
L 1147.0, -3360.0, 3.4, 1067.7, -3360.7, 3.6, 0, 0, 0
L 1067.7, -3360.7, 3.6, 1067.8, -3400.2, 3.7, 0, 0, 0
L 1039.0, -3399.5, 3.5, 1067.8, -3400.2, 3.6, 0, 0, 0
L 1075.2, -3410.0, 0.0, 1075.0, -3369.5, 3.7, 0, 0, 0
L 1075.0, -3369.5, 3.7, 1149.4, -3374.8, 3.4, 0, 0, 0
L 1149.4, -3374.8, 3.4, 1145.2, -3402.3, 3.1, 0, 0, 0
L 1145.2, -3402.3, 3.1, 1145.1, -3426.0, 3.1, 0, 0, 0
L 1145.1, -3426.0, 3.1, 1136.7, -3426.0, 3.1, 0, 0, 0
L 1039.0, -3397.0, -1.0, 1039.0, -3399.5, 3.5, 0, 0, 0
L 1136.7, -3426.0, 3.1, 1136.7, -3439.3, 3.1, 199, 21, 133
L 1145.1, -3439.3, 3.1, 1136.7, -3439.3, 3.1, 0, 0, 0
L 1136.7, -3426.0, 3.1, 1130.4, -3426.0, 3.1, 0, 0, 0
L 1136.7, -3439.3, 3.1, 1130.4, -3439.3, 3.1, 0, 0, 0
