L 514.0, -39.0, 39.0, 508.0, -39.0, 39.0, 199, 21, 133
L 508.0, -35.0, 39.0, 514.0, -35.0, 39.0, 199, 21, 133
L 508.0, -39.0, 39.0, 508.0, -35.0, 39.0, 199, 21, 133
L 514.0, -35.0, 39.0, 514.0, -39.0, 39.0, 199, 21, 133
L 14.0, -57.0, 0.0, 27.0, -55.0, 0.0, 0, 0, 255
L 2.0, -53.0, 0.0, 14.0, -57.0, 0.0, 0, 0, 255
L 0.0, -50.0, 0.0, 2.0, -53.0, 0.0, 0, 0, 255
L -36.0, -91.0, 0.0, 0.0, -50.0, 0.0, 0, 0, 255
L -26.0, -110.0, 0.0, -36.0, -91.0, 0.0, 0, 0, 255
L -16.0, -195.0, 0.0, -26.0, -110.0, 0.0, 0, 0, 255
L -28.0, -223.0, 0.0, -16.0, -195.0, 0.0, 0, 0, 255
L -4.0, -226.0, 0.0, -28.0, -223.0, 0.0, 0, 0, 255
L -4.0, -226.0, 0.0, 84.0, -235.0, -2.0, 0, 0, 255
L -78.0, -180.0, 0.0, -89.0, -180.0, 0.0, 139, 69, 19
L -79.0, -184.0, 0.0, -78.0, -180.0, 0.0, 139, 69, 19
L -81.0, -188.0, 0.0, -79.0, -184.0, 0.0, 139, 69, 19
L -86.0, -188.0, 0.0, -81.0, -188.0, 0.0, 139, 69, 19
L -88.0, -184.0, 0.0, -86.0, -188.0, 0.0, 139, 69, 19
L -89.0, -180.0, 0.0, -88.0, -184.0, 0.0, 139, 69, 19
L -70.0, -98.0, 0.0, -97.0, -98.0, 0.0, 155, 155, 155
L -70.0, -195.0, 0.0, -70.0, -98.0, 0.0, 155, 155, 155
L -97.0, -195.0, 0.0, -70.0, -195.0, 0.0, 155, 155, 155
L -97.0, -98.0, 0.0, -97.0, -195.0, 0.0, 155, 155, 155
L 223.0, -111.0, 0.0, 237.0, -42.0, 9.0, 0, 0, 0
L 213.0, -151.0, 0.0, 223.0, -111.0, 0.0, 0, 0, 0
L 56.0, -59.0, 0.0, 42.0, -55.0, 0.0, 0, 0, 255
L 111.0, -55.0, 0.0, 56.0, -59.0, 0.0, 0, 0, 255
L 125.0, -69.0, 0.0, 111.0, -55.0, 0.0, 0, 0, 255
L 154.0, -84.0, -2.0, 125.0, -69.0, 0.0, 0, 0, 255
L 182.0, -153.0, -2.0, 154.0, -84.0, -2.0, 0, 0, 255
L 443.0, 223.0, 3.0, 443.0, 218.0, 3.0, 0, 0, 0
L 443.0, 201.0, 3.0, 443.0, 218.0, 3.0, 0, 0, 0
L 443.0, 201.0, 3.0, 443.0, 196.0, 3.0, 0, 0, 0
L 361.0, 221.0, 0.0, 363.0, 221.0, 0.0, 0, 0, 0
L 361.0, 223.0, 0.0, 361.0, 221.0, 0.0, 0, 0, 0
L 363.0, 224.0, 5.0, 361.0, 223.0, 0.0, 0, 0, 0
L 370.0, 237.0, 7.0, 363.0, 224.0, 5.0, 0, 0, 0
L 377.0, 245.0, 7.0, 370.0, 237.0, 7.0, 0, 0, 0
L 391.0, 252.0, 5.0, 377.0, 245.0, 7.0, 0, 0, 0
L 420.0, 252.0, 5.0, 391.0, 252.0, 5.0, 0, 0, 0
L 434.0, 244.0, 7.0, 420.0, 252.0, 5.0, 0, 0, 0
L 441.0, 237.0, 7.0, 434.0, 244.0, 7.0, 0, 0, 0
L 448.0, 223.0, 5.0, 441.0, 237.0, 7.0, 0, 0, 0
L 448.0, 196.0, 5.0, 448.0, 223.0, 5.0, 0, 0, 0
L 441.0, 181.0, 7.0, 448.0, 196.0, 5.0, 0, 0, 0
L 434.0, 175.0, 7.0, 441.0, 181.0, 7.0, 0, 0, 0
L 420.0, 167.0, 5.0, 434.0, 175.0, 7.0, 0, 0, 0
L 391.0, 167.0, 5.0, 420.0, 167.0, 5.0, 0, 0, 0
L 377.0, 174.0, 7.0, 391.0, 167.0, 5.0, 0, 0, 0
L 370.0, 181.0, 7.0, 377.0, 174.0, 7.0, 0, 0, 0
L 361.0, 196.0, 0.0, 370.0, 181.0, 7.0, 0, 0, 0
L 111.0, 84.0, -2.0, 111.0, 98.0, -3.0, 0, 0, 0
L 125.0, 69.0, 0.0, 111.0, 84.0, -2.0, 0, 0, 0
L 140.0, 69.0, 0.0, 125.0, 69.0, 0.0, 0, 0, 0
L 154.0, 84.0, 0.0, 140.0, 69.0, 0.0, 0, 0, 0
L 154.0, 98.0, 0.0, 154.0, 84.0, 0.0, 0, 0, 0
L 140.0, 112.0, 0.0, 154.0, 98.0, 0.0, 0, 0, 0
L 125.0, 112.0, -3.0, 140.0, 112.0, 0.0, 0, 0, 0
L 111.0, 98.0, -3.0, 125.0, 112.0, -3.0, 0, 0, 0
L 238.0, 97.0, 0.0, 237.0, 112.0, 0.0, 0, 0, 0
L 223.0, 83.0, 0.0, 238.0, 97.0, 0.0, 0, 0, 0
L 209.0, 83.0, 0.0, 223.0, 83.0, 0.0, 0, 0, 0
L 195.0, 98.0, 0.0, 209.0, 83.0, 0.0, 0, 0, 0
L 195.0, 112.0, 0.0, 195.0, 98.0, 0.0, 0, 0, 0
L 209.0, 126.0, -4.0, 195.0, 112.0, 0.0, 0, 0, 0
L 224.0, 126.0, 0.0, 209.0, 126.0, -4.0, 0, 0, 0
L 237.0, 112.0, 0.0, 224.0, 126.0, 0.0, 0, 0, 0
L 209.0, 41.0, 0.0, 223.0, 27.0, 0.0, 0, 0, 0
L 209.0, 56.0, 0.0, 209.0, 41.0, 0.0, 0, 0, 0
L 223.0, 70.0, 0.0, 209.0, 56.0, 0.0, 0, 0, 0
L 238.0, 70.0, 0.0, 223.0, 70.0, 0.0, 0, 0, 0
L 252.0, 56.0, 0.0, 238.0, 70.0, 0.0, 0, 0, 0
L 252.0, 41.0, 9.0, 252.0, 56.0, 0.0, 0, 0, 0
L 238.0, 27.0, 9.0, 252.0, 41.0, 9.0, 0, 0, 0
L 223.0, 27.0, 0.0, 238.0, 27.0, 9.0, 0, 0, 0
L 279.0, 27.0, 9.0, 294.0, 27.0, 0.0, 0, 0, 0
L 266.0, 41.0, 9.0, 279.0, 27.0, 9.0, 0, 0, 0
L 265.0, 56.0, 0.0, 266.0, 41.0, 9.0, 0, 0, 0
L 279.0, 70.0, 0.0, 265.0, 56.0, 0.0, 0, 0, 0
L 293.0, 70.0, 0.0, 279.0, 70.0, 0.0, 0, 0, 0
L 308.0, 55.0, 0.0, 293.0, 70.0, 0.0, 0, 0, 0
L 308.0, 41.0, 0.0, 308.0, 55.0, 0.0, 0, 0, 0
L 294.0, 27.0, 0.0, 308.0, 41.0, 0.0, 0, 0, 0
L -96.0, 607.0, 0.0, -112.0, 592.0, 0.0, 0, 0, 0
L -112.0, 592.0, 0.0, -191.0, 592.0, 0.0, 0, 0, 0
L -191.0, 592.0, 0.0, -210.0, 559.0, 0.0, 0, 0, 0
L -210.0, 559.0, 0.0, -196.0, 545.0, 0.0, 0, 0, 0
L -196.0, 545.0, 0.0, -168.0, 559.0, 0.0, 0, 0, 0
L -168.0, 559.0, 0.0, -140.0, 531.0, 0.0, 0, 0, 0
L -140.0, 531.0, 0.0, -140.0, 500.0, 1.0, 0, 0, 0
L -140.0, 500.0, 1.0, -140.0, 448.0, 0.0, 0, 0, 0
L -140.0, 448.0, 0.0, -168.0, 419.0, 0.0, 0, 0, 0
L -168.0, 419.0, 0.0, -154.0, 406.0, 0.0, 0, 0, 0
L -154.0, 406.0, 0.0, -140.0, 377.0, 0.0, 0, 0, 0
L -140.0, 377.0, 0.0, -140.0, 349.0, 0.0, 0, 0, 0
L -140.0, 349.0, 0.0, -183.0, 306.0, 0.0, 0, 0, 0
L -183.0, 306.0, 0.0, -210.0, 265.0, 0.0, 0, 0, 0
L -210.0, 265.0, 0.0, -141.0, 251.0, 0.0, 0, 0, 0
L -141.0, 251.0, 0.0, -70.0, 181.0, 0.0, 0, 0, 0
L -70.0, 181.0, 0.0, -70.0, 139.0, 0.0, 0, 0, 0
L -70.0, 139.0, 0.0, -98.0, 112.0, 0.0, 0, 0, 0
L -98.0, 112.0, 0.0, -140.0, 97.0, 0.0, 0, 0, 0
L -140.0, 97.0, 0.0, -112.0, 69.0, 0.0, 0, 0, 0
L -139.0, 42.0, 0.0, -153.0, 71.0, 0.0, 0, 0, 0
L -153.0, 71.0, 0.0, -166.0, 108.0, 0.0, 0, 0, 0
L -166.0, 108.0, 0.0, -124.0, 126.0, 0.0, 0, 0, 0
L -124.0, 126.0, 0.0, -97.0, 139.0, 0.0, 0, 0, 0
L -97.0, 139.0, 0.0, -97.0, 181.0, 0.0, 0, 0, 0
L -97.0, 181.0, 0.0, -171.0, 238.0, 0.0, 0, 0, 0
L -171.0, 238.0, 0.0, -237.0, 252.0, 0.0, 0, 0, 0
L -183.0, 393.0, 0.0, -195.0, 405.0, 0.0, 0, 0, 0
L -195.0, 405.0, 0.0, -181.0, 433.0, 0.0, 0, 0, 0
L -181.0, 433.0, 0.0, -167.0, 448.0, 0.0, 0, 0, 0
L -167.0, 448.0, 0.0, -167.0, 503.0, 0.0, 0, 0, 0
L -167.0, 503.0, 0.0, -195.0, 504.0, 0.0, 0, 0, 0
L -195.0, 504.0, 0.0, -223.0, 531.0, 0.0, 0, 0, 0
L -223.0, 531.0, 0.0, -239.0, 576.0, 0.0, 0, 0, 0
L -239.0, 576.0, 0.0, -223.0, 607.0, 0.0, 0, 0, 0
L -223.0, 607.0, 0.0, -135.0, 607.0, 0.0, 0, 0, 0
L -135.0, 607.0, 0.0, -127.0, 615.0, 0.0, 0, 0, 0
L -237.0, 252.0, 0.0, -237.0, 349.0, 0.0, 0, 0, 0
L -237.0, 349.0, 0.0, -167.0, 363.0, 0.0, 0, 0, 0
L -167.0, 363.0, 0.0, -153.0, 377.0, 0.0, 0, 0, 0
L -153.0, 377.0, 0.0, -168.0, 392.0, 0.0, 0, 0, 0
L -168.0, 392.0, 0.0, -181.0, 392.0, 0.0, 0, 0, 0
L -181.0, 392.0, 0.0, -182.0, 393.0, 0.0, 0, 0, 0
L -112.0, 69.0, 0.0, -98.0, 0.0, 0.0, 0, 0, 0
L -98.0, 0.0, 0.0, -70.0, 0.0, 0.0, 0, 0, 0
L -70.0, 0.0, 0.0, 0.0, 69.0, 0.0, 0, 0, 0
L 45.0, 57.0, 0.0, 82.0, 82.0, 0.0, 0, 0, 0
L 82.0, 82.0, 0.0, 70.0, 112.0, -2.0, 0, 0, 0
L 70.0, 112.0, -2.0, 85.0, 154.0, -3.0, 0, 0, 0
L 85.0, 154.0, -3.0, 98.0, 167.0, -3.0, 0, 0, 0
L 98.0, 167.0, -3.0, 126.0, 181.0, -3.0, 0, 0, 0
L 126.0, 181.0, -3.0, 140.0, 195.0, -4.0, 0, 0, 0
L 140.0, 195.0, -4.0, 182.0, 265.0, 0.0, 0, 0, 0
L 182.0, 265.0, 0.0, 195.0, 251.0, 0.0, 0, 0, 0
L 195.0, 251.0, 0.0, 210.0, 251.0, 0.0, 0, 0, 0
L 210.0, 251.0, 0.0, 224.0, 265.0, 0.0, 0, 0, 0
L 224.0, 265.0, 0.0, 224.0, 279.0, 0.0, 0, 0, 0
L 224.0, 279.0, 0.0, 210.0, 294.0, 0.0, 0, 0, 0
L 210.0, 294.0, 0.0, 195.0, 294.0, 0.0, 0, 0, 0
L 195.0, 294.0, 0.0, 182.0, 280.0, 0.0, 0, 0, 0
L 182.0, 280.0, 0.0, 182.0, 307.0, 0.0, 0, 0, 0
L 182.0, 307.0, 0.0, 196.0, 307.0, 0.0, 150, 150, 150
L 196.0, 307.0, 0.0, 239.0, 321.0, 0.0, 150, 150, 150
L 239.0, 321.0, 0.0, 364.0, 349.0, 0.0, 150, 150, 150
L 364.0, 349.0, 0.0, 447.0, 349.0, 0.0, 150, 150, 150
L 447.0, 349.0, 0.0, 531.0, 307.0, 0.0, 150, 150, 150
L 531.0, 307.0, 0.0, 531.0, 280.0, 15.0, 150, 150, 150
L 545.0, 237.0, 11.0, 545.0, 209.0, 0.0, 150, 150, 150
L 545.0, 209.0, 0.0, 545.0, 167.0, 0.0, 150, 150, 150
L 545.0, 167.0, 0.0, 531.0, 139.0, 0.0, 150, 150, 150
L 531.0, 139.0, 0.0, 517.0, 84.0, 0.0, 150, 150, 150
L 503.0, 56.0, 0.0, 490.0, 42.0, 0.0, 0, 0, 0
L 490.0, 42.0, 0.0, 475.0, 42.0, 10.0, 0, 0, 0
L 475.0, 42.0, 10.0, 462.0, 28.0, 10.0, 0, 0, 0
L 462.0, 28.0, 10.0, 452.0, 13.0, 20.0, 0, 0, 0
L 452.0, 13.0, 20.0, 447.0, 0.0, 19.0, 0, 0, 0
L 434.0, 0.0, 19.0, 428.0, 13.0, 19.0, 0, 0, 0
L 428.0, 13.0, 19.0, 405.0, 28.0, 20.0, 0, 0, 0
L 405.0, 28.0, 20.0, 391.0, 14.0, 20.0, 0, 0, 0
L 391.0, 14.0, 20.0, 377.0, 0.0, 2.0, 0, 0, 0
L 377.0, 0.0, 2.0, 364.0, 14.0, 0.0, 0, 0, 0
L 364.0, 14.0, 0.0, 349.0, 0.0, 0.0, 0, 0, 0
L 349.0, 0.0, 0.0, 294.0, 0.0, 0.0, 0, 0, 0
L 294.0, 0.0, 0.0, 279.0, 0.0, 9.0, 0, 0, 0
L 279.0, 0.0, 9.0, 251.0, -14.0, 9.0, 0, 0, 0
L 251.0, -14.0, 9.0, 237.0, -42.0, 9.0, 0, 0, 0
L 213.0, -151.0, 0.0, 182.0, -153.0, -2.0, 0, 0, 0
L -139.0, 42.0, 0.0, -181.0, 55.0, 0.0, 0, 0, 0
L -28.0, -322.0, 0.0, -30.0, -322.0, 0.0, 0, 0, 0
L -42.0, -322.0, 0.0, -56.0, -307.0, 0.0, 0, 0, 0
L -56.0, -307.0, 0.0, -56.0, -293.0, 0.0, 0, 0, 0
L -56.0, -293.0, 0.0, -42.0, -279.0, 0.0, 0, 0, 0
L -42.0, -279.0, 0.0, -27.0, -279.0, 0.0, 0, 0, 0
L -27.0, -279.0, 0.0, -13.0, -293.0, 0.0, 0, 0, 0
L -13.0, -293.0, 0.0, -13.0, -303.0, 0.0, 0, 0, 0
L 504.0, 308.0, 0.0, 489.0, 308.0, 0.0, 0, 0, 0
L 489.0, 308.0, 0.0, 475.0, 293.0, 0.0, 0, 0, 0
L 475.0, 293.0, 0.0, 475.0, 279.0, 0.0, 0, 0, 0
L 475.0, 279.0, 0.0, 489.0, 265.0, 0.0, 0, 0, 0
L 489.0, 265.0, 0.0, 503.0, 265.0, 15.0, 0, 0, 0
L 503.0, 265.0, 15.0, 517.0, 279.0, 15.0, 0, 0, 0
L 518.0, 294.0, 0.0, 504.0, 308.0, 0.0, 0, 0, 0
L 517.0, 279.0, 15.0, 518.0, 294.0, 0.0, 0, 0, 0
L 531.0, 280.0, 15.0, 545.0, 237.0, 11.0, 150, 150, 150
L 322.0, 279.0, 0.0, 307.0, 265.0, 0.0, 0, 0, 0
L 307.0, 265.0, 0.0, 293.0, 265.0, 0.0, 0, 0, 0
L 293.0, 265.0, 0.0, 279.0, 279.0, 0.0, 0, 0, 0
L 279.0, 279.0, 0.0, 279.0, 294.0, 0.0, 0, 0, 0
L 279.0, 294.0, 0.0, 293.0, 308.0, 0.0, 0, 0, 0
L 293.0, 308.0, 0.0, 308.0, 308.0, 0.0, 0, 0, 0
L 308.0, 308.0, 0.0, 322.0, 293.0, 0.0, 0, 0, 0
L 322.0, 293.0, 0.0, 322.0, 279.0, 0.0, 0, 0, 0
L 349.0, 307.0, 0.0, 349.0, 321.0, 0.0, 0, 0, 0
L 349.0, 321.0, 0.0, 363.0, 336.0, 0.0, 0, 0, 0
L 363.0, 336.0, 0.0, 377.0, 336.0, 0.0, 0, 0, 0
L 377.0, 336.0, 0.0, 392.0, 321.0, 0.0, 0, 0, 0
L 392.0, 321.0, 0.0, 392.0, 307.0, 0.0, 0, 0, 0
L 392.0, 307.0, 0.0, 378.0, 293.0, 0.0, 0, 0, 0
L 378.0, 293.0, 0.0, 363.0, 293.0, 0.0, 0, 0, 0
L 349.0, 307.0, 0.0, 363.0, 293.0, 0.0, 0, 0, 0
L 419.0, 322.0, 0.0, 433.0, 336.0, 0.0, 0, 0, 0
L 433.0, 336.0, 0.0, 447.0, 336.0, 0.0, 0, 0, 0
L 447.0, 336.0, 0.0, 462.0, 322.0, 0.0, 0, 0, 0
L 462.0, 322.0, 0.0, 462.0, 307.0, 0.0, 0, 0, 0
L 462.0, 307.0, 0.0, 447.0, 293.0, 0.0, 0, 0, 0
L 447.0, 293.0, 0.0, 433.0, 293.0, 0.0, 0, 0, 0
L 433.0, 293.0, 0.0, 419.0, 307.0, 0.0, 0, 0, 0
L 419.0, 307.0, 0.0, 419.0, 322.0, 0.0, 0, 0, 0
L 517.0, 209.0, 0.0, 504.0, 195.0, 0.0, 0, 0, 0
L 504.0, 195.0, 0.0, 489.0, 195.0, 0.0, 0, 0, 0
L 489.0, 195.0, 0.0, 475.0, 209.0, 0.0, 0, 0, 0
L 475.0, 209.0, 0.0, 475.0, 224.0, 0.0, 0, 0, 0
L 475.0, 224.0, 0.0, 489.0, 238.0, 0.0, 0, 0, 0
L 489.0, 238.0, 0.0, 503.0, 238.0, 15.0, 0, 0, 0
L 503.0, 238.0, 15.0, 518.0, 223.0, 15.0, 0, 0, 0
L 518.0, 223.0, 15.0, 517.0, 209.0, 0.0, 0, 0, 0
L 489.0, 182.0, 0.0, 503.0, 182.0, 0.0, 0, 0, 0
L 503.0, 182.0, 0.0, 518.0, 168.0, 0.0, 0, 0, 0
L 518.0, 168.0, 0.0, 518.0, 153.0, 0.0, 0, 0, 0
L 518.0, 153.0, 0.0, 503.0, 139.0, 0.0, 0, 0, 0
L 503.0, 139.0, 0.0, 489.0, 139.0, 0.0, 0, 0, 0
L 489.0, 139.0, 0.0, 475.0, 153.0, 0.0, 0, 0, 0
L 475.0, 153.0, 0.0, 475.0, 168.0, 0.0, 0, 0, 0
L 475.0, 168.0, 0.0, 489.0, 182.0, 0.0, 0, 0, 0
L 489.0, 182.0, 0.0, 504.0, 182.0, 0.0, 0, 0, 0
L 490.0, 83.0, 0.0, 504.0, 97.0, 0.0, 0, 0, 0
L 504.0, 97.0, 0.0, 504.0, 112.0, 0.0, 0, 0, 0
L 504.0, 112.0, 0.0, 490.0, 126.0, 0.0, 0, 0, 0
L 490.0, 126.0, 0.0, 475.0, 126.0, 0.0, 0, 0, 0
L 475.0, 126.0, 0.0, 461.0, 111.0, 0.0, 0, 0, 0
L 461.0, 111.0, 0.0, 461.0, 97.0, 0.0, 0, 0, 0
L 461.0, 97.0, 0.0, 448.0, 112.0, 0.0, 0, 0, 0
L 448.0, 112.0, 0.0, 433.0, 112.0, 0.0, 0, 0, 0
L 433.0, 112.0, 0.0, 419.0, 98.0, 0.0, 0, 0, 0
L 419.0, 98.0, 0.0, 419.0, 84.0, 20.0, 0, 0, 0
L 419.0, 84.0, 20.0, 433.0, 69.0, 20.0, 0, 0, 0
L 433.0, 69.0, 20.0, 447.0, 69.0, 20.0, 0, 0, 0
L 447.0, 69.0, 20.0, 462.0, 83.0, 10.0, 0, 0, 0
L 462.0, 83.0, 10.0, 461.0, 97.0, 0.0, 0, 0, 0
L 461.0, 97.0, 0.0, 475.0, 83.0, 10.0, 0, 0, 0
L 475.0, 83.0, 10.0, 490.0, 83.0, 0.0, 0, 0, 0
L 182.0, 307.0, 0.0, 252.0, 420.0, 141.0, 0, 0, 0
L 252.0, 420.0, 141.0, 224.0, 475.0, 152.0, 0, 0, 0
L 224.0, 475.0, 152.0, 489.0, 475.0, 111.0, 0, 0, 0
L 489.0, 475.0, 111.0, 699.0, 304.0, 98.0, 0, 0, 0
L 699.0, 304.0, 98.0, 713.0, 238.0, 98.0, 0, 0, 0
L 713.0, 238.0, 98.0, 713.0, 168.0, 98.0, 0, 0, 0
L 713.0, 168.0, 98.0, 699.0, 84.0, 140.0, 0, 0, 0
L 699.0, 84.0, 140.0, 657.0, 56.0, 140.0, 0, 0, 0
L 657.0, 56.0, 140.0, 616.0, 84.0, 128.0, 0, 0, 0
L 616.0, 84.0, 128.0, 615.0, 84.0, 84.0, 0, 0, 0
L 615.0, 84.0, 84.0, 517.0, 84.0, 0.0, 0, 0, 0
L 377.0, 98.0, 0.0, 363.0, 84.0, 0.0, 0, 0, 0
L 363.0, 84.0, 0.0, 363.0, 69.0, 0.0, 0, 0, 0
L 363.0, 69.0, 0.0, 350.0, 84.0, 0.0, 0, 0, 0
L 350.0, 84.0, 0.0, 335.0, 84.0, 0.0, 0, 0, 0
L 335.0, 84.0, 0.0, 321.0, 70.0, 0.0, 0, 0, 0
L 321.0, 70.0, 0.0, 321.0, 55.0, 0.0, 0, 0, 0
L 321.0, 55.0, 0.0, 335.0, 41.0, 0.0, 0, 0, 0
L 335.0, 41.0, 0.0, 349.0, 41.0, 0.0, 0, 0, 0
L 349.0, 41.0, 0.0, 364.0, 55.0, 0.0, 0, 0, 0
L 364.0, 55.0, 0.0, 363.0, 69.0, 0.0, 0, 0, 0
L 363.0, 69.0, 0.0, 377.0, 55.0, 0.0, 0, 0, 0
L 377.0, 55.0, 0.0, 391.0, 55.0, 20.0, 0, 0, 0
L 391.0, 55.0, 20.0, 406.0, 69.0, 20.0, 0, 0, 0
L 406.0, 69.0, 20.0, 406.0, 83.0, 20.0, 0, 0, 0
L 391.0, 98.0, 0.0, 377.0, 98.0, 0.0, 0, 0, 0
L 406.0, 83.0, 20.0, 391.0, 98.0, 0.0, 0, 0, 0
L 433.0, 237.0, 0.0, 415.0, 224.0, 1.0, 150, 150, 150
L 411.0, 220.0, 1.0, 409.0, 213.0, 1.0, 150, 150, 150
L 415.0, 224.0, 1.0, 411.0, 220.0, 1.0, 150, 150, 150
L 409.0, 213.0, 1.0, 409.0, 205.0, 1.0, 150, 150, 150
L 409.0, 205.0, 1.0, 411.0, 199.0, 1.0, 150, 150, 150
L 433.0, 181.0, 0.0, 415.0, 195.0, 1.0, 150, 150, 150
L 415.0, 195.0, 1.0, 411.0, 199.0, 1.0, 150, 150, 150
L 368.0, 196.0, 0.0, 378.0, 182.0, 0.0, 0, 0, 0
L 378.0, 182.0, 0.0, 391.0, 172.0, 0.0, 0, 0, 0
L 391.0, 172.0, 0.0, 419.0, 172.0, 0.0, 0, 0, 0
L 419.0, 172.0, 0.0, 433.0, 181.0, 0.0, 0, 0, 0
L 443.0, 223.0, 3.0, 433.0, 237.0, 0.0, 0, 0, 0
L 433.0, 237.0, 0.0, 419.0, 247.0, 0.0, 0, 0, 0
L 419.0, 247.0, 0.0, 391.0, 247.0, 0.0, 0, 0, 0
L 391.0, 247.0, 0.0, 378.0, 237.0, 0.0, 0, 0, 0
L 378.0, 237.0, 0.0, 368.0, 223.0, 0.0, 0, 0, 0
L 368.0, 223.0, 0.0, 363.0, 221.0, 0.0, 0, 0, 0
L 361.0, 196.0, 0.0, 361.0, 198.0, 0.0, 0, 0, 0
L 361.0, 198.0, 0.0, 363.0, 198.0, 0.0, 0, 0, 0
L 363.0, 198.0, 0.0, 368.0, 196.0, 0.0, 0, 0, 0
L 423.0, 205.0, 7.0, 423.0, 214.0, 7.0, 150, 150, 150
L 423.0, 214.0, 7.0, 429.0, 214.0, 7.0, 150, 150, 150
L 429.0, 214.0, 7.0, 428.0, 205.0, 7.0, 150, 150, 150
L 428.0, 205.0, 7.0, 423.0, 205.0, 7.0, 150, 150, 150
L 443.0, 196.0, 3.0, 433.0, 181.0, 0.0, 0, 0, 0
L -139.0, -111.0, 0.0, -154.0, -111.0, 0.0, 0, 0, 0
L -154.0, -111.0, 0.0, -168.0, -125.0, 0.0, 0, 0, 0
L -168.0, -125.0, 0.0, -168.0, -140.0, 0.0, 0, 0, 0
L -168.0, -140.0, 0.0, -154.0, -154.0, 0.0, 0, 0, 0
L -154.0, -154.0, 0.0, -139.0, -154.0, 0.0, 0, 0, 0
L -139.0, -154.0, 0.0, -125.0, -140.0, 0.0, 0, 0, 0
L -125.0, -140.0, 0.0, -125.0, -125.0, 0.0, 0, 0, 0
L -125.0, -125.0, 0.0, -139.0, -111.0, 0.0, 0, 0, 0
L -125.0, -181.0, 0.0, -126.0, -181.0, 0.0, 0, 0, 0
L -140.0, -181.0, 0.0, -154.0, -195.0, 0.0, 0, 0, 0
L -154.0, -195.0, 0.0, -154.0, -210.0, 0.0, 0, 0, 0
L -154.0, -210.0, 0.0, -140.0, -224.0, 0.0, 0, 0, 0
L -140.0, -224.0, 0.0, -125.0, -224.0, 0.0, 0, 0, 0
L -125.0, -224.0, 0.0, -111.0, -210.0, 0.0, 0, 0, 0
L -111.0, -210.0, 0.0, -111.0, -195.0, 0.0, 0, 0, 0
L -111.0, -195.0, 0.0, -125.0, -181.0, 0.0, 0, 0, 0
L -126.0, -181.0, 0.0, -139.0, -181.0, 0.0, 0, 0, 0
L -139.0, -181.0, 0.0, -140.0, -181.0, 0.0, 0, 0, 0
L -84.0, -237.0, 0.0, -98.0, -251.0, 0.0, 0, 0, 0
L -98.0, -251.0, 0.0, -98.0, -266.0, 0.0, 0, 0, 0
L -98.0, -266.0, 0.0, -84.0, -280.0, 0.0, 0, 0, 0
L -84.0, -280.0, 0.0, -69.0, -280.0, 0.0, 0, 0, 0
L -69.0, -280.0, 0.0, -55.0, -266.0, 0.0, 0, 0, 0
L -55.0, -266.0, 0.0, -55.0, -251.0, 0.0, 0, 0, 0
L -55.0, -251.0, 0.0, -69.0, -237.0, 0.0, 0, 0, 0
L -69.0, -237.0, 0.0, -84.0, -237.0, 0.0, 0, 0, 0
L -28.0, -322.0, 0.0, -13.0, -306.0, 0.0, 0, 0, 0
L 182.0, 265.0, 0.0, 182.0, 280.0, 0.0, 0, 0, 0
L 177.0, -202.0, -2.0, 195.0, -210.0, -2.0, 0, 0, 0
L 195.0, -210.0, -2.0, 209.0, -223.0, -1.0, 0, 0, 0
L 209.0, -223.0, -1.0, 209.0, -265.0, 0.0, 0, 0, 0
L 209.0, -265.0, 0.0, 195.0, -279.0, 0.0, 0, 0, 0
L 195.0, -279.0, 0.0, 209.0, -294.0, 0.0, 0, 0, 0
L 209.0, -294.0, 0.0, 238.0, -308.0, 0.0, 0, 0, 0
L 238.0, -308.0, 0.0, 252.0, -294.0, 0.0, 0, 0, 0
L 252.0, -294.0, 0.0, 266.0, -292.0, 12.0, 0, 0, 0
L 146.0, -235.0, -2.0, 154.0, -251.0, -2.0, 0, 0, 0
L 154.0, -251.0, -2.0, 168.0, -251.0, 0.0, 0, 0, 0
L 168.0, -251.0, 0.0, 168.0, -265.0, 0.0, 0, 0, 0
L 168.0, -265.0, 0.0, 182.0, -279.0, 0.0, 0, 0, 0
L 182.0, -279.0, 0.0, 182.0, -307.0, 0.0, 0, 0, 0
L 182.0, -307.0, 0.0, 196.0, -321.0, 0.0, 0, 0, 0
L 196.0, -321.0, 0.0, 224.0, -335.0, 0.0, 0, 0, 0
L 224.0, -335.0, 0.0, 210.0, -349.0, 0.0, 0, 0, 0
L 210.0, -349.0, 0.0, 238.0, -391.0, 0.0, 0, 0, 0
L 238.0, -391.0, 0.0, 224.0, -419.0, 0.0, 0, 0, 0
L 224.0, -419.0, 0.0, 210.0, -475.0, 0.0, 0, 0, 0
L 210.0, -475.0, 0.0, 252.0, -489.0, 0.0, 0, 0, 0
L 252.0, -489.0, 0.0, 266.0, -517.0, 0.0, 0, 0, 0
L 266.0, -517.0, 0.0, 293.0, -531.0, 0.0, 0, 0, 0
L 293.0, -462.0, 0.0, 279.0, -448.0, 0.0, 0, 0, 0
L 279.0, -448.0, 0.0, 251.0, -476.0, 0.0, 0, 0, 0
L 251.0, -476.0, 0.0, 237.0, -461.0, 0.0, 0, 0, 0
L 237.0, -461.0, 0.0, 237.0, -433.0, 0.0, 0, 0, 0
L 237.0, -433.0, 0.0, 279.0, -391.0, 0.0, 0, 0, 0
L 279.0, -391.0, 0.0, 251.0, -364.0, 0.0, 0, 0, 0
L 251.0, -364.0, 0.0, 247.0, -356.0, 0.0, 0, 0, 0
L 247.0, -356.0, 0.0, 254.0, -353.0, 2.0, 0, 0, 0
L 254.0, -353.0, 2.0, 260.0, -358.0, 2.0, 0, 0, 0
L 260.0, -358.0, 2.0, 267.0, -356.0, 2.0, 0, 0, 0
L 267.0, -356.0, 2.0, 275.0, -348.0, 3.0, 0, 0, 0
L 275.0, -348.0, 3.0, 276.0, -338.0, 4.0, 0, 0, 0
L 276.0, -338.0, 4.0, 277.0, -327.0, 6.0, 0, 0, 0
L 277.0, -327.0, 6.0, 279.0, -326.0, 6.0, 0, 0, 0
L 279.0, -326.0, 6.0, 282.0, -322.0, 7.0, 0, 0, 0
L 282.0, -322.0, 7.0, 290.0, -315.0, 8.0, 0, 0, 0
L 290.0, -315.0, 8.0, 300.0, -313.0, 9.0, 0, 0, 0
L 300.0, -313.0, 9.0, 307.0, -306.0, 10.0, 0, 0, 0
L 307.0, -306.0, 10.0, 319.0, -297.0, 11.0, 0, 0, 0
L 319.0, -297.0, 11.0, 324.0, -289.0, 12.0, 0, 0, 0
L 324.0, -289.0, 12.0, 330.0, -283.0, 13.0, 0, 0, 0
L 330.0, -283.0, 13.0, 341.0, -275.0, 14.0, 0, 0, 0
L 341.0, -275.0, 14.0, 349.0, -266.0, 15.0, 0, 0, 0
L 349.0, -266.0, 15.0, 349.0, -255.0, 16.0, 0, 0, 0
L 266.0, -292.0, 12.0, 274.0, -282.0, 12.0, 0, 0, 0
L 274.0, -282.0, 12.0, 279.0, -276.0, 13.0, 0, 0, 0
L 279.0, -276.0, 13.0, 283.0, -271.0, 14.0, 0, 0, 0
L 283.0, -271.0, 14.0, 285.0, -266.0, 15.0, 0, 0, 0
L 285.0, -266.0, 15.0, 292.0, -242.0, 16.0, 0, 0, 0
L 292.0, -242.0, 16.0, 317.0, -209.0, 15.0, 0, 0, 0
L 317.0, -209.0, 15.0, 362.0, -182.0, 15.0, 0, 0, 0
L 362.0, -182.0, 15.0, 420.0, -210.0, 14.0, 0, 0, 0
L 420.0, -210.0, 14.0, 434.0, -182.0, 14.0, 0, 0, 0
L 434.0, -182.0, 14.0, 420.0, -153.0, 15.0, 0, 0, 0
L 420.0, -153.0, 15.0, 392.0, -153.0, 15.0, 0, 0, 0
L 392.0, -153.0, 15.0, 378.0, -126.0, 16.0, 0, 0, 0
L 378.0, -126.0, 16.0, 392.0, -56.0, 17.0, 0, 0, 0
L 392.0, -56.0, 17.0, 420.0, -42.0, 18.0, 0, 0, 0
L 349.0, -255.0, 16.0, 352.0, -246.0, 16.0, 0, 0, 0
L 352.0, -246.0, 16.0, 362.0, -237.0, 15.0, 0, 0, 0
L 362.0, -237.0, 15.0, 406.0, -237.0, 12.0, 0, 0, 0
L 406.0, -237.0, 12.0, 378.0, -266.0, 12.0, 0, 204, 0
L 378.0, -266.0, 12.0, 392.0, -307.0, 11.0, 0, 204, 0
L 392.0, -307.0, 11.0, 350.0, -349.0, 40.0, 0, 204, 0
L 350.0, -349.0, 40.0, 378.0, -391.0, 42.0, 0, 204, 0
L 378.0, -391.0, 42.0, 350.0, -406.0, 44.0, 0, 204, 0
L 350.0, -406.0, 44.0, 336.0, -419.0, 44.0, 0, 204, 0
L 336.0, -419.0, 44.0, 336.0, -434.0, 44.0, 0, 204, 0
L 363.0, -419.0, 44.0, 363.0, -448.0, 42.0, 0, 204, 0
L 363.0, -448.0, 42.0, 391.0, -475.0, 40.0, 0, 204, 0
L 391.0, -475.0, 40.0, 377.0, -517.0, 38.0, 0, 204, 0
L 377.0, -517.0, 38.0, 363.0, -545.0, 32.0, 0, 204, 0
L 363.0, -545.0, 32.0, 363.0, -587.0, 29.0, 0, 204, 0
L 336.0, -434.0, 44.0, 364.0, -490.0, 30.0, 139, 69, 19
L 364.0, -490.0, 30.0, 350.0, -532.0, 27.0, 139, 69, 19
L 350.0, -532.0, 27.0, 349.0, -572.0, 26.0, 139, 69, 19
L 349.0, -572.0, 26.0, 345.0, -574.0, 25.0, 139, 69, 19
L 345.0, -574.0, 25.0, 341.0, -573.0, 25.0, 139, 69, 19
L 341.0, -573.0, 25.0, 336.0, -572.0, 27.0, 139, 69, 19
L 336.0, -572.0, 27.0, 335.0, -573.0, 29.0, 150, 150, 150
L 335.0, -573.0, 29.0, 335.0, -572.0, 34.0, 139, 69, 19
L 335.0, -572.0, 34.0, 321.0, -560.0, 34.0, 139, 69, 19
L 321.0, -560.0, 34.0, 307.0, -559.0, 37.0, 139, 69, 19
L 307.0, -559.0, 37.0, 293.0, -573.0, 42.0, 139, 69, 19
L 293.0, -573.0, 42.0, 307.0, -587.0, 42.0, 139, 69, 19
L 307.0, -587.0, 42.0, 322.0, -587.0, 29.0, 139, 69, 19
L 349.0, -629.0, 31.0, 335.0, -615.0, 32.0, 139, 69, 19
L 335.0, -615.0, 32.0, 335.0, -601.0, 29.0, 139, 69, 19
L 335.0, -601.0, 29.0, 338.0, -590.0, 26.0, 139, 69, 19
L 338.0, -590.0, 26.0, 342.0, -587.0, 25.0, 139, 69, 19
L 342.0, -587.0, 25.0, 346.0, -586.0, 25.0, 139, 69, 19
L 346.0, -586.0, 25.0, 363.0, -587.0, 29.0, 139, 69, 19
L 293.0, -462.0, 0.0, 279.0, -489.0, 0.0, 0, 0, 255
L 279.0, -489.0, 0.0, 293.0, -531.0, 0.0, 0, 0, 255
L 294.0, -462.0, -36.0, 335.0, -434.0, -29.0, 0, 0, 255
L 335.0, -434.0, -29.0, 363.0, -489.0, -27.0, 0, 0, 255
L 363.0, -489.0, -27.0, 349.0, -531.0, -32.0, 0, 0, 255
L 349.0, -531.0, -32.0, 349.0, -572.0, -40.0, 0, 0, 255
L 349.0, -572.0, -40.0, 362.0, -587.0, -37.0, 0, 0, 255
L 362.0, -587.0, -37.0, 377.0, -601.0, -33.0, 0, 0, 255
L 377.0, -601.0, -33.0, 375.0, -615.0, -34.0, 0, 0, 255
L 375.0, -615.0, -34.0, 372.0, -620.0, -34.0, 0, 0, 255
L 372.0, -620.0, -34.0, 370.0, -622.0, -34.0, 0, 0, 255
L 370.0, -622.0, -34.0, 367.0, -625.0, -35.0, 0, 0, 255
L 367.0, -625.0, -35.0, 349.0, -629.0, -38.0, 0, 0, 255
L 349.0, -629.0, -38.0, 341.0, -633.0, -37.0, 0, 0, 255
L 341.0, -633.0, -37.0, 333.0, -633.0, -38.0, 0, 0, 255
L 333.0, -633.0, -38.0, 322.0, -629.0, -40.0, 0, 0, 255
L 321.0, -616.0, -38.0, 336.0, -616.0, -40.0, 0, 0, 255
L 336.0, -616.0, -40.0, 336.0, -601.0, -40.0, 0, 0, 255
L 336.0, -601.0, -40.0, 338.0, -590.0, -39.0, 0, 0, 255
L 338.0, -590.0, -39.0, 336.0, -573.0, -39.0, 0, 0, 255
L 336.0, -573.0, -39.0, 322.0, -559.0, -36.0, 0, 0, 255
L 322.0, -559.0, -36.0, 308.0, -559.0, -38.0, 0, 0, 255
L 308.0, -559.0, -38.0, 293.0, -573.0, -38.0, 0, 0, 255
L 293.0, -573.0, -38.0, 307.0, -587.0, -38.0, 0, 0, 255
L 307.0, -587.0, -38.0, 307.0, -601.0, -40.0, 0, 0, 255
L 307.0, -601.0, -40.0, 321.0, -616.0, -38.0, 0, 0, 255
L 322.0, -629.0, -40.0, 308.0, -615.0, -40.0, 0, 0, 255
L 308.0, -615.0, -40.0, 294.0, -601.0, -40.0, 0, 0, 255
L 294.0, -601.0, -40.0, 294.0, -588.0, -40.0, 0, 0, 255
L 294.0, -588.0, -40.0, 280.0, -573.0, -40.0, 0, 0, 255
L 280.0, -573.0, -40.0, 280.0, -559.0, -40.0, 0, 0, 255
L 280.0, -559.0, -40.0, 294.0, -545.0, -40.0, 0, 0, 255
L 294.0, -545.0, -40.0, 294.0, -532.0, -40.0, 0, 0, 255
L 294.0, -532.0, -40.0, 294.0, -531.0, -40.0, 0, 0, 255
L 294.0, -531.0, -40.0, 280.0, -489.0, -40.0, 0, 0, 255
L 378.0, -616.0, -30.0, 391.0, -616.0, -30.0, 0, 0, 255
L 391.0, -616.0, -30.0, 391.0, -629.0, -38.0, 0, 0, 255
L 391.0, -629.0, -38.0, 377.0, -629.0, -39.0, 0, 0, 255
L 377.0, -629.0, -39.0, 375.0, -626.0, -38.0, 0, 0, 255
L 375.0, -626.0, -38.0, 375.0, -620.0, -34.0, 0, 0, 255
L 375.0, -620.0, -34.0, 378.0, -616.0, -30.0, 0, 0, 255
L 364.0, -629.0, -30.0, 364.0, -643.0, -39.0, 0, 0, 255
L 364.0, -643.0, -39.0, 377.0, -643.0, -40.0, 0, 0, 255
L 377.0, -643.0, -40.0, 377.0, -629.0, -30.0, 0, 0, 255
L 377.0, -629.0, -30.0, 375.0, -627.0, -28.0, 0, 0, 255
L 375.0, -627.0, -28.0, 367.0, -627.0, -28.0, 0, 0, 255
L 367.0, -627.0, -28.0, 364.0, -629.0, -30.0, 0, 0, 255
L 349.0, -377.0, -24.0, 321.0, -419.0, -30.0, 0, 0, 255
L 349.0, -377.0, -24.0, 335.0, -350.0, -28.0, 0, 0, 255
L 252.0, -474.0, -41.0, 266.0, -405.0, -41.0, 0, 0, 255
L 280.0, -489.0, -40.0, 252.0, -474.0, -41.0, 0, 0, 255
L 266.0, -405.0, -41.0, 266.0, -350.0, -41.0, 0, 0, 255
L 266.0, -350.0, -41.0, 280.0, -224.0, -36.0, 0, 0, 255
L 280.0, -224.0, -36.0, 363.0, -210.0, -39.0, 0, 0, 255
L 362.0, -224.0, -41.0, 307.0, -265.0, -43.0, 0, 0, 255
L 307.0, -265.0, -43.0, 292.0, -336.0, -43.0, 0, 0, 255
L 292.0, -336.0, -43.0, 335.0, -350.0, -28.0, 0, 0, 255
L 293.0, -420.0, -43.0, 321.0, -419.0, -30.0, 0, 0, 255
L 279.0, -447.0, -43.0, 293.0, -420.0, -43.0, 0, 0, 255
L 279.0, -447.0, -43.0, 294.0, -462.0, -36.0, 0, 0, 255
L 378.0, -222.0, -33.0, 433.0, -209.0, -40.0, 0, 0, 255
L 433.0, -209.0, -40.0, 461.0, -168.0, -37.0, 0, 0, 255
L 461.0, -168.0, -37.0, 462.0, -167.0, -43.0, 0, 0, 255
L 462.0, -167.0, -43.0, 476.0, -181.0, -43.0, 0, 0, 255
L 476.0, -181.0, -43.0, 503.0, -167.0, -37.0, 0, 0, 255
L 503.0, -167.0, -37.0, 503.0, -139.0, -43.0, 0, 0, 255
L 503.0, -139.0, -43.0, 517.0, -139.0, -35.0, 0, 0, 255
L 517.0, -139.0, -35.0, 545.0, -139.0, -35.0, 0, 0, 255
L 545.0, -139.0, -35.0, 559.0, -123.0, -34.0, 0, 0, 255
L 559.0, -123.0, -34.0, 559.0, -112.0, -35.0, 0, 0, 255
L 559.0, -112.0, -35.0, 545.0, -98.0, -35.0, 0, 0, 255
L 517.0, -98.0, -41.0, 504.0, -98.0, -43.0, 0, 0, 255
L 504.0, -98.0, -43.0, 476.0, -98.0, -38.0, 0, 0, 255
L 476.0, -98.0, -38.0, 462.0, -112.0, -35.0, 0, 0, 255
L 462.0, -112.0, -35.0, 461.0, -126.0, -41.0, 0, 0, 255
L 461.0, -126.0, -41.0, 434.0, -126.0, -41.0, 0, 0, 255
L 434.0, -126.0, -41.0, 434.0, -153.0, -36.0, 0, 0, 255
L 434.0, -153.0, -36.0, 434.0, -154.0, -43.0, 0, 0, 255
L 434.0, -154.0, -43.0, 420.0, -195.0, -43.0, 0, 0, 255
L 420.0, -195.0, -43.0, 378.0, -210.0, -41.0, 0, 0, 255
L 378.0, -210.0, -41.0, 374.0, -210.0, -35.0, 0, 0, 255
L 374.0, -210.0, -35.0, 374.0, -212.0, -35.0, 0, 0, 255
L 374.0, -212.0, -35.0, 367.0, -212.0, -35.0, 0, 0, 255
L 367.0, -212.0, -35.0, 367.0, -210.0, -35.0, 0, 0, 255
L 367.0, -210.0, -35.0, 363.0, -210.0, -39.0, 0, 0, 255
L 362.0, -224.0, -41.0, 367.0, -223.0, -35.0, 0, 0, 255
L 367.0, -223.0, -35.0, 367.0, -221.0, -35.0, 0, 0, 255
L 367.0, -221.0, -35.0, 374.0, -221.0, -35.0, 0, 0, 255
L 374.0, -221.0, -35.0, 374.0, -223.0, -35.0, 0, 0, 255
L 374.0, -223.0, -35.0, 378.0, -222.0, -33.0, 0, 0, 255
L 390.0, -617.0, -4.0, 405.0, -602.0, 0.0, 0, 0, 0
L 405.0, -602.0, 0.0, 419.0, -615.0, 0.0, 0, 0, 0
L 425.0, -627.0, 0.0, 435.0, -632.0, 2.0, 0, 0, 0
L 435.0, -632.0, 2.0, 449.0, -645.0, 3.0, 0, 0, 0
L 449.0, -645.0, 3.0, 449.0, -661.0, 4.0, 0, 0, 0
L 449.0, -661.0, 4.0, 445.0, -681.0, 5.0, 0, 0, 0
L 445.0, -681.0, 5.0, 439.0, -701.0, 6.0, 0, 0, 0
L 439.0, -701.0, 6.0, 421.0, -721.0, 7.0, 0, 0, 0
L 421.0, -721.0, 7.0, 425.0, -739.0, 16.0, 0, 0, 0
L 425.0, -739.0, 16.0, 417.0, -765.0, 9.0, 0, 0, 0
L 417.0, -765.0, 9.0, 425.0, -785.0, 9.0, 0, 0, 0
L 425.0, -785.0, 9.0, 415.0, -801.0, 9.0, 0, 0, 0
L 415.0, -801.0, 9.0, 423.0, -817.0, 16.0, 0, 0, 0
L 423.0, -817.0, 16.0, 397.0, -823.0, 10.0, 0, 0, 0
L 397.0, -823.0, 10.0, 387.0, -835.0, 2.0, 0, 0, 0
L 387.0, -835.0, 2.0, 389.0, -861.0, 2.0, 0, 0, 0
L 389.0, -861.0, 2.0, 371.0, -867.0, 2.0, 0, 0, 0
L 371.0, -867.0, 2.0, 354.0, -855.0, 2.0, 0, 0, 0
L 354.0, -855.0, 2.0, 348.0, -835.0, 2.0, 0, 0, 0
L 348.0, -835.0, 2.0, 359.0, -824.0, 2.0, 0, 0, 0
L 359.0, -824.0, 2.0, 373.0, -824.0, 2.0, 0, 0, 0
L 373.0, -824.0, 2.0, 384.0, -814.0, 10.0, 0, 0, 0
L 384.0, -814.0, 10.0, 370.0, -773.0, 9.0, 0, 0, 0
L 370.0, -773.0, 9.0, 364.0, -765.0, 14.0, 0, 0, 0
L 364.0, -765.0, 14.0, 350.0, -767.0, 22.0, 0, 0, 0
L 350.0, -767.0, 22.0, 349.0, -783.0, 29.0, 0, 0, 0
L 349.0, -783.0, 29.0, 339.0, -793.0, 32.0, 0, 0, 0
L 339.0, -793.0, 32.0, 320.0, -791.0, 33.0, 0, 0, 0
L 312.0, -779.0, 31.0, 314.0, -759.0, 27.0, 0, 0, 0
L 320.0, -791.0, 33.0, 312.0, -779.0, 31.0, 0, 0, 0
L 314.0, -759.0, 27.0, 327.0, -750.0, 24.0, 0, 0, 0
L 327.0, -750.0, 24.0, 343.0, -755.0, 24.0, 0, 0, 0
L 343.0, -755.0, 24.0, 367.0, -756.0, 16.0, 0, 0, 0
L 367.0, -756.0, 16.0, 381.0, -760.0, 9.0, 0, 0, 0
L 381.0, -760.0, 9.0, 404.0, -759.0, 9.0, 0, 0, 0
L 404.0, -759.0, 9.0, 410.0, -740.0, 15.0, 0, 0, 0
L 410.0, -740.0, 15.0, 406.0, -721.0, 8.0, 0, 0, 0
L 406.0, -721.0, 8.0, 386.0, -719.0, 9.0, 0, 0, 0
L 386.0, -719.0, 9.0, 381.0, -715.0, 10.0, 0, 0, 0
L 381.0, -715.0, 10.0, 367.0, -721.0, 16.0, 0, 0, 0
L 367.0, -721.0, 16.0, 351.0, -721.0, 10.0, 0, 0, 0
L 351.0, -721.0, 10.0, 326.0, -703.0, 13.0, 0, 0, 0
L 326.0, -703.0, 13.0, 311.0, -701.0, 13.0, 0, 0, 0
L 311.0, -701.0, 13.0, 283.0, -705.0, 13.0, 0, 0, 0
L 283.0, -705.0, 13.0, 257.0, -695.0, 13.0, 0, 0, 0
L 257.0, -695.0, 13.0, 230.0, -701.0, 13.0, 0, 0, 0
L 230.0, -701.0, 13.0, 202.0, -701.0, 23.0, 0, 0, 0
L 202.0, -701.0, 23.0, 184.0, -691.0, 24.0, 0, 0, 0
L 184.0, -691.0, 24.0, 182.0, -663.0, 21.0, 0, 0, 0
L 182.0, -663.0, 21.0, 188.0, -636.0, 15.0, 0, 0, 0
L 188.0, -636.0, 15.0, 196.0, -588.0, 16.0, 0, 0, 0
L 196.0, -588.0, 16.0, 195.0, -587.0, 14.0, 0, 0, 0
L 195.0, -587.0, 14.0, 166.0, -577.0, 18.0, 0, 0, 0
L 166.0, -577.0, 18.0, 148.0, -556.0, 26.0, 0, 0, 0
L 148.0, -556.0, 26.0, 140.0, -525.0, 36.0, 0, 0, 0
L 140.0, -525.0, 36.0, 142.0, -502.0, 37.0, 0, 0, 0
L 142.0, -502.0, 37.0, 154.0, -484.0, 39.0, 0, 0, 0
L 154.0, -484.0, 39.0, 154.0, -461.0, 34.0, 0, 0, 0
L 154.0, -461.0, 34.0, 168.0, -448.0, 34.0, 0, 0, 0
L 168.0, -448.0, 34.0, 181.0, -448.0, 34.0, 0, 0, 0
L 181.0, -448.0, 34.0, 195.0, -461.0, 36.0, 0, 0, 0
L 195.0, -461.0, 36.0, 195.0, -479.0, 37.0, 0, 0, 0
L 195.0, -479.0, 37.0, 185.0, -494.0, 36.0, 0, 0, 0
L 185.0, -494.0, 36.0, 189.0, -502.0, 19.0, 0, 0, 0
L 237.0, -531.0, 15.0, 223.0, -518.0, 15.0, 0, 0, 0
L 223.0, -518.0, 15.0, 209.0, -518.0, 15.0, 0, 0, 0
L 223.0, -559.0, 14.0, 237.0, -545.0, 15.0, 0, 0, 0
L 237.0, -545.0, 15.0, 237.0, -531.0, 15.0, 0, 0, 0
L 223.0, -559.0, 14.0, 223.0, -588.0, 17.0, 0, 0, 0
L 223.0, -588.0, 17.0, 209.0, -636.0, 15.0, 0, 0, 0
L 209.0, -636.0, 15.0, 219.0, -656.0, 15.0, 0, 0, 0
L 219.0, -656.0, 15.0, 236.0, -672.0, 14.0, 0, 0, 0
L 236.0, -672.0, 14.0, 267.0, -682.0, 15.0, 0, 0, 0
L 267.0, -682.0, 15.0, 284.0, -692.0, 12.0, 0, 0, 0
L 284.0, -692.0, 12.0, 305.0, -690.0, 11.0, 0, 0, 0
L 305.0, -690.0, 11.0, 310.0, -669.0, 11.0, 0, 0, 0
L 310.0, -669.0, 11.0, 300.0, -652.0, 12.0, 0, 0, 0
L 300.0, -652.0, 12.0, 298.0, -641.0, 13.0, 0, 0, 0
L 298.0, -641.0, 13.0, 288.0, -633.0, 21.0, 0, 0, 0
L 288.0, -633.0, 21.0, 273.0, -643.0, 27.0, 0, 0, 0
L 273.0, -643.0, 27.0, 269.0, -653.0, 30.0, 0, 0, 0
L 269.0, -653.0, 30.0, 256.0, -643.0, 28.0, 0, 0, 0
L 256.0, -643.0, 28.0, 251.0, -653.0, 35.0, 0, 0, 0
L 251.0, -653.0, 35.0, 238.0, -651.0, 33.0, 0, 0, 0
L 238.0, -651.0, 33.0, 236.0, -631.0, 28.0, 0, 0, 0
L 236.0, -631.0, 28.0, 253.0, -622.0, 28.0, 0, 0, 0
L 253.0, -622.0, 28.0, 254.0, -621.0, 28.0, 0, 0, 0
L 253.0, -622.0, 28.0, 254.0, -621.0, 27.0, 0, 0, 0
L 254.0, -621.0, 27.0, 260.0, -608.0, 26.0, 0, 0, 0
L 260.0, -608.0, 26.0, 285.0, -608.0, 25.0, 0, 0, 0
L 285.0, -608.0, 25.0, 293.0, -620.0, 25.0, 0, 0, 0
L 293.0, -620.0, 25.0, 307.0, -633.0, 14.0, 0, 0, 0
L 307.0, -633.0, 14.0, 311.0, -652.0, 12.0, 0, 0, 0
L 311.0, -652.0, 12.0, 331.0, -664.0, 11.0, 0, 0, 0
L 331.0, -664.0, 11.0, 341.0, -679.0, 12.0, 0, 0, 0
L 341.0, -679.0, 12.0, 341.0, -699.0, 13.0, 0, 0, 0
L 341.0, -699.0, 13.0, 352.0, -710.0, 9.0, 0, 0, 0
L 352.0, -710.0, 9.0, 361.0, -710.0, 13.0, 0, 0, 0
L 361.0, -710.0, 13.0, 382.0, -704.0, 9.0, 0, 0, 0
L 382.0, -704.0, 9.0, 391.0, -704.0, 9.0, 0, 0, 0
L 391.0, -704.0, 9.0, 394.0, -708.0, 8.0, 0, 0, 0
L 394.0, -708.0, 8.0, 414.0, -708.0, 7.0, 0, 0, 0
L 414.0, -708.0, 7.0, 422.0, -702.0, 6.0, 0, 0, 0
L 422.0, -702.0, 6.0, 434.0, -681.0, 5.0, 0, 0, 0
L 434.0, -681.0, 5.0, 438.0, -665.0, 4.0, 0, 0, 0
L 438.0, -665.0, 4.0, 436.0, -645.0, 3.0, 0, 0, 0
L 436.0, -645.0, 3.0, 431.0, -641.0, 1.0, 0, 0, 0
L 431.0, -641.0, 1.0, 425.0, -639.0, 0.0, 0, 0, 0
L 419.0, -643.0, 0.0, 419.0, -657.0, 6.0, 0, 0, 0
L 419.0, -657.0, 6.0, 419.0, -663.0, 8.0, 0, 0, 0
L 419.0, -663.0, 8.0, 419.0, -665.0, 10.0, 0, 0, 0
L 419.0, -665.0, 10.0, 419.0, -671.0, 11.0, 0, 0, 0
L 419.0, -671.0, 11.0, 419.0, -679.0, 18.0, 0, 0, 0
L 419.0, -679.0, 18.0, 415.0, -685.0, 20.0, 0, 0, 0
L 415.0, -685.0, 20.0, 405.0, -685.0, 17.0, 0, 0, 0
L 405.0, -685.0, 17.0, 391.0, -699.0, 17.0, 0, 0, 0
L 419.0, -643.0, 0.0, 425.0, -639.0, 0.0, 0, 0, 0
L 391.0, -699.0, 17.0, 363.0, -699.0, 21.0, 0, 204, 0
L 363.0, -699.0, 21.0, 350.0, -685.0, 25.0, 0, 204, 0
L 350.0, -685.0, 25.0, 350.0, -671.0, 29.0, 0, 204, 0
L 350.0, -671.0, 29.0, 336.0, -657.0, 32.0, 0, 204, 0
L 336.0, -657.0, 32.0, 334.0, -653.0, 32.0, 0, 204, 0
L 322.0, -643.0, 31.0, 322.0, -630.0, 31.0, 0, 204, 0
L 322.0, -630.0, 31.0, 322.0, -587.0, 29.0, 0, 204, 0
L 322.0, -587.0, 29.0, 335.0, -573.0, 29.0, 150, 150, 150
L 170.0, -500.0, 33.0, 157.0, -513.0, 33.0, 0, 0, 0
L 157.0, -513.0, 33.0, 153.0, -529.0, 33.0, 0, 0, 0
L 153.0, -529.0, 33.0, 153.0, -530.0, 30.0, 0, 0, 0
L 153.0, -530.0, 30.0, 156.0, -542.0, 22.0, 0, 0, 0
L 156.0, -542.0, 22.0, 159.0, -542.0, 19.0, 0, 0, 0
L 159.0, -542.0, 19.0, 168.0, -532.0, 17.0, 0, 0, 0
L 168.0, -532.0, 17.0, 168.0, -531.0, 22.0, 0, 0, 0
L 168.0, -531.0, 22.0, 168.0, -515.0, 22.0, 0, 0, 0
L 189.0, -502.0, 19.0, 209.0, -518.0, 15.0, 0, 0, 0
L 170.0, -500.0, 33.0, 168.0, -515.0, 22.0, 0, 0, 0
L 425.0, -627.0, 0.0, 419.0, -615.0, 0.0, 0, 0, 0
L 545.0, -98.0, 39.0, 531.0, -83.0, 39.0, 0, 0, 0
L 531.0, -83.0, 39.0, 545.0, -69.0, 39.0, 0, 0, 0
L 545.0, -69.0, 39.0, 545.0, -42.0, 39.0, 0, 0, 0
L 545.0, -42.0, 39.0, 517.0, -28.0, 39.0, 0, 0, 0
L 517.0, -28.0, 39.0, 503.0, -28.0, 39.0, 0, 0, 0
L 503.0, -28.0, 39.0, 476.0, -42.0, 39.0, 0, 0, 0
L 476.0, -42.0, 39.0, 476.0, -69.0, 39.0, 0, 0, 0
L 476.0, -69.0, 39.0, 490.0, -83.0, 39.0, 0, 0, 0
L 490.0, -83.0, 39.0, 476.0, -97.0, 39.0, 0, 0, 0
L 476.0, -97.0, 39.0, 503.0, -97.0, 39.0, 150, 150, 150
L 545.0, -98.0, 39.0, 517.0, -97.0, 39.0, 150, 150, 150
L 517.0, -97.0, 39.0, 517.0, -139.0, 39.0, 139, 69, 19
L 517.0, -139.0, 39.0, 545.0, -140.0, 39.0, 150, 150, 150
L 503.0, -97.0, 39.0, 503.0, -140.0, 39.0, 139, 69, 19
L 503.0, -140.0, 39.0, 476.0, -139.0, 39.0, 150, 150, 150
L 476.0, -139.0, 39.0, 490.0, -167.0, 39.0, 0, 0, 0
L 490.0, -167.0, 39.0, 503.0, -175.0, 39.0, 0, 0, 0
L 503.0, -175.0, 39.0, 506.0, -175.0, 39.0, 0, 0, 0
L 545.0, -140.0, 39.0, 531.0, -167.0, 39.0, 0, 0, 0
L 531.0, -167.0, 39.0, 517.0, -175.0, 39.0, 0, 0, 0
L 517.0, -175.0, 39.0, 515.0, -175.0, 39.0, 0, 0, 0
L 515.0, -175.0, 39.0, 515.0, -178.0, 39.0, 0, 0, 0
L 515.0, -178.0, 39.0, 527.0, -178.0, 39.0, 0, 0, 0
L 527.0, -178.0, 39.0, 527.0, -179.0, 39.0, 0, 0, 0
L 527.0, -179.0, 39.0, 515.0, -179.0, 39.0, 0, 0, 0
L 515.0, -179.0, 39.0, 515.0, -182.0, 39.0, 0, 0, 0
L 515.0, -182.0, 39.0, 517.0, -182.0, 39.0, 0, 0, 0
L 517.0, -182.0, 39.0, 503.0, -209.0, 39.0, 0, 0, 0
L 503.0, -209.0, 39.0, 517.0, -224.0, 39.0, 0, 0, 0
L 517.0, -224.0, 39.0, 531.0, -210.0, 39.0, 0, 0, 0
L 531.0, -210.0, 39.0, 545.0, -210.0, 39.0, 0, 0, 0
L 545.0, -210.0, 39.0, 559.0, -237.0, 39.0, 0, 0, 0
L 559.0, -237.0, 39.0, 545.0, -251.0, 39.0, 0, 0, 0
L 545.0, -251.0, 39.0, 517.0, -265.0, 39.0, 0, 0, 0
L 517.0, -265.0, 39.0, 503.0, -279.0, 35.0, 0, 0, 0
L 506.0, -175.0, 39.0, 506.0, -178.0, 39.0, 0, 0, 0
L 506.0, -178.0, 39.0, 504.0, -178.0, 39.0, 0, 0, 0
L 504.0, -178.0, 39.0, 504.0, -179.0, 39.0, 0, 0, 0
L 504.0, -179.0, 39.0, 506.0, -179.0, 39.0, 0, 0, 0
L 506.0, -179.0, 39.0, 506.0, -182.0, 39.0, 0, 0, 0
L 506.0, -182.0, 39.0, 504.0, -182.0, 39.0, 0, 0, 0
L 504.0, -182.0, 39.0, 490.0, -209.0, 39.0, 0, 0, 0
L 490.0, -209.0, 39.0, 490.0, -223.0, 39.0, 0, 0, 0
L 490.0, -223.0, 39.0, 504.0, -237.0, 39.0, 0, 0, 0
L 504.0, -237.0, 39.0, 504.0, -252.0, 39.0, 0, 0, 0
L 504.0, -252.0, 39.0, 489.0, -266.0, 35.0, 0, 0, 0
L 503.0, -279.0, 35.0, 476.0, -279.0, 29.0, 0, 0, 0
L 476.0, -279.0, 29.0, 434.0, -265.0, 18.0, 0, 0, 0
L 434.0, -265.0, 18.0, 419.0, -251.0, 13.0, 0, 0, 0
L 419.0, -251.0, 13.0, 405.0, -265.0, 11.0, 0, 204, 0
L 405.0, -265.0, 11.0, 419.0, -307.0, 11.0, 0, 204, 0
L 419.0, -307.0, 11.0, 377.0, -349.0, 42.0, 0, 204, 0
L 420.0, -42.0, 19.0, 420.0, -14.0, 19.0, 0, 0, 0
L 420.0, -14.0, 19.0, 434.0, 0.0, 19.0, 0, 0, 0
L 447.0, 0.0, 19.0, 461.0, -14.0, 19.0, 0, 0, 0
L 461.0, -14.0, 19.0, 447.0, -27.0, 19.0, 0, 0, 0
L 447.0, -27.0, 19.0, 447.0, -55.0, 19.0, 0, 0, 0
L 447.0, -55.0, 19.0, 419.0, -84.0, 17.0, 0, 0, 0
L 419.0, -84.0, 17.0, 419.0, -98.0, 17.0, 0, 0, 0
L 419.0, -98.0, 17.0, 433.0, -112.0, 16.0, 0, 0, 0
L 433.0, -112.0, 16.0, 461.0, -181.0, 15.0, 0, 0, 0
L 461.0, -181.0, 15.0, 447.0, -209.0, 13.0, 0, 0, 0
L 377.0, -349.0, 42.0, 418.0, -391.0, 42.0, 0, 204, 0
L 418.0, -391.0, 42.0, 419.0, -406.0, 49.0, 0, 204, 0
L 419.0, -406.0, 49.0, 433.0, -420.0, 55.0, 0, 204, 0
L 433.0, -420.0, 55.0, 447.0, -406.0, 55.0, 0, 204, 0
L 447.0, -406.0, 55.0, 461.0, -419.0, 67.0, 0, 204, 0
L 461.0, -419.0, 67.0, 447.0, -433.0, 60.0, 0, 204, 0
L 447.0, -433.0, 60.0, 461.0, -447.0, 63.0, 0, 204, 0
L 461.0, -447.0, 63.0, 447.0, -461.0, 60.0, 0, 204, 0
L 447.0, -461.0, 60.0, 433.0, -461.0, 59.0, 0, 204, 0
L 433.0, -461.0, 59.0, 419.0, -475.0, 62.0, 0, 204, 0
L 419.0, -475.0, 62.0, 419.0, -489.0, 62.0, 0, 204, 0
L 419.0, -489.0, 62.0, 446.0, -517.0, 62.0, 0, 204, 0
L 446.0, -517.0, 62.0, 433.0, -545.0, 51.0, 0, 204, 0
L 433.0, -545.0, 51.0, 406.0, -568.0, 38.0, 0, 204, 0
L 406.0, -568.0, 38.0, 405.0, -574.0, 37.0, 0, 204, 0
L 405.0, -574.0, 37.0, 413.0, -575.0, 37.0, 0, 204, 0
L 391.0, -405.0, 44.0, 420.0, -433.0, 55.0, 0, 204, 0
L 420.0, -433.0, 55.0, 420.0, -447.0, 56.0, 0, 204, 0
L 420.0, -447.0, 56.0, 406.0, -461.0, 62.0, 0, 204, 0
L 406.0, -461.0, 62.0, 406.0, -475.0, 64.0, 0, 204, 0
L 406.0, -475.0, 64.0, 399.0, -486.0, 62.0, 0, 204, 0
L 399.0, -486.0, 62.0, 405.0, -503.0, 61.0, 0, 204, 0
L 405.0, -503.0, 61.0, 420.0, -517.0, 58.0, 0, 204, 0
L 420.0, -517.0, 58.0, 406.0, -532.0, 51.0, 0, 204, 0
L 406.0, -532.0, 51.0, 377.0, -560.0, 41.0, 0, 204, 0
L 377.0, -560.0, 41.0, 371.0, -572.0, 37.0, 0, 204, 0
L 371.0, -572.0, 37.0, 369.0, -584.0, 37.0, 0, 204, 0
L 369.0, -584.0, 37.0, 383.0, -597.0, 37.0, 0, 204, 0
L 394.0, -605.0, 37.0, 394.0, -597.0, 37.0, 0, 204, 0
L 394.0, -597.0, 37.0, 405.0, -597.0, 37.0, 0, 204, 0
L 405.0, -597.0, 37.0, 433.0, -593.0, 45.0, 0, 204, 0
L 432.0, -593.0, 45.0, 433.0, -593.0, 45.0, 0, 204, 0
L 448.0, -601.0, 45.0, 462.0, -615.0, 48.0, 0, 204, 0
L 462.0, -615.0, 48.0, 462.0, -643.0, 48.0, 0, 204, 0
L 462.0, -643.0, 48.0, 475.0, -657.0, 48.0, 0, 204, 0
L 475.0, -657.0, 48.0, 489.0, -657.0, 48.0, 0, 204, 0
L 489.0, -657.0, 48.0, 503.0, -643.0, 48.0, 0, 204, 0
L 503.0, -643.0, 48.0, 503.0, -629.0, 48.0, 0, 204, 0
L 503.0, -629.0, 48.0, 517.0, -629.0, 45.0, 0, 204, 0
L 517.0, -629.0, 45.0, 531.0, -615.0, 38.0, 0, 204, 0
L 531.0, -615.0, 38.0, 531.0, -615.0, 41.0, 0, 204, 0
L 531.0, -615.0, 41.0, 531.0, -601.0, 37.0, 0, 204, 0
L 531.0, -601.0, 37.0, 539.0, -597.0, 36.0, 0, 204, 0
L 539.0, -597.0, 36.0, 545.0, -587.0, 35.0, 0, 204, 0
L 545.0, -587.0, 35.0, 541.0, -577.0, 33.0, 0, 204, 0
L 541.0, -577.0, 33.0, 531.0, -574.0, 33.0, 0, 204, 0
L 531.0, -574.0, 33.0, 517.0, -574.0, 33.0, 0, 204, 0
L 517.0, -574.0, 33.0, 508.0, -580.0, 34.0, 0, 204, 0
L 508.0, -580.0, 34.0, 504.0, -587.0, 35.0, 0, 204, 0
L 504.0, -587.0, 35.0, 509.0, -596.0, 36.0, 0, 204, 0
L 509.0, -596.0, 36.0, 517.0, -601.0, 37.0, 0, 204, 0
L 517.0, -601.0, 37.0, 518.0, -602.0, 38.0, 0, 204, 0
L 518.0, -601.0, 38.0, 516.0, -610.0, 43.0, 0, 204, 0
L 516.0, -610.0, 43.0, 512.0, -614.0, 45.0, 0, 204, 0
L 512.0, -614.0, 45.0, 503.0, -616.0, 48.0, 0, 204, 0
L 503.0, -616.0, 48.0, 475.0, -602.0, 48.0, 0, 204, 0
L 475.0, -602.0, 48.0, 461.0, -587.0, 45.0, 0, 204, 0
L 461.0, -587.0, 45.0, 461.0, -559.0, 45.0, 0, 204, 0
L 461.0, -559.0, 45.0, 475.0, -545.0, 49.0, 0, 204, 0
L 475.0, -545.0, 49.0, 489.0, -559.0, 51.0, 0, 204, 0
L 489.0, -559.0, 51.0, 503.0, -559.0, 53.0, 0, 204, 0
L 503.0, -559.0, 53.0, 517.0, -545.0, 55.0, 0, 204, 0
L 517.0, -545.0, 55.0, 517.0, -517.0, 55.0, 0, 204, 0
L 517.0, -517.0, 55.0, 503.0, -504.0, 53.0, 0, 204, 0
L 503.0, -504.0, 53.0, 489.0, -504.0, 51.0, 0, 204, 0
L 489.0, -504.0, 51.0, 475.0, -518.0, 49.0, 0, 204, 0
L 475.0, -518.0, 49.0, 448.0, -532.0, 45.0, 0, 204, 0
L 448.0, -532.0, 45.0, 430.0, -567.0, 45.0, 0, 204, 0
L 430.0, -567.0, 45.0, 413.0, -575.0, 37.0, 0, 204, 0
L 433.0, -593.0, 45.0, 448.0, -601.0, 45.0, 0, 204, 0
L 391.0, -405.0, 44.0, 363.0, -419.0, 44.0, 0, 204, 0
L 349.0, -629.0, 31.0, 341.0, -633.0, 32.0, 0, 204, 0
L 341.0, -633.0, 32.0, 349.0, -657.0, 32.0, 0, 204, 0
L 349.0, -657.0, 32.0, 363.0, -672.0, 22.0, 0, 204, 0
L 363.0, -672.0, 22.0, 378.0, -657.0, 18.0, 0, 204, 0
L 334.0, -653.0, 32.0, 322.0, -643.0, 31.0, 0, 204, 0
L 364.0, -643.0, 10.0, 378.0, -657.0, 10.0, 0, 0, 0
L 378.0, -657.0, 10.0, 377.0, -643.0, 7.0, 139, 69, 19
L 364.0, -643.0, 10.0, 377.0, -643.0, 7.0, 139, 69, 19
L 378.0, -657.0, 18.0, 405.0, -657.0, 18.0, 139, 69, 19
L 405.0, -657.0, 18.0, 391.0, -671.0, 23.0, 0, 0, 0
L 404.0, -658.0, -40.0, 377.0, -685.0, -21.0, 0, 0, 255
L 377.0, -685.0, -21.0, 364.0, -671.0, -30.0, 0, 0, 0
L 364.0, -671.0, -30.0, 377.0, -658.0, -40.0, 0, 0, 255
L 377.0, -658.0, -40.0, 404.0, -658.0, -40.0, 0, 0, 255
L 447.0, -209.0, 13.0, 461.0, -238.0, 13.0, 0, 0, 0
L 461.0, -238.0, 13.0, 461.0, -251.0, 16.0, 0, 0, 0
L 461.0, -251.0, 16.0, 475.0, -266.0, 26.0, 0, 0, 0
L 475.0, -266.0, 26.0, 489.0, -266.0, 35.0, 0, 0, 0
L 42.0, 55.0, 0.0, 45.0, 57.0, 0.0, 0, 0, 0
L 42.0, 55.0, 0.0, 0.0, 69.0, 0.0, 0, 0, 0
L 517.0, 84.0, 0.0, 503.0, 56.0, 0.0, 0, 0, 0
L 545.0, -140.0, 39.0, 545.0, -98.0, 39.0, 0, 0, 0
L 476.0, -139.0, 39.0, 476.0, -97.0, 39.0, 0, 0, 0
L 545.0, -98.0, -35.0, 517.0, -98.0, -41.0, 0, 0, 255
L 265.0, 142.0, 0.0, 265.0, 140.0, 0.0, 0, 0, 0
L 265.0, 140.0, 0.0, 254.0, 140.0, 0.0, 0, 0, 0
L 254.0, 100.0, 0.0, 254.0, 137.0, 0.0, 0, 0, 0
L 305.0, 165.0, 0.0, 305.0, 100.0, 0.0, 0, 0, 0
L 251.0, 140.0, 0.0, 251.0, 97.0, 0.0, 0, 0, 0
L 254.0, 137.0, 0.0, 268.0, 137.0, 0.0, 0, 0, 0
L 279.0, 165.0, 0.0, 279.0, 142.0, 0.0, 0, 0, 0
L 254.0, 140.0, 0.0, 251.0, 140.0, 0.0, 0, 0, 0
L 279.0, 165.0, 0.0, 279.0, 168.0, 0.0, 0, 0, 0
L 268.0, 137.0, 0.0, 268.0, 138.0, 0.0, 0, 0, 0
L 305.0, 100.0, 0.0, 254.0, 100.0, 0.0, 0, 0, 0
L 282.0, 137.0, 0.0, 282.0, 165.0, 0.0, 0, 0, 0
L 251.0, 97.0, 0.0, 308.0, 97.0, 0.0, 0, 0, 0
L 277.0, 137.0, 0.0, 282.0, 137.0, 0.0, 0, 0, 0
L 308.0, 168.0, 0.0, 279.0, 168.0, 0.0, 0, 0, 0
L 279.0, 142.0, 0.0, 277.0, 142.0, 0.0, 0, 0, 0
L 277.0, 142.0, 0.0, 277.0, 138.0, 0.0, 0, 0, 0
L 308.0, 97.0, 0.0, 308.0, 168.0, 0.0, 0, 0, 0
L 282.0, 165.0, 0.0, 305.0, 165.0, 0.0, 0, 0, 0
L 265.0, 142.0, 0.0, 267.0, 142.0, 0.0, 0, 0, 0
L 267.0, 142.0, 0.0, 268.0, 142.0, 0.0, 0, 125, 0
L 268.0, 138.0, 0.0, 268.0, 142.0, 0.0, 0, 0, 0
L 270.0, 140.0, 0.0, 275.0, 140.0, 0.0, 205, 133, 63
L 270.0, 137.0, 0.0, 275.0, 137.0, 0.0, 205, 133, 63
L 275.0, 140.0, 0.0, 275.0, 138.0, 0.0, 205, 133, 63
L 270.0, 140.0, 0.0, 270.0, 138.0, 0.0, 205, 133, 63
L 277.0, 138.0, 0.0, 277.0, 137.0, 0.0, 0, 0, 0
L 268.0, 138.0, 0.0, 270.0, 138.0, 0.0, 205, 133, 63
L 275.0, 138.0, 0.0, 275.0, 137.0, 0.0, 205, 133, 63
L 270.0, 138.0, 0.0, 270.0, 137.0, 0.0, 205, 133, 63
L 275.0, 138.0, 0.0, 277.0, 138.0, 0.0, 205, 133, 63
L -96.0, 607.0, 0.0, -96.0, 614.0, 0.0, 0, 0, 0
L -96.0, 614.0, 0.0, -96.0, 615.0, 0.0, 0, 0, 0
L -127.0, 615.0, 0.0, -127.0, 622.0, 0.0, 0, 0, 0
L -127.0, 615.0, 0.0, -96.0, 615.0, 0.0, 199, 21, 133
L -96.0, 615.0, 0.0, -96.0, 623.0, 0.0, 0, 0, 0
L 2.0, -114.0, 0.0, 30.0, -114.0, 0.0, 0, 0, 0
L 16.0, -86.0, 0.0, 14.0, -86.0, 0.0, 139, 69, 19
L 30.0, -114.0, 0.0, 30.0, -113.0, 0.0, 0, 0, 0
L 27.0, -109.0, 0.0, 30.0, -109.0, 0.0, 0, 0, 0
L 121.0, -114.0, 0.0, 121.0, -151.0, 0.0, 0, 0, 0
L 56.0, -109.0, 0.0, 55.0, -109.0, 0.0, 139, 69, 19
L 27.0, -111.0, 0.0, 27.0, -109.0, 0.0, 0, 0, 0
L 14.0, -86.0, 0.0, 14.0, -109.0, 0.0, 139, 69, 19
L 53.0, -83.0, 0.0, 53.0, -86.0, 0.0, 139, 69, 19
L 68.0, -109.0, 0.0, 68.0, -95.0, 0.0, 0, 0, 255
L 0.0, -111.0, 0.0, 0.0, -196.0, 0.0, 0, 0, 0
L 53.0, -86.0, 0.0, 56.0, -86.0, 0.0, 139, 69, 19
L 56.0, -111.0, 0.0, 56.0, -109.0, 0.0, 139, 69, 19
L 56.0, -86.0, 0.0, 55.0, -109.0, 0.0, 139, 69, 19
L 42.0, -27.0, 0.0, 42.0, -55.0, 0.0, 139, 69, 19
L 2.0, -186.0, 0.0, 2.0, -114.0, 0.0, 0, 0, 0
L 2.0, -193.0, 0.0, 2.0, -186.0, 0.0, 0, 0, 0
L 27.0, -111.0, 0.0, 13.0, -111.0, 0.0, 0, 0, 0
L 121.0, -151.0, 0.0, 72.0, -151.0, 0.0, 0, 0, 0
L 13.0, -111.0, 0.0, 0.0, -111.0, 0.0, 0, 0, 0
L 121.0, -100.0, 0.0, 121.0, -109.0, 0.0, 0, 0, 0
L 69.0, -97.0, 0.0, 69.0, -111.0, 0.0, 0, 0, 0
L 126.0, -154.0, 0.0, 126.0, -97.0, 0.0, 0, 0, 0
L 69.0, -111.0, 0.0, 55.0, -111.0, 0.0, 0, 0, 0
L 72.0, -100.0, 0.0, 121.0, -100.0, 0.0, 0, 0, 0
L 39.0, -114.0, 0.0, 39.0, -113.0, 0.0, 0, 0, 0
L 42.0, -109.0, 0.0, 42.0, -111.0, 0.0, 0, 0, 0
L 55.0, -111.0, 0.0, 42.0, -111.0, 0.0, 0, 0, 0
L 70.0, -154.0, 0.0, 126.0, -154.0, 0.0, 0, 0, 0
L 39.0, -109.0, 0.0, 42.0, -109.0, 0.0, 0, 0, 0
L 72.0, -109.0, 0.0, 72.0, -100.0, 0.0, 0, 0, 0
L 16.0, -83.0, 0.0, 16.0, -86.0, 0.0, 139, 69, 19
L 27.0, -55.0, 0.0, 27.0, -83.0, 0.0, 139, 69, 19
L -2.0, -197.0, 0.0, -1.0, -110.0, 0.0, 0, 0, 255
L 56.0, -109.0, 0.0, 68.0, -109.0, 0.0, 0, 0, 255
L 13.0, -111.0, 0.0, 13.0, -110.0, 0.0, 139, 69, 19
L 42.0, -83.0, 0.0, 42.0, -55.0, 0.0, 139, 69, 19
L 27.0, -27.0, 0.0, 27.0, -55.0, 0.0, 139, 69, 19
L 72.0, -151.0, 0.0, 72.0, -147.0, 0.0, 0, 0, 0
L 67.0, -147.0, 0.0, 72.0, -147.0, 0.0, 0, 0, 0
L 67.0, -138.0, 0.0, 72.0, -138.0, 0.0, 0, 0, 0
L 72.0, -138.0, 0.0, 72.0, -114.0, 0.0, 0, 0, 0
L 32.0, -111.0, 0.0, 37.0, -111.0, 0.0, 205, 133, 63
L 32.0, -114.0, 0.0, 37.0, -114.0, 0.0, 205, 133, 63
L 39.0, -113.0, 0.0, 39.0, -109.0, 0.0, 0, 0, 0
L 30.0, -113.0, 0.0, 30.0, -109.0, 0.0, 0, 0, 0
L 39.0, -113.0, 0.0, 37.0, -113.0, 0.0, 205, 133, 63
L 32.0, -114.0, 0.0, 32.0, -113.0, 0.0, 205, 133, 63
L 32.0, -113.0, 0.0, 30.0, -113.0, 0.0, 205, 133, 63
L 32.0, -113.0, 0.0, 32.0, -111.0, 0.0, 205, 133, 63
L 37.0, -114.0, 0.0, 37.0, -113.0, 0.0, 205, 133, 63
L 37.0, -113.0, 0.0, 37.0, -111.0, 0.0, 205, 133, 63
L 39.0, -114.0, 0.0, 67.0, -114.0, 0.0, 0, 0, 0
L 67.0, -138.0, 0.0, 67.0, -114.0, 0.0, 0, 0, 0
L 67.0, -147.0, 0.0, 67.0, -193.0, 0.0, 0, 0, 0
L 2.0, -193.0, 0.0, 67.0, -193.0, 0.0, 0, 0, 0
L 70.0, -154.0, 0.0, 70.0, -196.0, 0.0, 0, 0, 0
L 0.0, -196.0, 0.0, 70.0, -196.0, 0.0, 0, 0, 0
L 72.0, -155.0, 0.0, 127.0, -155.0, 0.0, 0, 0, 255
L 127.0, -155.0, 0.0, 127.0, -95.0, 0.0, 0, 0, 255
L 68.0, -95.0, 0.0, 127.0, -95.0, 0.0, 0, 0, 255
L 72.0, -109.0, 0.0, 96.0, -109.0, 0.0, 205, 133, 63
L 105.0, -109.0, 0.0, 121.0, -109.0, 0.0, 205, 133, 63
L 72.0, -114.0, 0.0, 96.0, -114.0, 0.0, 205, 133, 63
L 96.0, -109.0, 0.0, 96.0, -114.0, 0.0, 205, 133, 63
L 105.0, -109.0, 0.0, 105.0, -114.0, 0.0, 205, 133, 63
L 105.0, -114.0, 0.0, 121.0, -114.0, 0.0, 205, 133, 63
L 69.0, -97.0, 0.0, 126.0, -97.0, 0.0, 0, 0, 0
L 72.0, -155.0, 0.0, 72.0, -197.0, 0.0, 0, 0, 255
L -2.0, -197.0, 0.0, 72.0, -197.0, 0.0, 0, 0, 255
L -1.0, -110.0, 0.0, 13.0, -110.0, 0.0, 0, 0, 255
L 13.0, -110.0, 0.0, 13.0, -109.0, 0.0, 139, 69, 19
L 503.0, -140.0, 39.0, 517.0, -139.0, 39.0, 139, 69, 19
L 503.0, -97.0, 39.0, 517.0, -97.0, 39.0, 139, 69, 19
L 146.0, -235.0, -2.0, 177.0, -202.0, -2.0, 0, 0, 255
L -180.0, 53.0, 0.0, -180.0, -1.0, 0.0, 0, 0, 0
L -180.0, -1.0, 0.0, -194.0, -69.0, 0.0, 0, 0, 0
L -194.0, -69.0, 0.0, -180.0, -111.0, 0.0, 0, 0, 0
L -180.0, -111.0, 0.0, -180.0, -155.0, 0.0, 0, 0, 0
L -180.0, -155.0, 0.0, -194.0, -196.0, 0.0, 0, 0, 0
L -194.0, -196.0, 0.0, -180.0, -332.0, 0.0, 0, 0, 0
L -180.0, -332.0, 0.0, -139.0, -292.0, 0.0, 0, 0, 0
L -139.0, -292.0, 0.0, -97.0, -292.0, 0.0, 0, 0, 0
L -97.0, -292.0, 0.0, -29.0, -360.0, 0.0, 0, 0, 0
L -29.0, -360.0, 0.0, -30.0, -322.0, 0.0, 0, 0, 0
L -13.0, -303.0, 0.0, 78.0, -270.0, -1.0, 0, 0, 0
L 78.0, -270.0, -1.0, 84.0, -235.0, -2.0, 0, 0, 0
L 145.0, -233.0, -7.0, 127.0, -222.0, -7.0, 0, 0, 255
L 127.0, -222.0, -7.0, 84.0, -235.0, -2.0, 0, 0, 255
L 145.0, -233.0, -7.0, 175.0, -202.0, -7.0, 0, 0, 255
L 175.0, -202.0, -7.0, 166.0, -181.0, -7.0, 0, 0, 255
L 166.0, -181.0, -7.0, 182.0, -153.0, -2.0, 0, 0, 255
L 253.0, -352.0, 1.0, 254.0, -335.0, 1.0, 150, 150, 150
L 254.0, -335.0, 1.0, 259.0, -335.0, 3.0, 150, 150, 150
L 259.0, -335.0, 3.0, 266.0, -317.0, 8.0, 150, 150, 150
L 266.0, -317.0, 8.0, 266.0, -307.0, 10.0, 150, 150, 150
L 266.0, -307.0, 10.0, 266.0, -293.0, 11.0, 150, 150, 150
L 266.0, -293.0, 11.0, 319.0, -295.0, 12.0, 150, 150, 150
L 293.0, -462.0, 0.0, 335.0, -436.0, -4.0, 0, 0, 0
L 335.0, -436.0, -4.0, 362.0, -489.0, -4.0, 0, 0, 0
L 362.0, -489.0, -4.0, 348.0, -530.0, -4.0, 0, 0, 0
L 348.0, -530.0, -4.0, 348.0, -571.0, -4.0, 0, 0, 0
L 348.0, -571.0, -4.0, 376.0, -602.0, -4.0, 0, 0, 0
L 376.0, -602.0, -4.0, 374.0, -616.0, -4.0, 0, 0, 0
L 293.0, -531.0, 0.0, 295.0, -546.0, -4.0, 0, 0, 0
L 295.0, -546.0, -4.0, 281.0, -560.0, -4.0, 0, 0, 0
L 281.0, -560.0, -4.0, 281.0, -573.0, -4.0, 0, 0, 0
L 281.0, -573.0, -4.0, 295.0, -587.0, -4.0, 0, 0, 0
L 295.0, -587.0, -4.0, 295.0, -601.0, -4.0, 0, 0, 0
L 295.0, -601.0, -4.0, 322.0, -628.0, -4.0, 0, 0, 0
L 322.0, -628.0, -4.0, 333.0, -631.0, -4.0, 0, 0, 0
L 333.0, -631.0, -4.0, 341.0, -632.0, -4.0, 0, 0, 0
L 341.0, -632.0, -4.0, 365.0, -625.0, -4.0, 0, 0, 0
L 365.0, -625.0, -4.0, 365.0, -642.0, -4.0, 0, 0, 0
L 365.0, -642.0, -4.0, 378.0, -642.0, -4.0, 0, 0, 0
L 378.0, -642.0, -4.0, 379.0, -658.0, -4.0, 0, 0, 0
L 379.0, -658.0, -4.0, 366.0, -671.0, -4.0, 0, 0, 0
L 374.0, -616.0, -4.0, 390.0, -617.0, -4.0, 0, 0, 0
L 390.0, -617.0, -4.0, 390.0, -630.0, -4.0, 0, 0, 255
L 390.0, -630.0, -4.0, 404.0, -657.0, -4.0, 0, 0, 255
L 177.0, -202.0, -2.0, 175.0, -202.0, -7.0, 0, 0, 0
L 146.0, -235.0, -2.0, 145.0, -233.0, -7.0, 0, 0, 0
L -13.0, -303.0, 0.0, -13.0, -306.0, 0.0, 0, 0, 0
L -30.0, -322.0, 0.0, -42.0, -322.0, 0.0, 0, 0, 0
L 27.0, -83.0, 0.0, 16.0, -83.0, 0.0, 139, 69, 19
L 42.0, -83.0, 0.0, 53.0, -83.0, 0.0, 139, 69, 19
L 13.0, -109.0, 0.0, 14.0, -109.0, 0.0, 139, 69, 19
L 72.0, -114.0, 0.0, 72.0, -109.0, 0.0, 0, 0, 0
L 121.0, -114.0, 0.0, 121.0, -109.0, 0.0, 0, 0, 0
L 383.0, -597.0, 37.0, 378.0, -604.0, 37.0, 0, 204, 0
L 389.0, -612.0, 37.0, 394.0, -605.0, 37.0, 0, 204, 0
L 378.0, -604.0, 37.0, 378.0, -612.0, 37.0, 139, 69, 19
L 389.0, -612.0, 37.0, 378.0, -612.0, 37.0, 0, 204, 0
L 404.0, -657.0, -4.0, 366.0, -671.0, -4.0, 0, 0, 0
L 405.0, -657.0, 18.0, 404.0, -657.0, -4.0, 0, 0, 0
L 391.0, -671.0, 23.0, 393.7, -671.0, 23.0, 0, 0, 0
L 393.7, -671.0, 23.0, 409.6, -657.0, 18.0, 0, 0, 0
L 409.6, -657.0, 18.0, 404.0, -657.0, -4.0, 0, 0, 0
