P -305.7220, 1170.6027, -2.7167, 255, 0, 0, 3, to_The_Plane_of_Knowledge_(Click_Book)
P 3087.4634, -426.4662, 0.0010, 255, 0, 0, 3, to_The_Feerrott
P -3033.6614, -3405.6570, -3.8740, 255, 0, 0, 3, to_Lake_Rathetear
P -1831.0000, -3825.0000, 0.0000, 255, 0, 0, 2, Succor
P -613.4218, 2245.3384, -1.5567, 255, 0, 0, 2, Priest_of_Discord
P -331.5101, 1721.0369, -2.6060, 128, 0, 128, 2, Guktan_Forge_(Cultural)
P -590.8099, 2216.0320, 0.3710, 128, 0, 128, 2, Oven
P -299.0121, 2096.7876, -1.5943, 128, 0, 128, 2, Kiln
P 158.3047, 1784.8384, -2.7188, 128, 0, 128, 2, Loom
P -914.1738, 2322.7637, 0.3033, 128, 0, 128, 2, Oven
P -863.1306, 2376.0103, -1.2057, 128, 0, 128, 2, Forge
P -4.5429, 1256.8074, -2.3752, 128, 0, 128, 2, Brew_Barrel
P 1800.0000, 980.0000, 0.0000, 255, 255, 255, 2, Undead
P 2450.0000, 600.0000, 0.0000, 255, 255, 255, 2, Undead
P 1324.3877, -3984.0867, 0.1518, 255, 255, 255, 2, Inn
P 777.0373, -2844.8682, 116.2994, 255, 255, 255, 2, Paladin_Camp
P -1357.0000, -3857.0000, 0.0000, 255, 255, 255, 2, Gypies
P -1771.0000, -5174.0000, 0.0000, 255, 255, 255, 2, Inactive_Druid_Ring
P -764.0000, -4292.0000, 0.0000, 255, 255, 255, 2, Inn
P -246.0000, -1545.0000, 0.0000, 255, 255, 255, 2, Monument
P 875.0000, -1644.0000, -1.6493, 240, 240, 240, 2, Gypsy_Camp
P 1463.8799, -3265.5027, 114.1636, 240, 240, 240, 2, Orc_Camp
P -1304.7123, -1777.7096, 0.4602, 240, 240, 240, 2, Ogre_Camp
P -1279.2439, -3057.8262, 126.0894, 240, 240, 240, 2, Bandit_Camp
P -772.0474, -2072.6243, 2.6214, 240, 240, 240, 2, Undead_Tower
P 735.0669, 966.9063, 2.7294, 240, 240, 240, 2, Orc_Camp
P 1599.0962, 826.2148, -2.0699, 240, 240, 240, 2, Undead_Ruins
P -516.7068, 1743.4064, -2.6114, 255, 210, 0, 2, Dar_Banker_Zlopps_(Banker)
P -1310.0000, -1719.0000, -1.5217, 0, 128, 0, 2, Chizzlik_(Tailor)
P -1289.0000, -1732.0000, -1.7957, 0, 128, 0, 2, Ukla_(Merchant)
P -1288.0000, -1761.0000, -1.8096, 0, 128, 0, 2, Guzzla_(Merchant)
P -1477.0000, -3989.0000, -1.3090, 0, 128, 0, 2, Lianna_Ferasa_(Merchant)
P -1422.0000, -3974.0000, -2.1039, 0, 128, 0, 2, Tarikh_Korula_(Weapons)
P -1390.0000, -3922.0000, -1.7061, 0, 128, 0, 2, Chandra_Kali_(Merchant)
P -896.0000, -4093.0000, -0.0191, 0, 128, 0, 2, Darfumpel_Zirubbel_(Jewelcrafting)
P -918.0000, -4109.0000, -0.0191, 0, 128, 0, 2, Karam_Dragonforge__(Armorer)
P 768.0000, -2908.0000, 115.2860, 0, 128, 0, 2, Susanna_(Merchant)
P 163.3403, 1960.9788, -4.7668, 0, 128, 0, 2, Zok_Moic_(Fletching)
P -2154.9385, 1770.5586, -1.1468, 0, 128, 0, 2, Scribe_Vordangl_(Shadow_Knight_Spells)
P -2088.5801, 1867.7865, -2.4655, 0, 128, 0, 2, Scribe_Biddlegorb_(Cleric_Spells)
P -1985.0767, 2054.5955, -1.9372, 0, 128, 0, 2, Scribe_Flogglebig_(General_Spells)
P -1935.0884, 2055.9507, -2.5299, 0, 128, 0, 2, Scribe_Noglleg_(Necromancer_Spells)
P -919.6992, 2289.4744, -1.2457, 0, 128, 0, 2, Zok_Glag_(Merchant)
P -921.1129, 2273.8035, -1.9745, 0, 128, 0, 2, Zok_Huoo_(Weapons)
P -841.3917, 2371.9258, -2.7306, 0, 128, 0, 2, Zok_Grop_(General)
P -831.7244, 2382.5669, -3.1601, 0, 128, 0, 2, Zok_Gribbl_(Smithing)
P -817.8657, 2378.1846, -2.0689, 0, 128, 0, 2, Zok_Folis_(Pottery)
P -71.7022, 1216.5082, 2.9716, 0, 128, 0, 2, Zok_Virek_(General)
P -322.2094, 1655.6100, -2.2635, 0, 128, 0, 2, Scribe_Figglebog_(General_Spells)
P -303.7621, 2030.3312, -2.7104, 0, 128, 0, 2, Zok_Petaluree_(Alchemy)
P -371.6286, 2014.2123, -2.5901, 0, 128, 0, 2, Zok_Gluchh_(Satchels)
P -192.7688, 2210.1741, -1.7374, 0, 127, 127, 2, Artisan_Srekta_Froreki_(Tradeskill_Quests)
P -302.7460, 2132.4468, -1.7188, 0, 128, 0, 2, Zok_Zribb_(General)
P -259.1843, 2181.9944, -1.3690, 0, 128, 0, 2, Zok_Tabruu_(Leather)
P -279.1336, 2096.5613, -1.7313, 0, 128, 0, 2, Zok_Giisip_(Pottery)
P -264.3492, 2091.9285, -2.2848, 128, 0, 128, 2, Pottery_Wheel
P 184.4289, 1902.4247, -1.8877, 0, 128, 0, 2, Zok_Prolo_(Jewelcrafting)
P 157.5506, 1812.2588, -2.7167, 0, 128, 0, 2, Zok_Lubump_(Tailoring)
P 63.2976, 1748.4043, -2.1718, 0, 128, 0, 2, Zok_Gorble_(Smithing)
P -335.5752, 1723.0436, -2.5251, 0, 128, 0, 2, Scribe_Gokk_(Cleric_Spells)
P -88.9001, 1787.4153, -0.8577, 0, 240, 0, 2, Quartermaster_Grik_(Tribute)
P -2090.5889, 1774.3230, -2.4256, 0, 127, 0, 2, Scribe_Florgg_(Rogue_Skills)
P -359.7076, 1392.0475, -1.7055, 0, 240, 0, 2, Zok_Malka_(Parcels)
P 828.0000, -2939.0000, 114.2331, 128, 128, 128, 2, Thomas_(GM_Paladin)
P -2102.8245, 1748.7432, -1.8169, 128, 128, 128, 2, Gaz_Master_Shargnol_(GM_Rogue)
P -2143.8589, 1746.1980, -0.8998, 128, 128, 128, 2, Bok_Master_Thragnog_(GM_Shadow_Knight)
P -1957.9008, 2057.7637, -2.1559, 128, 128, 128, 2, Zol_Master_Malgorn_(GM_Necromancer)
P -421.5539, 1975.5326, -2.3166, 128, 128, 128, 2, Kor_Trainer_Galdok_(GM_Cleric)
P -371.9005, 1961.9856, -1.8054, 128, 128, 128, 2, Yun_Trainer_Kintok_(GM_Shaman)
P -257.2639, 1624.6841, -2.7167, 128, 128, 128, 2, Jin_Master_Sergug_(GM_Wizard)
P -327.3542, 1717.6465, -2.6885, 128, 128, 128, 2, Kor_Master_Gloorg_(GM_Cleric)
P -444.1320, 1688.3202, -2.0275, 128, 128, 128, 2, Yun_Master_Arglug_(GM_Shaman)
P -357.4714, 1649.2511, -2.5919, 128, 128, 128, 2, Dar_Master_Griblok_(GM_Warrior)
P -345.6901, 1671.2157, -2.3893, 128, 128, 128, 2, Shin_Master_Grubbus_(GM_Paladin)
P -2138.5613, 1882.1985, -1.2666, 128, 128, 128, 2, Kor_Master_Ralg_(GM_Cleric)
P -452.3717, 1937.5647, -2.1698, 128, 128, 128, 2, Master_Scribe_Uklo_(GM_Wizard)
P 3322.1270, -3471.8865, 16.7816, 0, 0, 0, 2, Ankefenmut
P 3281.3750, -3543.6514, 17.1039, 0, 0, 0, 2, Zazamoukh
P -170.8398, -1499.9396, 0.3821, 0, 0, 0, 2, Mailbox
P -2382.9512, -2808.7305, 12.0877, 0, 0, 0, 2, Zazamaharet
P -2465.4810, -2899.3086, 43.6737, 0, 0, 0, 2, Zazapheenebti
P -1956.4308, 1996.6144, -1.7745, 0, 127, 0, 2, Scribe_Ooglebeg_(Necromancer_Spells)
P -2145.1155, 1803.7328, -1.3420, 0, 127, 127, 2, Poison_Master_Jix_(Poison_Tasks)
P -892.7725, 2325.5442, -0.6627, 0, 127, 0, 2, Zok_Giibles_(Baking)
P -891.7545, 2334.0879, 0.0129, 0, 127, 0, 2, Zok_Gimar_(Baking)
P -882.6638, 2340.6792, -0.6292, 0, 127, 0, 2, Zok_Froob_(Baking)
P -874.7578, 2340.1980, -1.1764, 0, 127, 0, 2, Zok_Vroog_(Baking)
P -614.4252, 2212.8477, -0.1692, 0, 0, 0, 2, Yilbit_Gerbigo
P -578.9005, 2227.2310, 0.2578, 0, 0, 0, 2, Animal_Trainer_Visop
P -245.0983, 2185.9910, -0.6526, 0, 127, 0, 2, Zok_Caropni_(Chain)
P -295.3875, 2153.1912, -1.9088, 0, 127, 0, 2, Zok_Sevrana_(Cloth)
P -184.4354, 2203.3694, -1.5371, 0, 127, 0, 2, Zok_Kilikko_(Plate)
P -198.2033, 2083.9236, -7.9932, 0, 127, 0, 2, Dar_Forager_Lumun_(General)
P -262.4976, 2081.5000, -2.5135, 0, 0, 0, 2, Dar_Collector_Reokar
P -290.4014, 2013.3036, -2.7167, 0, 127, 0, 2, Zok_Rupku_(Alchemy)
P -307.1901, 1999.8893, -2.7167, 0, 127, 0, 2, Zok_Kuluree_(Alchemy)
P -322.0144, 2030.6980, -2.3403, 0, 127, 0, 2, Zok_Ruppeta_(Alchemy)
P -346.9033, 2025.7880, -2.1794, 0, 127, 0, 2, a_spell_research_merchant_(Research)
P -333.3839, 1989.6265, -2.1390, 0, 127, 0, 2, Zok_Dendrung_(Alchemy)
P -388.3846, 1952.3971, -1.4436, 0, 0, 0, 2, Assistant_Faldok
P -287.6201, 1894.4131, -1.1931, 0, 0, 0, 2, Sugal_the_Fist
P -274.5334, 1919.9214, -0.6728, 127, 127, 127, 2, Ulno_the_Peaceful_(GM_Monk)
P 181.1620, 1945.5879, 0.1085, 0, 127, 0, 2, Zok_Rurpp_(Fletching)
P 187.5925, 1888.2880, -1.2898, 0, 127, 0, 2, Zok_Pirk_(Jewelcrafting)
P 142.8708, 1798.4911, -2.5767, 0, 127, 0, 2, Zok_Gleeup_(Tailoring)
P 50.2478, 1746.4014, -1.9125, 0, 127, 0, 2, Zok_Drup_(Smithing)
P -63.0388, 1787.1277, -1.3168, 0, 0, 0, 2, Tugog_Grigol
P -106.4805, 1808.4800, -0.2242, 0, 0, 0, 2, Kor_Protector_Durlonz
P -95.7568, 1764.7421, -0.0051, 0, 0, 0, 2, Dar_Strategist_Guib
P -83.2996, 1744.3069, -0.4197, 0, 0, 0, 2, Yun_Protector_Kaewhis
P -356.8744, 1676.6023, -2.1019, 0, 0, 0, 2, Bisby_Gakdoo
P -330.8719, 1669.5248, -2.2635, 0, 0, 0, 2, Soulbinder_Kyta
P -323.8334, 1639.1775, -2.2635, 0, 127, 0, 2, Scribe_Rikik_(Paladin_Spells)
P -342.9769, 1628.2743, -2.2635, 0, 127, 0, 2, Scribe_Gralke_(Warrior_Skills)
P -381.1248, 1652.6106, -1.5237, 0, 127, 0, 2, Scribe_Garp_(Shaman_Spells)
P -379.5593, 1672.5386, -1.3951, 0, 127, 0, 2, Scribe_Yoss_(Wizard_Spells)
P -392.8978, 1678.5154, -1.0374, 0, 127, 0, 2, Scribe_Gukloki_(Wizard_Supplies)
P -505.5640, 1756.4130, -2.7167, 0, 240, 0, 2, Zok_Eggrib_(Parcels)
P -482.4081, 1818.6801, -2.6114, 0, 0, 0, 2, Exterminator_Galub
P -470.4421, 1829.8622, -2.6114, 0, 127, 0, 2, Gemcrafter_Franis_(Melee_Augs)
P -553.2288, 1578.3394, -1.9518, 0, 0, 0, 2, Lokta_Elder_Gritib
P -551.5439, 1532.9706, 0.7544, 0, 0, 0, 2, Zokta_Elder_Gubbigo
P -520.7767, 1528.8301, -1.0368, 0, 0, 0, 2, Lokta_Elder_Froops
P -510.3154, 1512.2437, -0.9652, 0, 0, 0, 2, Zokta_Elder_Ginnid
P -179.1606, 1515.2295, 1.9004, 0, 0, 0, 2, Zokta_Noble_Bribbiz
P -138.4033, 1530.8418, 5.8818, 0, 0, 0, 2, Zokta_Elder_Riobbin
P -131.8941, 1552.2837, 5.6352, 0, 0, 0, 2, Lokta_Elder_Sigig
P -141.9358, 1575.5502, 2.6420, 0, 0, 0, 2, Zokta_Elder_Reebig
P -0.6005, 1294.6299, -2.5581, 0, 127, 0, 2, Zok_Sliips_(Brewing)
P -2.8773, 1280.7317, -2.5128, 0, 127, 0, 2, Zok_Lillis_(Brewing)
P -33.5243, 1244.6139, -0.5854, 0, 127, 0, 2, Zok_Crikk_(Brewing)
P -52.6402, 1219.6370, 2.2847, 0, 127, 0, 2, Zok_Seleka_(Brewing)
P -308.3410, 1327.3300, -4.1896, 0, 127, 127, 2, Kor_Fibbilus_(Missions)
P -383.5642, 1399.9103, -1.5491, 0, 0, 0, 2, Zokta_Noble_Groobl
P -330.0221, 1397.6011, -1.5949, 0, 0, 0, 2, Zokta_Elder_Fogug
P -323.5546, 1428.5088, -1.1074, 0, 0, 0, 2, Lokta_Elder_Nywlek
P -385.8128, 1224.1808, -2.2432, 0, 0, 0, 2, Fipnoc_Birribit
P -298.6680, 1242.4131, -1.9056, 0, 127, 0, 2, Mercenary_Verka_(Mercenary_Liaison)
P -263.1238, 1235.9373, -2.7167, 0, 127, 0, 2, Mercenary_Groppa_(Mercenary_Liaison)
P -223.9600, 1146.3523, -2.7167, 0, 0, 0, 2, High_Seer_Flogk
P 1253.4452, -3126.5569, 112.7240, 0, 0, 0, 2, corrupted_hill_giant_(Roam,DRU:1.0)
P 673.2491, 556.7914, 23.7664, 0, 0, 0, 2, Initiate_Xabbis_(Roam)
P -231.4668, -1492.9546, -2.4795, 0, 0, 0, 2, Ankhensmerira
P -381.7676, -1730.6415, 37.3642, 0, 0, 0, 2, Ankhesenaten
P -895.1443, -4394.3818, 1.7035, 0, 0, 0, 2, Colgon_Dursaar
P -843.2712, -4282.9771, 2.2825, 0, 127, 0, 2, Innkeep_Troy_(General)
P -830.2739, -4294.8896, 2.2825, 0, 127, 0, 2, Innkeep_Serge_(General)
P -844.5613, -4340.9063, 2.2825, 0, 127, 127, 2, Delila_(Tasks)
P -846.8876, -4245.5605, 2.2825, 0, 127, 127, 2, Meelana_(Tasks)
P -1023.9766, -4182.9434, -0.9136, 0, 127, 127, 2, Sheldon_(Tasks)
P -1055.0945, -4196.9600, 0.0673, 0, 0, 0, 2, Kathryn
P -1566.6940, -6323.8062, 0.3457, 0, 0, 0, 2, Tabien_the_Goodly
P -1775.6565, -5299.4814, 124.0493, 0, 0, 0, 2, Nola_Thistleborn
P -1636.9917, -5255.2651, 127.0509, 0, 0, 0, 2, Tibrinn_Ember
P -1724.3373, -5098.3516, 124.7662, 0, 0, 0, 2, Solvedi_Aldeberan
P -1804.0170, -5055.4302, 127.8288, 0, 0, 0, 2, Albain_Tinderbrand
P -1893.8323, -5175.1646, 127.0879, 0, 0, 0, 2, Tholia_Fastbond
P -1272.9490, -3872.1658, -0.9094, 0, 0, 0, 2, Goaad_Mistigone
P -1381.1703, -3994.8716, -2.6619, 0, 0, 0, 2, Nemeen_Pekasr
P -1423.5890, -3960.5247, -1.8036, 0, 0, 0, 2, Cynthia
P -744.0070, -2007.4744, 5.7937, 0, 0, 0, 2, Findlegrob
P -1245.0735, -3027.8013, 121.5008, 0, 0, 0, 2, Drayen_Blackguard
P 1844.1344, -985.0900, 1.0814, 0, 0, 0, 2, Loancal_Joonan
P 1942.2213, -2519.6233, 22.6478, 0, 0, 0, 2, Dellweena_Bruann
P 2040.3052, -2583.8704, 17.0204, 0, 0, 0, 2, a_pile_of_froglok_remains
P 1906.0121, -2867.6460, 2.1064, 0, 0, 0, 2, Glaron_the_Wicked
P 883.9882, -2998.2349, 116.3954, 0, 0, 0, 2, Nancine
P 822.3929, -2971.5159, 116.3947, 0, 0, 0, 2, David
P 762.6163, -2915.3086, 116.8524, 0, 0, 0, 2, Elisabeth
P 763.5539, -3066.1199, 110.9050, 0, 0, 0, 2, Nicholas
P 825.7224, -2947.9163, 115.6264, 0, 0, 0, 2, Abigail
P 844.4058, -2885.0718, 115.1832, 0, 0, 0, 2, Marianna
P 825.8896, -2831.5940, 115.5519, 0, 0, 0, 2, Tomas
P 764.1027, -2971.9688, 116.2526, 0, 0, 0, 2, Sentry_Joanna
P 985.7132, -1685.9064, -3.0504, 0, 0, 0, 2, Cathendra_Bo
P 887.9913, -1593.6946, 0.5378, 0, 127, 0, 2, Roshmael_(Satchels)
P 910.7844, -1635.9220, 1.1342, 0, 0, 0, 2, Kindra_Farseer
P 877.4073, -1643.0780, 1.1342, 0, 127, 0, 2, Viira_Bali_(General)
P 837.3742, -1662.0028, -0.2548, 127, 127, 0, 2, Jeim_(Parcels)
P 2306.9736, 455.1353, 5.3469, 0, 0, 0, 2, Bindlegrob
P 2281.7549, 480.7438, 2.6995, 0, 0, 0, 2, Sindlegrob
P 1561.5045, 630.5624, 18.4748, 0, 0, 0, 2, Kazzel_D`Leryt_(Roam)
P 1585.1821, 740.1427, 2.0547, 0, 0, 0, 2, Ytyrs_the_Reborn
P 1313.0304, 286.7547, -8.4773, 0, 0, 0, 2, Sergeant_Herptol_(Roam)
P -1968.1921, -641.9941, 43.1472, 0, 0, 0, 2, Sethena_(Roam)
P -1815.7786, -410.3339, 132.7885, 0, 0, 0, 2, Fipok_Glubble_(Roam)
P -1162.2726, -1644.8816, 8.4468, 0, 0, 0, 2, Blackwing_(Roam,HS)
P -1267.4728, -3062.8157, 127.3951, 0, 0, 0, 2, Blinde_the_Cutpurse
P -2004.9092, -3654.1648, 17.8749, 0, 0, 0, 2, Tarskuk_(Roam)
P -1803.7699, 293.1308, -1.6300, 127, 64, 0, 2, Bloodneedle_(Hunter)
P -825.6312, -2425.3079, 22.9843, 127, 64, 0, 2, Oculys_Ogrefiend_(Hunter,Roam)
P 1267.3715, 406.6850, 19.9980, 127, 64, 0, 2, Petrifin_(Hunter,Roam)
P 890.3513, -2192.6370, -3.3161, 127, 64, 0, 2, Quid_Rilstone_(Hunter,Roam)
P -2006.5226, 144.3907, -0.6216, 127, 64, 0, 2, Yun_Jerahk_the_Poisoned_(Hunter,Roam,HS)
P -1887.7610, -715.9545, 11.6429, 127, 64, 0, 2, Yun_Jerahk_the_Poisoned_(Hunter,Roam,HS)
P -1099.0000, -2395.0000, 14.0000, 127, 64, 0, 2, Mortificator_Syythrak_(Hunter,Roam)
P 1217.0000, -3350.0000, -94.0000, 127, 64, 0, 2, Mortificator_Syythrak_(Hunter,Roam)
P -265.0000, -2881.0000, 44.0000, 127, 64, 0, 2, Mortificator_Syythrak_(Hunter,Roam)
P -2396.0000, -1740.0000, 141.0000, 127, 64, 0, 2, Shardwing_(Hunter,Roam)
P -2298.0000, -1351.0000, 116.0000, 127, 64, 0, 2, Mortificator_Syythrak_(Hunter,Roam)