P 25.0299, 113.0139, 0.1069, 255, 0, 0, 3, to_The_Gorge_of_King_Xorbb
P -152.0000, -228.0000, 5.2389, 255, 0, 0, 3, to_Misty_Thicket
P -201.0000, -90.0000, 1.0029, 240, 0, 0, 2, Succor
P 68.7315, 41.0623, -130.3630, 0, 0, 255, 1, GS:_Questionable_Cheese
P 172.3459, 129.9939, -48.9669, 255, 255, 255, 2, LVL_2
P 127.0339, -128.4489, -61.9669, 255, 255, 255, 2, LVL_2
P 63.8529, -357.6989, -110.9669, 255, 255, 255, 2, Water_-_LVL_3
P 67.1149, -333.8359, -45.9669, 255, 255, 255, 2, Bridge_-_LVL_2
P 221.4189, 202.5479, -86.9669, 255, 255, 255, 2, LVL_3
P -197.4719, 228.8589, -85.9669, 255, 255, 255, 2, LVL_3
P 177.8369, 15.7849, -4.9979, 255, 255, 255, 2, LVL_1
P 194.6109, -155.8799, -50.9669, 255, 255, 255, 2, LVL_1
P 115.3429, 10.4349, -110.9669, 255, 255, 255, 2, LVL_3
P 127.0489, -163.6599, -110.9669, 255, 255, 255, 2, LVL_3
P 74.1519, -313.4839, -110.9669, 255, 255, 255, 2, Water_-_LVL_3
P -104.2859, 223.3519, -47.9669, 255, 255, 255, 2, LVL_2
P 88.6909, 52.0239, -131.9349, 255, 255, 255, 2, LVL_4
P -14.1739, -109.2169, -131.9349, 255, 255, 255, 2, LVL_4
P 88.4099, -42.6929, -85.9669, 255, 255, 255, 2, LVL_3
P 71.3629, -64.5009, -85.9669, 255, 255, 255, 2, LVL_3
P 265.2129, 147.9569, -110.9669, 255, 255, 255, 2, LVL_2
P -88.6773, -73.5440, -131.9353, 0, 127, 0, 2, a_goblin_bartender_(Drinks)
P -85.9970, -12.0758, -131.9353, 250, 210, 0, 2, a_goblin_banker_(Banker)
P -142.3608, -59.2590, -131.9353, 0, 127, 0, 2, a_goblin_merchant_(Merchant)
P 112.0538, -86.4896, -131.9353, 0, 0, 0, 2, Lord_Pickclaw
P -170.5129, 92.8198, -131.9353, 0, 0, 0, 2, Battlelord_Paluk
P 89.2015, -165.9092, -130.9353, 0, 0, 0, 2, Lord_Pickclaw
P -3.7496, -7.9858, -164.9354, 0, 0, 0, 2, Sludge_Dankmire
P -105.6581, -155.1153, -82.7688, 127, 64, 0, 2, The_Sporali_Moldmaster_(Hunter)
P -194.2917, 226.5840, -85.6541, 127, 64, 0, 2, The_Sporali_Moldmaster_(Hunter,Roam)
P -142.4471, 84.6750, -130.4117, 127, 64, 0, 2, The_Sporali_Moldmaster_(Hunter)
P -108.0000, -166.0000, 0.0000, 128, 64, 0, 2, The_Sporali_Moldmaster_(Hunter)
P 66.7679, -368.6257, -11.2184, 240, 240, 240, 2, Waterfall
