P 72.4153, 108.1082, -35.9979, 255, 0, 0, 3, to_Trakanon`s_Teeth
P -12.7941, 673.5076, -179.9353, 240, 0, 0, 3, to_Trakanon`s_Teeth
P -610.7656, 441.7346, -115.0091, 240, 240, 0, 2, Underwater_Passage
P -190.2380, 206.6704, -121.5964, 240, 240, 0, 2, Underwater_Passage
P -260.1027, 192.8114, -175.9354, 240, 240, 0, 2, Water_Passage
P 134.9369, 306.6742, -175.9353, 240, 240, 0, 2, Water_Passage
P -286.0543, 1308.3471, -182.1739, 240, 240, 0, 2, One-Way_Fall
P -31.0439, 1558.5181, -179.9353, 240, 240, 0, 2, Click_Firepot_to_Open_Door
P 242.9770, 1555.0358, -179.9353, 240, 240, 0, 2, Fake_Wall
P 154.3532, 1555.4622, -179.9353, 240, 240, 240, 2, The_Entry_Hall
P 1.0000, -248.0000, 36.0029, 240, 0, 0, 2, from_Trakanon`s_Teeth
P -133.6773, 912.1652, -53.9666, 240, 240, 0, 2, Locked_Door_(Picklock_200+)
P -225.0816, 1661.8145, -125.9354, 240, 240, 0, 2, Locked_Door_(Picklock_200+)
P 386.8730, 959.8146, -103.9666, 240, 240, 240, 2, Disco_One
P 332.1461, 1322.8223, -103.9666, 240, 240, 240, 2, Disco_Two
P 431.2697, 1088.4318, -107.9666, 240, 240, 240, 2, Library
P 485.2107, 1089.2370, -107.9666, 240, 240, 0, 2, Fake_Wall
P 692.3346, 1076.1702, -127.9028, 240, 240, 240, 2, Bloody_Water
P 676.4906, 1106.4462, -112.5702, 240, 240, 240, 2, Laboratory
P 90.2752, 1280.1740, -177.5921, 240, 240, 0, 2, Trakanon_banish_spot
P 20.3666, 289.9674, -34.3957, 0, 0, 0, 2, Froglok_Bog_Mystic_(Roam)
P -315.6844, 460.0152, -71.9666, 0, 0, 0, 2, Gangrenous_Scarab
P -223.5864, 1885.6508, -125.9353, 0, 0, 0, 2, Spectral_Harbinger
P 452.2285, 2181.0407, -143.9353, 0, 0, 0, 2, Tolapumj
P 705.5233, 2085.5495, -143.9353, 240, 127, 0, 2, Trakanon_(Raid)
P -241.5536, 1311.8616, -105.9666, 127, 64, 0, 2, Arch_Duke_Latol_(Hunter)
P -26.8862, 1424.1818, -105.9666, 127, 64, 0, 2, Baron_Yosig_(Hunter)
P -225.8494, 1730.1763, -123.9353, 127, 64, 0, 2, blood_of_chottal_(Hunter)
P 743.7954, 1088.5279, -115.9666, 127, 64, 0, 2, Brogg_(Hunter)
P -81.2457, 1361.9982, -107.9666, 127, 64, 0, 2, crypt_caretaker_(Hunter)
P -223.7620, 1899.7985, -125.9353, 127, 64, 0, 2, Emperor_Chottal_(Hunter)
P 257.5579, 929.7731, -107.9666, 127, 64, 0, 2, frenzied_pox_scarab_(Hunter)
P -871.6749, 920.1574, -53.9666, 127, 64, 0, 2, Froggy_(Hunter)
P -540.8361, 686.7721, -71.7731, 127, 64, 0, 2, froglok_armorer_(Hunter)
P -665.5930, 947.4036, -53.9666, 127, 64, 0, 2, froglok_armsman_(Hunter)
P -659.9240, 744.6781, -71.9666, 127, 64, 0, 2, froglok_bartender_(Hunter)
P -768.7805, 1115.2100, -89.9666, 127, 64, 0, 2, froglok_chef_(Hunter)
P 319.4587, 1305.1779, -103.9666, 127, 64, 0, 2, froglok_commander_(Hunter)
P 377.8905, 925.9027, -106.4609, 127, 64, 0, 2, froglok_ostiary_(Hunter)
P 462.6165, 1201.3306, -107.9666, 127, 64, 0, 2, froglok_pickler_(Hunter)
P -800.5161, 1168.5031, -89.9666, 127, 64, 0, 2, froglok_repairer_(Hunter)
P 371.4822, 969.6012, -103.9666, 127, 64, 0, 2, Gruplinort_(Hunter)
P -242.6125, 1423.2947, -105.9666, 127, 64, 0, 2, Harbringer_Freglor_(Hunter)
P -27.4619, 1311.4838, -105.9666, 127, 64, 0, 2, Heirophant_Prime_Grekal_(Hunter)
P -109.5765, 920.1779, -169.9353, 127, 64, 0, 2, myconid_spore_king_(Hunter)
P -267.1717, 541.7508, -23.6402, 127, 64, 0, 2, a_necrosis_scarab_(Hunter)
P 470.5869, 2154.7099, -143.9353, 127, 64, 0, 2, sebilite_guardian_(Hunter)
P -224.5540, 1703.1650, -125.9354, 240, 240, 240, 2, Throne_of_Emperor_Chottal
P -132.7455, 1364.8720, -125.9354, 240, 240, 240, 2, Sebilis_Crypt
P 623.2030, 2121.6452, -143.9354, 240, 240, 240, 2, The_Lair_of_Trakanon
