P -513.9590, 1679.9506, -215.9990, 255, 0, 0, 3, to_Shadeweaver`s_Thicket
P 231.7870, -1532.5010, -206.9080, 255, 0, 0, 3, to_Hollowshade_Moor
P -85.0000, 1135.0000, 0.0000, 255, 0, 0, 2, Succor
P -131.0000, 846.0000, -193.4990, 255, 0, 0, 2, Priest_of_Discord
P 164.7757, 212.6227, -191.9990, 128, 0, 128, 2, Oven
P 496.2590, -212.2810, -191.9990, 128, 0, 128, 2, Pottery_Wheel
P 177.6795, 186.9332, -191.9990, 128, 0, 128, 2, Brew_Barrel
P -37.0108, -375.3348, -192.0064, 128, 0, 128, 2, Oven
P -2.2540, 483.2740, -191.9990, 128, 0, 128, 2, Oven
P 201.2140, -276.9940, -191.9860, 128, 0, 128, 2, Forge
P 480.9170, -212.1740, -191.9990, 128, 0, 128, 2, Pottery_Wheel
P -24.7698, -376.0156, -189.0630, 128, 0, 128, 2, Oven
P -411.1506, -405.3386, -193.4990, 128, 0, 128, 2, Forge
P 231.5015, 198.9353, -191.9979, 128, 0, 128, 2, Brew_Barrel
P 205.6901, 185.9348, -191.9979, 128, 0, 128, 2, Brew_Barrel
P 433.8330, -245.3380, -191.9990, 128, 0, 128, 2, Kiln
P -439.6972, 140.9011, -167.9990, 128, 0, 128, 2, Oven
P -400.1010, -405.1640, -193.4990, 128, 0, 128, 2, Forge
P 205.7718, -179.1054, -191.9979, 128, 0, 128, 2, Shar_Vahl_Forge
P 373.7507, -287.2997, -169.4990, 128, 0, 128, 2, Loom
P 306.3088, 488.2565, -193.4990, 128, 0, 128, 2, Pottery_Wheel
P -129.6091, 836.9062, -362.2553, 0, 0, 240, 1, GS:_Redcap_Mushroom
P 537.2587, 141.8538, -263.8151, 240, 240, 240, 2, Warrior_Guild
P 287.2952, -196.3368, -251.9979, 240, 240, 240, 2, Rogue_Guild
P -439.3651, -167.3446, -167.2479, 240, 240, 240, 2, Dining_Room
P 581.4498, -147.1642, -239.9979, 240, 240, 240, 2, Jail_Cells
P -451.4120, 120.0800, -165.4240, 255, 255, 255, 2, Baking_Merchants
P 369.6170, 307.8030, -191.9990, 255, 255, 255, 2, Alchemy_Merchants
P -113.0000, 497.0000, -193.4588, 0, 128, 0, 2, Chialle_(General)
P -119.0000, 352.0000, -193.4328, 0, 128, 0, 2, Dharr_Nadim_(Fishing)
P -134.0000, -258.0000, -262.4990, 0, 128, 0, 2, Scribe_Kaleej_(Beastlord_Spells)
P -148.0000, -82.0000, -262.4990, 0, 128, 0, 2, Scribe_Cholsa_(Shaman_Spells)
P 161.0000, -217.0000, -191.9990, 0, 128, 0, 2, Apprentice_Kafy_(Smithing)
P 161.0000, -227.0000, -191.9990, 0, 128, 0, 2, Apprentice_Garr_(Smithing)
P 174.0000, -200.0000, -191.9990, 0, 128, 0, 2, Master_Barkhem_(Smithing)
P -214.0000, 348.0000, -193.4536, 0, 128, 0, 2, Lajika_(Armor)
P -215.0000, -424.0000, -191.9990, 0, 128, 0, 2, Cook_Umek_(Baking)
P 478.0000, -270.0000, -191.9990, 0, 128, 0, 2, Larken_(Pottery)
P 478.0000, -285.0000, -191.9990, 0, 128, 0, 2, Nocia_(Smithing)
P 48.0000, 475.0000, -191.9990, 0, 128, 0, 2, Nejat_(Merchant)
P -408.0000, 401.0000, -193.4990, 0, 128, 0, 2, Rytan_(Fletching)
P -457.0000, 385.0000, -193.4577, 0, 128, 0, 2, Hokar_(Fletching)
P -216.0000, -454.0000, -191.9990, 0, 128, 0, 2, Jolod_Amulek_(General)
P 238.0000, 446.0000, -191.9990, 0, 128, 0, 2, Barkeep_Rawlf_(General)
P -239.0000, 348.0000, -193.4990, 0, 128, 0, 2, Kafal_(Armor)
P -49.9447, 182.1429, -191.9990, 0, 128, 0, 2, Qua_(Weapons)
P 495.0000, -255.0000, -191.9990, 0, 128, 0, 2, Jangle_(General)
P -505.8391, 351.3441, -193.4979, 0, 128, 0, 2, Mugdah_(Poison)
P 501.0000, 167.0000, -263.9990, 0, 128, 0, 2, Armorer_Nimij_(Weapons)
P 508.0000, -255.0000, -191.9990, 0, 128, 0, 2, Gherik_Alarhun_(Pottery)
P 278.0000, -485.0000, -191.9990, 0, 128, 0, 2, Melek_Haluur_(General)
P 28.0000, 475.0000, -191.9990, 0, 128, 0, 2, Jheral_(Merchant)
P 308.0000, 474.0000, -193.4990, 0, 128, 0, 2, Chogar_(Pottery)
P -318.2480, 344.9790, -186.1400, 0, 128, 0, 2, Gawra_(General)
P 32.0000, -230.0000, -191.6500, 0, 128, 0, 2, Fahaar_(Merchant)
P 32.0000, 233.0000, -191.9496, 0, 128, 0, 2, Katja_(Jewelcrafting)
P 348.0000, 212.0000, -169.4990, 0, 128, 0, 2, Ahmih_(Spells)
P -37.0000, 497.0000, -193.4588, 0, 128, 0, 2, Kojik_(General)
P 371.0000, -216.0000, -191.9990, 0, 128, 0, 2, Uhlma_Mareesh_(Jewelcrafting)
P 371.0000, -305.0000, -191.9990, 0, 128, 0, 2, Jhimis_Khadwi_(Jewelcrafting)
P 375.0000, -307.0000, -167.3120, 0, 128, 0, 2, Jala_(Tailor)
P -385.0000, -409.0000, -193.4990, 0, 128, 0, 2, Supply_Sergeant_Ker`far_(Smithing)
P 4.0000, -246.0000, -191.8937, 0, 128, 0, 2, Ayyad_(Weapons)
P 55.0000, -433.0000, -191.9990, 0, 128, 0, 2, Mahj_Hujara_(General)
P 55.0000, -495.0000, -193.1828, 0, 128, 0, 2, Golath_(General)
P -556.0000, 35.0000, -107.9990, 0, 128, 0, 2, Scribe_Imasan_(Bard_Songs)
P -558.0000, -29.0000, -107.9990, 0, 128, 0, 2, Scribe_Qualia_(Bard_Songs)
P -598.0000, 2.0000, -107.9990, 0, 128, 0, 2, Scribe_Tolniq_(Bard_Songs)
P -66.0000, -46.0000, -262.4990, 0, 128, 0, 2, Kanaad_(Alchemy)
P -69.0000, -126.0000, -191.9990, 0, 128, 0, 2, Almasa_(Tailor)
P -69.0000, -142.0000, -191.9990, 0, 128, 0, 2, Sharar_(Merchant)
P -71.0000, 119.0000, -191.9990, 0, 128, 0, 2, Hajika_(Baking)
P 79.0000, 474.0000, -193.1956, 0, 128, 0, 2, Kogar_(Weapons)
P -80.3130, -91.8658, -263.9989, 0, 128, 0, 2, Ritra_Icyclaw_(Berserker_Tomes)
P -119.0000, -444.0000, -192.7490, 0, 127, 0, 2, Supply_Master_Guresh_(Baking)
P -138.6700, 379.6060, -192.7490, 0, 0, 0, 2, Registar_Bindarah
P -48.0000, 83.0000, -191.9990, 0, 0, 0, 2, Tariid
P 457.6845, 295.9243, -191.9979, 0, 0, 0, 2, Tax_Collector_Khugra
P -488.0000, -52.0000, -167.9990, 0, 0, 0, 2, Ghula_(Soulbinder)
P -102.0000, -24.0000, -263.9990, 128, 128, 128, 2, Elder_Spiritist_Grawleh_(GM_Shaman)
P 255.0000, -192.0000, -250.4990, 128, 128, 128, 2, Master_Taruun_Rakutah_(GM_Rogue)
P -532.0000, -17.0000, -107.9990, 128, 128, 128, 2, Elder_Hymnist_Hortitosh_(GM_Bard)
P -50.3789, -65.4961, -262.4989, 128, 128, 128, 2, Vrasha_Piennsa_(GM_Berserker)
P 486.0000, 144.0000, -263.9990, 128, 128, 128, 2, High_Armsman_Trukhanah_(GM_Warrior)
P -48.0000, -275.0000, -262.4990, 128, 128, 128, 2, Animist_Poren_(GM_Beastlord)
P -136.0000, -44.0000, -262.4990, 128, 128, 128, 2, Fehril_(GM_Shaman)
P -216.0000, 379.0000, -144.7490, 128, 128, 128, 2, Elder_Scout_Kyth_Lar_(GM_Rogue)
P 502.8972, 238.5710, -191.9979, 255, 210, 0, 2, Banker_Kjarl_(Banker)
P -172.8922, 489.8983, -167.9979, 0, 0, 0, 2, Nytal_Lior
P -269.4473, 386.3150, -193.4979, 0, 127, 0, 2, Marduk_(General)
P -468.7416, 336.4893, -192.7479, 0, 0, 0, 2, Captain_Julim
P 39.7592, 396.7545, -167.9252, 0, 0, 0, 2, Tarrun_Sian
P -176.6213, 490.5558, -145.4979, 0, 0, 0, 2, Elder_Taruun_Ternq
P -198.8040, 390.9514, -191.9979, 0, 127, 0, 2, Jihli_Mahej_(General)
P -221.8974, 389.5306, -191.9979, 0, 127, 0, 2, Erat_Almar_(General)
P -235.4634, 388.6961, -191.9979, 0, 127, 0, 2, Ahahd_Tolm_(General)
P 284.8800, 461.1997, -167.9979, 0, 0, 0, 2, Khala_Dun_Welaar
P 293.0688, 478.5797, -167.9979, 0, 0, 0, 2, Khala_Dun_Quatan
P 262.3299, 462.6552, -191.9979, 0, 0, 0, 2, Vlarha_Myticla
P 583.1804, 183.2000, -193.4979, 0, 240, 0, 2, Laanas_Sejiir_(Parcels)
P 492.1922, 293.1000, -191.9979, 0, 240, 0, 2, Khala_Dun_Kerak_(Parcels)
P 504.5850, 34.5675, -179.9979, 0, 0, 0, 2, Veteran_Azamin
P 646.8622, -14.1163, -179.9979, 0, 0, 0, 2, General_Keraj
P 671.0561, 9.2264, -179.9979, 0, 0, 0, 2, High_Spiritist_Jimuul
P 648.4379, 15.9695, -179.9979, 0, 0, 0, 2, Pathmaster_Kharin
P 266.3211, -268.9235, -169.4979, 0, 0, 0, 2, Khati_Sha_Jaarin
P 282.5351, -492.2574, -167.9979, 0, 0, 0, 2, Mignah_Cahru
P 261.3054, -484.2523, -167.9979, 0, 0, 0, 2, Khati_Sha_Marook
P 334.5427, -453.4899, -187.4979, 0, 0, 0, 2, Jharin_Taani
P -141.6667, -411.2145, -193.4566, 0, 127, 0, 2, Kyala_(General)
P -106.4149, -338.2596, -193.4979, 0, 127, 0, 2, Lyjak_(Tailoring)
P -198.7478, -419.2535, -167.9979, 0, 0, 0, 2, Ahjiq_Mumir
P -193.0571, -456.2924, -167.8926, 0, 0, 0, 2, Khala_Dun_Rorya
P -303.2387, -450.4219, -192.7479, 0, 0, 0, 2, Scout_Faarni
P -319.4669, -462.2770, -192.7479, 0, 0, 0, 2, Scout_Lijo
P -327.2220, -448.7240, -192.7479, 0, 0, 0, 2, Fharra_Cawfeet
P -376.9573, -463.6552, -192.7479, 0, 0, 0, 2, Scout_Irumo
P -337.1181, -350.9690, -192.7479, 0, 0, 0, 2, Delival
P -439.7859, -354.7472, -191.9979, 0, 0, 0, 2, Khala_Dun_Faalym
P 144.6162, -4.9879, -185.9979, 0, 0, 0, 2, Spiritist_Garig
P -91.1117, 131.4640, -191.8720, 0, 0, 0, 2, Hymnist_Gawfed
P -183.4058, 210.0740, -191.8606, 0, 0, 0, 2, Warder_Keeper_Jyk
P -124.8286, 260.2589, -189.6628, 0, 0, 0, 2, Kaam_Rahiir
P -97.9139, -144.4514, -191.8606, 0, 0, 0, 2, Lore_Master_Rahamin
P -55.0706, -225.9755, -191.9979, 0, 0, 0, 2, Historian_Jiira
P -171.1402, -246.9718, -191.8152, 0, 0, 0, 2, Amat_Iuziq
P -570.4745, -5.0307, -164.9979, 0, 0, 0, 2, King_Raja_Kerrath
P -422.8840, 133.7730, -167.9979, 0, 0, 0, 2, Shroyer
P -448.1055, 167.4732, -167.9979, 0, 127, 0, 2, Cook_Yalkiin_(Baking)
P -445.1367, 149.1636, -167.9979, 0, 127, 0, 2, Cook_Mylis_(Baking)
P -508.8275, 128.8986, -106.3153, 0, 0, 0, 2, Elder_Veteran_Muhrak
P -467.0700, 165.1946, -106.4979, 0, 0, 0, 2, Elder_Animist_Muada
P 547.7383, -191.5582, -239.9979, 0, 0, 0, 2, Gendalic
P -503.3195, 23.3996, -103.4979, 0, 0, 0, 2, Jharin_Apprentice_Ymina
P -504.1684, -12.3286, -103.4979, 0, 0, 0, 2, Jharin_Kiliik
P -384.4252, 225.8394, -84.3406, 0, 0, 0, 2, Nayantara_Tarana
P -452.1392, 41.4641, -104.9979, 0, 0, 0, 2, Seer_Jafik
P -450.9147, -40.4600, -104.9979, 0, 0, 0, 2, Spiritcaller_Gaarus
P -514.8380, -141.0211, -106.4979, 0, 0, 0, 2, Paruh_Milin
P -526.8087, -134.4288, -106.4979, 0, 0, 0, 2, Yhlia_Gazeehr
P -493.1370, -142.0818, -106.4979, 0, 0, 0, 2, Carih_Namij
P -482.0652, -130.0184, -106.4979, 0, 0, 0, 2, Jihli_Namij
P -501.8212, -116.9051, -101.8456, 0, 0, 0, 2, Maera_Kerrath
P -486.5910, 16.5403, -167.9979, 0, 0, 0, 2, Khala_Dun_Fareed
P -580.4562, 32.7551, -164.9979, 0, 0, 0, 2, Liorra_Sha_Kerrath
P -580.1161, -35.5555, -164.9979, 0, 0, 0, 2, Soroush_Koroun
P -509.7831, -31.5005, -167.9979, 0, 240, 0, 2, Minna_Helo_(Tribute)
P -590.8536, -169.7961, -178.4979, 0, 0, 0, 2, Kalila_Talih
P -122.3535, -128.9559, -251.9979, 0, 0, 0, 2, Danala_Valith
P -132.2560, -144.5540, -251.9979, 0, 127, 0, 2, a_spell_research_merchant_(Research)
P -77.8925, -129.5312, -251.9979, 0, 127, 0, 2, Scribe_Gefna_(Beastlord_Spells)
P -74.0814, -139.5179, -251.9979, 0, 127, 0, 2, Scribe_Grawl_(Shaman_Spells)
P -74.0812, -150.2865, -251.9979, 0, 127, 0, 2, Scribe_Dav_(Shaman_Spells)
P -74.0814, -160.4531, -251.9979, 0, 127, 0, 2, Scribe_Shiara_(Shaman_Spells)
P -110.6434, -211.6956, -251.9979, 0, 127, 0, 2, Scribe_Mojir_(Shaman_Spells)
P -121.2526, -213.9206, -251.9979, 0, 127, 0, 2, Scribe_Lar_(Shaman_Spells)
P -132.7031, -213.9185, -251.9979, 0, 127, 0, 2, Scribe_Natji_(Shaman_Spells)
P -87.7477, -307.0164, -263.9978, 127, 127, 127, 2, Elder_Animist_Sahdi_(GM_Beastlord)
P -107.4261, -321.2829, -263.9978, 0, 0, 0, 2, Elder_Animist_Dumul
P -126.0649, -290.7557, -262.4978, 0, 0, 0, 2, Khati_Sha_Mylia
P -63.0965, -79.1571, -262.4978, 0, 0, 0, 2, Pashir_Vollemon
P -116.8627, -89.3488, -263.9978, 0, 0, 0, 2, Jaima_Seyel
P 340.8797, -189.1470, -250.4979, 0, 127, 127, 2, Poison_Master_Ajik_(Poison_Tasks)
P 325.3116, -225.0630, -251.9979, 0, 0, 0, 2, Elam_Arruk
P 277.5213, -158.8786, -251.9979, 0, 0, 0, 2, Poekie_Raraesh
P 649.4777, -32.3322, -215.9979, 0, 0, 0, 2, Alchemist_Kotahl
P 649.5135, 24.4863, -215.9979, 0, 0, 0, 2, Arms_Researcher_Saulgan
P 630.3008, 20.3014, -215.9979, 0, 0, 0, 2, Weapons_Master_Wygans
P 535.5483, 104.9127, -262.4978, 0, 0, 0, 2, Waspons_Master_Rahoul
P 676.8314, 106.5682, -191.9979, 0, 0, 0, 2, Animist_Mahron_Sood
P 399.9208, 267.6224, -191.9979, 0, 127, 0, 2, Val_(Alchemy)
P 395.7243, 254.6384, -191.9979, 0, 127, 0, 2, Mydi_Darjik_(Alchemy)
P 384.0715, 255.0665, -191.9979, 0, 127, 0, 2, Daima_Darjik_(Alchemy)
P 359.4306, 254.1665, -191.9979, 0, 127, 0, 2, Feroz_(Alchemy)
P 351.7056, 252.0284, -191.9979, 0, 127, 0, 2, Jaleh_(Alchemy)
P 352.7578, 263.4644, -191.9979, 0, 127, 0, 2, Nari_Darjik_(Alchemy)
P 365.5905, 263.6199, -191.9979, 0, 127, 0, 2, Spiritist_Ragnar_(Alchemy)
P 377.0973, 264.1264, -191.9979, 0, 127, 0, 2, Alchemist_Hikal_(General)
P 204.6986, 265.7997, -191.9979, 0, 0, 0, 2, Amgah_Siman
P 194.1647, 244.8331, -191.9979, 0, 127, 0, 2, Jakhal_(General)
P 216.5981, 239.7004, -191.9979, 0, 127, 0, 2, Kahala_(General)
P 171.3174, 201.5229, -191.9979, 0, 127, 0, 2, Brewer_Mikkis_(Brewing)
P 228.2117, 210.3830, -191.9979, 0, 127, 0, 2, Brewmaster_Hizier_(Brewing)
P 166.9740, 278.6674, -191.9979, 0, 127, 0, 2, Laoise_Warrite_(Mercenary_Liaison)
P 180.1755, 274.1987, -191.9979, 0, 127, 0, 2, Marcas_Warrite_(Mercenary_Liaison)
P 92.0455, 15.9111, -185.9979, 0, 0, 0, 2, Apprentice_Siason
P 94.6957, -11.3979, -185.9979, 0, 0, 0, 2, Apprentice_Omosh
P 188.6740, -248.4284, -193.4979, 0, 0, 0, 2, Kagazz
P 209.6322, -281.9596, -169.4979, 0, 0, 0, 2, Friaz_Ompir
P 207.4167, -192.1677, -169.4979, 0, 0, 0, 2, Armsman_Khaigesh
P 326.8947, -312.9210, -191.9979, 0, 127, 0, 2, Arrin_Murij_(Satchels)
P 308.3272, -312.9186, -191.9979, 0, 127, 0, 2, Brokh_(Baking)
P 280.5845, -312.4161, -191.9979, 0, 127, 0, 2, Salla_(Brewing)
P 256.8323, -312.1548, -191.9979, 0, 127, 0, 2, Gamouz_(Baking)
P 374.1776, -237.1381, -169.4979, 0, 127, 0, 2, Sele_(Tailoring)
P 351.6664, -305.3003, -169.4979, 0, 0, 0, 2, Kery_Miann
P 288.5331, -460.9140, -191.9979, 0, 0, 0, 2, Khala_Dun_Maluki
P 305.5334, -486.9688, -191.9979, 0, 0, 0, 2, Khala_Dun_Jhiniam
P 236.9929, -452.5945, -167.9979, 0, 127, 0, 2, Gemcrafter_Solus_(Melee_Augs)
P 27.3106, -380.8910, -191.9445, 0, 0, 0, 2, Khala_Dun_Alferi
P 19.5871, -349.1267, -191.9979, 0, 127, 0, 2, Jharia_Talmil_(General)
P 40.3349, -345.6999, -191.9979, 0, 127, 0, 2, Ulman_Talmil_(General)
P -139.9894, -454.5282, -193.4979, 0, 127, 0, 2, Pardak_(Armor)
P -233.5720, -424.3336, -191.9979, 0, 0, 0, 2, Dar_Khura_Aylin
P -247.7406, -456.2365, -191.9979, 0, 0, 0, 2, Khala_Dun_Gurish
P -276.9133, -435.2323, -187.4979, 0, 0, 0, 2, Lorekeeper_Ayriik
P -280.4477, -457.4142, -187.4979, 0, 0, 0, 2, Jharin_Hajka
P -52.0601, 253.5164, -191.9979, 0, 0, 0, 2, Dronqam_Runghi
P 322.5293, 470.4641, -193.4979, 0, 0, 0, 2, Hana_Sulm
P 210.3503, 456.0176, -193.4979, 0, 127, 127, 2, Khala_Dun_Erelk_(Task_Master)
P 197.6573, 457.2657, -193.4979, 0, 127, 127, 2, Animist_Simol_(Task_Master)
P 239.0058, 471.7116, -191.9979, 0, 0, 0, 2, Aljuum_Mohim
P 78.8871, 420.5544, -193.4979, 0, 0, 0, 2, Taruun_Guard_Imil
P 36.8316, 406.6804, -191.9979, 128, 0, 128, 2, Oven
P 53.5011, 405.7140, -191.9979, 0, 127, 0, 2, Mess_Cook_Azur_(General)
P 13.8354, 406.4381, -191.9979, 0, 127, 0, 2, Mess_Cook_Pyjik_(General)
P -14.6667, 421.9958, -193.4979, 0, 127, 127, 2, Taruun_Galorg_(Task_Master)
P -69.9727, 407.9108, -193.4979, 0, 0, 0, 2, Harbin_Gernawl
P -208.5912, 419.1303, -191.9284, 0, 0, 0, 2, Sergeant_Abaar
P -230.7367, 418.8343, -191.9979, 0, 0, 0, 2, Taruun_Jaur
P -213.1935, 471.1537, -191.9121, 0, 0, 0, 2, Taruun_Arek
P -240.8792, 483.8343, -191.9979, 0, 0, 0, 2, Taruun_Olmek
P -368.1556, 357.9283, -191.9364, 0, 0, 0, 2, Animist_Gazin
P -356.1424, 383.6299, -191.9979, 0, 0, 0, 2, Scout_Andur
P -357.7649, 337.2789, -187.4979, 0, 0, 0, 2, Jharin_Niejan
P -390.9093, 387.2927, -191.9979, 0, 127, 0, 2, Barkeep_Babagyn_(General)
P -376.6167, 413.1089, -167.9979, 0, 0, 0, 2, Dar_Khura_Jeruk
P -393.2086, 414.0790, -167.9979, 0, 0, 0, 2, Khati_Sha_Guraat
P -384.8563, 382.2774, -167.9979, 0, 0, 0, 2, Dar_Khura_Hylaar
P -503.2463, 363.2219, -193.4979, 0, 127, 0, 2, Eoin_(Poison)
P -504.6970, 334.3252, -193.4979, 0, 127, 0, 2, Blathnat_(Poison)
P 0.1750, 427.7210, -167.9979, 0, 0, 0, 2, Animist_Imotmeh
P -15.7478, 371.9208, -169.4979, 0, 0, 0, 2, Taruun_Arok
P 3.6694, -446.4765, -167.9979, 0, 0, 0, 2, Barracks_Guard_Myrik
P -254.7915, -377.5884, -193.4317, 0, 127, 0, 2, Garl_(Armor)
P -346.2039, -353.9575, -169.4979, 0, 0, 0, 2, Honor_Guard_Siiv
P -393.6494, -357.9858, -145.4979, 0, 0, 0, 2, Honor_Guard_Ishouz
P -431.6044, -384.3138, -144.7479, 0, 0, 0, 2, General_Avilah
P -237.3196, -473.5241, -145.4979, 0, 0, 0, 2, Noril_Galoon
P -812.5184, -99.6274, -195.3927, 0, 0, 0, 2, Taruun_Guardian_Maliij
P -789.9282, -71.4071, -191.9979, 0, 0, 0, 2, Instructor_Mussin
P -666.5585, -39.1644, -191.9979, 0, 0, 0, 2, Sergeant_Hujiid
P -670.2109, -2.5950, -191.9979, 0, 0, 0, 2, Captain_Arulk
P -713.0944, 3.9396, -191.9979, 0, 0, 0, 2, Firewatch_Ohmila
P -758.7084, 70.7914, -191.9979, 0, 0, 0, 2, Instructor_Anom
P -718.1033, -56.7088, -191.9979, 0, 0, 0, 2, Firewatch_Kigil
P -868.9728, -13.7403, -358.4760, 0, 0, 0, 2, Tailfang_(Roam)
P -21.1585, 1085.9529, -309.5584, 0, 0, 0, 2, Dar_Khura_Pyjek
P 675.4230, -152.2672, -235.3440, 0, 0, 0, 2, Guard_Jabbar

