P -2704.8959, 3199.2841, -171.7489, 255, 0, 0, 2, Druid_Port
P 4304.7250, 1147.3061, 36.1571, 255, 0, 0, 3, to_The_Overthere
P -1774.1154, 5722.4794, -163.7801, 255, 0, 0, 3, to_The_Burning_Woods
P -2985.8151, -2801.0502, -80.8175, 255, 0, 0, 3, to_Veeshan`s_Peak
P -865.0000, 2993.0000, 0.0000, 255, 0, 0, 2, Wizard_Port
P 4286.0000, 1140.0000, 36.1571, 240, 0, 0, 2, Succor
P -657.1594, -202.3361, -192.2437, 0, 0, 240, 1, GS:_Skyfire_Pumice
P 1466.2801, -895.4007, 158.1280, 0, 0, 240, 1, GS:_Fusible_Igneous_Ore
P 1208.4359, -1538.1984, 109.2890, 0, 0, 240, 1, GS:_Fusable_Igneous_Ore
P 3469.8439, -3029.1120, -150.9567, 0, 0, 240, 1, GS:_Golden_Dagger
P -752.3198, 3102.1308, -160.9698, 240, 240, 240, 2, Skyfire_Mountains_Dragon_Circle
P -3681.0000, 2443.0000, 0.0000, 255, 255, 0, 2, Path_out_of_canyon
P 3581.8791, 2195.4184, -121.6957, 240, 240, 240, 2, Dragon_Orb
P -1554.9262, 2097.9096, 134.4178, 240, 240, 240, 2, Giant_Caldera
P -2978.5603, -2659.2707, -79.5124, 127, 64, 0, 2, Dry_Sapara
P -1710.2318, 5236.0590, -161.6605, 0, 0, 0, 2, Mistellgone_Eshaan
P -449.7684, 2782.0224, -140.0673, 0, 0, 0, 2, Vellendoor_Dumont
P 186.7303, 744.1303, -155.3769, 0, 0, 0, 2, Nightwing_(Roam)
P -61.5404, 2177.3471, -164.4061, 0, 0, 0, 2, Jennus_Lyklobar_(Roam)
P -2820.1745, 3360.5686, -149.3289, 0, 0, 0, 2, Brynnellen_Slynn
P -1878.0000, 975.0000, -292.0000, 240, 127, 0, 2, Talendor_(Raid)
P 3223.0163, -3008.0932, -151.3351, 0, 0, 0, 2, Warder_Cecilia
P 3456.9123, -2983.3125, -150.9567, 0, 0, 0, 2, Druania_Sharen
P -985.8620, 3027.2846, -171.7478, 240, 240, 240, 2, Dragon_Graveyard
