P 780.6608, 237.2756, 0.0009, 255, 0, 0, 3, to_The_Wakening_Land
P 327.2252, -561.8673, 54.8901, 255, 0, 0, 3, to_Cobalt_Scar_(Shrine_Key,unpickable)
P 730.0000, 210.0000, 1.5285, 240, 0, 0, 2, Succor
P 708.4278, -515.4674, 10.0009, 128, 0, 128, 2, Brew_Barrel
P 416.0870, -181.5845, 10.0014, 128, 0, 128, 2, Oven
P 484.2804, -317.8402, 39.9706, 128, 0, 128, 2, Kiln
P 763.1121, -320.6795, 39.9696, 128, 0, 128, 2, Forge
P 484.9455, -386.1408, 39.9696, 128, 0, 128, 2, Loom
P -1198.0000, -1231.0000, 0.0029, 255, 255, 0, 2, Teleport_in
P -641.0000, 86.0000, 0.0000, 255, 255, 0, 2, Teleporter_C_Destination
P 690.7770, -548.9968, 39.9696, 240, 240, 240, 2, to_Skyshrine_Lower_Level
P -857.0000, -772.0000, 0.0000, 255, 255, 0, 2, to_Quest_Hall
P 158.1160, -678.7541, 329.8767, 240, 240, 0, 2, Teleporter_to_Maze_Level
P -793.5836, -709.0557, 339.8767, 240, 240, 0, 2, Teleporter_to_Skyshrine_Top
P 530.4425, -365.3989, 169.9393, 240, 240, 0, 2, TRAP:_Fake_Floor
P 836.6070, -366.7849, 39.9706, 240, 240, 0, 2, TRAP:_Fake_Floor
P -474.0353, -423.5514, 195.4846, 240, 240, 0, 2, TRAP:_Fake_Floor
P 295.0318, -349.0914, 46.4789, 240, 240, 0, 2, Fake_Wall
P 896.9804, -301.1499, 10.0019, 240, 240, 0, 2, One-Way_(to_East)
P 490.7479, -848.1464, 254.9080, 240, 240, 240, 2, First_Fe`Dhar_Room
P 326.1745, -467.0437, 39.9706, 240, 240, 240, 2, Entrance_Room
P 641.8206, -648.8441, 38.0029, 240, 240, 240, 2, Giant_Spy_Room
P 148.6766, -743.3986, 254.9080, 240, 240, 240, 2, Maze_Level
P 158.8148, -787.1499, 255.9080, 240, 240, 0, 2, Teleporter_to_Lower_Level
P -242.7165, -120.1932, 0.0019, 240, 240, 0, 2, Teleport_to_Cobalt_Scar_Room_(click_book)
P -1205.7364, -1366.2280, 0.0019, 240, 240, 240, 2, Armor_Quest_Room
P -1268.5894, -2063.8913, 0.0019, 240, 240, 0, 2, Teleport_to_Entry_(click_claw)
P -1270.2775, -1997.4744, 0.0019, 240, 240, 0, 2, Teleport_to_Tower_Bottom_(click_claw)
P -1922.0416, -1243.8964, -38.9978, 240, 240, 0, 2, One-Way_(to_North)
P -1975.7733, -2471.3632, -164.9350, 240, 240, 0, 2, Teleport_Entry_Room_(click_emblem)
P 281.0000, -302.0000, 10.0009, 255, 210, 0, 2, Treval_(Banker)
P 474.0000, -161.0000, 10.0009, 0, 128, 0, 2, Norador_(Baking)
P 474.0000, -142.0000, 10.0009, 0, 128, 0, 2, Kollof_(Baking)
P 606.0000, -304.0000, 39.9696, 0, 128, 0, 2, Purveyor_Borrin_(Fletching)
P 776.0000, -305.0000, 39.9696, 0, 128, 0, 2, Guardian_Trekolz_(Spells)
P 751.0000, -290.0000, 39.9696, 0, 128, 0, 2, Guardian_Seacly_(Spells)
P 774.0000, -381.0000, 39.9696, 0, 128, 0, 2, Hytloc_(Spells)
P 740.0000, -369.0000, 39.9696, 0, 128, 0, 2, Zildainez_(Spells)
P 755.0000, -353.0000, 39.9696, 0, 128, 0, 2, Salginor_(Spells)
P 640.0000, -369.0000, 39.9696, 0, 128, 0, 2, Purveyor_Chop_(Jewelcrafting)
P 474.0000, -370.0000, 39.9696, 0, 128, 0, 2, Purveyor_Stitch_(Tailor)
P 654.0000, -492.0000, 10.0009, 0, 128, 0, 2, Droz_(Bar)
P 624.0000, -515.0000, 10.0009, 0, 128, 0, 2, Gront_(Bar)
P 735.0000, -496.0000, 10.0009, 0, 128, 0, 2, Draven_(Bar)
P 708.0000, -469.0000, 10.0009, 0, 128, 0, 2, Dablen_(Bar)
P -1970.8494, -2354.3610, -164.8311, 240, 127, 0, 2, Charayan_the_Crusader_(Raid,Roam)
P -1821.0220, -1841.1463, -59.8625, 240, 127, 0, 2, Grendish_the_Crusader_(Raid)
P -1208.4152, -2027.3638, 0.1061, 240, 127, 0, 2, Jortreva_the_Crusader_(Raid)
P -1970.9456, -2644.9599, -164.8312, 240, 127, 0, 2, Lord_Yelinak_(Raid)
P -2264.0314, -1744.7979, -40.8625, 240, 127, 0, 2, Susarrak_the_Crusader_(Raid)
P -202.1126, -904.1762, 195.4647, 127, 64, 0, 2, Kintaru_of_the_Shrine_(Hunter)
P -1284.8106, -207.1406, 64.4964, 127, 64, 0, 2, Marech_of_the_Shrine_(Hunter)
P 680.7897, -177.3852, 10.0019, 0, 127, 0, 2, Purveyor_Nish_(General)
P 764.8831, -199.3385, 10.0019, 0, 0, 0, 2, Lieutenant_Milven
P 853.4627, -201.2174, 10.0019, 0, 0, 0, 2, Commander_Leuz
P 826.6890, -215.1149, 10.0019, 0, 0, 0, 2, Drash_Du`Nen
P 852.1915, -231.9242, 10.0019, 0, 0, 0, 2, Vren_T`Nek
P 454.5628, -163.3845, 10.0019, 0, 0, 0, 2, Vividen
P 418.1932, -143.6174, 10.0019, 0, 0, 0, 2, Nooba
P 504.7911, -162.3397, 39.9706, 0, 0, 0, 2, Mesh_Ren
P 507.9188, -173.0878, 39.9706, 0, 0, 0, 2, Marvin_Gemchal
P 547.9751, -170.8444, 39.9706, 0, 0, 0, 2, Taloov_Naloov
P 557.7114, -139.5723, 39.9706, 0, 0, 0, 2, Dakujen_Doman
P 519.4928, -142.0400, 39.9706, 0, 0, 0, 2, Evreth_Menesez
P 698.4719, -142.5945, 39.9706, 0, 0, 0, 2, Torm_Wenrar
P 779.1775, -160.2035, 39.9706, 0, 0, 0, 2, Mercutius_Del_Torre
P 707.4614, -230.5079, 39.9706, 0, 0, 0, 2, Rendrick_Scaver
P 504.9787, -384.4283, 39.9706, 0, 0, 0, 2, Tuldev_Nor
P 499.2238, -357.2620, 39.9706, 0, 0, 0, 2, Pundregor
P 603.0344, -379.6929, 39.9706, 0, 0, 0, 2, Xalden
P 620.7630, -358.6166, 39.9706, 0, 0, 0, 2, Hasnivor
P 650.9145, -302.0922, 39.9706, 0, 0, 0, 2, Dribanan
P 640.3231, -292.5559, 39.9706, 0, 0, 0, 2, Iago_Sabuela
P 853.4033, -306.7655, 10.0019, 0, 0, 0, 2, Drolsh
P 855.4484, -267.3161, 10.0019, 0, 0, 0, 2, Keshkov
P 871.1651, -273.2274, 10.0019, 0, 0, 0, 2, Savtek
P 877.3419, -326.9578, 10.0019, 0, 0, 0, 2, Drilsh
P 405.5825, -453.3259, 39.9706, 0, 0, 0, 2, Kez_Nukal
P 401.1119, -477.4947, 39.9706, 0, 0, 0, 2, Nor_Tekkna
P 367.2126, -577.7922, 39.9706, 0, 0, 0, 2, Tasnev
P 370.1559, -608.1665, 39.9706, 0, 0, 0, 2, Ortoth
P 404.9040, -650.5587, 39.9706, 0, 0, 0, 2, Flack
P 407.3218, -676.9600, 39.9706, 0, 0, 0, 2, Klack
P 246.4257, -695.6635, 39.9706, 0, 0, 0, 2, Ulbiedo
P 249.0907, -675.3735, 39.9706, 0, 0, 0, 2, Vortuen
P 248.3301, -654.7022, 39.9706, 0, 0, 0, 2, Ilsuaand
P 247.5183, -625.6801, 39.9706, 0, 0, 0, 2, Sorcerer_Qren
P 280.2651, -585.8275, 39.9706, 0, 0, 0, 2, Lumburus
P 283.2187, -554.1892, 39.9706, 0, 0, 0, 2, Welenor
P 249.1397, -507.0145, 39.9706, 0, 0, 0, 2, Karum_Dev
P 248.8573, -473.6630, 39.9706, 0, 0, 0, 2, Mork_D`Brok
P 305.1247, -481.7916, 39.9706, 0, 0, 0, 2, Fiif
P 342.5788, -488.7634, 39.9706, 0, 0, 0, 2, Flanto
P 360.1585, -828.8963, 39.9706, 0, 0, 0, 2, Trezum
P 358.4630, -770.9124, 39.9706, 0, 0, 0, 2, Sharum_V`Nor
P 392.4831, -755.2736, 39.9706, 0, 0, 0, 2, Sazdo
P 432.3763, -778.3007, 39.9706, 0, 0, 0, 2, Krevon_Kep`Na
P 472.8697, -831.1067, 39.9706, 0, 0, 0, 2, Drez_Fato
P 545.8072, -829.7718, 39.9706, 0, 0, 0, 2, Ziglark_Whisperwing
P 546.0871, -777.8863, 39.9706, 0, 0, 0, 2, Mato_Senchu
P 617.9202, -839.2783, 39.9706, 0, 0, 0, 2, Bupa
P 618.4364, -802.8684, 39.9706, 0, 0, 0, 2, Liaison_Dolvak
P 579.9276, -741.5916, 39.9706, 0, 0, 0, 2, Sentaga
P 663.7749, -577.5836, 39.9706, 0, 0, 0, 2, Sapa
P 618.2504, -573.6520, 39.9706, 0, 0, 0, 2, Sypa
P 234.5592, -369.8457, 169.9393, 0, 0, 0, 2, Optula
P 385.4811, -362.4597, 169.9393, 0, 0, 0, 2, Gargua
P 660.0373, -425.2802, 169.9403, 0, 0, 0, 2, Grechnnor
P 671.2512, -366.8251, 169.9393, 0, 0, 0, 2, Erigbol
P 672.2096, -296.5481, 169.9393, 0, 0, 0, 2, Huriden
P 1045.0928, -274.3595, 169.9393, 0, 0, 0, 2, Forres
P 694.1148, -786.4645, 254.9080, 0, 0, 0, 2, Count_Darchen
P 694.9090, -1037.1912, 254.9080, 0, 0, 0, 2, Count_Grivennor
P 495.8457, -1035.1110, 254.9079, 0, 0, 0, 2, Count_Taloob
P 332.0403, -566.9910, 304.8767, 0, 0, 0, 2, Xalamesh_Dur`Kven
P 235.8400, -746.5575, 254.9080, 0, 0, 0, 2, Zefren_Vor`Tun
P 210.5817, -938.6177, 254.9079, 0, 0, 0, 2, Gibidor_Vor`Tun
P 86.7855, -941.1872, 254.9079, 0, 0, 0, 2, Zortrush_Vor`Tun
P 45.1962, -840.2725, 254.9080, 0, 0, 0, 2, Corsec_Vor`Tun
P -12.4007, -717.5365, 284.8767, 0, 0, 0, 2, Orivin_Vor`Tun
P -10.3302, -945.2421, 329.8767, 0, 0, 0, 2, Gribin_Vor`Tun
P 75.2103, -999.8475, 329.8767, 0, 0, 0, 2, Iriszn_Kor`Va
P 242.0423, -1001.4371, 374.8454, 0, 0, 0, 2, Sorusb_Kor`Va
P 310.0397, -860.2294, 374.8454, 0, 0, 0, 2, Drashuven_Kor`Va
P 514.9732, -862.1731, 374.8455, 0, 0, 0, 2, Huren_Kor`Va
P 671.5640, -954.2898, 374.8455, 0, 0, 0, 2, Yeinn_Kor`Va
P 1084.4661, -1937.1237, 10.0019, 240, 240, 0, 2, Teleporter_C
P -492.3113, -235.8385, 0.0019, 0, 0, 0, 2, Abudan_Fe`Dhar
P -535.2785, -232.7603, 0.0019, 0, 0, 0, 2, Adwetram_Fe`Dhar
P -642.2118, -207.4666, 0.0019, 0, 0, 0, 2, Nalelin_Fe`Dhar
P -650.8053, -132.6405, 0.0019, 0, 0, 0, 2, Jendaveudd_Fe`Dhar
P -592.1200, -61.1216, 0.0019, 0, 0, 0, 2, Elaend_Fe`Dhar
P -543.7164, -132.2758, 0.0019, 0, 0, 0, 2, Asteinnon_Fe`Dhar
P -489.4184, -183.7591, 0.0019, 0, 0, 0, 2, Komawin_Fe`Dhar
P -372.7238, -144.3475, 0.0019, 0, 0, 0, 2, Lothieder_Fe`Dhar
P -373.2298, -97.1727, 0.0019, 0, 0, 0, 2, Ocoenydd_Fe`Dhar
P -314.9977, -17.8115, 0.0019, 0, 0, 0, 2, Qynydd_Fe`Dhar
P -265.8018, -14.0378, 0.0019, 0, 0, 0, 2, Roagar_Far`Huin
P -249.2558, -97.4428, 0.0019, 0, 0, 0, 2, Fardonad_Fe`Dhar
P -250.4881, -142.4225, 0.0019, 0, 0, 0, 2, Larquin_Fe`Dhar
P -293.6514, -226.3614, 0.0019, 0, 0, 0, 2, Umykith_Fe`Dhar
P -377.7085, -141.8477, 0.0019, 0, 0, 0, 2, Lothieder_Fe`Dhar
P -620.7108, -269.8934, 319.8767, 0, 0, 0, 2, Oglard
P -744.4780, -322.2352, 319.8767, 0, 0, 0, 2, Lawyla
P -984.3796, -269.0879, 319.8767, 0, 0, 0, 2, Supreme_Laochsmith_Psorin
P -840.9796, -422.6696, 319.8767, 0, 0, 0, 2, Jualicn
P -982.3817, -480.1933, 319.8767, 0, 0, 0, 2, Ralgyn
P -631.4733, -480.5173, 319.8767, 0, 0, 0, 2, Eldriaks_Fe`Dhar
P 1071.7108, -479.6774, 209.9081, 0, 0, 0, 2, Banta_Dus
P 961.5067, -476.3474, 234.9081, 0, 0, 0, 2, Beyanes
P 923.5078, -446.5924, 234.9080, 0, 0, 0, 2, Lektus
P 1002.5942, -233.6668, 259.9080, 0, 0, 0, 2, Drookas
P 1045.8599, -278.5033, 259.9079, 0, 0, 0, 2, Septu_Set
P 1163.6828, -121.2219, 259.9080, 0, 0, 0, 2, Count_Morin
P -2460.1369, -1415.2655, -40.9666, 0, 0, 0, 2, a_kromzek_spy
P 598.5195, -475.8053, 10.0019, 0, 0, 0, 2, Mifren
P 619.7619, -493.2402, 10.0019, 0, 0, 0, 2, Chessen
P 674.3546, -499.4129, 10.0019, 0, 0, 0, 2, Bosben
P 679.0022, -593.5276, 10.0019, 0, 0, 0, 2, Trazren_Vumdail
P 679.5185, -569.5814, 10.0019, 0, 0, 0, 2, Keeker_Orotos
P 597.2193, -568.0429, 10.0019, 0, 0, 0, 2, Klikken_Tumta
P 625.0572, -581.9843, 10.0019, 0, 0, 0, 2, Farlen_Drobern
P 644.4519, -571.4773, 10.0019, 0, 0, 0, 2, Sentusen
P 623.0553, -555.4967, 10.0019, 0, 0, 0, 2, Vizzeren
P 734.0611, -198.0919, 169.9393, 0, 0, 0, 2, Yelinak`s_Emmissary
P 1104.5129, -165.2613, 259.9080, 240, 240, 240, 2, Outlook
P 1106.3447, -1287.8919, 374.8455, 240, 240, 240, 2, Skyshrine_Maze
P -968.8597, -318.8867, 40.9707, 240, 240, 240, 2, Library
P -483.9035, -442.2382, 33.0019, 240, 240, 240, 2, Pool_Room
P -803.2611, -530.3928, 203.9081, 240, 240, 240, 2, Prison_Cells
P -2319.9699, -1738.2883, -164.9354, 240, 240, 240, 2, Yelinak`s_Waiting_Room
P -1975.1541, -2732.4147, -164.9350, 240, 240, 240, 2, Yelinak`s_Chamber
