P 61.8094, 11.7460, 0.0019, 255, 0, 0, 3, to_Eastern_Wastes
P -2.9769, 7.1400, 0.0019, 255, 0, 0, 2, Succor
P 50.0000, 1350.0000, 0.0000, 255, 255, 255, 2, Dragon_Statue
P -568.3442, 2327.7333, -416.1320, 255, 255, 255, 2, **_Well_down_to_Arbiter_(need_lev)
P -29.0192, 2384.2614, -703.9978, 240, 240, 0, 2, Pit_to_Final_Area
P -932.3682, 981.9431, -126.4892, 240, 240, 0, 2, Fake_Wall
P 379.4094, 2383.6303, -923.8148, 240, 240, 0, 2, One-Way_Fall_(to_East)
P -1008.8433, 1329.7039, -127.8416, 0, 0, 0, 2, Sinister_Gargoyle
P -1295.3201, 1392.0351, -127.8416, 0, 0, 0, 2, Ulessa_Bladesoul
P -1583.8090, 1327.2941, -127.8416, 0, 0, 0, 2, Sinister_Gargoyle
P -625.5784, 1233.5021, -447.8415, 0, 0, 0, 2, Forbidding_Gargoyle_/_Wyvern_Fanatic
P 78.6538, 1243.4097, 100.1581, 0, 0, 0, 2, Paldar_Bladesoul
P -399.2250, 366.7792, 100.1581, 0, 0, 0, 2, The_Overseer
P -498.1307, -39.7278, 1.5197, 0, 0, 0, 2, Ferrin_Q`Nyil
P -511.1089, -7.0699, 1.5196, 0, 0, 0, 2, Bittles_the_Lost
P -518.1269, 30.6377, 1.5195, 0, 0, 0, 2, Jobana_Du`Ata
P -509.6678, 58.5099, 1.5195, 0, 0, 0, 2, Kal_t`Ven
P -791.9567, 938.4029, 101.5257, 0, 0, 0, 2, Jonas_Levlellen
P -784.4155, 1001.1038, 101.5243, 0, 0, 0, 2, Remmen_the_Short
P -1107.8023, 1751.0292, 101.5342, 0, 0, 0, 2, Milas_An`Rev
P 239.7697, 2383.2487, -923.6555, 0, 0, 0, 2, Sorren_Dentral
P -1285.5479, 1820.7974, -114.0855, 0, 0, 0, 2, Furious_Phantasm
P -1080.6298, 732.8501, -127.9978, 0, 0, 0, 2, Darkonine_Guardian
P -699.7965, 1582.5756, -447.9977, 0, 0, 0, 2, Drakonine_Caretaker
P -692.4477, 1725.9788, -447.9977, 0, 0, 0, 2, Drakonine_Guardian
P 1905.3400, 1967.3769, -995.9976, 240, 127, 0, 2, Kildrukaun_the_Ancient_(Raid)
P -399.6637, 886.4108, 54.1069, 240, 127, 0, 2, Master_of_the_Guard_(Raid)
P 80.0298, 597.2805, 100.1581, 240, 127, 0, 2, The_Progenitor_(Raid)
P 1072.7366, 2800.0092, -995.9976, 240, 127, 0, 2, Tjudawos_the_Ancient_(Raid)
P 1907.9888, 2800.9062, -995.9976, 240, 127, 0, 2, Vyskudra_the_Ancient_(Raid)
P 1070.9744, 1971.1193, -995.9976, 240, 127, 0, 2, Zeixshi-Kar_the_Ancient_(Raid)
P 614.0000, 2350.0000, -990.0000, 240, 127, 0, 2, The_Final_Arbiter_(Raid)
P -790.5271, 943.1192, -382.4925, 127, 64, 0, 2, an_Ancient_Advocator_(Hunter)
P -525.6760, 1421.3289, -446.4784, 127, 64, 0, 2, Drakonine_Warder_(Hunter)
P -264.6405, 2384.2333, -703.8413, 128, 64, 0, 2, Drakeen_Apprentice_(Hunter)
P -264.6405, 2384.2333, -703.8413, 128, 64, 0, 2, Drakeen_Protector_(Hunter)
P -264.6405, 2384.2333, -703.8413, 128, 64, 0, 2, Drakeen_Controller_(Hunter)
P -1090.6794, 1251.9713, 101.5074, 240, 240, 240, 2, Library
P 1332.7529, 2385.5205, -1044.9989, 240, 240, 240, 2, Kerafyrm`s_Chamber
