P 524.7912, 441.7828, 69.9705, 255, 0, 0, 3, to_The_Lavastorm_Mountains
P 502.1275, 969.8025, -21.1209, 240, 0, 0, 3, to_The_Caverns_of_Exile
P 396.1101, 364.6581, 8.0019, 255, 0, 0, 3, to_Nagafen`s_Lair_(6)
P 454.0000, 703.0000, -19.1250, 255, 0, 0, 3, to_Nagafen`s_Lair_(4)
P 558.0000, 353.0000, 0.0000, 255, 0, 0, 3, to_Nagafen`s_Lair_(3)
P 502.0000, 294.0000, 0.0000, 255, 0, 0, 3, to_Nagafen`s_Lair_(1)
P 546.0000, 160.0000, 0.0000, 255, 0, 0, 3, to_Nagafen`s_Lair_(2)
P 559.0000, 1082.0000, 0.0000, 255, 0, 0, 3, to_Nagafen`s_Lair_(5)
P 388.8501, 893.0805, 6.0018, 240, 0, 0, 3, to_Nagafen`s_Lair_(5)_One-Way
P 486.0000, 476.0000, 0.0000, 255, 0, 0, 2, Succor
P 550.8920, 649.7507, 39.9707, 240, 240, 240, 2, Goblin_Castle
P 1113.6718, 244.5520, 46.9707, 240, 240, 240, 2, Gnome_Fortress
P 1177.9222, 269.7193, 33.1580, 255, 255, 0, 2, locked_door
P 1054.9512, 240.5105, 47.1268, 255, 255, 0, 2, switch_for_bridge
P 755.8918, 33.3731, 45.4234, 255, 255, 0, 2, TRAP:_Fake_Floor
P 732.5374, 91.7303, 45.0247, 255, 255, 0, 2, TRAP:_Fake_Floor
P 1001.8727, 199.1925, 47.1265, 255, 255, 0, 2, switch_for_bridge
P 588.1526, 482.5585, 41.9705, 240, 240, 0, 2, TRAP:_Swinging_Axe
P 594.2014, 303.5949, 27.0018, 240, 240, 0, 2, Fake_Wall
P 672.4447, 95.0610, 40.9705, 240, 240, 0, 2, Fake_Wall
P 657.6132, 46.6380, 40.9705, 240, 240, 240, 2, Kitchen
P 554.1831, -1.2118, 31.0018, 240, 240, 0, 2, TRAP:_Crushing_Block
P 591.4704, 91.4709, 27.0018, 240, 240, 0, 2, TRAP:_Spikes
P 753.2005, 163.2494, 46.9705, 240, 240, 0, 2, TRAP:_Spikes
P 729.3781, 428.7932, 21.0018, 240, 240, 0, 2, TRAP:_Spikes
P 838.0855, 539.1393, 42.9715, 240, 240, 0, 2, TRAP:_Swinging_Axe
P 607.2918, 561.7271, 51.9705, 240, 240, 0, 2, Fake_Wall
P 692.2500, 472.7469, 47.9705, 240, 240, 0, 2, Fake_Wall
P 680.1694, 390.9812, 21.0018, 240, 240, 0, 2, Fake_Wall
P 1102.8564, 254.1181, 33.0018, 240, 240, 0, 2, Fake_Wall
P 1108.1723, 245.2654, 33.0010, 240, 240, 0, 2, Button_to_Open_Locked_Door_to_East
P 1184.4904, 267.9251, 33.0010, 240, 240, 0, 2, Door_Button
P 971.9291, 489.4548, 44.9701, 240, 240, 0, 2, Drawbridge_(click)
P 1001.7245, 500.8658, 44.9705, 240, 240, 0, 2, Drawbridge_(click)
P 1057.5184, 229.3704, 46.9705, 240, 240, 0, 2, Fake_Wall
P 892.7359, 124.6390, 51.9705, 240, 240, 0, 2, Fake_Wall
P 946.6466, 71.3507, 51.9705, 240, 240, 0, 2, Fake_Wall
P 948.5541, 186.0094, 51.9705, 240, 240, 0, 2, Fake_Wall
P 974.0140, 178.3351, 51.9705, 240, 240, 0, 2, TRAP:_Crushing_Block
P 927.6661, 396.0511, 33.0018, 240, 240, 0, 2, Fake_Wall
P 456.7965, 591.5696, -19.2065, 240, 240, 0, 2, One-Way_(Down)
P 415.7032, 712.4399, 53.9705, 240, 240, 0, 2, Fake_Wall
P 547.7124, 974.5939, 36.0018, 240, 240, 240, 2, Prison
P 629.9712, 970.9300, 43.9705, 240, 240, 0, 2, Fake_Wall
P 1012.0091, 218.4260, 46.9705, 240, 240, 0, 2, Fake_Wall
P 593.1188, 365.4107, 35.0018, 240, 240, 0, 2, Fake_Wall
P 572.4963, 348.9244, 35.0018, 240, 240, 240, 2, Well
P 713.3551, 792.5165, 53.9705, 0, 0, 0, 2, Fire_Goblin_Drunkard
P 365.2658, 795.6020, 53.9705, 0, 0, 0, 2, Lord_Gimblox_(CLR-1.0)
P 657.9443, 1002.2763, 38.1580, 0, 0, 0, 2, Lynada_the_Exiled
P 1071.9892, 305.7884, 33.1580, 0, 128, 0, 2, Marlen_Binkdirple_(Merchant)
P 437.4654, 754.4031, 54.1268, 0, 128, 0, 2, goblin_merchant_(Merchant)
P 457.9149, 863.4883, 15.1580, 0, 0, 0, 2, Solusek_mage_(Roam)
P 1101.6313, 301.1596, 46.9705, 127, 64, 0, 2, Captain_Bipnubble_(Hunter)
P 894.8490, 318.9102, 32.1580, 127, 64, 0, 2, CWG_Model_EXG_(Hunter)
P 1128.7442, 304.9419, 33.1580, 127, 64, 0, 2, Gabbie_Mardoddle_(Hunter)
P 551.8628, 69.8347, 30.0018, 127, 64, 0, 2, Kindle_(Hunter)
P 746.8647, 289.2332, 40.1268, 127, 64, 0, 2, Singe_(Hunter)
P 312.3074, 791.1626, 58.6620, 127, 64, 0, 2, Solusek_goblin_king_(Hunter)
P 726.5044, 721.7385, 47.9705, 127, 64, 0, 2, fire_goblin_bartender_(Hunter)
P 582.6663, 356.3622, 35.1580, 127, 64, 0, 2, flame_goblin_foreman_(Hunter)
P 608.4791, 1002.0328, 43.9705, 127, 64, 0, 2, goblin_high_shaman_(Hunter)
P 681.8077, -70.7602, 40.9705, 127, 64, 0, 2, inferno_goblin_captain_(Hunter)
P 322.8793, 848.1047, 29.0018, 127, 64, 0, 2, inferno_goblin_torturer_(Hunter)
P 536.0036, 359.4248, 52.1268, 127, 64, 0, 2, inferno_goblin_torturer_(Hunter)
P 963.9700, 116.8791, 46.9705, 127, 64, 0, 2, lava_elemental_(Hunter)
P 756.0265, 53.8263, 21.0018, 127, 64, 0, 2, reckless_efreeti_(Hunter)
P 510.2276, 363.2652, 51.9705, 127, 64, 0, 2, Kobold_Predator_(Hunter,Roam,HS)
