P 508.2777, 278.4947, 22.0007, 255, 0, 0, 3, to_Solusek`s_Eye_(1)
P 576.6637, 165.8137, 14.0007, 255, 0, 0, 3, to_Solusek`s_Eye_(2)
P 552.6250, 371.0000, -17.1250, 240, 0, 0, 3, to_Solusek`s_Eye_(3)
P 446.2461, 713.1391, -19.4144, 255, 0, 0, 3, from_Solusek`s_Eye_(4)
P 524.9627, 1082.4957, -3.9987, 255, 0, 0, 3, to_Solusek`s_Eye_(5)
P 405.7227, 364.1037, 8.0007, 255, 0, 0, 3, to_Solusek`s_Eye_(6)
P 478.9877, 968.4707, -17.3867, 255, 0, 0, 3, to_The_Caverns_of_Excile
P 265.7017, 413.6787, -111.9677, 255, 0, 0, 3, to_The_Lavastorm_Mountains
P 263.0000, 424.0000, 0.0000, 255, 0, 0, 2, Succor
P 692.7665, 1406.7454, 86.9280, 240, 240, 240, 2, Earth_Corner
P 958.7020, 1403.8386, 84.9704, 240, 240, 240, 2, Water_Corner
P 318.9463, 474.7243, -102.9664, 240, 240, 240, 2, Circle_Room
P 451.8140, 325.1626, -64.9664, 240, 240, 240, 2, Window_Room
P 373.8473, 151.4738, -9.9977, 240, 240, 240, 2, Pool_Room
P 530.9474, 1238.5001, 14.0017, 240, 240, 0, 2, Bridge_Lever
P 378.6180, 1516.7858, 25.0017, 240, 240, 240, 2, King_Tranix`s_Throne_Room
P 522.2548, 1382.8415, -4.9977, 240, 240, 0, 2, Bridge_(Click_to_Lower)
P 242.3207, 625.9177, -86.9677, 255, 255, 0, 2, TRAP:_Crushing_Block
P -260.2567, 618.2837, -79.3727, 255, 255, 0, 2, TRAP:_Fake_Floor
P 230.7287, 424.4714, -110.9676, 0, 127, 127, 2, Lady_Arcenia_(Quest)
P 886.9478, 1468.7719, 85.8307, 0, 240, 240, 2, a_stoic_imp_(Raid)
P 824.1087, 1376.3337, 85.2857, 240, 127, 0, 2, Lord_Nagafen_(Raid)
P 154.3371, 706.5326, -90.4477, 127, 64, 0, 2, a_death_beetle_(Hunter)
P -334.1722, 481.0190, -83.9664, 127, 64, 0, 2, Efreeti_Lord_Djarn_(Hunter)
P 464.2121, 1048.4460, -19.0164, 127, 64, 0, 2, a_guano_harvester_(Hunter)
P 390.7500, 1552.3437, 25.0007, 127, 64, 0, 2, King_Tranix_(Hunter)
P 333.4308, 648.4266, -69.9664, 127, 64, 0, 2, a_kobold_champion_(Hunter)
P 343.2141, 542.8264, -63.9664, 127, 64, 0, 2, a_kobold_king_(Hunter)
P 121.7261, 561.1379, -93.9664, 127, 64, 0, 2, a_kobold_noble_(Hunter)
P 323.5476, 585.6397, -74.9664, 127, 64, 0, 2, a_kobold_priest_(Hunter)
P 857.6975, 1439.9124, 84.9704, 127, 64, 0, 2, Magnus_Rokyl_(Hunter)
P 237.8263, 752.1455, -76.9664, 127, 64, 0, 2, a_noxious_spider_(Hunter)
P 311.3496, 968.0713, -84.9664, 127, 64, 0, 2, a_stone_spider_(Hunter)
P 340.9277, 1448.2983, 25.0017, 127, 64, 0, 2, Warlord_Skarlon_(Hunter)
