P -55.9854, -252.2590, -0.9987, 255, 0, 0, 3, to_The_Lavastorm_Mountains
P -36.0000, -262.0000, 0.0000, 255, 0, 0, 2, Succor
P 19.7226, -491.2144, -51.9665, 240, 240, 0, 2, Fake_Wall
P -79.2746, -358.5870, 14.0018, 240, 240, 240, 2, Library
P -89.1287, -505.4352, 28.0019, 240, 240, 0, 2, Caution:_do_not_fall_off_bridge
P -6.1497, -539.6067, 16.1367, 255, 255, 0, 2, Secret_Door_(Click_Chest)
P -4.3818, -556.2297, 16.0009, 240, 240, 0, 2, Secret_Door_(Push_Button)
P 73.1957, -444.1923, 14.0017, 0, 128, 0, 3, Terblyn_(Spells)
P 75.7337, -483.5917, 28.0017, 0, 0, 0, 2, Torzan_Searfire
P -10.4835, -506.4951, -38.9977, 0, 0, 0, 2, Tazgar
P -86.9493, -481.3112, 28.0017, 0, 0, 0, 2, Lord_Searfire
P -80.0376, -426.2702, 14.0017, 0, 0, 0, 2, Solomen
P 59.1365, -336.2076, 28.0017, 0, 0, 0, 2, Moltak
P 64.2434, -433.8063, 28.0017, 0, 0, 0, 2, Genni
P 78.5443, -437.2053, 28.0017, 0, 0, 0, 2, Ostorm
P -77.3408, -385.3244, 14.0017, 0, 0, 0, 2, Sultin
P -89.7832, -393.9782, 14.0017, 0, 0, 0, 2, Romar_Sunto
P -91.0874, -356.0264, 28.0017, 0, 0, 0, 2, Vurgo
P -78.6555, -319.1923, 14.0017, 0, 0, 0, 2, Syllina
P -90.8625, -411.1271, 14.0017, 0, 0, 0, 2, Vira
P -76.8385, -433.0972, 14.0017, 0, 0, 0, 2, Joyce
P -88.9469, -436.8995, 14.0017, 0, 0, 0, 2, Lord_Lyfyx_of_Burwood
P 79.9319, -434.1533, 14.0017, 0, 0, 0, 2, Vilissia
P 60.7600, -432.9575, 14.0017, 0, 0, 0, 2, Gardern
P 23.1167, -417.5193, 0.0018, 0, 0, 0, 2, Blaize_the_Radiant
P 43.6508, -416.1522, 0.0018, 0, 0, 0, 2, Cryssia_Stardreamer
P 53.5768, -430.1542, 0.0018, 0, 0, 0, 2, Walthin_Fireweaver
P -35.8231, -416.8437, 0.0018, 0, 0, 0, 2, Gavel_the_Temperant
P -79.1326, -427.0352, 28.0017, 0, 0, 0, 2, Solomen
P 17.1280, -552.7546, 16.0017, 0, 0, 0, 2, Lon_the_Redeemed
