L -612.0000, 3197.0000, -2.0000, -642.0000, 3178.0000, -1.0000, 0, 0, 0
L -630.0000, 3222.0000, -1.0000, -612.0000, 3197.0000, -2.0000, 0, 0, 0
L -659.0000, 3202.0000, 0.0000, -630.0000, 3222.0000, -1.0000, 0, 0, 0
L -642.0000, 3178.0000, 0.0000, -659.0000, 3202.0000, 0.0000, 0, 0, 0
L -622.0000, 3426.0000, -1.0000, -639.0000, 3451.0000, 0.0000, 0, 0, 0
L -593.0000, 3445.0000, -2.0000, -622.0000, 3426.0000, -1.0000, 0, 0, 0
L -611.0000, 3471.0000, -2.0000, -593.0000, 3445.0000, -2.0000, 0, 0, 0
L -639.0000, 3451.0000, 0.0000, -611.0000, 3471.0000, -2.0000, 0, 0, 0
L -815.0000, 3513.0000, -1.0000, -833.0000, 3537.0000, -1.0000, 0, 0, 0
L -785.0000, 3533.0000, -1.0000, -815.0000, 3513.0000, -1.0000, 0, 0, 0
L -803.0000, 3558.0000, -1.0000, -785.0000, 3533.0000, -1.0000, 0, 0, 0
L -833.0000, 3537.0000, -1.0000, -803.0000, 3558.0000, -1.0000, 0, 0, 0
L 1734.0000, 2025.0000, -3.0000, 1735.0000, 2011.0000, -3.0000, 0, 0, 0
L 1696.0000, 2037.0000, -2.0000, 1734.0000, 2025.0000, -3.0000, 0, 0, 0
L 1696.0000, 2033.0000, -3.0000, 1696.0000, 2037.0000, -2.0000, 0, 0, 0
L 1735.0000, 2011.0000, -3.0000, 1696.0000, 2033.0000, -3.0000, 0, 0, 0
L 1745.0000, 2128.0000, -3.0000, 1732.0000, 2128.0000, -3.0000, 0, 0, 0
L 1745.0000, 2142.0000, -3.0000, 1745.0000, 2128.0000, -3.0000, 0, 0, 0
L 1732.0000, 2142.0000, -3.0000, 1745.0000, 2142.0000, -3.0000, 0, 0, 0
L 1732.0000, 2128.0000, -3.0000, 1732.0000, 2142.0000, -3.0000, 0, 0, 0
L 1632.0000, 2142.0000, -3.0000, 1632.0000, 2128.0000, -3.0000, 0, 0, 0
L 1618.0000, 2141.0000, -3.0000, 1632.0000, 2142.0000, -3.0000, 0, 0, 0
L 1619.0000, 2128.0000, -3.0000, 1618.0000, 2141.0000, -3.0000, 0, 0, 0
L 1632.0000, 2128.0000, -3.0000, 1619.0000, 2128.0000, -3.0000, 0, 0, 0
L 1619.0000, 2026.0000, -3.0000, 1632.0000, 2026.0000, -3.0000, 0, 0, 0
L 1619.0000, 2013.0000, -3.0000, 1619.0000, 2026.0000, -3.0000, 0, 0, 0
L 1633.0000, 2012.0000, -3.0000, 1619.0000, 2013.0000, -3.0000, 0, 0, 0
L 1632.0000, 2026.0000, -3.0000, 1633.0000, 2012.0000, -3.0000, 0, 0, 0
L 1719.0000, 2114.0000, -3.0000, 1719.0000, 2037.0000, -3.0000, 0, 0, 0
L 1645.0000, 2114.0000, -3.0000, 1719.0000, 2114.0000, -3.0000, 0, 0, 0
L 1645.0000, 2038.0000, -3.0000, 1645.0000, 2114.0000, -3.0000, 0, 0, 0
L 1719.0000, 2037.0000, -3.0000, 1645.0000, 2038.0000, -3.0000, 0, 0, 0
L 3724.0000, -2377.0000, -68.0000, 3730.0000, 5564.0000, -3.0000, 0, 0, 0
L 3730.0000, 5564.0000, -3.0000, 3797.0000, 6187.0000, -3.0000, 0, 0, 0
L 3797.0000, 6187.0000, -3.0000, 3723.0000, 7742.0000, 127.0000, 0, 0, 0
L 3723.0000, 7742.0000, 127.0000, -438.0000, 7726.0000, -3.0000, 0, 0, 0
L -438.0000, 7726.0000, -3.0000, -767.0000, 7860.0000, 10.0000, 0, 0, 0
L -767.0000, 7860.0000, 10.0000, -941.0000, 7967.0000, 11.0000, 0, 0, 0
L -941.0000, 7967.0000, 11.0000, -1099.0000, 8129.0000, 16.0000, 0, 0, 0
L -1099.0000, 8129.0000, 16.0000, -1228.0000, 8402.0000, 22.0000, 0, 0, 0
L -1228.0000, 8402.0000, 22.0000, -1221.0000, 8466.0000, 9.0000, 0, 0, 0
L -1221.0000, 8466.0000, 9.0000, -1134.0000, 8520.0000, 0.0000, 0, 0, 0
L -1134.0000, 8520.0000, 0.0000, -1133.0000, 8568.0000, 0.0000, 0, 0, 0
L -1133.0000, 8568.0000, 0.0000, -1176.0000, 8568.0000, 0.0000, 199, 21, 133
L -1176.0000, 8568.0000, 0.0000, -1175.0000, 8541.0000, 0.0000, 0, 0, 0
L -1175.0000, 8541.0000, 0.0000, -1269.0000, 8504.0000, 1.0000, 0, 0, 0
L -1269.0000, 8504.0000, 1.0000, -1316.0000, 8378.0000, 3.0000, 0, 0, 0
L -1316.0000, 8378.0000, 3.0000, -1350.0000, 8268.0000, 39.0000, 0, 0, 0
L -1350.0000, 8268.0000, 39.0000, -1385.0000, 8089.0000, 56.0000, 0, 0, 0
L -1385.0000, 8089.0000, 56.0000, -1396.0000, 8060.0000, 52.0000, 0, 0, 0
L -1396.0000, 8060.0000, 52.0000, -1430.0000, 8020.0000, 54.0000, 0, 0, 0
L -1430.0000, 8020.0000, 54.0000, -1691.0000, 7745.0000, 151.0000, 0, 0, 0
L -1691.0000, 7745.0000, 151.0000, -3300.0000, 7740.0000, 128.0000, 0, 0, 0
L -3300.0000, 7740.0000, 128.0000, -3332.0000, -982.0000, 157.0000, 0, 0, 0
L -3332.0000, -982.0000, 157.0000, -3335.0000, -1820.0000, 103.0000, 0, 0, 0
L -3335.0000, -1820.0000, 103.0000, -3336.0000, -1920.0000, 19.0000, 0, 0, 0
L -3336.0000, -1920.0000, 19.0000, -3337.0000, -2319.0000, -67.0000, 0, 0, 0
L -3337.0000, -2319.0000, -67.0000, -3248.0000, -2322.0000, -68.0000, 0, 0, 255
L -3248.0000, -2322.0000, -68.0000, -3054.0000, -2392.0000, -67.0000, 0, 0, 255
L -3054.0000, -2392.0000, -67.0000, -2942.0000, -2583.0000, -69.0000, 0, 0, 255
L -2942.0000, -2583.0000, -69.0000, -2796.0000, -2617.0000, -66.0000, 0, 0, 255
L -2796.0000, -2617.0000, -66.0000, -2633.0000, -2820.0000, -67.0000, 0, 0, 255
L -2633.0000, -2820.0000, -67.0000, -2468.0000, -2613.0000, -69.0000, 0, 0, 255
L -2468.0000, -2613.0000, -69.0000, -2321.0000, -2578.0000, -69.0000, 0, 0, 255
L -2321.0000, -2578.0000, -69.0000, -2263.0000, -2483.0000, -67.0000, 0, 0, 255
L -2263.0000, -2483.0000, -67.0000, -2017.0000, -2530.0000, -67.0000, 0, 0, 255
L -2017.0000, -2530.0000, -67.0000, -1866.0000, -2621.0000, -68.0000, 0, 0, 255
L -1866.0000, -2621.0000, -68.0000, -1769.0000, -2386.0000, -68.0000, 0, 0, 255
L -1769.0000, -2386.0000, -68.0000, -1755.0000, -2362.0000, -68.0000, 0, 0, 255
L -1755.0000, -2362.0000, -68.0000, -1702.0000, -2363.0000, -68.0000, 0, 0, 255
L -1702.0000, -2363.0000, -68.0000, -1631.0000, -2392.0000, -68.0000, 0, 0, 255
L -1631.0000, -2392.0000, -68.0000, -1383.0000, -2622.0000, -68.0000, 0, 0, 255
L -1383.0000, -2622.0000, -68.0000, -1230.0000, -2618.0000, -67.0000, 0, 0, 255
L -1230.0000, -2618.0000, -67.0000, -1054.0000, -2583.0000, -68.0000, 0, 0, 255
L -1054.0000, -2583.0000, -68.0000, -932.0000, -2580.0000, -68.0000, 0, 0, 255
L -932.0000, -2580.0000, -68.0000, -742.0000, -2486.0000, -68.0000, 0, 0, 255
L -742.0000, -2486.0000, -68.0000, -675.0000, -2484.0000, -69.0000, 0, 0, 255
L -675.0000, -2484.0000, -69.0000, -655.0000, -2388.0000, -68.0000, 0, 0, 255
L -655.0000, -2388.0000, -68.0000, -528.0000, -2336.0000, -68.0000, 0, 0, 255
L -528.0000, -2336.0000, -68.0000, -412.0000, -2367.0000, -68.0000, 0, 0, 255
L -412.0000, -2367.0000, -68.0000, -280.0000, -2396.0000, -66.0000, 0, 0, 255
L -280.0000, -2396.0000, -66.0000, -102.0000, -2632.0000, -68.0000, 0, 0, 255
L -102.0000, -2632.0000, -68.0000, 59.0000, -2621.0000, -68.0000, 0, 0, 255
L 59.0000, -2621.0000, -68.0000, 215.0000, -2621.0000, -68.0000, 0, 0, 255
L 215.0000, -2621.0000, -68.0000, 346.0000, -2575.0000, -68.0000, 0, 0, 255
L 346.0000, -2575.0000, -68.0000, 542.0000, -2570.0000, -68.0000, 0, 0, 255
L 542.0000, -2570.0000, -68.0000, 688.0000, -2614.0000, -68.0000, 0, 0, 255
L 688.0000, -2614.0000, -68.0000, 860.0000, -2612.0000, -68.0000, 0, 0, 255
L 860.0000, -2612.0000, -68.0000, 991.0000, -2580.0000, -68.0000, 0, 0, 255
L 991.0000, -2580.0000, -68.0000, 1186.0000, -2588.0000, -67.0000, 0, 0, 255
L 1186.0000, -2588.0000, -67.0000, 1329.0000, -2621.0000, -68.0000, 0, 0, 255
L 1329.0000, -2621.0000, -68.0000, 1416.0000, -2390.0000, -68.0000, 0, 0, 255
L 1416.0000, -2390.0000, -68.0000, 1474.0000, -2371.0000, -70.0000, 0, 0, 255
L 1474.0000, -2371.0000, -70.0000, 1499.0000, -2354.0000, -63.0000, 0, 0, 255
L 1499.0000, -2354.0000, -63.0000, 1581.0000, -2392.0000, -68.0000, 0, 0, 255
L 1581.0000, -2392.0000, -68.0000, 1818.0000, -2623.0000, -68.0000, 0, 0, 255
L 1818.0000, -2623.0000, -68.0000, 1976.0000, -2619.0000, -69.0000, 0, 0, 255
L 1976.0000, -2619.0000, -69.0000, 2060.0000, -2382.0000, -66.0000, 0, 0, 255
L 2060.0000, -2382.0000, -66.0000, 2142.0000, -2356.0000, -68.0000, 0, 0, 255
L 2142.0000, -2356.0000, -68.0000, 2362.0000, -2339.0000, -69.0000, 0, 0, 255
L 2362.0000, -2339.0000, -69.0000, 2299.0000, -2227.0000, -67.0000, 0, 0, 255
L 2299.0000, -2227.0000, -67.0000, 2343.0000, -2125.0000, -68.0000, 0, 0, 255
L 2343.0000, -2125.0000, -68.0000, 2459.0000, -2124.0000, -66.0000, 0, 0, 255
L 2459.0000, -2124.0000, -66.0000, 2779.0000, -2343.0000, -69.0000, 0, 0, 255
L 2779.0000, -2343.0000, -69.0000, 3322.0000, -2341.0000, -68.0000, 0, 0, 255
L 3322.0000, -2341.0000, -68.0000, 3340.0000, -2228.0000, -68.0000, 0, 0, 255
L 3340.0000, -2228.0000, -68.0000, 3367.0000, -2182.0000, -67.0000, 0, 0, 255
L 3367.0000, -2182.0000, -67.0000, 3419.0000, -2185.0000, -68.0000, 0, 0, 255
L 3419.0000, -2185.0000, -68.0000, 3454.0000, -2196.0000, -68.0000, 0, 0, 255
L 3454.0000, -2196.0000, -68.0000, 3479.0000, -2237.0000, -67.0000, 0, 0, 255
L 3479.0000, -2237.0000, -67.0000, 3490.0000, -2353.0000, -68.0000, 0, 0, 255
L 3490.0000, -2353.0000, -68.0000, 3724.0000, -2377.0000, -68.0000, 0, 0, 255
L -1170.0000, 6695.0000, -3.0000, -1170.0000, 6771.0000, 13.0000, 100, 50, 0
L -1170.0000, 6771.0000, 13.0000, -1171.0000, 6790.0000, 13.0000, 100, 50, 0
L -1171.0000, 6790.0000, 13.0000, -1155.0000, 6789.0000, 13.0000, 100, 50, 0
L -1155.0000, 6789.0000, 13.0000, -1077.0000, 6789.0000, 27.0000, 100, 50, 0
L -1077.0000, 6789.0000, 27.0000, -1076.0000, 6789.0000, 27.0000, 100, 50, 0
L -1076.0000, 6789.0000, 27.0000, -1076.0000, 6813.0000, 27.0000, 100, 50, 0
L -1076.0000, 6813.0000, 27.0000, -1076.0000, 6814.0000, 27.0000, 100, 50, 0
L -1076.0000, 6814.0000, 27.0000, -1049.0000, 6814.0000, 27.0000, 100, 50, 0
L -1049.0000, 6814.0000, 27.0000, -1049.0000, 6848.0000, 24.0000, 100, 50, 0
L -1049.0000, 6848.0000, 24.0000, -1035.0000, 6848.0000, 24.0000, 100, 50, 0
L -1035.0000, 6848.0000, 24.0000, -1035.0000, 6815.0000, 24.0000, 100, 50, 0
L -1035.0000, 6815.0000, 24.0000, -1010.0000, 6814.0000, 27.0000, 100, 50, 0
L -1010.0000, 6814.0000, 27.0000, -1010.0000, 6789.0000, 27.0000, 100, 50, 0
L -1010.0000, 6789.0000, 27.0000, -933.0000, 6789.0000, 39.0000, 100, 50, 0
L -933.0000, 6789.0000, 39.0000, -915.0000, 6789.0000, 39.0000, 100, 50, 0
L -915.0000, 6789.0000, 39.0000, -916.0000, 6693.0000, 53.0000, 100, 50, 0
L -916.0000, 6693.0000, 53.0000, -904.0000, 6694.0000, 53.0000, 0, 204, 0
L -904.0000, 6694.0000, 53.0000, -904.0000, 6668.0000, 53.0000, 0, 204, 0
L -904.0000, 6668.0000, 53.0000, -870.0000, 6668.0000, 51.0000, 0, 204, 0
L -870.0000, 6668.0000, 51.0000, -870.0000, 6655.0000, 51.0000, 0, 204, 0
L -870.0000, 6655.0000, 51.0000, -904.0000, 6655.0000, 51.0000, 0, 204, 0
L -904.0000, 6655.0000, 51.0000, -904.0000, 6628.0000, 53.0000, 0, 204, 0
L -904.0000, 6628.0000, 53.0000, -917.0000, 6627.0000, 53.0000, 0, 204, 0
L -917.0000, 6627.0000, 53.0000, -918.0000, 6549.0000, 64.0000, 0, 204, 0
L -918.0000, 6549.0000, 64.0000, -918.0000, 6532.0000, 64.0000, 0, 204, 0
L -918.0000, 6532.0000, 64.0000, -918.0000, 6531.0000, 64.0000, 0, 204, 0
L -918.0000, 6531.0000, 64.0000, -936.0000, 6532.0000, 64.0000, 0, 204, 0
L -936.0000, 6532.0000, 64.0000, -1012.0000, 6531.0000, 79.0000, 0, 204, 0
L -1012.0000, 6531.0000, 79.0000, -1013.0000, 6508.0000, 79.0000, 0, 204, 0
L -1077.0000, 6507.0000, 79.0000, -1077.0000, 6531.0000, 79.0000, 0, 204, 0
L -1077.0000, 6531.0000, 79.0000, -1155.0000, 6530.0000, 91.0000, 0, 204, 0
L -1155.0000, 6530.0000, 91.0000, -1173.0000, 6530.0000, 91.0000, 0, 204, 0
L -1173.0000, 6530.0000, 91.0000, -1173.0000, 6623.0000, 105.0000, 0, 204, 0
L -1173.0000, 6623.0000, 105.0000, -1173.0000, 6624.0000, 105.0000, 0, 204, 0
L -1173.0000, 6624.0000, 105.0000, -1191.0000, 6625.0000, 105.0000, 0, 204, 0
L -1191.0000, 6625.0000, 105.0000, -1192.0000, 6625.0000, 105.0000, 0, 204, 0
L -1192.0000, 6625.0000, 105.0000, -1192.0000, 6656.0000, 105.0000, 0, 204, 0
L -1192.0000, 6656.0000, 105.0000, -1226.0000, 6656.0000, 103.0000, 0, 204, 0
L -1226.0000, 6656.0000, 103.0000, -1226.0000, 6668.0000, 103.0000, 0, 204, 0
L -1226.0000, 6668.0000, 103.0000, -1193.0000, 6668.0000, 103.0000, 0, 204, 0
L -1193.0000, 6668.0000, 103.0000, -1191.0000, 6669.0000, 106.0000, 0, 204, 0
L -1191.0000, 6669.0000, 106.0000, -1191.0000, 6710.0000, 105.0000, 0, 204, 0
L -1191.0000, 6710.0000, 105.0000, -1173.0000, 6710.0000, 106.0000, 0, 204, 0
L -1173.0000, 6710.0000, 106.0000, -1059.0000, 6778.0000, 161.0000, 102, 255, 102
L -1059.0000, 6778.0000, 161.0000, -1042.0000, 6788.0000, 161.0000, 102, 255, 102
L -1042.0000, 6788.0000, 161.0000, -1041.0000, 6770.0000, 161.0000, 102, 255, 102
L -1041.0000, 6770.0000, 161.0000, -998.0000, 6746.0000, 161.0000, 102, 255, 102
L -998.0000, 6746.0000, 161.0000, -980.0000, 6776.0000, 158.0000, 102, 255, 102
L -980.0000, 6776.0000, 158.0000, -968.0000, 6769.0000, 158.0000, 102, 255, 102
L -968.0000, 6769.0000, 158.0000, -986.0000, 6740.0000, 158.0000, 102, 255, 102
L -986.0000, 6740.0000, 158.0000, -987.0000, 6740.0000, 162.0000, 102, 255, 102
L -987.0000, 6740.0000, 162.0000, -945.0000, 6715.0000, 161.0000, 102, 255, 102
L -945.0000, 6715.0000, 161.0000, -946.0000, 6605.0000, 161.0000, 102, 255, 102
L -946.0000, 6605.0000, 161.0000, -982.0000, 6583.0000, 161.0000, 102, 255, 102
L -982.0000, 6583.0000, 161.0000, -964.0000, 6554.0000, 158.0000, 102, 255, 102
L -964.0000, 6554.0000, 158.0000, -977.0000, 6547.0000, 158.0000, 102, 255, 102
L -977.0000, 6547.0000, 158.0000, -994.0000, 6576.0000, 158.0000, 102, 255, 102
L -994.0000, 6576.0000, 158.0000, -1042.0000, 6549.0000, 161.0000, 102, 255, 102
L -1042.0000, 6549.0000, 161.0000, -1082.0000, 6573.0000, 161.0000, 102, 255, 102
L -1082.0000, 6573.0000, 161.0000, -1099.0000, 6544.0000, 158.0000, 102, 255, 102
L -1099.0000, 6544.0000, 158.0000, -1112.0000, 6551.0000, 158.0000, 102, 255, 102
L -1112.0000, 6551.0000, 158.0000, -1094.0000, 6580.0000, 158.0000, 102, 255, 102
L -1094.0000, 6580.0000, 158.0000, -1136.0000, 6605.0000, 161.0000, 102, 255, 102
L -1136.0000, 6605.0000, 161.0000, -1137.0000, 6716.0000, 161.0000, 102, 255, 102
L -1137.0000, 6716.0000, 161.0000, -1060.0000, 6760.0000, 161.0000, 102, 255, 102
L -1080.0000, 6727.0000, 161.0000, -1119.0000, 6659.0000, 161.0000, 102, 255, 102
L -1119.0000, 6659.0000, 161.0000, -1080.0000, 6592.0000, 161.0000, 102, 255, 102
L -1080.0000, 6592.0000, 161.0000, -1002.0000, 6592.0000, 161.0000, 102, 255, 102
L -1002.0000, 6592.0000, 161.0000, -963.0000, 6660.0000, 161.0000, 102, 255, 102
L -963.0000, 6660.0000, 161.0000, -1002.0000, 6727.0000, 161.0000, 102, 255, 102
L -1002.0000, 6727.0000, 161.0000, -1020.0000, 6727.0000, 161.0000, 102, 255, 102
L -1020.0000, 6727.0000, 161.0000, -1020.0000, 6725.0000, 161.0000, 102, 255, 102
L -1020.0000, 6725.0000, 161.0000, -1003.0000, 6725.0000, 161.0000, 102, 255, 102
L -1003.0000, 6725.0000, 161.0000, -966.0000, 6659.0000, 161.0000, 102, 255, 102
L -966.0000, 6659.0000, 161.0000, -1003.0000, 6595.0000, 161.0000, 102, 255, 102
L -1003.0000, 6595.0000, 161.0000, -1078.0000, 6595.0000, 161.0000, 102, 255, 102
L -1078.0000, 6595.0000, 161.0000, -1115.0000, 6660.0000, 161.0000, 102, 255, 102
L -1115.0000, 6660.0000, 161.0000, -1078.0000, 6725.0000, 161.0000, 102, 255, 102
L -1078.0000, 6725.0000, 161.0000, -1055.0000, 6725.0000, 161.0000, 102, 255, 102
L -1055.0000, 6725.0000, 161.0000, -1056.0000, 6727.0000, 161.0000, 102, 255, 102
L -1056.0000, 6727.0000, 161.0000, -1080.0000, 6727.0000, 161.0000, 102, 255, 102
L -1172.0000, 6695.0000, 105.0000, -1116.0000, 6695.0000, 105.0000, 0, 204, 0
L -1116.0000, 6695.0000, 105.0000, -1116.0000, 6626.0000, 105.0000, 0, 204, 0
L -1116.0000, 6626.0000, 105.0000, -1116.0000, 6625.0000, 105.0000, 0, 204, 0
L -1116.0000, 6625.0000, 105.0000, -1155.0000, 6625.0000, 105.0000, 0, 204, 0
L -1174.0000, 6696.0000, 105.0000, -1061.0000, 6760.0000, 160.0000, 102, 255, 102
L -1155.0000, 6625.0000, 105.0000, -1155.0000, 6595.0000, 100.0000, 0, 204, 0
L -1155.0000, 6595.0000, 100.0000, -1154.0000, 6547.0000, 92.0000, 0, 204, 0
L -1154.0000, 6547.0000, 92.0000, -1076.0000, 6547.0000, 79.0000, 0, 204, 0
L -1076.0000, 6547.0000, 79.0000, -1076.0000, 6573.0000, 79.0000, 0, 204, 0
L -1076.0000, 6573.0000, 79.0000, -1012.0000, 6573.0000, 79.0000, 0, 204, 0
L -1012.0000, 6573.0000, 79.0000, -1012.0000, 6550.0000, 79.0000, 0, 204, 0
L -1012.0000, 6550.0000, 79.0000, -934.0000, 6551.0000, 64.0000, 0, 204, 0
L -934.0000, 6551.0000, 64.0000, -934.0000, 6627.0000, 53.0000, 0, 204, 0
L -934.0000, 6627.0000, 53.0000, -971.0000, 6627.0000, 53.0000, 0, 204, 0
L -971.0000, 6627.0000, 53.0000, -971.0000, 6695.0000, 53.0000, 0, 204, 0
L -971.0000, 6695.0000, 53.0000, -933.0000, 6695.0000, 53.0000, 0, 204, 0
L -933.0000, 6695.0000, 53.0000, -934.0000, 6772.0000, 39.0000, 100, 50, 0
L -934.0000, 6772.0000, 39.0000, -1010.0000, 6772.0000, 27.0000, 100, 50, 0
L -1010.0000, 6772.0000, 27.0000, -1010.0000, 6747.0000, 27.0000, 100, 50, 0
L -1010.0000, 6747.0000, 27.0000, -1076.0000, 6747.0000, 27.0000, 100, 50, 0
L -1076.0000, 6747.0000, 27.0000, -1076.0000, 6771.0000, 27.0000, 100, 50, 0
L -1076.0000, 6771.0000, 27.0000, -1153.0000, 6771.0000, 13.0000, 100, 50, 0
L -1153.0000, 6771.0000, 13.0000, -1153.0000, 6695.0000, -3.0000, 100, 50, 0
L -1153.0000, 6695.0000, -3.0000, -1170.0000, 6695.0000, -3.0000, 100, 50, 0
L -791.0000, 3288.0000, 6.0000, -842.0000, 3246.0000, -5.0000, 178, 102, 255
L -842.0000, 3246.0000, -5.0000, -863.0000, 3229.0000, -3.0000, 178, 102, 255
L -863.0000, 3229.0000, -3.0000, -860.0000, 3219.0000, -11.0000, 178, 102, 255
L -860.0000, 3219.0000, -11.0000, -860.0000, 3190.0000, -11.0000, 178, 102, 255
L -860.0000, 3190.0000, -11.0000, -876.0000, 3174.0000, -11.0000, 178, 102, 255
L -876.0000, 3174.0000, -11.0000, -924.0000, 3174.0000, -11.0000, 178, 102, 255
L -924.0000, 3174.0000, -11.0000, -930.0000, 3163.0000, -11.0000, 178, 102, 255
L -930.0000, 3163.0000, -11.0000, -917.0000, 3152.0000, -11.0000, 199, 21, 133
L -910.0000, 3158.0000, -11.0000, -862.0000, 3158.0000, -11.0000, 178, 102, 255
L -862.0000, 3158.0000, -11.0000, -845.0000, 3189.0000, -11.0000, 178, 102, 255
L -845.0000, 3189.0000, -11.0000, -846.0000, 3227.0000, -8.0000, 178, 102, 255
L -846.0000, 3227.0000, -8.0000, -824.0000, 3246.0000, -1.0000, 178, 102, 255
L -824.0000, 3246.0000, -1.0000, -790.0000, 3272.0000, 6.0000, 178, 102, 255
L -790.0000, 3272.0000, 6.0000, -785.0000, 3274.0000, 5.0000, 178, 102, 255
L 2296.0000, -132.0000, -3.0000, 2295.0000, -145.0000, -3.0000, 0, 0, 0
L 2295.0000, -145.0000, -3.0000, 2266.0000, -175.0000, -3.0000, 0, 0, 0
L 2266.0000, -175.0000, -3.0000, 2223.0000, -174.0000, -3.0000, 0, 0, 0
L 2223.0000, -174.0000, -3.0000, 2142.0000, -144.0000, -3.0000, 0, 0, 0
L 2142.0000, -144.0000, -3.0000, 2142.0000, -102.0000, -3.0000, 0, 0, 0
L 2142.0000, -102.0000, -3.0000, 2223.0000, -72.0000, -3.0000, 0, 0, 0
L 2223.0000, -72.0000, -3.0000, 2266.0000, -72.0000, -3.0000, 0, 0, 0
L 2266.0000, -72.0000, -3.0000, 2296.0000, -102.0000, -3.0000, 0, 0, 0
L 2296.0000, -102.0000, -3.0000, 2296.0000, -115.0000, -3.0000, 0, 0, 0
L 2296.0000, -115.0000, -3.0000, 2298.0000, -116.0000, -3.0000, 0, 0, 0
L 2298.0000, -116.0000, -3.0000, 2299.0000, -116.0000, -3.0000, 0, 0, 0
L 2299.0000, -116.0000, -3.0000, 2299.0000, -101.0000, -3.0000, 0, 0, 0
L 2299.0000, -101.0000, -3.0000, 2267.0000, -68.0000, -3.0000, 0, 0, 0
L 2267.0000, -68.0000, -3.0000, 2221.0000, -68.0000, -3.0000, 0, 0, 0
L 2221.0000, -68.0000, -3.0000, 2139.0000, -101.0000, -3.0000, 0, 0, 0
L 2139.0000, -101.0000, -3.0000, 2139.0000, -146.0000, -3.0000, 0, 0, 0
L 2139.0000, -146.0000, -3.0000, 2222.0000, -178.0000, -3.0000, 0, 0, 0
L 2222.0000, -178.0000, -3.0000, 2267.0000, -178.0000, -3.0000, 0, 0, 0
L 2267.0000, -178.0000, -3.0000, 2299.0000, -146.0000, -3.0000, 0, 0, 0
L 2299.0000, -146.0000, -3.0000, 2299.0000, -132.0000, -3.0000, 0, 0, 0
L 2299.0000, -132.0000, -3.0000, 2296.0000, -132.0000, -3.0000, 0, 0, 0
L 2367.0000, -211.0000, -3.0000, 2354.0000, -211.0000, -3.0000, 0, 0, 0
L 2354.0000, -211.0000, -3.0000, 2321.0000, -243.0000, -3.0000, 0, 0, 0
L 2321.0000, -243.0000, -3.0000, 2321.0000, -289.0000, -3.0000, 0, 0, 0
L 2321.0000, -289.0000, -3.0000, 2354.0000, -321.0000, -3.0000, 0, 0, 0
L 2354.0000, -321.0000, -3.0000, 2399.0000, -321.0000, -3.0000, 0, 0, 0
L 2399.0000, -321.0000, -3.0000, 2431.0000, -289.0000, -3.0000, 0, 0, 0
L 2431.0000, -289.0000, -3.0000, 2431.0000, -243.0000, -3.0000, 0, 0, 0
L 2431.0000, -243.0000, -3.0000, 2399.0000, -211.0000, -3.0000, 0, 0, 0
L 2399.0000, -211.0000, -3.0000, 2385.0000, -211.0000, -3.0000, 0, 0, 0
L 2385.0000, -211.0000, -3.0000, 2385.0000, -215.0000, -3.0000, 0, 0, 0
L 2385.0000, -215.0000, -3.0000, 2398.0000, -215.0000, -3.0000, 0, 0, 0
L 2398.0000, -215.0000, -3.0000, 2428.0000, -245.0000, -3.0000, 0, 0, 0
L 2428.0000, -245.0000, -3.0000, 2428.0000, -287.0000, -3.0000, 0, 0, 0
L 2428.0000, -287.0000, -3.0000, 2398.0000, -318.0000, -3.0000, 0, 0, 0
L 2398.0000, -318.0000, -3.0000, 2355.0000, -318.0000, -3.0000, 0, 0, 0
L 2355.0000, -318.0000, -3.0000, 2325.0000, -287.0000, -3.0000, 0, 0, 0
L 2325.0000, -287.0000, -3.0000, 2325.0000, -245.0000, -3.0000, 0, 0, 0
L 2325.0000, -245.0000, -3.0000, 2355.0000, -215.0000, -3.0000, 0, 0, 0
L 2355.0000, -215.0000, -3.0000, 2367.0000, -215.0000, -3.0000, 0, 0, 0
L 2367.0000, -215.0000, -3.0000, 2368.0000, -211.0000, -3.0000, 0, 0, 0
L 2530.0000, -193.0000, -3.0000, 2531.0000, -173.0000, -3.0000, 0, 0, 0
L 2531.0000, -173.0000, -3.0000, 2578.0000, -126.0000, -3.0000, 0, 0, 0
L 2578.0000, -126.0000, -3.0000, 2644.0000, -126.0000, -3.0000, 0, 0, 0
L 2644.0000, -126.0000, -3.0000, 2691.0000, -173.0000, -3.0000, 0, 0, 0
L 2691.0000, -173.0000, -3.0000, 2691.0000, -240.0000, -3.0000, 0, 0, 0
L 2691.0000, -240.0000, -3.0000, 2644.0000, -287.0000, -3.0000, 0, 0, 0
L 2644.0000, -287.0000, -3.0000, 2578.0000, -287.0000, -3.0000, 0, 0, 0
L 2578.0000, -287.0000, -3.0000, 2530.0000, -240.0000, -3.0000, 0, 0, 0
L 2530.0000, -240.0000, -3.0000, 2530.0000, -221.0000, -3.0000, 0, 0, 0
L 2530.0000, -221.0000, -3.0000, 2530.0000, -220.0000, -3.0000, 0, 0, 0
L 2530.0000, -220.0000, -3.0000, 2535.0000, -220.0000, -3.0000, 0, 0, 0
L 2535.0000, -220.0000, -3.0000, 2535.0000, -238.0000, -3.0000, 0, 0, 0
L 2535.0000, -238.0000, -3.0000, 2579.0000, -282.0000, -3.0000, 0, 0, 0
L 2579.0000, -282.0000, -3.0000, 2580.0000, -283.0000, -3.0000, 0, 0, 0
L 2580.0000, -283.0000, -3.0000, 2642.0000, -283.0000, -3.0000, 0, 0, 0
L 2642.0000, -283.0000, -3.0000, 2687.0000, -238.0000, -3.0000, 0, 0, 0
L 2687.0000, -238.0000, -3.0000, 2687.0000, -176.0000, -3.0000, 0, 0, 0
L 2687.0000, -176.0000, -3.0000, 2642.0000, -131.0000, -3.0000, 0, 0, 0
L 2642.0000, -131.0000, -3.0000, 2579.0000, -131.0000, -3.0000, 0, 0, 0
L 2579.0000, -131.0000, -3.0000, 2535.0000, -176.0000, -3.0000, 0, 0, 0
L 2535.0000, -176.0000, -3.0000, 2535.0000, -193.0000, -3.0000, 0, 0, 0
L 2530.0000, -193.0000, -3.0000, 2535.0000, -193.0000, -3.0000, 0, 0, 0
L 2407.0000, -102.0000, -3.0000, 2393.0000, -101.0000, -3.0000, 0, 0, 0
L 2393.0000, -101.0000, -3.0000, 2361.0000, -70.0000, -3.0000, 0, 0, 0
L 2361.0000, -70.0000, -3.0000, 2361.0000, -24.0000, -3.0000, 0, 0, 0
L 2361.0000, -24.0000, -3.0000, 2393.0000, 7.0000, -3.0000, 0, 0, 0
L 2393.0000, 7.0000, -3.0000, 2439.0000, 7.0000, -3.0000, 0, 0, 0
L 2439.0000, 7.0000, -3.0000, 2470.0000, -24.0000, -3.0000, 0, 0, 0
L 2470.0000, -24.0000, -3.0000, 2471.0000, -70.0000, -3.0000, 0, 0, 0
L 2471.0000, -70.0000, -3.0000, 2438.0000, -102.0000, -3.0000, 0, 0, 0
L 2438.0000, -102.0000, -3.0000, 2424.0000, -102.0000, -3.0000, 0, 0, 0
L 2424.0000, -102.0000, -3.0000, 2425.0000, -98.0000, -3.0000, 0, 0, 0
L 2425.0000, -98.0000, -3.0000, 2437.0000, -98.0000, -3.0000, 0, 0, 0
L 2437.0000, -98.0000, -3.0000, 2467.0000, -68.0000, -3.0000, 0, 0, 0
L 2467.0000, -68.0000, -3.0000, 2467.0000, -25.0000, -3.0000, 0, 0, 0
L 2467.0000, -25.0000, -3.0000, 2437.0000, 4.0000, -3.0000, 0, 0, 0
L 2437.0000, 4.0000, -3.0000, 2394.0000, 4.0000, -3.0000, 0, 0, 0
L 2394.0000, 4.0000, -3.0000, 2364.0000, -25.0000, -3.0000, 0, 0, 0
L 2364.0000, -25.0000, -3.0000, 2364.0000, -68.0000, -3.0000, 0, 0, 0
L 2364.0000, -68.0000, -3.0000, 2394.0000, -98.0000, -3.0000, 0, 0, 0
L 2394.0000, -98.0000, -3.0000, 2407.0000, -98.0000, -3.0000, 0, 0, 0
L 2407.0000, -98.0000, -3.0000, 2407.0000, -102.0000, -3.0000, 0, 0, 0
L 2524.0000, -7.0000, -3.0000, 2509.0000, 8.0000, -3.0000, 0, 0, 0
L 2509.0000, 8.0000, -3.0000, 2494.0000, 26.0000, -3.0000, 0, 0, 0
L 2494.0000, 26.0000, -3.0000, 2526.0000, 54.0000, -3.0000, 0, 0, 0
L 2526.0000, 54.0000, -3.0000, 2556.0000, 22.0000, -3.0000, 0, 0, 0
L 2556.0000, 22.0000, -3.0000, 2524.0000, -7.0000, -3.0000, 0, 0, 0
L 2665.0000, -28.0000, -3.0000, 2695.0000, -59.0000, -3.0000, 0, 0, 0
L 2695.0000, -59.0000, -3.0000, 2663.0000, -91.0000, -3.0000, 0, 0, 0
L 2663.0000, -91.0000, -3.0000, 2632.0000, -60.0000, -3.0000, 0, 0, 0
L 2632.0000, -60.0000, -3.0000, 2665.0000, -28.0000, -3.0000, 0, 0, 0
L 2707.0000, 5455.0000, -3.0000, 2707.0000, 5431.0000, -3.0000, 0, 0, 0
L 2707.0000, 5431.0000, -3.0000, 2650.0000, 5398.0000, -3.0000, 0, 0, 0
L 2650.0000, 5398.0000, -3.0000, 2593.0000, 5431.0000, -3.0000, 0, 0, 0
L 2593.0000, 5431.0000, -3.0000, 2594.0000, 5497.0000, -3.0000, 0, 0, 0
L 2594.0000, 5497.0000, -3.0000, 2651.0000, 5529.0000, -3.0000, 0, 0, 0
L 2651.0000, 5529.0000, -3.0000, 2707.0000, 5496.0000, -3.0000, 0, 0, 0
L 2707.0000, 5496.0000, -3.0000, 2707.0000, 5476.0000, -3.0000, 0, 0, 0
L 2707.0000, 5476.0000, -3.0000, 2703.0000, 5476.0000, -3.0000, 0, 0, 0
L 2703.0000, 5476.0000, -3.0000, 2703.0000, 5494.0000, -3.0000, 0, 0, 0
L 2703.0000, 5494.0000, -3.0000, 2650.0000, 5524.0000, -3.0000, 0, 0, 0
L 2650.0000, 5524.0000, -3.0000, 2598.0000, 5493.0000, -3.0000, 0, 0, 0
L 2598.0000, 5493.0000, -3.0000, 2598.0000, 5434.0000, -3.0000, 0, 0, 0
L 2598.0000, 5434.0000, -3.0000, 2650.0000, 5404.0000, -3.0000, 0, 0, 0
L 2650.0000, 5404.0000, -3.0000, 2703.0000, 5434.0000, -3.0000, 0, 0, 0
L 2703.0000, 5434.0000, -3.0000, 2703.0000, 5455.0000, -3.0000, 0, 0, 0
L 2703.0000, 5455.0000, -3.0000, 2707.0000, 5455.0000, -3.0000, 0, 0, 0
L 2658.0000, 5443.0000, -1.0000, 2669.0000, 5443.0000, -1.0000, 0, 0, 0
L 2669.0000, 5443.0000, -1.0000, 2669.0000, 5485.0000, -1.0000, 0, 0, 0
L 2669.0000, 5485.0000, -1.0000, 2638.0000, 5485.0000, -1.0000, 0, 0, 0
L 2638.0000, 5485.0000, -1.0000, 2638.0000, 5444.0000, -1.0000, 0, 0, 0
L 2638.0000, 5444.0000, -1.0000, 2638.0000, 5443.0000, -1.0000, 0, 0, 0
L 2638.0000, 5443.0000, -1.0000, 2649.0000, 5443.0000, -1.0000, 0, 0, 0
L 2649.0000, 5443.0000, -1.0000, 2649.0000, 5440.0000, -3.0000, 0, 0, 0
L 2649.0000, 5440.0000, -3.0000, 2636.0000, 5440.0000, -3.0000, 0, 0, 0
L 2636.0000, 5440.0000, -3.0000, 2636.0000, 5487.0000, -3.0000, 0, 0, 0
L 2636.0000, 5487.0000, -3.0000, 2649.0000, 5487.0000, -3.0000, 0, 0, 0
L 2649.0000, 5487.0000, -3.0000, 2649.0000, 5491.0000, -2.0000, 0, 0, 0
L 2649.0000, 5491.0000, -2.0000, 2658.0000, 5491.0000, -1.0000, 0, 0, 0
L 2658.0000, 5491.0000, -1.0000, 2658.0000, 5487.0000, -1.0000, 0, 0, 0
L 2658.0000, 5487.0000, -1.0000, 2671.0000, 5487.0000, -2.0000, 0, 0, 0
L 2671.0000, 5487.0000, -2.0000, 2671.0000, 5440.0000, -3.0000, 0, 0, 0
L 2671.0000, 5440.0000, -3.0000, 2658.0000, 5440.0000, -3.0000, 0, 0, 0
L 2658.0000, 5440.0000, -1.0000, 2658.0000, 5443.0000, -1.0000, 0, 0, 0
L -3336.0000, -2310.0000, -60.0000, -3336.0000, -2445.0000, -72.0000, 0, 0, 255
L -3336.0000, -2445.0000, -72.0000, -3336.0000, -2446.0000, -72.0000, 0, 0, 255
L -3336.0000, -2446.0000, -72.0000, -3337.0000, -2582.0000, -72.0000, 0, 0, 255
L -3337.0000, -2582.0000, -72.0000, -3337.0000, -2583.0000, -72.0000, 0, 0, 255
L -3337.0000, -2583.0000, -72.0000, -3337.0000, -2719.0000, -72.0000, 0, 0, 255
L -3337.0000, -2719.0000, -72.0000, -3337.0000, -2720.0000, -72.0000, 0, 0, 255
L -3337.0000, -2720.0000, -72.0000, -3338.0000, -2855.0000, -72.0000, 0, 0, 255
L -3338.0000, -2855.0000, -72.0000, -3338.0000, -2857.0000, -72.0000, 0, 0, 255
L -3338.0000, -2857.0000, -72.0000, -3338.0000, -2905.0000, -72.0000, 0, 0, 255
L -3338.0000, -2905.0000, -72.0000, -3336.0000, -2905.0000, -72.0000, 0, 0, 255
L -3336.0000, -2905.0000, -72.0000, -965.0000, -2896.0000, -72.0000, 0, 0, 255
L -965.0000, -2896.0000, -72.0000, -965.0000, -2894.0000, -72.0000, 0, 0, 255
L -965.0000, -2894.0000, -72.0000, -964.0000, -2871.0000, -73.0000, 0, 0, 255
L -964.0000, -2871.0000, -73.0000, -964.0000, -2869.0000, -73.0000, 0, 0, 255
L -964.0000, -2869.0000, -73.0000, -964.0000, -2863.0000, -73.0000, 0, 0, 255
L -964.0000, -2863.0000, -73.0000, -962.0000, -2864.0000, -73.0000, 0, 0, 255
L -962.0000, -2864.0000, -73.0000, -935.0000, -2875.0000, -73.0000, 0, 0, 255
L -935.0000, -2875.0000, -73.0000, -933.0000, -2876.0000, -73.0000, 0, 0, 255
L -933.0000, -2876.0000, -73.0000, -932.0000, -2876.0000, -73.0000, 0, 0, 255
L -932.0000, -2876.0000, -73.0000, -925.0000, -2876.0000, -73.0000, 0, 0, 255
L -925.0000, -2876.0000, -73.0000, -925.0000, -2878.0000, -73.0000, 0, 0, 255
L -925.0000, -2878.0000, -73.0000, -925.0000, -2880.0000, -73.0000, 0, 0, 255
L -925.0000, -2880.0000, -73.0000, -926.0000, -2882.0000, -73.0000, 0, 0, 255
L -926.0000, -2882.0000, -73.0000, -927.0000, -2883.0000, -73.0000, 0, 0, 255
L -927.0000, -2883.0000, -73.0000, -927.0000, -2885.0000, -73.0000, 0, 0, 255
L -927.0000, -2885.0000, -73.0000, -927.0000, -2887.0000, -73.0000, 0, 0, 255
L -927.0000, -2887.0000, -73.0000, -927.0000, -2900.0000, -73.0000, 0, 0, 255
L -927.0000, -2900.0000, -73.0000, -925.0000, -2900.0000, -73.0000, 0, 0, 255
L -925.0000, -2900.0000, -73.0000, -878.0000, -2900.0000, -73.0000, 0, 0, 255
L -878.0000, -2900.0000, -73.0000, -878.0000, -2898.0000, -73.0000, 0, 0, 255
L -878.0000, -2898.0000, -73.0000, -878.0000, -2876.0000, -73.0000, 0, 0, 255
L -878.0000, -2876.0000, -73.0000, -876.0000, -2876.0000, -73.0000, 0, 0, 255
L -876.0000, -2876.0000, -73.0000, -866.0000, -2876.0000, -73.0000, 0, 0, 255
L -866.0000, -2876.0000, -73.0000, -841.0000, -2876.0000, -73.0000, 0, 0, 255
L -841.0000, -2876.0000, -73.0000, -839.0000, -2877.0000, -73.0000, 0, 0, 255
L -839.0000, -2877.0000, -73.0000, -836.0000, -2877.0000, -73.0000, 0, 0, 255
L -836.0000, -2877.0000, -73.0000, -837.0000, -2879.0000, -73.0000, 0, 0, 255
L -837.0000, -2879.0000, -73.0000, -838.0000, -2881.0000, -73.0000, 0, 0, 255
L -838.0000, -2881.0000, -73.0000, -840.0000, -2889.0000, -73.0000, 0, 0, 255
L -840.0000, -2889.0000, -73.0000, -840.0000, -2891.0000, -73.0000, 0, 0, 255
L -840.0000, -2891.0000, -73.0000, -840.0000, -2899.0000, -73.0000, 0, 0, 255
L -840.0000, -2899.0000, -73.0000, -838.0000, -2899.0000, -73.0000, 0, 0, 255
L -838.0000, -2899.0000, -73.0000, 3673.0000, -2892.0000, -73.0000, 0, 0, 255
L 3673.0000, -2892.0000, -73.0000, 3683.0000, -2892.0000, -73.0000, 0, 0, 255
L 3683.0000, -2892.0000, -73.0000, 3722.0000, -2893.0000, -73.0000, 0, 0, 255
L 3722.0000, -2893.0000, -73.0000, 3722.0000, -2891.0000, -73.0000, 0, 0, 255
L 3722.0000, -2891.0000, -73.0000, 3722.0000, -2664.0000, -73.0000, 0, 0, 255
L 3722.0000, -2664.0000, -73.0000, 3722.0000, -2662.0000, -73.0000, 0, 0, 255
L 3722.0000, -2662.0000, -73.0000, 3723.0000, -2436.0000, -73.0000, 0, 0, 255
L 3723.0000, -2436.0000, -73.0000, 3723.0000, -2434.0000, -73.0000, 0, 0, 255
L 3723.0000, -2434.0000, -73.0000, 3722.0000, -2372.0000, -65.0000, 0, 0, 255
L 3722.0000, -2372.0000, -65.0000, 3721.0000, -2374.0000, -66.0000, 0, 0, 255
L 3721.0000, -2374.0000, -66.0000, 3716.0000, -2381.0000, -69.0000, 0, 0, 255
L 3716.0000, -2381.0000, -69.0000, 3710.0000, -2388.0000, -72.0000, 0, 0, 255
L -937.0000, -2373.0000, -33.0000, -936.0000, -2873.0000, -33.0000, 139, 69, 19
L -936.0000, -2873.0000, -33.0000, -865.0000, -2873.0000, -33.0000, 199, 21, 133
L -865.0000, -2873.0000, -33.0000, -865.0000, -2373.0000, -33.0000, 139, 69, 19
L -937.0000, -2373.0000, -33.0000, -865.0000, -2373.0000, -33.0000, 139, 69, 19
L -1133.0000, 8568.0000, 0.0000, -1133.0000, 8613.0000, 0.0000, 0, 0, 0
L -1176.0000, 8568.0000, 0.0000, -1176.0000, 8613.0000, 0.0000, 0, 0, 0
L -803.0000, 3294.0000, 3.0000, -838.0000, 3303.0000, 0.0000, 150, 150, 150
L -838.0000, 3303.0000, 0.0000, -842.0000, 3470.0000, 0.0000, 150, 150, 150
L -842.0000, 3470.0000, 0.0000, -898.0000, 3516.0000, -1.0000, 150, 150, 150
L -898.0000, 3516.0000, -1.0000, -1010.0000, 3501.0000, -1.0000, 150, 150, 150
L -1010.0000, 3501.0000, -1.0000, -1048.0000, 3405.0000, 0.0000, 150, 150, 150
L -1048.0000, 3405.0000, 0.0000, -1033.0000, 3349.0000, 1.0000, 150, 150, 150
L -1033.0000, 3349.0000, 1.0000, -1162.0000, 3304.0000, 0.0000, 150, 150, 150
L -1162.0000, 3304.0000, 0.0000, -1210.0000, 3212.0000, 0.0000, 150, 150, 150
L -1210.0000, 3212.0000, 0.0000, -1204.0000, 3018.0000, 0.0000, 150, 150, 150
L -1204.0000, 3018.0000, 0.0000, -1138.0000, 2964.0000, 0.0000, 150, 150, 150
L -1138.0000, 2964.0000, 0.0000, -986.0000, 2940.0000, 3.0000, 150, 150, 150
L -986.0000, 2940.0000, 3.0000, -860.0000, 3019.0000, 4.0000, 150, 150, 150
L -860.0000, 3019.0000, 4.0000, -849.0000, 3055.0000, 4.0000, 150, 150, 150
L -849.0000, 3055.0000, 4.0000, -836.0000, 3090.0000, 4.0000, 150, 150, 150
L -836.0000, 3090.0000, 4.0000, -832.0000, 3134.0000, 7.0000, 150, 150, 150
L -832.0000, 3134.0000, 7.0000, -781.0000, 3180.0000, 4.0000, 150, 150, 150
L -781.0000, 3180.0000, 4.0000, -779.0000, 3212.0000, 0.0000, 150, 150, 150
L -779.0000, 3212.0000, 0.0000, -785.0000, 3274.0000, 5.0000, 150, 150, 150
L -924.0000, 3146.0000, -11.0000, -917.0000, 3152.0000, -11.0000, 178, 102, 255
L -1037.0000, 6472.0000, 79.0000, -1051.0000, 6473.0000, 79.0000, 0, 204, 0
L -1051.0000, 6473.0000, 79.0000, -1051.0000, 6507.0000, 79.0000, 0, 204, 0
L -1035.0000, 6508.0000, 79.0000, -1037.0000, 6507.0000, 79.0000, 0, 204, 0
L -1013.0000, 6508.0000, 79.0000, -1035.0000, 6508.0000, 79.0000, 0, 204, 0
L -1037.0000, 6507.0000, 79.0000, -1037.0000, 6472.0000, 79.0000, 0, 204, 0
L -1051.0000, 6507.0000, 79.0000, -1077.0000, 6507.0000, 79.0000, 0, 204, 0
L 3296.2000, 6039.3999, -3.8000, 3289.7998, 6048.3999, -3.8000, 0, 0, 0
L 3289.7998, 6048.3999, -3.8000, 3298.7998, 6054.6997, -3.8000, 0, 0, 0
L 3298.7998, 6054.6997, -3.3000, 3305.0999, 6045.6997, -3.8000, 0, 0, 0
L 3305.0999, 6045.6997, -3.8000, 3296.2000, 6039.3999, -3.8000, 0, 0, 0
L 3333.0999, 6069.5996, -3.8000, 3318.7000, 6059.1997, -3.8000, 0, 0, 0
L 3318.7000, 6059.1997, -3.8000, 3316.5999, 6057.5996, -3.8000, 0, 0, 0
L 3316.5999, 6057.5996, -3.8000, 3305.3999, 6073.5996, -3.8000, 0, 0, 0
L 3305.3999, 6073.5996, -3.8000, 3322.2000, 6085.0000, -3.8000, 0, 0, 0
L 3322.2000, 6085.0000, -3.8000, 3333.0999, 6069.5996, -3.8000, 0, 0, 0
L 3359.8999, 6109.5000, -3.8000, 3365.2998, 6081.0000, -3.8000, 0, 0, 0
L 3365.2998, 6081.0000, -3.8000, 3354.3999, 6078.6997, -3.8000, 0, 0, 0
L 3359.8999, 6109.5000, -3.8000, 3349.0000, 6107.5000, -3.8000, 0, 0, 0
L 3349.0000, 6107.5000, -3.8000, 3352.7998, 6086.8999, -3.8000, 0, 0, 0
L 3352.7998, 6086.8999, -3.8000, 3354.3999, 6078.6997, -3.8000, 0, 0, 0
L 3352.7998, 6086.8999, -3.8000, 3350.0999, 6090.7998, -3.4000, 0, 0, 0
L 3350.0999, 6090.7998, -3.8000, 3341.2000, 6084.5000, -3.8000, 0, 0, 0
L 3341.2000, 6084.5000, -3.8000, 3347.5000, 6075.5000, -3.8000, 0, 0, 0
L 3347.5000, 6075.5000, -3.8000, 3354.0999, 6080.1997, -3.8000, 0, 0, 0
L 3354.5999, 6045.5996, -3.8000, 3345.5999, 6039.2998, -3.8000, 0, 0, 0
L 3345.5999, 6039.2998, -3.8000, 3339.2998, 6048.2998, -3.8000, 0, 0, 0
L 3339.2998, 6048.2998, -3.8000, 3348.2998, 6054.5996, -3.8000, 0, 0, 0
L 3348.2998, 6054.5996, -3.8000, 3354.5999, 6045.5996, -3.8000, 0, 0, 0
L 3335.2998, 6045.3999, -3.8000, 3341.5999, 6036.5000, -3.8000, 0, 0, 0
L 3341.5999, 6036.5000, -3.8000, 3332.7000, 6030.0996, -3.8000, 0, 0, 0
L 3332.7000, 6030.0996, -3.8000, 3326.2998, 6039.0996, -3.8000, 0, 0, 0
L 3326.2998, 6039.0996, -3.8000, 3335.2998, 6045.3999, -3.8000, 0, 0, 0
L 3280.5999, 6061.2998, -3.8000, 3289.5999, 6067.5996, -3.8000, 0, 0, 0
L 3289.5999, 6067.5996, -3.8000, 3295.8999, 6058.6997, -3.8000, 0, 0, 0
L 3295.8999, 6058.6997, -3.8000, 3287.0000, 6052.3999, -3.8000, 0, 0, 0
L 3287.0000, 6052.3999, -3.8000, 3280.5999, 6061.2998, -3.8000, 0, 0, 0
L 3294.7000, 6084.6997, -3.8000, 3284.7998, 6089.3999, -3.8000, 0, 0, 0
L 3300.2000, 6094.2998, -3.8000, 3294.7000, 6084.6997, -3.8000, 0, 0, 0
L 3284.7998, 6089.3999, -3.8000, 3289.2998, 6099.1997, -3.8000, 0, 0, 0
L 3289.2998, 6099.1997, -3.8000, 3300.2000, 6094.2998, -3.8000, 0, 0, 0
L 3293.0000, 6097.5000, -3.8000, 3288.2998, 6122.8999, -3.8000, 0, 0, 0
L 3288.2998, 6122.8999, -3.8000, 3299.2000, 6125.0000, -3.8000, 0, 0, 0
L 3299.2000, 6125.0000, -3.8000, 3304.5999, 6096.1997, -3.8000, 0, 0, 0
L 3301.3999, 6101.0996, -3.8000, 3310.3999, 6107.3999, -3.8000, 0, 0, 0
L 3310.3999, 6107.3999, -3.8000, 3316.7000, 6098.3999, -3.8000, 0, 0, 0
L 3316.7000, 6098.3999, -3.8000, 3307.7000, 6092.0996, -3.8000, 0, 0, 0
L 3307.7000, 6092.0996, -3.8000, 3301.3999, 6101.0996, -3.8000, 0, 0, 0
L 3304.5999, 6096.1997, -3.8000, 3299.8999, 6095.3999, -3.8000, 0, 0, 0
L 3332.0000, 6097.1997, -3.8000, 3341.2000, 6103.0996, -3.8000, 0, 0, 0
L 3341.2000, 6103.0996, -3.7000, 3348.0999, 6093.2998, -3.8000, 0, 0, 0
L 3348.0999, 6093.2998, -3.8000, 3339.2000, 6087.0996, -3.8000, 0, 0, 0
L 3339.2000, 6087.0996, -3.8000, 3332.0000, 6097.1997, -3.8000, 0, 0, 0
L -917.0000, 3152.0000, -11.0000, -910.0000, 3158.0000, -11.0000, 178, 102, 255
L -930.0000, 3163.0000, -11.0000, -939.8000, 3154.3999, -11.0000, 178, 102, 255
L -791.0000, 3288.0000, 6.0000, -803.0000, 3294.0000, 3.0000, 155, 155, 155
