L -326.0, 2115.5, -22.5, -336.2, 2109.4, -22.5, 0, 0, 0
L -331.2, 2124.7, -21.7, -326.0, 2115.5, -21.9, 0, 0, 0
L -341.4, 2118.5, -21.9, -331.2, 2124.7, -21.7, 0, 0, 0
L -336.2, 2109.4, -22.5, -341.4, 2118.5, -22.3, 0, 0, 0
L -282.5, 2058.6, -24.8, -284.2, 2061.7, -24.7, 0, 0, 0
L -281.1, 2056.1, -24.9, -282.5, 2058.6, -24.8, 0, 0, 0
L -278.8, 2052.4, -24.9, -281.1, 2056.1, -24.9, 0, 0, 0
L -273.8, 2055.5, -24.9, -278.8, 2052.4, -25.0, 0, 0, 0
L -269.8, 2057.9, -24.9, -273.8, 2055.5, -24.9, 0, 0, 0
L -270.9, 2060.1, -24.7, -269.8, 2057.9, -24.8, 0, 0, 0
L -273.0, 2063.6, -24.6, -270.9, 2060.1, -24.7, 0, 0, 0
L -275.2, 2067.1, -24.6, -273.0, 2063.6, -24.6, 0, 0, 0
L -280.7, 2063.8, -24.6, -275.2, 2067.1, -24.6, 0, 0, 0
L -284.2, 2061.7, -24.6, -280.7, 2063.8, -24.6, 0, 0, 0
L -339.9, 2056.5, -24.9, -330.4, 2052.1, -24.9, 0, 0, 0
L -334.9, 2065.8, -24.5, -339.9, 2056.5, -24.6, 0, 0, 0
L -326.0, 2061.0, -24.5, -334.9, 2065.8, -24.5, 0, 0, 0
L -326.0, 2061.0, -24.6, -330.4, 2052.1, -25.0, 0, 0, 0
L -339.1, 2071.4, -24.3, -337.9, 2060.7, -24.4, 150, 150, 150
L -339.1, 2071.4, -24.2, -372.1, 2067.7, -24.4, 150, 150, 150
L -371.9, 2064.7, -25.0, -372.2, 2067.3, -24.9, 150, 150, 150
L -371.2, 2057.4, -25.3, -372.1, 2067.7, -25.0, 150, 150, 150
L -337.9, 2060.7, -24.6, -371.2, 2057.4, -25.3, 150, 150, 150
L -348.9, 2081.1, -23.9, -339.4, 2085.8, -23.8, 0, 0, 0
L -344.1, 2072.0, -24.2, -348.9, 2081.1, -23.9, 0, 0, 0
L -334.5, 2077.1, -24.0, -344.1, 2072.0, -24.2, 0, 0, 0
L -339.4, 2085.8, -23.7, -334.5, 2077.1, -24.0, 0, 0, 0
L -340.6, 2131.9, -21.8, -313.1, 2135.1, -20.4, 150, 150, 150
L -340.7, 2131.9, -21.8, -340.6, 2131.9, -21.8, 150, 150, 150
L -346.2, 2131.8, -22.2, -340.7, 2131.9, -21.8, 150, 150, 150
L -346.9, 2142.1, -22.1, -346.2, 2131.8, -22.2, 150, 150, 150
L -314.2, 2145.4, -19.3, -346.9, 2142.1, -22.1, 150, 150, 150
L -313.1, 2135.1, -20.1, -314.2, 2145.4, -19.3, 150, 150, 150
L -274.4, 2114.3, -22.6, -279.5, 2123.4, -21.7, 0, 0, 0
L -265.3, 2120.0, -22.0, -274.4, 2114.3, -22.6, 0, 0, 0
L -271.1, 2128.4, -21.2, -265.3, 2120.0, -22.0, 0, 0, 0
L -279.4, 2123.4, -21.7, -271.1, 2128.4, -21.2, 0, 0, 0
L -318.7, 2120.1, -21.9, -310.1, 2125.3, -21.7, 0, 0, 0
L -310.1, 2125.3, -21.3, -311.9, 2128.3, -21.2, 0, 0, 0
L -316.4, 2133.8, -20.5, -311.9, 2128.3, -21.1, 0, 0, 0
L -324.2, 2128.3, -21.1, -316.4, 2133.8, -20.5, 0, 0, 0
L -318.7, 2120.1, -21.9, -324.2, 2128.3, -21.1, 0, 0, 0
L -267.8, 2103.5, -23.0, -269.3, 2106.1, -22.9, 0, 0, 0
L -264.2, 2097.6, -23.3, -267.8, 2103.5, -23.0, 0, 0, 0
L -255.1, 2103.2, -23.1, -264.2, 2097.6, -23.3, 0, 0, 0
L -260.8, 2111.4, -22.7, -255.1, 2103.2, -23.1, 0, 0, 0
L -269.3, 2106.1, -22.9, -260.8, 2111.4, -22.7, 0, 0, 0
L -289.6, 2083.5, -23.8, -307.7, 2073.0, -24.2, 0, 0, 0
L -302.2, 2103.0, -23.0, -289.6, 2083.5, -23.8, 0, 0, 0
L -319.4, 2092.5, -23.4, -302.2, 2103.0, -23.0, 0, 0, 0
L -307.8, 2072.7, -24.2, -319.4, 2092.5, -23.4, 0, 0, 0
L -295.6, 2042.3, -25.4, -301.9, 2051.2, -25.3, 0, 0, 0
L -286.6, 2047.2, -25.3, -295.6, 2042.3, -25.4, 0, 0, 0
L -293.0, 2056.4, -24.9, -286.6, 2047.2, -25.3, 0, 0, 0
L -301.9, 2051.2, -25.1, -293.0, 2056.4, -24.9, 0, 0, 0
L -37.6, 1040.8, -26.5, -39.3, 1039.5, -26.5, 0, 0, 0
L -39.3, 1039.5, -26.5, -46.6, 1033.9, -26.5, 0, 0, 0
L -45.8, 1050.1, -26.5, -37.6, 1040.8, -26.3, 0, 0, 0
L -54.1, 1041.6, -26.5, -45.8, 1050.1, -26.5, 0, 0, 0
L -46.6, 1033.9, -26.5, -54.1, 1041.6, -26.5, 0, 0, 0
L -120.7, 1114.4, -26.5, -128.1, 1123.9, -26.9, 0, 0, 0
L -111.5, 1123.7, -27.4, -120.7, 1114.4, -26.5, 0, 0, 0
L -119.0, 1133.0, -28.6, -111.5, 1123.7, -27.4, 0, 0, 0
L -128.1, 1123.9, -27.6, -119.0, 1133.0, -28.6, 0, 0, 0
L -196.2, 1046.8, -29.5, -205.8, 1038.2, -29.6, 0, 0, 0
L -205.0, 1055.9, -29.6, -196.2, 1046.8, -29.5, 0, 0, 0
L -214.4, 1048.3, -29.4, -205.0, 1055.9, -29.6, 0, 0, 0
L -213.4, 1046.2, -30.5, -214.4, 1048.3, -29.4, 0, 0, 0
L -205.8, 1038.2, -30.1, -213.4, 1046.2, -30.5, 0, 0, 0
L -127.3, 969.3, -24.7, -137.2, 960.1, -24.4, 125, 125, 125
L -140.6, 1000.1, -25.9, -127.3, 969.3, -24.7, 125, 125, 125
L -144.8, 996.2, -25.8, -140.6, 1000.1, -25.9, 125, 125, 125
L -137.2, 960.1, -24.4, -144.8, 996.2, -25.8, 125, 125, 125
L 197.3, 344.8, -83.1, 208.8, 396.2, -82.4, 150, 150, 150
L 248.3, 333.7, -90.8, 197.3, 344.8, -83.1, 150, 150, 150
L 259.5, 384.7, -77.0, 248.3, 333.7, -90.8, 150, 150, 150
L 208.5, 395.9, -82.4, 259.5, 384.7, -77.0, 150, 150, 150
L -1322.0, 763.3, -30.6, -1323.0, 762.5, -30.4, 0, 0, 0
L -1279.7, 802.0, -38.1, -1322.2, 763.4, -30.5, 0, 0, 0
L -1185.4, 826.4, -49.7, -1279.7, 802.0, -38.1, 0, 0, 0
L -1176.9, 815.4, -51.8, -1185.4, 826.4, -49.7, 0, 0, 0
L -1148.3, 772.7, -50.4, -1176.9, 815.4, -51.8, 0, 0, 0
L -1143.2, 771.2, -50.4, -1148.3, 772.7, -50.4, 0, 0, 0
L -1077.7, 741.4, -41.2, -1143.2, 771.2, -50.4, 0, 0, 0
L -1072.9, 715.3, -38.7, -1077.7, 741.4, -41.2, 0, 0, 0
L -1069.7, 689.2, -32.2, -1072.9, 715.3, -38.7, 0, 0, 0
L -1033.5, 576.4, 11.1, -1069.7, 689.2, -32.2, 0, 0, 0
L -1082.7, 520.2, 27.7, -1033.5, 576.4, 11.1, 0, 0, 0
L -1178.5, 514.8, 24.9, -1082.7, 520.2, 27.7, 0, 0, 0
L -1204.0, 539.3, 10.7, -1178.5, 514.8, 24.9, 0, 0, 0
L -1246.3, 568.1, -6.0, -1204.0, 539.3, 10.7, 0, 0, 0
L -1283.1, 576.8, -25.7, -1246.3, 568.1, -6.0, 0, 0, 0
L -1320.6, 598.0, -26.2, -1283.1, 576.8, -25.7, 0, 0, 0
L -1338.7, 622.4, -27.1, -1320.6, 598.0, -26.2, 0, 0, 0
L -1358.8, 652.2, -26.5, -1338.7, 622.4, -27.1, 0, 0, 0
L -1354.9, 667.9, -26.5, -1358.8, 652.2, -26.5, 0, 0, 0
L -1351.3, 737.8, -26.5, -1354.9, 667.9, -26.5, 0, 0, 0
L -1323.0, 762.5, -30.4, -1351.3, 737.8, -26.5, 0, 0, 0
L -1281.3, 958.4, -25.4, -1441.9, 863.1, -18.6, 150, 150, 150
L -1105.9, 961.4, -33.0, -1281.3, 958.4, -25.4, 150, 150, 150
L -910.1, 864.0, -17.3, -1105.9, 961.4, -33.0, 150, 150, 150
L -645.2, 858.8, -44.8, -910.1, 864.0, -17.3, 150, 150, 150
L -546.2, 916.4, 28.5, -645.2, 858.8, -44.8, 150, 150, 150
L -335.2, 1002.8, -37.2, -546.2, 916.4, 28.5, 150, 150, 150
L -308.9, 967.2, -28.2, -335.2, 1002.8, -37.2, 150, 150, 150
L -246.6, 995.7, -28.1, -308.9, 967.2, -28.2, 150, 150, 150
L -69.2, 870.2, -6.0, -246.6, 995.7, -28.1, 150, 150, 150
L 282.8, 868.8, -22.0, -69.2, 870.2, -6.0, 150, 150, 150
L 353.7, 815.9, -46.1, 282.8, 868.8, -22.0, 150, 150, 150
L 401.0, 851.9, -44.6, 353.7, 815.9, -46.1, 150, 150, 150
L 584.9, 871.8, -27.0, 401.0, 851.9, -44.6, 150, 150, 150
L 655.5, 909.0, -23.4, 584.9, 871.8, -27.0, 150, 150, 150
L 827.1, 870.2, -22.0, 655.5, 909.0, -23.4, 150, 150, 150
L -56.9, -1517.1, 3.1, -269.8, -1515.9, 3.7, 199, 21, 133
L -1058.5, 3224.9, -26.2, -1136.3, 3209.8, -26.2, 0, 0, 0
L -997.4, 3155.1, -26.2, -1058.5, 3224.9, -26.2, 0, 0, 0
L -1092.9, 3077.5, -11.7, -997.4, 3155.1, -26.2, 0, 0, 0
L -1108.7, 3039.9, -7.9, -1092.9, 3077.5, -11.7, 0, 0, 0
L -1136.0, 3021.4, -22.0, -1108.7, 3039.9, -7.9, 0, 0, 0
L 829.0, 2895.4, 52.3, -1136.0, 3021.4, -22.0, 0, 0, 0
L 829.0, 833.4, -25.0, 829.0, 2895.4, 52.3, 0, 0, 0
L 730.8, 835.2, -26.3, 829.0, 833.4, -25.0, 0, 0, 0
L 673.6, 685.7, -26.5, 730.8, 835.2, -26.3, 0, 0, 0
L 641.6, 642.9, -26.3, 673.6, 685.7, -26.5, 0, 0, 0
L 652.3, 612.7, -26.1, 641.6, 642.9, -26.3, 0, 0, 0
L 668.4, 566.1, -26.5, 652.3, 612.7, -26.1, 0, 0, 0
L 654.6, 513.4, -25.1, 668.4, 566.1, -26.5, 0, 0, 0
L 653.1, 504.4, -22.4, 654.6, 513.4, -25.1, 0, 0, 0
L 707.6, 469.1, -11.2, 653.1, 504.4, -22.4, 0, 0, 0
L 728.4, 444.2, -17.5, 707.6, 469.1, -11.2, 0, 0, 0
L 750.1, 432.2, -23.9, 728.4, 444.2, -17.5, 0, 0, 0
L 719.3, 379.1, -14.4, 750.1, 432.2, -23.9, 0, 0, 0
L 742.2, 347.8, 19.6, 719.3, 379.1, -14.4, 0, 0, 0
L 771.0, 317.6, 54.6, 742.2, 347.8, 19.6, 0, 0, 0
L 777.1, 304.8, 51.3, 771.0, 317.6, 54.6, 0, 0, 0
L 810.5, 285.9, 50.4, 777.1, 304.8, 51.3, 0, 0, 0
L 803.3, 281.2, 43.8, 810.5, 285.9, 50.4, 0, 0, 0
L 802.7, 269.5, 34.6, 803.3, 281.2, 43.8, 0, 0, 0
L 776.5, 233.0, -4.0, 802.7, 269.5, 34.6, 0, 0, 0
L 777.5, 215.0, -16.5, 776.5, 233.0, -4.0, 0, 0, 0
L 810.9, 170.9, 7.6, 777.5, 215.0, -16.5, 0, 0, 0
L 812.0, 161.8, 2.5, 810.9, 170.9, 7.6, 0, 0, 0
L 809.0, 68.5, -33.6, 812.0, 161.8, 2.5, 0, 0, 0
L 817.4, 46.1, -25.0, 809.0, 68.5, -33.6, 0, 0, 0
L 828.5, -62.9, -7.7, 817.4, 46.1, -25.0, 0, 0, 0
L 776.5, -82.6, -20.9, 828.5, -62.9, -7.7, 0, 0, 0
L 765.2, -160.1, -23.8, 776.5, -82.6, -20.9, 0, 0, 0
L 755.4, -169.6, -26.5, 765.2, -160.1, -23.8, 0, 0, 0
L 719.4, -208.7, -26.5, 755.4, -169.6, -26.5, 0, 0, 0
L 751.0, -283.3, -26.4, 719.4, -208.7, -26.5, 0, 0, 0
L 761.3, -301.8, -23.8, 751.0, -283.3, -26.4, 0, 0, 0
L 807.7, -331.6, -15.0, 761.3, -301.8, -23.8, 0, 0, 0
L 829.0, -357.2, -22.1, 807.7, -331.6, -15.0, 0, 0, 0
L 825.6, -575.0, -20.6, 829.0, -357.2, -22.1, 0, 0, 0
L 829.0, -617.4, -28.7, 825.6, -575.0, -20.6, 0, 0, 0
L 788.0, -685.1, -25.7, 829.0, -617.4, -28.7, 0, 0, 0
L 781.9, -695.4, -21.3, 788.0, -685.1, -25.7, 0, 0, 0
L 797.0, -742.4, -4.4, 781.9, -695.4, -21.3, 0, 0, 0
L 800.0, -769.0, -3.5, 797.0, -742.4, -4.4, 0, 0, 0
L 807.1, -783.2, -5.7, 800.0, -769.0, -3.5, 0, 0, 0
L 815.0, -826.6, -35.8, 807.1, -783.2, -5.7, 0, 0, 0
L 818.9, -924.7, -0.0, 815.0, -826.6, -35.8, 0, 0, 0
L 812.7, -954.1, -4.0, 818.9, -924.7, -0.0, 0, 0, 0
L 818.7, -1016.5, -14.0, 812.7, -954.1, -4.0, 0, 0, 0
L 823.8, -1178.2, 20.4, 818.7, -1016.5, -14.0, 0, 0, 0
L 823.1, -1181.3, 21.3, 823.8, -1178.2, 20.4, 0, 0, 0
L 805.2, -1227.6, 20.6, 823.1, -1181.3, 21.3, 0, 0, 0
L 806.2, -1253.4, 6.1, 805.2, -1227.6, 20.6, 0, 0, 0
L 813.6, -1279.2, -13.3, 806.2, -1253.4, 6.1, 0, 0, 0
L 786.1, -1333.4, -8.5, 813.6, -1279.2, -13.3, 0, 0, 0
L 775.8, -1349.5, -4.7, 786.1, -1333.4, -8.5, 0, 0, 0
L 775.3, -1357.8, -6.8, 775.8, -1349.5, -4.7, 0, 0, 0
L 780.6, -1374.3, -2.1, 775.3, -1357.8, -6.8, 0, 0, 0
L 775.0, -1376.0, -1.7, 780.6, -1374.3, -2.1, 0, 0, 0
L 770.6, -1364.1, -4.9, 775.0, -1376.0, -1.7, 0, 0, 0
L 755.1, -1353.5, 7.2, 770.6, -1364.1, -4.9, 0, 0, 0
L 751.5, -1353.8, 9.3, 755.1, -1353.5, 7.2, 0, 0, 0
L 685.7, -1348.5, 10.4, 751.5, -1353.8, 9.3, 0, 0, 0
L 677.6, -1347.5, 9.5, 685.7, -1348.5, 10.4, 0, 0, 0
L 664.8, -1350.7, 5.9, 677.6, -1347.5, 9.5, 0, 0, 0
L 653.1, -1338.6, 3.3, 664.8, -1350.7, 5.9, 0, 0, 0
L 635.0, -1337.5, 14.2, 653.1, -1338.6, 3.3, 0, 0, 0
L 620.8, -1348.9, 23.4, 635.0, -1337.5, 14.2, 0, 0, 0
L 617.0, -1342.5, 25.8, 620.8, -1348.9, 23.4, 0, 0, 0
L 616.1, -1338.5, 26.4, 617.0, -1342.5, 25.8, 0, 0, 0
L 607.5, -1329.2, 32.0, 616.1, -1338.5, 26.4, 0, 0, 0
L 597.4, -1318.5, 26.3, 607.5, -1329.2, 32.0, 0, 0, 0
L 580.6, -1284.4, 4.1, 597.4, -1318.5, 26.3, 0, 0, 0
L 556.7, -1183.9, -47.5, 580.6, -1284.4, 4.1, 0, 0, 0
L 545.0, -1171.3, -38.2, 556.7, -1183.9, -47.5, 0, 0, 0
L 460.0, -1175.1, -3.6, 545.0, -1171.3, -38.2, 0, 0, 0
L 428.3, -1171.3, 0.9, 460.0, -1175.1, -3.6, 0, 0, 0
L 410.6, -1183.3, 2.0, 428.3, -1171.3, 0.9, 0, 0, 0
L 388.7, -1217.3, 23.2, 410.6, -1183.3, 2.0, 0, 0, 0
L 364.6, -1180.7, 9.1, 388.7, -1217.3, 23.2, 0, 0, 0
L 355.4, -1180.5, 10.5, 364.6, -1180.7, 9.1, 0, 0, 0
L 304.5, -1179.3, 25.6, 355.4, -1180.5, 10.5, 0, 0, 0
L 276.1, -1158.2, 32.8, 304.5, -1179.3, 25.6, 0, 0, 0
L 265.0, -1149.8, 29.5, 276.1, -1158.2, 32.8, 0, 0, 0
L 213.7, -1178.0, 42.7, 265.0, -1149.8, 29.5, 0, 0, 0
L 199.7, -1186.5, 46.6, 213.7, -1178.0, 42.7, 0, 0, 0
L 164.5, -1257.0, 73.2, 199.7, -1186.5, 46.6, 0, 0, 0
L 150.7, -1249.3, 70.2, 164.5, -1257.0, 73.2, 0, 0, 0
L 123.5, -1265.3, 75.6, 150.7, -1249.3, 70.2, 0, 0, 0
L 114.1, -1285.2, 78.3, 123.5, -1265.3, 75.6, 0, 0, 0
L 54.8, -1259.4, 74.5, 114.1, -1285.2, 78.3, 0, 0, 0
L 35.2, -1282.5, 81.2, 54.8, -1259.4, 74.5, 0, 0, 0
L -16.2, -1324.3, 31.4, 35.2, -1282.5, 81.2, 0, 0, 0
L -25.1, -1333.2, 20.6, -16.2, -1324.3, 31.4, 0, 0, 0
L -58.8, -1353.9, -3.4, -25.1, -1333.2, 20.6, 0, 0, 0
L -60.9, -1413.8, -26.3, -58.8, -1353.9, -3.4, 0, 0, 0
L -90.4, -1453.9, -9.3, -60.9, -1413.8, -26.3, 0, 0, 0
L -55.8, -1519.6, 3.1, -90.4, -1453.9, -9.3, 0, 0, 0
L 8.4, -1565.0, 1.6, -55.8, -1519.6, 3.1, 0, 0, 0
L -282.2, -1587.9, 3.8, -265.0, -1584.1, 3.4, 0, 0, 0
L -255.9, -1538.4, 3.3, -282.2, -1587.9, 3.8, 0, 0, 0
L -290.9, -1484.2, 3.5, -255.9, -1538.4, 3.3, 0, 0, 0
L -294.7, -1477.3, 2.1, -290.9, -1484.2, 3.5, 0, 0, 0
L -377.2, -1478.1, 5.8, -294.7, -1477.3, 2.1, 0, 0, 0
L -398.1, -1450.9, 1.0, -377.2, -1478.1, 5.8, 0, 0, 0
L -406.8, -1444.7, -0.5, -398.1, -1450.9, 1.0, 0, 0, 0
L -406.5, -1439.7, -1.2, -406.8, -1444.7, -0.5, 0, 0, 0
L -406.2, -1433.6, -0.5, -406.5, -1439.7, -1.2, 0, 0, 0
L -442.8, -1428.2, 23.5, -406.2, -1433.6, -0.5, 0, 0, 0
L -496.3, -1461.2, 45.2, -442.8, -1428.2, 23.5, 0, 0, 0
L -515.0, -1483.8, 49.6, -496.3, -1461.2, 45.2, 0, 0, 0
L -514.3, -1503.9, 43.7, -515.0, -1483.8, 49.6, 0, 0, 0
L -548.5, -1497.6, 62.6, -514.3, -1503.9, 43.7, 0, 0, 0
L -555.3, -1490.0, 60.7, -548.5, -1497.6, 62.6, 0, 0, 0
L -565.2, -1486.2, 65.2, -555.3, -1490.0, 60.7, 0, 0, 0
L -557.9, -1470.2, 64.0, -565.2, -1486.2, 65.2, 0, 0, 0
L -594.5, -1432.2, 53.1, -557.9, -1470.2, 64.0, 0, 0, 0
L -639.4, -1385.5, 14.5, -594.5, -1432.2, 53.1, 0, 0, 0
L -658.8, -1349.2, 8.7, -639.4, -1385.5, 14.5, 0, 0, 0
L -707.9, -1344.3, 10.9, -658.8, -1349.2, 8.7, 0, 0, 0
L -719.6, -1342.7, 9.6, -707.9, -1344.3, 10.9, 0, 0, 0
L -756.6, -1311.2, -0.7, -719.6, -1342.7, 9.6, 0, 0, 0
L -825.3, -1342.0, 4.7, -756.6, -1311.2, -0.7, 0, 0, 0
L -848.7, -1320.0, -4.7, -825.3, -1342.0, 4.7, 0, 0, 0
L -864.2, -1307.6, -8.8, -848.7, -1320.0, -4.7, 0, 0, 0
L -875.1, -1313.0, -7.0, -864.2, -1307.6, -8.8, 0, 0, 0
L -948.5, -1306.1, -3.9, -875.1, -1313.0, -7.0, 0, 0, 0
L -1003.9, -1298.3, -6.0, -948.5, -1306.1, -3.9, 0, 0, 0
L -1032.0, -1286.0, -7.4, -1003.9, -1298.3, -6.0, 0, 0, 0
L -1045.9, -1275.2, -16.9, -1032.0, -1286.0, -7.4, 0, 0, 0
L -1051.1, -1282.0, -11.6, -1045.9, -1275.2, -16.9, 0, 0, 0
L -1101.1, -1317.2, -9.0, -1051.1, -1282.0, -11.6, 0, 0, 0
L -1141.6, -1308.2, -29.2, -1101.1, -1317.2, -9.0, 0, 0, 0
L -1153.2, -1287.9, -43.3, -1141.6, -1308.2, -29.2, 0, 0, 0
L -1167.2, -1278.5, -44.0, -1153.2, -1287.9, -43.3, 0, 0, 0
L -1156.2, -1183.4, -64.4, -1167.2, -1278.5, -44.0, 0, 0, 0
L -1166.1, -1171.1, -45.9, -1156.2, -1183.4, -64.4, 0, 0, 0
L -1219.3, -1154.4, -11.6, -1166.1, -1171.1, -45.9, 0, 0, 0
L -1245.0, -1144.1, 1.9, -1219.3, -1154.4, -11.6, 0, 0, 0
L -1261.5, -1128.7, 28.7, -1245.0, -1144.1, 1.9, 0, 0, 0
L -1337.1, -1132.6, 28.0, -1261.5, -1128.7, 28.7, 0, 0, 0
L -1372.0, -1244.2, 4.2, -1337.1, -1132.6, 28.0, 0, 0, 0
L -1377.0, -1253.2, 2.3, -1372.0, -1244.2, 4.2, 0, 0, 0
L -1396.6, -1279.4, -2.4, -1377.0, -1253.2, 2.3, 0, 0, 0
L -1396.1, -1283.7, -3.7, -1396.6, -1279.4, -2.4, 0, 0, 0
L -1387.7, -1304.8, -4.8, -1396.1, -1283.7, -3.7, 0, 0, 0
L -1430.1, -1298.9, 0.8, -1387.7, -1304.8, -4.8, 0, 0, 0
L -1438.7, -1265.2, 4.5, -1430.1, -1298.9, 0.8, 0, 0, 0
L -1431.4, -1183.4, 5.7, -1438.7, -1265.2, 4.5, 0, 0, 0
L -1417.3, -1153.8, 10.1, -1431.4, -1183.4, 5.7, 0, 0, 0
L -1409.3, -1138.2, 12.1, -1417.3, -1153.8, 10.1, 0, 0, 0
L -1399.7, -1124.5, 14.4, -1409.3, -1138.2, 12.1, 0, 0, 0
L -1403.7, -1082.9, 13.5, -1399.7, -1124.5, 14.4, 0, 0, 0
L -1402.2, -1058.0, 7.1, -1403.7, -1082.9, 13.5, 0, 0, 0
L -1407.5, -1044.7, 2.5, -1402.2, -1058.0, 7.1, 0, 0, 0
L -1440.8, -976.9, -6.5, -1407.5, -1044.7, 2.5, 0, 0, 0
L -1441.4, -681.1, -26.5, -1440.8, -976.9, -6.5, 0, 0, 0
L -1434.7, -674.8, -26.5, -1441.4, -681.1, -26.5, 0, 0, 0
L -1386.0, -649.9, -26.3, -1434.7, -674.8, -26.5, 0, 0, 0
L -1378.1, -585.9, -26.5, -1386.0, -649.9, -26.3, 0, 0, 0
L -1376.2, -569.8, -26.2, -1378.1, -585.9, -26.5, 0, 0, 0
L -1331.6, -521.2, -25.7, -1376.2, -569.8, -26.2, 0, 0, 0
L -1341.0, -500.1, -25.0, -1331.6, -521.2, -25.7, 0, 0, 0
L -1374.3, -430.4, -20.2, -1341.0, -500.1, -25.0, 0, 0, 0
L -1382.6, -423.9, -19.5, -1374.3, -430.4, -20.2, 0, 0, 0
L -1412.0, -412.1, -6.8, -1382.6, -423.9, -19.5, 0, 0, 0
L -1411.8, -385.7, 1.5, -1412.0, -412.1, -6.8, 0, 0, 0
L -1409.6, -352.1, 7.0, -1411.8, -385.7, 1.5, 0, 0, 0
L -1405.7, -311.2, 8.8, -1409.6, -352.1, 7.0, 0, 0, 0
L -1407.6, -308.7, 9.3, -1405.7, -311.2, 8.8, 0, 0, 0
L -1388.4, -284.9, 7.7, -1407.6, -308.7, 9.3, 0, 0, 0
L -1350.3, -256.3, 9.0, -1388.4, -284.9, 7.7, 0, 0, 0
L -1361.3, -200.6, 24.6, -1350.3, -256.3, 9.0, 0, 0, 0
L -1361.5, -184.9, 23.8, -1361.3, -200.6, 24.6, 0, 0, 0
L -1329.3, -137.7, 19.7, -1361.5, -184.9, 23.8, 0, 0, 0
L -1347.9, -89.2, 5.3, -1329.3, -137.7, 19.7, 0, 0, 0
L -1361.6, -43.2, -12.9, -1347.9, -89.2, 5.3, 0, 0, 0
L -1381.8, -19.8, -25.7, -1361.6, -43.2, -12.9, 0, 0, 0
L -1423.1, 5.4, -26.2, -1381.8, -19.8, -25.7, 0, 0, 0
L -1415.3, 11.4, -26.3, -1423.1, 5.4, -26.2, 0, 0, 0
L -1398.8, 19.6, -26.2, -1415.3, 11.4, -26.3, 0, 0, 0
L -1380.3, 92.1, -26.5, -1398.8, 19.6, -26.2, 0, 0, 0
L -1398.1, 178.5, -26.3, -1380.3, 92.1, -26.5, 0, 0, 0
L -1390.8, 293.1, -24.2, -1398.1, 178.5, -26.3, 0, 0, 0
L -1430.6, 324.7, -14.9, -1390.8, 293.1, -24.2, 0, 0, 0
L -1443.5, 342.3, -19.0, -1430.6, 324.7, -14.9, 0, 0, 0
L -1443.5, 346.0, -19.5, -1443.5, 342.3, -19.0, 0, 0, 0
L -1425.8, 381.2, -20.2, -1443.5, 346.0, -19.5, 0, 0, 0
L -1443.6, 425.7, -26.5, -1425.8, 381.2, -20.2, 0, 0, 0
L -1443.8, 494.8, -26.5, -1443.6, 425.7, -26.5, 0, 0, 0
L -1424.3, 531.2, -26.4, -1443.8, 494.8, -26.5, 0, 0, 0
L -1443.9, 574.8, -26.5, -1424.3, 531.2, -26.4, 0, 0, 0
L -1442.1, 664.6, -26.5, -1443.9, 574.8, -26.5, 0, 0, 0
L -1389.4, 762.9, -26.5, -1442.1, 664.6, -26.5, 0, 0, 0
L -1424.4, 837.7, -26.3, -1389.4, 762.9, -26.5, 0, 0, 0
L -1433.0, 858.3, -22.4, -1424.4, 837.7, -26.3, 0, 0, 0
L -1444.5, 865.6, -23.8, -1433.0, 858.3, -22.4, 0, 0, 0
L -1444.5, 2012.1, -20.9, -1444.5, 865.6, -23.8, 0, 0, 0
L -1444.8, 2460.9, -26.4, -1444.5, 2012.1, -20.9, 0, 0, 0
L -1448.3, 2711.3, 1.9, -1444.8, 2460.9, -26.4, 0, 0, 0
L -1443.0, 2816.8, -26.1, -1448.3, 2711.3, 1.9, 0, 0, 0
L -1346.4, 2913.2, -5.4, -1443.0, 2816.8, -26.1, 0, 0, 0
L -1243.8, 3016.0, -26.1, -1346.4, 2913.2, -5.4, 0, 0, 0
L -1224.4, 3043.0, -25.4, -1243.8, 3016.0, -26.1, 0, 0, 0
L -1203.2, 3066.9, -26.1, -1224.4, 3043.0, -25.4, 0, 0, 0
L -1132.7, 3104.6, -26.2, -1203.2, 3066.9, -26.1, 0, 0, 0
L -1049.9, 3165.6, -26.2, -1132.7, 3104.6, -26.2, 0, 0, 0
L -1068.4, 3187.8, -26.2, -1049.9, 3165.6, -26.2, 0, 0, 0
L -1161.0, 3167.7, -24.4, -1068.4, 3187.8, -26.2, 0, 0, 0
L 210.9, 361.6, -80.1, 209.0, 353.3, -82.0, 0, 0, 0
L 209.0, 353.3, -82.0, 220.5, 350.8, -82.5, 0, 0, 0
L 220.5, 350.8, -82.5, 222.2, 358.3, -80.8, 0, 0, 0
L 222.2, 358.3, -80.8, 210.9, 361.6, -80.1, 0, 0, 0
L -474.2, -84.3, -26.3, -501.1, -52.5, -26.9, 0, 0, 0
L -501.1, -52.5, -26.9, -514.9, -63.8, -23.7, 0, 0, 0
L -514.9, -63.8, -23.7, -528.3, -75.2, -26.7, 0, 0, 0
L -528.3, -75.2, -26.7, -502.9, -104.6, -26.5, 0, 0, 0
L -502.9, -104.6, -26.5, -524.0, -95.4, -26.5, 0, 0, 0
L -524.0, -95.4, -26.5, -531.5, -111.5, -23.4, 0, 0, 0
L -531.5, -111.5, -23.4, -538.7, -127.7, -26.5, 0, 0, 0
L -538.7, -127.7, -26.5, -500.9, -144.6, -26.5, 0, 0, 0
L -483.8, -133.2, 0.5, -483.6, -132.8, 0.5, 0, 0, 0
L -485.8, -112.2, -26.5, -500.4, -106.5, -25.6, 0, 0, 0
L -535.2, -109.5, -25.7, -535.5, -110.1, -25.7, 0, 0, 0
L -543.1, -142.5, -26.5, -554.6, -135.7, -26.5, 0, 0, 0
L -554.6, -135.7, -26.5, -562.0, -147.4, -26.5, 0, 0, 0
L -562.0, -147.4, -26.5, -551.7, -153.9, -26.5, 0, 0, 0
L -502.8, -104.8, -26.5, -500.4, -106.5, -25.6, 0, 0, 0
L -462.2, -155.8, -26.5, -459.7, -197.3, -26.1, 0, 0, 0
L -459.7, -197.3, -26.1, -444.6, -196.6, -26.5, 0, 0, 0
L -444.6, -196.6, -26.5, -424.5, -195.9, -26.2, 0, 0, 0
L -424.5, -195.9, -26.2, -425.1, -183.3, -26.2, 0, 0, 0
L -425.1, -183.3, -26.2, -427.3, -166.5, -24.5, 0, 0, 0
L -427.3, -166.5, -24.5, -428.2, -154.0, -24.6, 0, 0, 0
L -128.2, 994.9, -25.7, -144.5, 1011.3, -26.3, 125, 125, 125
L -144.5, 1011.3, -26.3, -146.0, 1010.6, -26.4, 125, 125, 125
L -146.0, 1010.6, -26.4, -160.0, 1025.7, -27.4, 125, 125, 125
L -160.0, 1025.7, -27.4, -159.4, 1027.0, -27.4, 125, 125, 125
L -159.4, 1027.0, -27.4, -176.2, 1044.9, -28.3, 125, 125, 125
L -176.2, 1044.9, -28.3, -121.9, 1092.9, -26.5, 125, 125, 125
L -121.9, 1092.9, -26.5, -75.4, 1042.1, -26.5, 125, 125, 125
L -75.4, 1042.1, -26.5, -128.2, 995.3, -25.6, 125, 125, 125
L -141.2, 1043.0, 6.3, -142.3, 1042.1, 6.3, 0, 0, 0
L -142.3, 1042.1, 6.3, -128.4, 1026.8, 6.3, 0, 0, 0
L -128.4, 1026.8, 6.3, -127.2, 1027.6, 6.3, 0, 0, 0
L -127.2, 1027.6, 6.3, -126.1, 1026.6, 6.3, 0, 0, 0
L -126.1, 1026.6, 6.3, -108.1, 1043.1, 6.3, 0, 0, 0
L -108.1, 1043.1, 6.3, -123.9, 1060.8, 6.3, 0, 0, 0
L -123.9, 1060.8, 6.3, -142.2, 1044.1, 6.3, 0, 0, 0
L -142.2, 1044.1, 6.3, -141.3, 1042.9, 6.3, 0, 0, 0
L -1284.4, 1231.9, -25.6, -1293.2, 1229.7, -25.8, 0, 0, 0
L -1293.2, 1229.7, -25.8, -1301.1, 1234.3, -26.0, 0, 0, 0
L -1301.1, 1234.3, -26.0, -1303.6, 1242.8, -26.2, 0, 0, 0
L -1303.6, 1242.8, -26.2, -1299.3, 1251.1, -26.3, 0, 0, 0
L -1299.3, 1251.1, -26.3, -1290.2, 1253.9, -26.2, 0, 0, 0
L -1290.2, 1253.9, -26.2, -1288.3, 1253.2, -26.1, 0, 0, 0
L -1283.1, 1250.1, -26.0, -1281.7, 1249.1, -25.9, 0, 0, 0
L -1281.7, 1249.1, -25.9, -1279.5, 1239.7, -25.7, 0, 0, 0
L -1279.5, 1239.7, -25.7, -1284.2, 1232.1, -25.6, 0, 0, 0
L -1270.6, 1274.1, -26.2, -1269.1, 1273.9, -26.2, 0, 0, 0
L -1269.1, 1273.9, -26.2, -1261.4, 1279.3, -26.1, 0, 0, 0
L -1261.4, 1279.3, -26.1, -1259.8, 1288.6, -26.3, 0, 0, 0
L -1259.8, 1288.6, -26.3, -1265.3, 1296.2, -26.5, 0, 0, 0
L -1265.3, 1296.2, -26.5, -1274.1, 1297.7, -26.5, 0, 0, 0
L -1274.1, 1297.7, -26.5, -1281.7, 1292.7, -26.5, 0, 0, 0
L -1281.7, 1292.7, -26.5, -1283.7, 1283.6, -26.5, 0, 0, 0
L -1283.7, 1283.6, -26.5, -1278.4, 1275.5, -26.4, 0, 0, 0
L -1278.4, 1275.5, -26.4, -1276.4, 1275.0, -26.3, 0, 0, 0
L -1361.7, 1246.5, -26.5, -1359.9, 1248.6, -26.5, 0, 0, 0
L -1359.9, 1248.6, -26.5, -1344.3, 1250.3, -26.5, 0, 0, 0
L -1344.3, 1250.3, -26.5, -1332.6, 1240.5, -26.5, 0, 0, 0
L -1332.6, 1240.5, -26.5, -1331.4, 1224.6, -26.4, 0, 0, 0
L -1331.4, 1224.6, -26.4, -1341.0, 1213.1, -26.4, 0, 0, 0
L -1341.0, 1213.1, -26.4, -1355.9, 1211.6, -26.5, 0, 0, 0
L -1355.9, 1211.6, -26.5, -1367.9, 1221.3, -26.5, 0, 0, 0
L -1367.9, 1221.3, -26.5, -1369.6, 1237.0, -26.5, 0, 0, 0
L -1369.6, 1237.0, -26.5, -1368.1, 1238.7, -26.5, 0, 0, 0
L -1383.8, 1233.3, -26.5, -1380.8, 1232.0, -26.5, 0, 0, 0
L -1380.8, 1232.0, -26.5, -1374.8, 1217.6, -26.5, 0, 0, 0
L -1374.8, 1217.6, -26.5, -1380.4, 1203.9, -26.5, 0, 0, 0
L -1380.4, 1203.9, -26.5, -1394.5, 1197.6, -26.5, 0, 0, 0
L -1394.5, 1197.6, -26.5, -1409.3, 1203.3, -26.5, 0, 0, 0
L -1409.3, 1203.3, -26.5, -1415.3, 1217.8, -26.5, 0, 0, 0
L -1415.3, 1217.8, -26.5, -1409.7, 1231.2, -26.5, 0, 0, 0
L -1409.7, 1231.2, -26.5, -1395.4, 1237.8, -26.5, 0, 0, 0
L -1395.4, 1237.8, -26.5, -1393.3, 1237.0, -26.5, 0, 0, 0
L -1399.9, 1263.9, -26.5, -1402.0, 1263.0, -26.5, 0, 0, 0
L -1402.0, 1263.0, -26.5, -1416.5, 1267.9, -26.5, 0, 0, 0
L -1416.5, 1267.9, -26.5, -1423.4, 1282.0, -26.5, 0, 0, 0
L -1423.4, 1282.0, -26.5, -1418.0, 1296.8, -26.5, 0, 0, 0
L -1418.0, 1296.8, -26.5, -1404.2, 1303.0, -26.5, 0, 0, 0
L -1404.2, 1303.0, -26.5, -1390.0, 1297.8, -26.5, 0, 0, 0
L -1390.0, 1297.8, -26.5, -1383.2, 1283.7, -26.5, 0, 0, 0
L -1383.2, 1283.7, -26.5, -1388.5, 1269.2, -26.5, 0, 0, 0
L -1388.5, 1269.2, -26.5, -1391.1, 1267.9, -26.5, 0, 0, 0
L -506.0, -180.4, -26.5, -530.0, -214.5, -25.9, 0, 0, 0
L -530.0, -214.5, -25.9, -528.1, -217.4, -25.9, 0, 0, 0
L -528.1, -217.4, -25.9, -515.8, -224.4, -25.7, 0, 0, 0
L -515.8, -224.4, -25.7, -506.7, -232.7, -25.6, 0, 0, 0
L -506.7, -232.7, -25.6, -501.8, -233.9, -25.5, 0, 0, 0
L -501.8, -233.9, -25.5, -477.5, -201.5, -26.2, 0, 0, 0
L -1317.0, 129.2, -26.5, -1312.7, 127.2, -26.5, 0, 0, 0
L -1312.7, 127.2, -26.5, -1320.7, 108.9, -26.5, 0, 0, 0
L -1320.7, 108.9, -26.5, -1339.1, 117.2, -26.5, 0, 0, 0
L -1339.1, 117.2, -26.5, -1330.6, 135.5, -26.5, 0, 0, 0
L -1330.6, 135.5, -26.5, -1325.4, 133.3, -26.5, 0, 0, 0
L -1329.8, 156.7, -26.5, -1330.9, 151.5, -26.5, 0, 0, 0
L -1330.9, 151.5, -26.5, -1351.0, 155.7, -26.5, 0, 0, 0
L -1351.0, 155.7, -26.5, -1346.7, 175.7, -26.5, 0, 0, 0
L -1346.7, 175.7, -26.5, -1326.9, 171.5, -26.5, 0, 0, 0
L -1326.9, 171.5, -26.5, -1327.8, 166.1, -26.5, 0, 0, 0
L -1394.4, -1201.2, 11.4, -1390.1, -1203.5, 12.1, 0, 0, 0
L -1390.1, -1203.5, 12.1, -1398.6, -1220.6, 10.7, 0, 0, 0
L -1398.6, -1220.6, 10.7, -1416.5, -1212.5, 8.0, 0, 0, 0
L -1416.5, -1212.5, 8.0, -1407.7, -1194.4, 9.3, 0, 0, 0
L -1407.7, -1194.4, 9.3, -1402.6, -1196.7, 10.1, 0, 0, 0
L 692.9, -120.2, -26.5, 694.4, -115.5, -26.5, 0, 0, 0
L 694.4, -115.5, -26.5, 714.0, -121.5, -26.5, 0, 0, 0
L 714.0, -121.5, -26.5, 707.7, -141.0, -26.5, 0, 0, 0
L 707.7, -141.0, -26.5, 688.5, -134.8, -26.5, 0, 0, 0
L 688.5, -134.8, -26.5, 690.0, -129.2, -26.5, 0, 0, 0
L 692.6, -73.3, -27.8, 689.4, -69.5, -28.3, 0, 0, 0
L 689.4, -69.5, -28.3, 705.6, -55.5, -29.9, 0, 0, 0
L 705.6, -55.5, -29.9, 717.9, -71.3, -28.1, 0, 0, 0
L 717.9, -71.3, -28.1, 702.8, -84.5, -26.5, 0, 0, 0
L 702.8, -84.5, -26.5, 699.3, -81.0, -26.9, 0, 0, 0
L 778.8, 1238.1, -26.5, 777.9, 1240.1, -26.5, 0, 0, 0
L 777.9, 1240.1, -26.5, 781.9, 1248.7, -26.5, 0, 0, 0
L 781.9, 1248.7, -26.5, 790.4, 1251.9, -26.5, 0, 0, 0
L 790.4, 1251.9, -26.5, 799.5, 1247.8, -26.5, 0, 0, 0
L 799.5, 1247.8, -26.5, 802.4, 1238.9, -26.5, 0, 0, 0
L 802.4, 1238.9, -26.5, 798.4, 1230.4, -26.5, 0, 0, 0
L 798.4, 1230.4, -26.5, 789.9, 1227.4, -26.5, 0, 0, 0
L 789.9, 1227.4, -26.5, 781.3, 1231.2, -26.5, 0, 0, 0
L 781.3, 1231.2, -26.5, 780.7, 1232.5, -26.5, 0, 0, 0
L 758.2, 1240.7, -26.5, 756.9, 1239.8, -26.5, 0, 0, 0
L 756.9, 1239.8, -26.5, 747.0, 1241.9, -26.5, 0, 0, 0
L 747.0, 1241.9, -26.5, 742.3, 1249.5, -26.5, 0, 0, 0
L 742.3, 1249.5, -26.5, 744.3, 1258.8, -26.5, 0, 0, 0
L 744.3, 1258.8, -26.5, 751.8, 1263.7, -26.5, 0, 0, 0
L 751.8, 1263.7, -26.5, 761.2, 1262.0, -26.5, 0, 0, 0
L 761.2, 1262.0, -26.5, 766.4, 1254.3, -26.5, 0, 0, 0
L 766.4, 1254.3, -26.5, 764.6, 1244.9, -26.5, 0, 0, 0
L 764.6, 1244.9, -26.5, 763.3, 1244.0, -26.5, 0, 0, 0
L 805.4, 2063.3, -34.9, 803.9, 2064.9, -35.1, 0, 0, 0
L 803.9, 2064.9, -35.1, 805.3, 2074.1, -35.4, 0, 0, 0
L 805.3, 2074.1, -35.4, 812.3, 2079.6, -36.7, 0, 0, 0
L 812.3, 2079.6, -36.7, 822.0, 2078.9, -37.6, 0, 0, 0
L 822.0, 2078.9, -37.6, 827.4, 2071.3, -36.2, 0, 0, 0
L 827.4, 2071.3, -36.2, 826.1, 2061.8, -34.5, 0, 0, 0
L 826.1, 2061.8, -34.5, 818.4, 2056.2, -33.5, 0, 0, 0
L 818.4, 2056.2, -33.5, 809.8, 2057.6, -33.8, 0, 0, 0
L 809.8, 2057.6, -33.8, 808.8, 2058.5, -34.0, 0, 0, 0
L -479.2, 1294.4, -26.5, -476.5, 1296.0, -26.5, 0, 0, 0
L -476.5, 1296.0, -26.5, -461.7, 1293.6, -26.5, 0, 0, 0
L -461.7, 1293.6, -26.5, -452.5, 1281.1, -26.5, 0, 0, 0
L -452.5, 1281.1, -26.5, -455.0, 1265.6, -26.5, 0, 0, 0
L -455.0, 1265.6, -26.5, -467.3, 1257.1, -26.5, 0, 0, 0
L -467.3, 1257.1, -26.5, -482.5, 1259.5, -26.5, 0, 0, 0
L -482.5, 1259.5, -26.5, -491.8, 1272.5, -26.5, 0, 0, 0
L -491.8, 1272.5, -26.5, -488.7, 1287.5, -26.5, 0, 0, 0
L -488.7, 1287.5, -26.5, -487.0, 1288.6, -26.5, 0, 0, 0
L -494.6, 1336.5, -26.5, -497.6, 1336.7, -26.5, 0, 0, 0
L -497.6, 1336.7, -26.5, -507.6, 1348.4, -26.5, 0, 0, 0
L -507.6, 1348.4, -26.5, -506.4, 1363.3, -26.1, 0, 0, 0
L -506.4, 1363.3, -26.1, -495.1, 1373.6, -26.2, 0, 0, 0
L -495.1, 1373.6, -26.2, -479.7, 1373.0, -26.5, 0, 0, 0
L -479.7, 1373.0, -26.5, -469.5, 1361.6, -26.5, 0, 0, 0
L -469.5, 1361.6, -26.5, -470.2, 1346.0, -26.5, 0, 0, 0
L -470.2, 1346.0, -26.5, -481.7, 1335.8, -26.5, 0, 0, 0
L -481.7, 1335.8, -26.5, -484.6, 1335.9, -26.5, 0, 0, 0
L -1373.6, 1753.2, -21.8, -1372.7, 1751.4, -21.7, 0, 0, 0
L -1372.7, 1751.4, -21.7, -1374.9, 1742.5, -21.3, 0, 0, 0
L -1374.9, 1742.5, -21.3, -1382.8, 1737.5, -21.3, 0, 0, 0
L -1382.8, 1737.5, -21.3, -1391.9, 1739.5, -21.8, 0, 0, 0
L -1391.9, 1739.5, -21.8, -1397.0, 1747.5, -22.4, 0, 0, 0
L -1397.0, 1747.5, -22.4, -1394.7, 1757.0, -22.8, 0, 0, 0
L -1394.7, 1757.0, -22.8, -1386.4, 1761.9, -22.8, 0, 0, 0
L -1386.4, 1761.9, -22.8, -1377.3, 1759.3, -22.3, 0, 0, 0
L -1377.3, 1759.3, -22.3, -1376.6, 1758.1, -22.2, 0, 0, 0
L -787.9, 2064.7, -24.6, -784.9, 2064.1, -24.6, 0, 0, 0
L -784.9, 2064.1, -24.6, -776.3, 2051.0, -25.1, 0, 0, 0
L -776.3, 2051.0, -25.1, -779.5, 2036.0, -25.7, 0, 0, 0
L -779.5, 2036.0, -25.7, -793.4, 2027.0, -26.0, 0, 0, 0
L -793.4, 2027.0, -26.0, -808.1, 2030.9, -25.9, 0, 0, 0
L -808.1, 2030.9, -25.9, -816.2, 2044.8, -25.4, 0, 0, 0
L -816.2, 2044.8, -25.4, -812.9, 2058.7, -25.0, 0, 0, 0
L -812.9, 2058.7, -25.0, -799.4, 2067.5, -24.6, 0, 0, 0
L -799.4, 2067.5, -24.6, -796.9, 2066.8, -24.6, 0, 0, 0
L -800.5, 2082.2, -24.3, -804.4, 2082.3, -24.4, 0, 0, 0
L -804.4, 2082.3, -24.4, -815.7, 2091.1, -24.4, 0, 0, 0
L -815.7, 2091.1, -24.4, -817.5, 2107.2, -24.2, 0, 0, 0
L -817.5, 2107.2, -24.2, -808.1, 2118.8, -23.8, 0, 0, 0
L -808.1, 2118.8, -23.8, -792.8, 2120.5, -23.4, 0, 0, 0
L -792.8, 2120.5, -23.4, -781.2, 2111.4, -23.4, 0, 0, 0
L -781.2, 2111.4, -23.4, -779.0, 2096.2, -23.6, 0, 0, 0
L -779.0, 2096.2, -23.6, -788.6, 2083.6, -24.1, 0, 0, 0
L -788.6, 2083.6, -24.1, -790.5, 2083.5, -24.1, 0, 0, 0
L -1297.1, 2409.1, -26.5, -1295.9, 2407.9, -26.5, 0, 0, 0
L -1295.9, 2407.9, -26.5, -1295.6, 2398.5, -26.5, 0, 0, 0
L -1295.6, 2398.5, -26.5, -1302.2, 2391.6, -26.5, 0, 0, 0
L -1302.2, 2391.6, -26.5, -1311.2, 2391.5, -26.5, 0, 0, 0
L -1311.2, 2391.5, -26.5, -1317.9, 2397.7, -26.5, 0, 0, 0
L -1317.9, 2397.7, -26.5, -1318.4, 2406.7, -26.5, 0, 0, 0
L -1318.4, 2406.7, -26.5, -1312.0, 2414.1, -26.5, 0, 0, 0
L -1312.0, 2414.1, -26.5, -1302.6, 2414.3, -26.5, 0, 0, 0
L -1302.6, 2414.3, -26.5, -1300.9, 2412.9, -26.5, 0, 0, 0
L -1305.4, 2429.3, -26.2, -1305.6, 2429.3, -26.2, 0, 0, 0
L -1305.6, 2429.3, -26.2, -1306.3, 2427.7, -26.3, 0, 0, 0
L -1306.3, 2427.7, -26.3, -1315.2, 2424.4, -26.3, 0, 0, 0
L -1315.2, 2424.4, -26.3, -1324.1, 2429.2, -26.2, 0, 0, 0
L -1324.1, 2429.2, -26.2, -1326.8, 2437.3, -26.1, 0, 0, 0
L -1326.8, 2437.3, -26.1, -1322.8, 2445.8, -26.1, 0, 0, 0
L -1322.8, 2445.8, -26.1, -1314.2, 2448.8, -25.9, 0, 0, 0
L -1314.2, 2448.8, -25.9, -1305.7, 2444.9, -25.9, 0, 0, 0
L -1305.7, 2444.9, -25.9, -1302.4, 2436.2, -26.1, 0, 0, 0
L -1302.4, 2436.2, -26.1, -1303.0, 2434.3, -26.1, 0, 0, 0
L -1100.5, 3180.9, -26.2, -1100.6, 3216.5, -26.2, 199, 21, 133
