P 16.0000, 45.0000, 0.0000, 255, 0, 0, 3, to_The_Grey
P 500.0000, 900.0000, -259.0000, 255, 0, 0, 3, to_The_Deep
P -0.0000, -0.0000, 1.8125, 240, 0, 0, 2, Succor
P 290.0434, 538.2909, -259.9978, 128, 0, 128, 2, Forge
P -323.7170, 129.5183, -7.9979, 255, 255, 0, 2, Trap
P -234.3993, 298.8718, 8.0019, 255, 255, 0, 2, Locked_Door_(210_Picklock)
P -350.0000, 200.0000, 0.0000, 255, 255, 0, 2, Locked_Door_(210_Picklock)
P 137.6529, -241.5490, -226.9979, 255, 255, 0, 2, Locked_Door_(210_Picklock)
P -78.3597, 42.8019, 129.0018, 255, 255, 0, 2, Locked_Door_(210_Picklock,Zherozsh_Key)
P -517.4329, -220.6570, 129.0018, 255, 255, 0, 2, Locked_Door_(210_Picklock,Zazuzh_Key)
P -250.0000, -250.0000, 0.0000, 255, 255, 0, 2, to_Second_Floor
P 0.0000, 450.0000, 0.0000, 255, 255, 0, 2, to_Second_Floor
P -512.3942, 11.3950, -250.9978, 255, 255, 0, 2, to_First_Floor
P -569.8767, 10.7999, 6.4070, 255, 255, 0, 2, to_Basement
P 374.0000, 946.0000, -259.9968, 240, 240, 0, 2, Click_rock_wall_to_enter_basement
P -368.0025, -3.9648, 129.0018, 240, 240, 0, 2, Fake_Wall
P -76.5162, 39.3592, 247.5018, 240, 240, 0, 2, Trap
P -75.5482, -33.3644, 247.5018, 240, 240, 0, 2, Trap
P -74.8030, -3.0344, 247.5018, 240, 240, 0, 2, Trap
P -209.2599, 7.8263, 247.5018, 240, 240, 240, 2, Jail_Cells
P -341.5271, -40.0607, 247.5018, 240, 240, 0, 2, Trap
P -425.9848, -186.9565, 255.0016, 240, 240, 0, 2, Trap
P -415.2939, -186.6459, 255.0017, 240, 240, 0, 2, Trap
P -900.0000, -400.0000, -259.0000, 102, 0, 204, 2, Basement
P -900.0000, -300.0000, -7.0000, 0, 0, 0, 2, First_Floor
P -900.0000, -200.0000, 129.0000, 0, 204, 204, 2, Second_Floor
P -900.0000, -100.0000, 256.0000, 0, 204, 0, 2, Third_Floor
P -625.0000, -220.0000, 250.0000, 240, 240, 0, 2, to_Second_Floor
P -100.0000, 200.0000, 250.0000, 240, 240, 0, 2, to_Second_Floor
P -625.0000, -220.0000, 150.0000, 240, 240, 0, 2, to_Third_Floor
P -100.0000, 200.0000, 150.0000, 240, 240, 0, 2, to_Third_Floor
P -236.1656, -190.2243, 139.5613, 240, 240, 0, 2, to_First_Floor
P 0.0000, 450.0000, 150.0000, 240, 240, 0, 2, to_First_Floor
P -235.0744, 308.3920, 8.0019, 240, 240, 0, 2, Fake_Wall
P -235.7667, 449.8905, 22.7353, 240, 240, 0, 2, to_Third_Floor
P -224.6144, 447.5077, 144.5285, 240, 240, 0, 2, no_tube_entrance_on_Second_Floor
P -237.1105, 561.2041, 266.0017, 240, 240, 0, 2, Locked_Door_(210_Pickable)
P -233.8951, 677.5998, 266.0017, 240, 240, 0, 2, Locked_Door_(210_Pickable)
P -234.8220, 861.4101, 280.6953, 240, 240, 0, 2, Portal_to_Emperor
P -622.1197, 324.0910, 400.0017, 240, 240, 0, 2, Emperor_Portal_(one-way_from_source)
P -891.9282, 325.2625, 399.5017, 240, 240, 240, 2, Emperor_Room
P -547.6933, 253.6380, -5.9979, 240, 240, 0, 2, Fake_Wall
P -262.1319, -406.1537, -253.3940, 240, 240, 240, 2, Well
P -550.0000, 375.0000, 0.0000, 0, 0, 0, 2, Rhag`Zhezum
P 212.9536, -135.7905, -186.7901, 0, 0, 0, 2, Rhozth_Ssrakezh
P -625.0000, 260.0000, 150.0000, 0, 0, 0, 2, Rhag`Mozdezh
P -668.3960, -483.6781, -259.9977, 0, 0, 0, 2, Taskmaster_Revan`Kezh
P 127.8337, -480.4810, -259.9977, 0, 0, 0, 2, Taskmaster_Zhe`Vozh
P 212.4261, 154.2589, -186.7389, 0, 0, 0, 2, Rhozth_Ssravich
P 125.4606, -529.8946, -259.4978, 0, 0, 0, 2, Elder_Glanoxx
P -137.8831, -13.7980, -259.9977, 0, 0, 0, 2, Taskmaster_Vezhkah_(Roam)
P -128.9919, 335.7497, -259.9977, 0, 0, 0, 2, Warden_Mekuzh
P -131.6234, 490.1463, -248.9978, 0, 0, 0, 2, Taskmaster_Keuzozh
P 131.2293, 482.6382, -248.9978, 0, 0, 0, 2, Taskmaster_Kavamezh
P -382.6750, 480.6065, -248.9978, 0, 0, 0, 2, Taskmaster_Mikazha
P -592.3009, 487.2251, -248.9978, 0, 0, 0, 2, Taskmaster_Zerumaz
P -450.0000, 150.0000, 250.0000, 240, 127, 0, 2, Arch_Lich_Rhag`Zadune_(Raid)
P -77.1438, -399.2145, 254.8766, 240, 127, 0, 2, High_Priest_of_Ssraeshza_(Raid)
P -250.0000, -250.0000, 250.0000, 240, 127, 0, 2, Xerkizh_the_Creator_(Raid)
P 176.7926, 155.0574, -195.8416, 127, 64, 0, 2, Acolyte_Wivlx_(Hunter)
P -109.8929, 909.5171, 266.0016, 127, 64, 0, 2, Advisor_Zekuzh_(Hunter)
P -1004.0000, 380.0000, 420.0000, 240, 127, 0, 2, Emperor_Ssraeshza_(Raid)
P 26.0000, 17.0000, -251.0000, 240, 127, 0, 2, Vyzh`dra_the_Cursed_(Raid)
P -109.0000, 909.0000, 266.0000, 127, 64, 0, 2, Arbiter_Korzhk_(Hunter)
P -18.0000, 508.0000, 13.0000, 127, 64, 0, 2, Commander_Zazuzh_(Hunter)
P -234.6592, 701.3313, 137.0008, 127, 64, 0, 2, Commander_Zherozsh_(Hunter)
P 45.2313, 271.7659, 8.0019, 127, 64, 0, 2, Commander_Zazuzh_(Hunter)
P 19.0000, 773.0000, -247.0000, 127, 64, 0, 2, Spiritward_Trilzic_(Hunter)
P 109.0000, 128.0000, 8.0000, 127, 64, 0, 2, Commander_Zherozsh_(Hunter)
P -18.0899, 1171.2808, -259.9978, 128, 64, 0, 2, Clati_Soriz_(Hunter)
P 82.1862, 499.6489, -248.9978, 127, 64, 0, 2, Defiler_Juzlix_(Hunter)
P 32.3921, 113.0764, -226.9978, 127, 64, 0, 2, Defiler_Juzlix_(Hunter)
P 251.4994, -133.3233, -194.4655, 127, 64, 0, 2, Discipline_Yelwinz_(Hunter)
P -108.2906, 778.7873, 266.0017, 127, 64, 0, 2, General_Kizuhx_(Hunter)
P -158.9976, 751.8285, -259.9978, 128, 64, 0, 2, Granic_Obulus_(Hunter)
P 265.7072, -145.4745, -257.8415, 127, 64, 0, 2, Guard_Sklinus_(Hunter)
P 140.1942, 772.1339, -259.9978, 128, 64, 0, 2, Hilog_Jarsath_(Hunter)
P 281.0767, 994.5434, -259.9978, 128, 64, 0, 2, Kalin_Nathsar_(Hunter)
P 52.1953, 1004.5894, -259.9978, 128, 64, 0, 2, Nerla_Kunzar_(Hunter)
P -66.2589, 1041.2332, -259.9978, 128, 64, 0, 2, Rutin_Kylong_(Hunter)
P -213.7112, 272.1971, -0.9979, 128, 64, 0, 2, Shissar_Assassin_(Hunter)
P -462.1627, -149.0622, -7.8416, 127, 64, 0, 2, The_Shissar_Magister_(Hunter)
P -726.0148, 210.9481, -7.9979, 128, 64, 0, 2, Zhroushe_Mezhkazh_(Hunter)
P -604.2867, 280.6505, 144.5018, 240, 240, 240, 2, Treasure_Room
