P -2203.8545, -579.7638, -113.2490, 255, 0, 0, 3, to_The_Lesser_Faydark
P -527.3383, 2058.1443, -111.1240, 255, 0, 0, 3, to_Ak`Anon
P -927.0610, 1358.1802, -111.6722, 255, 0, 0, 3, to_The_Plane_of_Knowledge_(Click_Book)
P -1667.8954, 1779.1930, -111.8179, 255, 0, 0, 2, Druid_Ring
P 1844.0017, 1515.0017, -110.9307, 0, 128, 0, 2, Finkel_(Baking)
P -1655.0000, 1750.0000, -111.4730, 0, 128, 0, 2, Crisyn_(Spells)
P 618.0054, -43.0000, -108.8909, 0, 128, 0, 2, Godbin_(Smithing)
P 661.0129, -79.0000, -108.8909, 0, 128, 0, 2, Clockwork_(Fletching)
P 660.0072, -100.0000, -108.8909, 0, 128, 0, 2, Clockwork_(Fletching)
P 875.0077, -175.0000, -110.9506, 0, 128, 0, 2, Bom_(Tinkering)
P -429.0000, 1623.0071, -110.9310, 0, 128, 0, 2, Oren_(Baking)
P -337.0000, 1786.0049, -110.9310, 0, 128, 0, 2, Glen_(Merchant)
P -666.0000, 1787.0000, -109.8345, 0, 128, 0, 2, Fodin_(Smithing)
P -829.0000, 1696.0050, -110.9310, 0, 128, 0, 2, Freed_(Tailoring)
P -561.9344, 833.0000, -120.3238, 0, 0, 0, 2, Halv_(Guard)
P -556.0000, 1378.0061, -111.9049, 0, 0, 0, 2, Dreeb_(Guard)
P -570.0000, 1861.0049, -111.9048, 0, 0, 0, 2, Prynn_(Guard)
P -545.0000, 1861.0071, -111.9048, 0, 0, 0, 2, Prenn_(Guard)