P 1522.0000, 4196.0000, -380.0000, 255, 0, 0, 3, to_The_Gulf_of_Gunthak
P -2919.0000, 3724.0000, -39.0000, 255, 0, 0, 3, to_The_Warrens
P 1643.0000, 3428.0000, 0.0000, 255, 0, 0, 2, Succor
P 495.0000, -1349.0000, 1025.0000, 128, 0, 128, 2, Oven
P 562.0000, -1389.0000, 1025.0000, 128, 0, 128, 2, Pottery_Wheel
P 594.0000, -1354.0000, 1025.0000, 128, 0, 128, 2, Forge
P 525.0000, -1353.0000, 1025.0000, 128, 0, 128, 2, Kiln
P 586.0000, -1381.0000, 1025.0000, 0, 128, 0, 2, Kalaaro_(Smithing)
P 579.0000, -1390.0000, 1025.0000, 0, 128, 0, 2, Kevar_(Smithing)
P 536.0000, -1391.0000, 1025.0000, 0, 128, 0, 2, Jaimiou_(Pottery)
P 490.0000, -1348.0000, 1025.0000, 0, 128, 0, 2, Chef_Stead_(Baking)
P 3424.0000, 4399.0000, -186.0000, 0, 0, 0, 2, Wejnir_D`Vir
P 3413.0000, 4440.0000, -186.0000, 0, 0, 0, 2, Cedric_Trallus
P 3330.0000, -3818.0000, 0.0000, 255, 255, 255, 2, The_Waterfall
P -2033.0000, -476.0000, 0.0000, 255, 255, 255, 2, Knobbly-Top
P 481.0000, -2018.0000, 0.0000, 255, 255, 255, 2, Mt._Klaw
P -3284.0000, 3899.0000, -9.0000, 255, 255, 255, 2, Safe_Camp_Spot
P 1003.0000, -3761.0000, 1169.0000, 255, 255, 255, 2, Highland_Kobold_Camp
P 645.0000, -3033.0000, 1120.0000, 255, 255, 255, 2, Graniteback_Ridge
P -3011.0000, -3773.0000, 1194.0000, 255, 255, 255, 2, Highland_/_Raging_Kobold_Camp
P -2137.0000, 3821.0000, -40.0000, 255, 255, 255, 2, Savage_Kobold_Camp
P -3307.0000, 4187.0000, -47.0000, 255, 255, 255, 2, Burly_Kobold_Camp
P -1180.0000, 4790.0000, -46.0000, 255, 255, 255, 2, Ferocious_Kobold_Camp
P 2725.0000, 635.0000, 358.0000, 255, 255, 255, 2, Raging_Kobold_Camp
P 482.3396, -1286.1929, 1024.1177, 240, 240, 240, 2, Town_of_Kejek
P 3840.0000, -2059.0000, 775.0000, 255, 255, 255, 2, Spinning_Rocks
P -2795.0000, 3913.0000, -44.0000, 0, 0, 0, 2, Selendo_Skymoor
P 1521.0000, 4057.0000, -380.0000, 0, 0, 0, 2, Mikael_Mistigone
P -2400.0000, 4011.0000, -47.0000, 240, 240, 240, 2, Savage_Kobold_Camp
P 1518.0000, 4104.0000, -380.0000, 0, 0, 0, 2, Walker_Stormfyre
P 981.0000, -3734.0000, 1169.0000, 127, 64, 0, 2, Arglar_the_Tormentor_(Hunter)
P 3.0000, -3229.0000, 1013.0000, 127, 64, 0, 2, Giang_Yin_(Hunter)
P -1161.0000, 4821.0000, -45.0000, 127, 64, 0, 2, Girgak_the_Bloody_(Hunter)
P -3002.0000, -3765.0000, 1192.0000, 127, 64, 0, 2, Hurglak_the_Destroyer_(Hunter)
P 1026.0000, 2799.0000, 41.0000, 127, 64, 0, 2, Jelquar_the_Soulslayer_(Hunter
P 2726.0000, 651.0000, 357.0000, 127, 64, 0, 2, Rendolr_the_Maimer_(Hunter)
P 2734.0000, 628.0000, 360.0000, 127, 64, 0, 2, Rendolr_the_Maimer_(Hunter)
P 1090.0000, -1415.0000, 865.0000, 127, 64, 0, 2, Rognarog_the_Infuriated_(Hunter
P -1250.0000, 382.0000, 364.0000, 127, 64, 0, 2, Slyder_the_Ancient_(Hunter)
P 2982.0000, -3312.0000, 1427.0000, 127, 64, 0, 2, Snowbeast_(Hunter
P 3373.0000, -3775.0000, 1250.0000, 0, 0, 0, 2, Caensella_Vellestan
P 1881.0000, -1914.0000, 738.0000, 0, 0, 0, 2, Old_Ghostback_(Roam)
P -2701.0000, 878.0000, 339.0000, 127, 127, 0, 2, K
P 2603.0000, -323.0000, 550.0000, 127, 127, 0, 1, K
P -2348.0000, -1885.0000, 794.0000, 127, 127, 0, 2, K
P 1184.0000, -1404.0000, 841.0000, 0, 0, 0, 2, Ferdrusa_Bo
P 2863.0000, 308.0000, 402.0000, 0, 0, 0, 2, Veegoon_Dursaar
P -1385.0000, 315.0000, 417.0000, 127, 64, 0, 2, Jelquar_the_Soulslayer_(Hunter
P 432.0000, -1249.0000, 1025.0000, 0, 0, 0, 2, Spowry
P 376.0000, -1255.0000, 1025.0000, 0, 0, 0, 2, Merow
P 368.0000, -1221.0000, 1025.0000, 0, 0, 0, 2, Shazda_Kaekwon
P 406.0000, -1204.0000, 1025.0000, 0, 0, 0, 2, Khonza_Ayssla
P 510.0000, -1198.0000, 1024.0000, 0, 0, 0, 2, Miranda
P 532.0000, -1219.0000, 1024.0000, 0, 0, 0, 2, Mirabai
P 514.0000, -1325.0000, 1026.0000, 0, 0, 0, 2, Tribesman_Juill
P 622.0000, -1301.0000, 1026.0000, 0, 0, 0, 2, Saemey_Wirewisker
P 625.0000, -1286.0000, 1026.0000, 0, 0, 0, 2, Mrowro_Wirewisker
P 587.0000, -1211.0000, 1025.0000, 0, 0, 0, 2, Yuio_Kaliio
P 600.0000, -1197.0000, 1025.0000, 0, 0, 0, 2, Jali_Kaliio
P 624.0000, -1210.0000, 1025.0000, 0, 0, 0, 2, Disciple_Okarote
P 577.0000, -1367.0000, 1026.0000, 0, 0, 0, 2, Emylie_Steelclaws
P 1968.9035, -354.8280, 545.0462, 0, 0, 240, 1, GS:_Kajekan_Palm_Fruit
P 1053.0249, 1448.6182, 402.1512, 0, 0, 240, 1, GS:_Kejekan_Palm_Fruit
P 269.0554, 3342.3269, 27.8932, 0, 0, 240, 1, GS:_Bamboo_Shoot
P -933.8392, 2594.4914, 103.8201, 0, 0, 240, 1, GS:_Bamboo_Shoot
P -231.4628, 416.3451, 460.0325, 0, 0, 240, 1, GS:_Kejekan_Palm_Fruit
P -983.7887, -47.4529, 483.7453, 0, 0, 240, 1, GS:_Bamboo_Shoot
P 50.8529, 4742.5097, -392.1353, 0, 0, 0, 2, Shadow_Metal_Guardian
