P 1144.0000, 1773.0000, -24.2706, 255, 0, 0, 3, to_Grimling_Forest
P -1849.0000, 66.0000, -39.7489, 255, 0, 0, 3, to_Katta_Castellum
P -1810.0000, -55.0000, 0.0000, 255, 0, 0, 2, Succor
P -646.0000, -1454.0000, 0.0000, 255, 255, 255, 2, Coterie_outpost
P -1521.0000, -1361.0000, 0.0000, 255, 255, 255, 2, Coterie_outpost
P -853.0000, 1637.0000, 0.0000, 255, 255, 255, 2, Grimling_caves
P 1463.0000, 627.0000, 0.0000, 255, 255, 255, 2, Coterie_outpost
P 1126.0000, -345.0000, 0.0000, 255, 255, 255, 2, Vampyre_Fortress
P 366.0000, -1365.0000, 0.0000, 255, 255, 255, 2, Coterie_outpost
P -362.9030, 1776.9279, -4.6618, 0, 0, 0, 2, Felodius_Sworddancer
P 458.4843, 1580.3881, -12.5086, 0, 0, 0, 2, Hoober
P -1745.2768, 0.4367, -36.6039, 0, 0, 0, 2, Johanius_Barleou
P 419.5146, -1422.6768, -23.9944, 0, 0, 0, 2, Veynar_Aeridia
P 404.5898, -1479.6668, -23.9941, 0, 0, 0, 2, Yaroslav_Verilak
P 1417.0812, 665.5678, -37.5912, 0, 0, 0, 2, Kristov_Otto
P 1527.7934, 683.5015, -38.1462, 0, 0, 0, 2, Tymoz
P 1242.9528, -561.1746, 314.7427, 0, 0, 0, 2, Coterie_Corruptor
P 303.6184, -1383.5253, -24.6380, 0, 0, 0, 2, Krelices
P -666.6569, -1497.3206, -48.8380, 0, 0, 0, 2, Galinious
P -567.7924, -1496.3229, -54.6420, 0, 0, 0, 2, Drovalak
P -1585.6448, -1360.6574, -35.8375, 0, 0, 0, 2, Bedlavar
P -1747.2216, -999.9445, 63.9575, 0, 0, 0, 2, Daksins
P -1777.8516, -79.4517, -38.2343, 0, 0, 0, 2, Courier_Balious
P -897.5821, 238.0328, 212.9979, 0, 0, 0, 2, Disciple_of_Focus
P 1379.0000, -649.0000, 317.0000, 240, 127, 0, 2, Valanov_Zevfeer_(Raid)
P -320.6106, 1067.8395, -23.0596, 127, 64, 0, 2, a_cral_ligi_warlord_(Hunter,Roam)
P 1342.0000, -618.0000, 139.0000, 127, 64, 0, 2, Emissary_Oomgado_(Hunter)
P 1327.7294, -510.8649, 140.5806, 127, 64, 0, 2, Gorelaz_Verilak_(Hunter,Roam)
P -478.8071, 1757.0789, -29.6707, 127, 64, 0, 2, a_grimling_foreman_(Hunter)
P -1116.0000, 406.0000, -24.0000, 127, 64, 0, 2, a_grol_baku_warlord_(Hunter)
P 93.1980, -1439.9887, 73.0491, 127, 64, 0, 2, a_meeda_hune_warlord_(Hunter,Roam)
P 1364.1645, -574.5152, 140.5785, 127, 64, 0, 2, Renaldok_Masric_(Hunter)
P 124.2503, 386.4384, 166.5206, 127, 64, 0, 2, Skyshadow_(Hunter,Roam)
P 1253.1929, -641.5621, 314.1896, 127, 64, 0, 2, Trilexior_Aeridia_(Hunter,Roam)
P 1102.9821, -544.0460, 13.0128, 127, 64, 0, 2, Xenithen_Sterbla_(Hunter,Roam)
P 1387.6824, -627.9762, 312.6300, 127, 64, 0, 2, Heratius_Grolden_(Hunter)
