L 717.0000, 356.0000, -59.0000, 686.0000, 356.0000, -59.0000, 0, 0, 0
L 686.0000, 356.0000, -59.0000, 684.0000, 260.0000, -59.0000, 0, 0, 0
L 684.0000, 260.0000, -59.0000, 626.0000, 260.0000, -59.0000, 0, 0, 0
L 626.0000, 260.0000, -59.0000, 622.0000, 268.0000, -57.0000, 0, 0, 0
L 622.0000, 268.0000, -57.0000, 596.0000, 254.0000, -56.0000, 0, 0, 0
L 596.0000, 254.0000, -56.0000, 557.0000, 246.0000, -57.0000, 0, 0, 0
L 557.0000, 246.0000, -57.0000, 520.0000, 255.0000, -58.0000, 0, 0, 0
L 520.0000, 255.0000, -58.0000, 467.0000, 273.0000, -57.0000, 0, 0, 0
L 467.0000, 273.0000, -57.0000, 430.0000, 287.0000, -55.0000, 0, 0, 0
L 430.0000, 287.0000, -55.0000, 391.0000, 301.0000, -56.0000, 0, 0, 0
L 391.0000, 301.0000, -56.0000, 367.0000, 315.0000, -55.0000, 0, 0, 0
L 367.0000, 315.0000, -55.0000, 355.0000, 293.0000, -55.0000, 0, 0, 0
L 355.0000, 293.0000, -55.0000, 342.0000, 270.0000, -58.0000, 0, 0, 0
L 342.0000, 270.0000, -58.0000, 326.0000, 240.0000, -54.0000, 0, 0, 0
L 326.0000, 240.0000, -54.0000, 319.0000, 209.0000, -56.0000, 0, 0, 0
L 319.0000, 209.0000, -56.0000, 310.0000, 178.0000, -58.0000, 0, 0, 0
L 310.0000, 178.0000, -58.0000, 302.0000, 143.0000, -59.0000, 0, 0, 0
L 302.0000, 143.0000, -59.0000, 285.0000, 115.0000, -59.0000, 0, 0, 0
L 285.0000, 115.0000, -59.0000, 290.0000, 104.0000, -59.0000, 0, 0, 0
L 290.0000, 104.0000, -59.0000, 293.0000, 67.0000, -52.0000, 0, 0, 0
L 293.0000, 67.0000, -52.0000, 283.0000, 52.0000, -52.0000, 0, 0, 0
L 283.0000, 52.0000, -52.0000, 246.0000, 12.0000, -55.0000, 0, 0, 0
L 246.0000, 12.0000, -55.0000, 221.0000, -2.0000, -54.0000, 0, 0, 0
L 221.0000, -2.0000, -54.0000, 187.0000, -5.0000, -59.0000, 0, 0, 0
L 187.0000, -5.0000, -59.0000, 148.0000, 6.0000, -58.0000, 0, 0, 0
L 148.0000, 6.0000, -58.0000, 134.0000, 10.0000, -57.0000, 0, 0, 0
L 134.0000, 10.0000, -57.0000, 102.0000, 21.0000, -55.0000, 0, 0, 0
L 102.0000, 21.0000, -55.0000, 67.0000, 34.0000, -55.0000, 0, 0, 0
L 67.0000, 34.0000, -55.0000, 48.0000, 43.0000, -51.0000, 0, 0, 0
L -1.0000, 94.0000, -55.0000, -22.0000, 132.0000, -58.0000, 0, 0, 0
L -22.0000, 132.0000, -58.0000, -38.0000, 179.0000, -53.0000, 0, 0, 0
L -38.0000, 179.0000, -53.0000, -38.0000, 191.0000, -49.0000, 0, 0, 0
L -38.0000, 191.0000, -49.0000, -16.0000, 233.0000, -51.0000, 0, 0, 0
L -16.0000, 233.0000, -51.0000, 11.0000, 257.0000, -54.0000, 0, 0, 0
L 11.0000, 257.0000, -54.0000, 33.0000, 271.0000, -53.0000, 0, 0, 0
L 33.0000, 271.0000, -53.0000, 55.0000, 279.0000, -51.0000, 0, 0, 0
L 55.0000, 279.0000, -51.0000, 79.0000, 277.0000, -51.0000, 0, 0, 0
L 79.0000, 277.0000, -51.0000, 80.0000, 254.0000, -59.0000, 0, 0, 0
L 80.0000, 254.0000, -59.0000, 72.0000, 234.0000, -59.0000, 0, 0, 0
L 72.0000, 234.0000, -59.0000, 51.0000, 226.0000, -54.0000, 0, 0, 0
L 51.0000, 226.0000, -54.0000, 23.0000, 218.0000, -49.0000, 0, 0, 0
L 23.0000, 218.0000, -49.0000, 20.0000, 197.0000, -48.0000, 0, 0, 0
L 20.0000, 197.0000, -48.0000, 15.0000, 177.0000, -49.0000, 0, 0, 0
L 15.0000, 177.0000, -49.0000, 12.0000, 150.0000, -52.0000, 0, 0, 0
L 12.0000, 150.0000, -52.0000, 35.0000, 108.0000, -54.0000, 0, 0, 0
L 35.0000, 108.0000, -54.0000, 50.0000, 84.0000, -54.0000, 0, 0, 0
L 50.0000, 84.0000, -54.0000, 79.0000, 76.0000, -56.0000, 0, 0, 0
L 79.0000, 76.0000, -56.0000, 92.0000, 71.0000, -55.0000, 0, 0, 0
L 92.0000, 71.0000, -55.0000, 134.0000, 57.0000, -52.0000, 0, 0, 0
L 134.0000, 57.0000, -52.0000, 152.0000, 49.0000, -53.0000, 0, 0, 0
L 152.0000, 49.0000, -53.0000, 175.0000, 41.0000, -47.0000, 0, 0, 0
L 175.0000, 41.0000, -47.0000, 201.0000, 41.0000, -53.0000, 0, 0, 0
L 201.0000, 41.0000, -53.0000, 224.0000, 52.0000, -49.0000, 0, 0, 0
L 224.0000, 52.0000, -49.0000, 241.0000, 50.0000, -55.0000, 0, 0, 0
L 241.0000, 50.0000, -55.0000, 244.0000, 63.0000, -57.0000, 0, 0, 0
L 244.0000, 63.0000, -57.0000, 242.0000, 73.0000, -55.0000, 0, 0, 0
L 242.0000, 73.0000, -55.0000, 244.0000, 85.0000, -52.0000, 0, 0, 0
L 244.0000, 85.0000, -52.0000, 249.0000, 101.0000, -56.0000, 0, 0, 0
L 249.0000, 101.0000, -56.0000, 257.0000, 140.0000, -54.0000, 0, 0, 0
L 257.0000, 140.0000, -54.0000, 265.0000, 164.0000, -57.0000, 0, 0, 0
L 265.0000, 164.0000, -57.0000, 274.0000, 204.0000, -58.0000, 0, 0, 0
L 274.0000, 204.0000, -58.0000, 288.0000, 240.0000, -55.0000, 0, 0, 0
L 288.0000, 240.0000, -55.0000, 299.0000, 270.0000, -59.0000, 0, 0, 0
L 299.0000, 270.0000, -59.0000, 317.0000, 307.0000, -55.0000, 0, 0, 0
L 727.0000, 414.0000, -59.0000, 686.0000, 414.0000, -59.0000, 0, 0, 0
L 626.0000, 414.0000, -59.0000, 625.0000, 303.0000, -59.0000, 0, 0, 0
L 625.0000, 303.0000, -59.0000, 593.0000, 299.0000, -58.0000, 0, 0, 0
L 593.0000, 299.0000, -58.0000, 560.0000, 289.0000, -56.0000, 0, 0, 0
L 560.0000, 289.0000, -56.0000, 545.0000, 294.0000, -53.0000, 0, 0, 0
L 545.0000, 294.0000, -53.0000, 539.0000, 283.0000, -54.0000, 0, 0, 0
L 539.0000, 283.0000, -54.0000, 529.0000, 278.0000, -56.0000, 0, 0, 0
L 529.0000, 278.0000, -56.0000, 521.0000, 282.0000, -56.0000, 0, 0, 0
L 521.0000, 282.0000, -56.0000, 526.0000, 299.0000, -55.0000, 0, 0, 0
L 526.0000, 299.0000, -55.0000, 509.0000, 301.0000, -57.0000, 0, 0, 0
L 509.0000, 301.0000, -57.0000, 499.0000, 303.0000, -56.0000, 0, 0, 0
L 499.0000, 303.0000, -56.0000, 476.0000, 316.0000, -53.0000, 0, 0, 0
L 476.0000, 316.0000, -53.0000, 471.0000, 317.0000, -53.0000, 0, 0, 0
L 471.0000, 317.0000, -53.0000, 446.0000, 327.0000, -52.0000, 0, 0, 0
L 446.0000, 327.0000, -52.0000, 388.0000, 348.0000, -56.0000, 0, 0, 0
L 388.0000, 348.0000, -56.0000, 365.0000, 352.0000, -55.0000, 0, 0, 0
L 366.0000, 351.0000, -57.0000, 353.0000, 380.0000, -53.0000, 0, 0, 0
L 353.0000, 380.0000, -53.0000, 341.0000, 401.0000, -55.0000, 0, 0, 0
L 341.0000, 401.0000, -55.0000, 324.0000, 422.0000, -58.0000, 0, 0, 0
L 324.0000, 422.0000, -58.0000, 321.0000, 429.0000, -60.0000, 0, 0, 0
L 321.0000, 429.0000, -60.0000, 314.0000, 476.0000, -70.0000, 0, 0, 0
L 314.0000, 476.0000, -70.0000, 312.0000, 496.0000, -73.0000, 0, 0, 0
L 312.0000, 496.0000, -73.0000, 322.0000, 535.0000, -83.0000, 0, 0, 0
L 322.0000, 535.0000, -83.0000, 323.0000, 549.0000, -89.0000, 0, 0, 0
L 323.0000, 549.0000, -89.0000, 329.0000, 586.0000, -91.0000, 0, 0, 0
L 329.0000, 586.0000, -91.0000, 328.0000, 620.0000, -91.0000, 0, 0, 0
L 328.0000, 620.0000, -91.0000, 324.0000, 680.0000, -88.0000, 0, 0, 0
L 324.0000, 680.0000, -88.0000, 355.0000, 697.0000, -84.0000, 0, 0, 0
L 355.0000, 697.0000, -84.0000, 377.0000, 706.0000, -86.0000, 0, 0, 0
L 377.0000, 706.0000, -86.0000, 388.0000, 719.0000, -89.0000, 0, 0, 0
L 388.0000, 719.0000, -89.0000, 398.0000, 721.0000, -86.0000, 0, 0, 0
L 398.0000, 721.0000, -86.0000, 416.0000, 718.0000, -87.0000, 0, 0, 0
L 416.0000, 718.0000, -87.0000, 444.0000, 713.0000, -89.0000, 0, 0, 0
L 444.0000, 713.0000, -89.0000, 459.0000, 709.0000, -84.0000, 0, 0, 0
L 459.0000, 709.0000, -84.0000, 464.0000, 689.0000, -85.0000, 0, 0, 0
L 464.0000, 689.0000, -85.0000, 472.0000, 667.0000, -86.0000, 0, 0, 0
L 472.0000, 667.0000, -86.0000, 484.0000, 654.0000, -91.0000, 0, 0, 0
L 484.0000, 654.0000, -91.0000, 493.0000, 648.0000, -91.0000, 0, 0, 0
L 493.0000, 648.0000, -91.0000, 513.0000, 651.0000, -91.0000, 0, 0, 0
L 513.0000, 651.0000, -91.0000, 514.0000, 668.0000, -89.0000, 0, 0, 0
L 514.0000, 668.0000, -89.0000, 499.0000, 669.0000, -89.0000, 0, 0, 0
L 499.0000, 669.0000, -89.0000, 489.0000, 678.0000, -87.0000, 0, 0, 0
L 489.0000, 678.0000, -87.0000, 500.0000, 716.0000, -87.0000, 0, 0, 0
L 500.0000, 716.0000, -87.0000, 466.0000, 742.0000, -87.0000, 0, 0, 0
L 466.0000, 742.0000, -87.0000, 452.0000, 754.0000, -87.0000, 0, 0, 0
L 452.0000, 754.0000, -87.0000, 408.0000, 764.0000, -88.0000, 0, 0, 0
L 408.0000, 764.0000, -88.0000, 376.0000, 752.0000, -88.0000, 0, 0, 0
L 376.0000, 752.0000, -88.0000, 354.0000, 741.0000, -91.0000, 0, 0, 0
L 354.0000, 741.0000, -91.0000, 320.0000, 732.0000, -88.0000, 0, 0, 0
L 320.0000, 732.0000, -88.0000, 292.0000, 732.0000, -87.0000, 0, 0, 0
L 292.0000, 732.0000, -87.0000, 279.0000, 732.0000, -88.0000, 0, 0, 0
L 279.0000, 732.0000, -88.0000, 249.0000, 747.0000, -86.0000, 0, 0, 0
L 249.0000, 747.0000, -86.0000, 226.0000, 758.0000, -84.0000, 0, 0, 0
L 226.0000, 758.0000, -84.0000, 197.0000, 764.0000, -89.0000, 0, 0, 0
L 197.0000, 764.0000, -89.0000, 189.0000, 761.0000, -91.0000, 0, 0, 0
L 189.0000, 761.0000, -91.0000, 185.0000, 759.0000, -91.0000, 0, 0, 0
L 185.0000, 759.0000, -91.0000, 167.0000, 756.0000, -90.0000, 0, 0, 0
L 167.0000, 756.0000, -90.0000, 158.0000, 748.0000, -91.0000, 0, 0, 0
L 158.0000, 748.0000, -91.0000, 155.0000, 747.0000, -91.0000, 0, 0, 0
L 155.0000, 747.0000, -91.0000, 128.0000, 722.0000, -91.0000, 0, 0, 0
L 128.0000, 722.0000, -91.0000, 110.0000, 700.0000, -90.0000, 0, 0, 0
L 110.0000, 700.0000, -90.0000, 100.0000, 685.0000, -90.0000, 0, 0, 0
L 100.0000, 685.0000, -90.0000, 100.0000, 681.0000, -90.0000, 0, 0, 0
L 100.0000, 681.0000, -90.0000, 98.0000, 645.0000, -83.0000, 0, 0, 0
L 98.0000, 645.0000, -83.0000, 78.0000, 610.0000, -84.0000, 0, 0, 0
L 78.0000, 610.0000, -84.0000, 69.0000, 591.0000, -86.0000, 0, 0, 0
L 69.0000, 591.0000, -86.0000, 58.0000, 569.0000, -89.0000, 0, 0, 0
L 58.0000, 569.0000, -89.0000, 26.0000, 575.0000, -89.0000, 0, 0, 0
L 26.0000, 575.0000, -89.0000, 1.0000, 576.0000, -88.0000, 0, 0, 0
L 1.0000, 576.0000, -88.0000, -43.0000, 576.0000, -88.0000, 0, 0, 0
L -43.0000, 576.0000, -88.0000, -66.0000, 569.0000, -91.0000, 0, 0, 0
L -66.0000, 569.0000, -91.0000, -77.0000, 577.0000, -83.0000, 0, 0, 0
L -77.0000, 577.0000, -83.0000, -89.0000, 576.0000, -87.0000, 0, 0, 0
L -89.0000, 576.0000, -87.0000, -100.0000, 579.0000, -88.0000, 0, 0, 0
L -100.0000, 579.0000, -88.0000, -128.0000, 579.0000, -89.0000, 0, 0, 0
L -128.0000, 579.0000, -89.0000, -137.0000, 590.0000, -89.0000, 0, 0, 0
L -137.0000, 590.0000, -89.0000, -135.0000, 603.0000, -88.0000, 0, 0, 0
L -135.0000, 603.0000, -88.0000, -143.0000, 626.0000, -89.0000, 0, 0, 0
L -143.0000, 626.0000, -89.0000, -146.0000, 651.0000, -88.0000, 0, 0, 0
L -146.0000, 651.0000, -88.0000, -138.0000, 665.0000, -85.0000, 0, 0, 0
L -138.0000, 665.0000, -85.0000, -126.0000, 707.0000, -76.0000, 0, 0, 0
L -126.0000, 707.0000, -76.0000, -124.0000, 716.0000, -73.0000, 0, 0, 0
L -124.0000, 716.0000, -73.0000, -122.0000, 728.0000, -69.0000, 0, 0, 0
L -122.0000, 728.0000, -69.0000, -112.0000, 757.0000, -62.0000, 0, 0, 0
L -112.0000, 757.0000, -62.0000, -109.0000, 780.0000, -56.0000, 0, 0, 0
L -109.0000, 780.0000, -56.0000, -108.0000, 809.0000, -56.0000, 0, 0, 0
L -108.0000, 809.0000, -56.0000, -119.0000, 832.0000, -55.0000, 0, 0, 0
L -119.0000, 832.0000, -55.0000, -127.0000, 850.0000, -55.0000, 0, 0, 0
L -127.0000, 850.0000, -55.0000, -158.0000, 880.0000, -55.0000, 0, 0, 0
L -158.0000, 880.0000, -55.0000, -182.0000, 893.0000, -56.0000, 0, 0, 0
L -182.0000, 893.0000, -56.0000, -215.0000, 894.0000, -59.0000, 0, 0, 0
L -215.0000, 894.0000, -59.0000, -257.0000, 896.0000, -58.0000, 0, 0, 0
L -257.0000, 896.0000, -58.0000, -287.0000, 899.0000, -57.0000, 0, 0, 0
L -287.0000, 899.0000, -57.0000, -295.0000, 897.0000, -56.0000, 0, 0, 0
L -295.0000, 897.0000, -56.0000, -323.0000, 887.0000, -55.0000, 0, 0, 0
L -323.0000, 887.0000, -55.0000, -357.0000, 868.0000, -58.0000, 0, 0, 0
L -357.0000, 868.0000, -58.0000, -373.0000, 864.0000, -54.0000, 0, 0, 0
L -373.0000, 864.0000, -54.0000, -409.0000, 866.0000, -57.0000, 0, 0, 0
L -409.0000, 866.0000, -57.0000, -445.0000, 863.0000, -56.0000, 0, 0, 0
L -445.0000, 863.0000, -56.0000, -442.0000, 850.0000, -55.0000, 0, 0, 0
L -442.0000, 850.0000, -55.0000, -446.0000, 819.0000, -55.0000, 0, 0, 0
L -446.0000, 819.0000, -55.0000, -416.0000, 820.0000, -55.0000, 0, 0, 0
L -416.0000, 820.0000, -55.0000, -378.0000, 829.0000, -58.0000, 0, 0, 0
L -378.0000, 829.0000, -58.0000, -342.0000, 836.0000, -59.0000, 0, 0, 0
L -342.0000, 836.0000, -59.0000, -327.0000, 845.0000, -58.0000, 0, 0, 0
L -327.0000, 845.0000, -58.0000, -317.0000, 858.0000, -56.0000, 0, 0, 0
L -317.0000, 858.0000, -56.0000, -299.0000, 855.0000, -56.0000, 0, 0, 0
L -299.0000, 855.0000, -56.0000, -262.0000, 854.0000, -55.0000, 0, 0, 0
L -262.0000, 854.0000, -55.0000, -231.0000, 850.0000, -51.0000, 0, 0, 0
L -231.0000, 850.0000, -51.0000, -199.0000, 846.0000, -50.0000, 0, 0, 0
L -199.0000, 846.0000, -50.0000, -164.0000, 836.0000, -48.0000, 0, 0, 0
L -164.0000, 836.0000, -48.0000, -157.0000, 820.0000, -56.0000, 0, 0, 0
L -157.0000, 820.0000, -56.0000, -156.0000, 816.0000, -55.0000, 0, 0, 0
L -156.0000, 816.0000, -55.0000, -149.0000, 769.0000, -55.0000, 0, 0, 0
L -149.0000, 769.0000, -55.0000, -154.0000, 753.0000, -64.0000, 0, 0, 0
L -154.0000, 753.0000, -64.0000, -165.0000, 721.0000, -71.0000, 0, 0, 0
L -165.0000, 721.0000, -71.0000, -185.0000, 661.0000, -81.0000, 0, 0, 0
L -185.0000, 661.0000, -81.0000, -189.0000, 637.0000, -86.0000, 0, 0, 0
L -189.0000, 637.0000, -86.0000, -178.0000, 590.0000, -83.0000, 0, 0, 0
L -178.0000, 590.0000, -83.0000, -171.0000, 580.0000, -84.0000, 0, 0, 0
L -171.0000, 580.0000, -84.0000, -133.0000, 543.0000, -83.0000, 0, 0, 0
L -133.0000, 543.0000, -83.0000, -118.0000, 532.0000, -82.0000, 0, 0, 0
L -118.0000, 532.0000, -82.0000, -81.0000, 529.0000, -89.0000, 0, 0, 0
L -81.0000, 529.0000, -89.0000, -26.0000, 532.0000, -89.0000, 0, 0, 0
L -26.0000, 532.0000, -89.0000, 14.0000, 530.0000, -88.0000, 0, 0, 0
L 14.0000, 530.0000, -88.0000, 40.0000, 530.0000, -87.0000, 0, 0, 0
L 40.0000, 530.0000, -87.0000, 74.0000, 528.0000, -88.0000, 0, 0, 0
L 109.0000, 525.0000, -89.0000, 110.0000, 530.0000, -88.0000, 0, 0, 0
L 110.0000, 530.0000, -88.0000, 112.0000, 581.0000, -81.0000, 0, 0, 0
L 112.0000, 581.0000, -81.0000, 118.0000, 595.0000, -80.0000, 0, 0, 0
L 118.0000, 595.0000, -80.0000, 133.0000, 626.0000, -86.0000, 0, 0, 0
L 133.0000, 626.0000, -86.0000, 134.0000, 632.0000, -87.0000, 0, 0, 0
L 134.0000, 632.0000, -87.0000, 140.0000, 664.0000, -91.0000, 0, 0, 0
L 140.0000, 664.0000, -91.0000, 149.0000, 705.0000, -85.0000, 0, 0, 0
L 149.0000, 705.0000, -85.0000, 157.0000, 717.0000, -90.0000, 0, 0, 0
L 157.0000, 717.0000, -90.0000, 173.0000, 712.0000, -88.0000, 0, 0, 0
L 173.0000, 712.0000, -88.0000, 179.0000, 715.0000, -88.0000, 0, 0, 0
L 179.0000, 715.0000, -88.0000, 210.0000, 718.0000, -86.0000, 0, 0, 0
L 210.0000, 718.0000, -86.0000, 239.0000, 706.0000, -89.0000, 0, 0, 0
L 239.0000, 706.0000, -89.0000, 286.0000, 684.0000, -89.0000, 0, 0, 0
L 286.0000, 684.0000, -89.0000, 284.0000, 658.0000, -88.0000, 0, 0, 0
L 284.0000, 658.0000, -88.0000, 284.0000, 639.0000, -91.0000, 0, 0, 0
L 284.0000, 639.0000, -91.0000, 287.0000, 592.0000, -91.0000, 0, 0, 0
L 287.0000, 592.0000, -91.0000, 287.0000, 566.0000, -90.0000, 0, 0, 0
L 287.0000, 566.0000, -90.0000, 285.0000, 550.0000, -84.0000, 0, 0, 0
L 285.0000, 550.0000, -84.0000, 278.0000, 524.0000, -82.0000, 0, 0, 0
L 278.0000, 524.0000, -82.0000, 268.0000, 490.0000, -73.0000, 0, 0, 0
L 268.0000, 490.0000, -73.0000, 279.0000, 448.0000, -62.0000, 0, 0, 0
L 279.0000, 448.0000, -62.0000, 288.0000, 426.0000, -55.0000, 0, 0, 0
L 288.0000, 426.0000, -55.0000, 296.0000, 404.0000, -58.0000, 0, 0, 0
L 296.0000, 404.0000, -58.0000, 315.0000, 365.0000, -56.0000, 0, 0, 0
L 315.0000, 365.0000, -56.0000, 316.0000, 342.0000, -55.0000, 0, 0, 0
L 316.0000, 342.0000, -55.0000, 318.0000, 307.0000, -55.0000, 0, 0, 0
L -1.0000, 93.0000, -55.0000, -3.0000, 35.0000, -55.0000, 0, 0, 0
L -3.0000, 35.0000, -55.0000, -22.0000, -1.0000, -58.0000, 0, 0, 0
L -22.0000, -1.0000, -58.0000, -32.0000, -28.0000, -55.0000, 0, 0, 0
L -32.0000, -28.0000, -55.0000, -36.0000, -49.0000, -59.0000, 0, 0, 0
L -36.0000, -49.0000, -59.0000, -37.0000, -77.0000, -59.0000, 0, 0, 0
L -37.0000, -77.0000, -59.0000, -40.0000, -123.0000, -52.0000, 0, 0, 0
L -40.0000, -123.0000, -52.0000, -39.0000, -153.0000, -55.0000, 0, 0, 0
L -39.0000, -153.0000, -55.0000, -38.0000, -177.0000, -58.0000, 0, 0, 0
L -38.0000, -177.0000, -58.0000, -39.0000, -222.0000, -49.0000, 0, 0, 0
L 2.0000, -212.0000, -57.0000, 4.0000, -199.0000, -56.0000, 0, 0, 0
L 4.0000, -199.0000, -56.0000, 6.0000, -160.0000, -55.0000, 0, 0, 0
L 6.0000, -160.0000, -55.0000, 6.0000, -136.0000, -55.0000, 0, 0, 0
L 6.0000, -136.0000, -55.0000, 6.0000, -99.0000, -50.0000, 0, 0, 0
L 6.0000, -99.0000, -50.0000, 7.0000, -66.0000, -59.0000, 0, 0, 0
L 7.0000, -66.0000, -59.0000, 28.0000, 10.0000, -57.0000, 0, 0, 0
L 28.0000, 10.0000, -57.0000, 41.0000, 36.0000, -56.0000, 0, 0, 0
L 41.0000, 36.0000, -56.0000, 48.0000, 44.0000, -53.0000, 0, 0, 0
L -39.0000, -222.0000, -49.0000, -86.0000, -227.0000, -59.0000, 0, 0, 0
L -86.0000, -227.0000, -59.0000, -114.0000, -230.0000, -60.0000, 0, 0, 0
L -114.0000, -230.0000, -60.0000, -129.0000, -218.0000, -56.0000, 0, 0, 0
L -129.0000, -218.0000, -56.0000, -169.0000, -205.0000, -55.0000, 0, 0, 0
L -169.0000, -205.0000, -55.0000, -207.0000, -191.0000, -58.0000, 0, 0, 0
L -207.0000, -191.0000, -58.0000, -231.0000, -183.0000, -56.0000, 0, 0, 0
L -231.0000, -183.0000, -56.0000, -256.0000, -141.0000, -56.0000, 0, 0, 0
L -256.0000, -141.0000, -56.0000, -271.0000, -116.0000, -54.0000, 0, 0, 0
L -271.0000, -116.0000, -54.0000, -288.0000, -84.0000, -61.0000, 0, 0, 0
L -288.0000, -84.0000, -61.0000, -305.0000, -47.0000, -57.0000, 0, 0, 0
L -356.0000, 1.0000, -54.0000, -375.0000, 15.0000, -58.0000, 0, 0, 0
L -375.0000, 15.0000, -58.0000, -402.0000, 32.0000, -58.0000, 0, 0, 0
L -402.0000, 32.0000, -58.0000, -439.0000, 56.0000, -59.0000, 0, 0, 0
L -439.0000, 56.0000, -59.0000, -461.0000, 74.0000, -60.0000, 0, 0, 0
L -461.0000, 74.0000, -60.0000, -477.0000, 83.0000, -60.0000, 0, 0, 0
L -1160.0000, -335.0000, -59.0000, -1158.0000, -293.0000, -60.0000, 0, 0, 0
L -1158.0000, -293.0000, -60.0000, -1177.0000, -275.0000, -60.0000, 0, 0, 0
L -1177.0000, -275.0000, -60.0000, -1175.0000, -187.0000, -60.0000, 0, 0, 0
L -1175.0000, -187.0000, -60.0000, -1156.0000, -118.0000, -60.0000, 0, 0, 0
L -1156.0000, -118.0000, -60.0000, -1175.0000, -51.0000, -60.0000, 0, 0, 0
L -1175.0000, -51.0000, -60.0000, -1194.0000, -10.0000, -60.0000, 0, 0, 0
L -1176.0000, 83.0000, -60.0000, -1189.0000, 131.0000, -60.0000, 0, 0, 0
L -1189.0000, 131.0000, -60.0000, -1182.0000, 134.0000, -60.0000, 0, 0, 0
L -1182.0000, 134.0000, -60.0000, -1180.0000, 151.0000, -60.0000, 0, 0, 0
L -1180.0000, 151.0000, -60.0000, -1181.0000, 198.0000, -60.0000, 0, 0, 0
L -1181.0000, 198.0000, -60.0000, -1176.0000, 221.0000, -60.0000, 0, 0, 0
L -1176.0000, 221.0000, -60.0000, -1195.0000, 287.0000, -60.0000, 0, 0, 0
L -1195.0000, 287.0000, -60.0000, -1171.0000, 335.0000, -60.0000, 0, 0, 0
L -1171.0000, 335.0000, -60.0000, -1182.0000, 392.0000, -60.0000, 0, 0, 0
L -1182.0000, 392.0000, -60.0000, -1157.0000, 445.0000, -60.0000, 0, 0, 0
L -1157.0000, 445.0000, -60.0000, -1171.0000, 491.0000, -60.0000, 0, 0, 0
L -1171.0000, 491.0000, -60.0000, -1198.0000, 559.0000, -51.0000, 0, 0, 0
L -1198.0000, 559.0000, -51.0000, -1207.0000, 568.0000, -52.0000, 0, 0, 0
L -1207.0000, 568.0000, -52.0000, -1236.0000, 591.0000, -60.0000, 0, 0, 0
L -1236.0000, 591.0000, -60.0000, -1278.0000, 623.0000, -58.0000, 0, 0, 0
L -1278.0000, 623.0000, -58.0000, -1334.0000, 638.0000, -57.0000, 0, 0, 0
L -1334.0000, 638.0000, -57.0000, -1385.0000, 672.0000, -51.0000, 0, 0, 0
L -1385.0000, 672.0000, -51.0000, -1420.0000, 705.0000, -38.0000, 0, 0, 0
L -1420.0000, 705.0000, -38.0000, -1459.0000, 718.0000, -26.0000, 0, 0, 0
L -1459.0000, 718.0000, -26.0000, -1482.0000, 729.0000, -14.0000, 0, 0, 0
L -1482.0000, 729.0000, -14.0000, -1536.0000, 727.0000, -17.0000, 0, 0, 0
L -1536.0000, 727.0000, -17.0000, -1606.0000, 729.0000, -15.0000, 0, 0, 0
L -1606.0000, 729.0000, -15.0000, -1614.0000, 724.0000, -10.0000, 0, 0, 0
L -1614.0000, 724.0000, -10.0000, -1617.0000, 646.0000, -24.0000, 0, 0, 0
L -1617.0000, 646.0000, -24.0000, -1607.0000, 622.0000, -32.0000, 0, 0, 0
L -1607.0000, 622.0000, -32.0000, -1600.0000, 593.0000, -40.0000, 0, 0, 0
L -1600.0000, 593.0000, -40.0000, -1587.0000, 545.0000, -55.0000, 0, 0, 0
L -1587.0000, 545.0000, -55.0000, -1580.0000, 517.0000, -59.0000, 0, 0, 0
L -1580.0000, 517.0000, -59.0000, -1583.0000, 490.0000, -57.0000, 0, 0, 0
L -1583.0000, 490.0000, -57.0000, -1602.0000, 458.0000, -57.0000, 0, 0, 0
L -1602.0000, 458.0000, -57.0000, -1639.0000, 426.0000, -56.0000, 0, 0, 0
L -1639.0000, 426.0000, -56.0000, -1684.0000, 415.0000, -61.0000, 0, 0, 0
L -1684.0000, 415.0000, -61.0000, -1703.0000, 418.0000, -60.0000, 0, 0, 0
L -1703.0000, 418.0000, -60.0000, -1744.0000, 411.0000, -59.0000, 0, 0, 0
L -1744.0000, 411.0000, -59.0000, -1780.0000, 411.0000, -58.0000, 0, 0, 0
L -1780.0000, 411.0000, -58.0000, -1829.0000, 409.0000, -48.0000, 0, 0, 0
L -1828.0000, 453.0000, -58.0000, -1841.0000, 482.0000, -54.0000, 0, 0, 0
L -1841.0000, 482.0000, -54.0000, -1866.0000, 527.0000, -52.0000, 0, 0, 0
L -1866.0000, 527.0000, -52.0000, -1864.0000, 543.0000, -59.0000, 0, 0, 0
L -1864.0000, 543.0000, -59.0000, -1866.0000, 554.0000, -59.0000, 0, 0, 0
L -1866.0000, 554.0000, -59.0000, -1878.0000, 581.0000, -60.0000, 0, 0, 0
L -1878.0000, 581.0000, -60.0000, -1883.0000, 594.0000, -59.0000, 0, 0, 0
L -1883.0000, 594.0000, -59.0000, -1909.0000, 621.0000, -59.0000, 0, 0, 0
L -1909.0000, 621.0000, -59.0000, -1926.0000, 632.0000, -58.0000, 0, 0, 0
L -1926.0000, 632.0000, -58.0000, -1931.0000, 636.0000, -58.0000, 0, 0, 0
L -1931.0000, 636.0000, -58.0000, -1974.0000, 647.0000, -58.0000, 0, 0, 0
L -1974.0000, 647.0000, -58.0000, -2012.0000, 633.0000, -56.0000, 0, 0, 0
L -2012.0000, 633.0000, -56.0000, -2033.0000, 622.0000, -57.0000, 0, 0, 0
L -2033.0000, 622.0000, -57.0000, -2050.0000, 614.0000, -57.0000, 0, 0, 0
L -2050.0000, 614.0000, -57.0000, -2072.0000, 615.0000, -57.0000, 0, 0, 0
L -2072.0000, 615.0000, -57.0000, -2106.0000, 614.0000, -59.0000, 0, 0, 0
L -2106.0000, 614.0000, -59.0000, -2141.0000, 632.0000, -61.0000, 0, 0, 0
L -2141.0000, 632.0000, -61.0000, -2168.0000, 638.0000, -61.0000, 0, 0, 0
L -2168.0000, 638.0000, -61.0000, -2194.0000, 645.0000, -59.0000, 0, 0, 0
L -2194.0000, 645.0000, -59.0000, -2210.0000, 654.0000, -55.0000, 0, 0, 0
L -2210.0000, 654.0000, -55.0000, -2229.0000, 658.0000, -51.0000, 0, 0, 0
L -2229.0000, 658.0000, -51.0000, -2236.0000, 682.0000, -58.0000, 0, 0, 0
L -2236.0000, 682.0000, -58.0000, -2241.0000, 719.0000, -51.0000, 0, 0, 0
L -2241.0000, 719.0000, -51.0000, -2231.0000, 736.0000, -57.0000, 0, 0, 0
L -2231.0000, 736.0000, -57.0000, -2214.0000, 771.0000, -59.0000, 0, 0, 0
L -2214.0000, 771.0000, -59.0000, -2218.0000, 797.0000, -58.0000, 0, 0, 0
L -2218.0000, 797.0000, -58.0000, -2226.0000, 813.0000, -58.0000, 0, 0, 0
L -2273.0000, 846.0000, -53.0000, -2281.0000, 855.0000, -47.0000, 0, 0, 0
L -2281.0000, 855.0000, -47.0000, -2339.0000, 877.0000, -23.0000, 0, 0, 0
L -2339.0000, 877.0000, -23.0000, -2367.0000, 895.0000, -30.0000, 0, 0, 0
L -2367.0000, 895.0000, -30.0000, -2437.0000, 857.0000, -21.0000, 0, 0, 0
L -2437.0000, 857.0000, -21.0000, -2459.0000, 868.0000, -28.0000, 0, 0, 0
L -2459.0000, 868.0000, -28.0000, -2510.0000, 921.0000, -17.0000, 0, 0, 0
L -2510.0000, 921.0000, -17.0000, -2510.0000, 939.0000, -23.0000, 0, 0, 0
L -2510.0000, 939.0000, -23.0000, -2528.0000, 959.0000, -37.0000, 0, 0, 0
L -2528.0000, 959.0000, -37.0000, -2549.0000, 981.0000, -57.0000, 0, 0, 0
L -2549.0000, 981.0000, -57.0000, -2557.0000, 979.0000, -54.0000, 0, 0, 0
L -2557.0000, 979.0000, -54.0000, -2580.0000, 983.0000, -58.0000, 0, 0, 0
L -2580.0000, 983.0000, -58.0000, -2617.0000, 994.0000, -58.0000, 0, 0, 0
L -2617.0000, 994.0000, -58.0000, -2656.0000, 984.0000, -61.0000, 0, 0, 0
L -2656.0000, 984.0000, -61.0000, -2681.0000, 977.0000, -53.0000, 0, 0, 0
L -2681.0000, 977.0000, -53.0000, -2687.0000, 974.0000, -55.0000, 0, 0, 0
L -2687.0000, 974.0000, -55.0000, -2756.0000, 958.0000, -88.0000, 0, 0, 0
L -2756.0000, 958.0000, -88.0000, -2793.0000, 946.0000, -96.0000, 0, 0, 0
L -2793.0000, 946.0000, -96.0000, -2834.0000, 936.0000, -108.0000, 0, 0, 0
L -2834.0000, 936.0000, -108.0000, -2875.0000, 928.0000, -116.0000, 0, 0, 0
L -2875.0000, 928.0000, -116.0000, -2906.0000, 918.0000, -119.0000, 0, 0, 0
L -2906.0000, 918.0000, -119.0000, -2943.0000, 905.0000, -112.0000, 0, 0, 0
L -2943.0000, 905.0000, -112.0000, -2946.0000, 803.0000, -123.0000, 0, 0, 0
L -2946.0000, 803.0000, -123.0000, -3008.0000, 802.0000, -123.0000, 0, 0, 0
L -3045.0000, 860.0000, -123.0000, -3008.0000, 860.0000, -123.0000, 0, 0, 0
L -3008.0000, 860.0000, -123.0000, -3005.0000, 956.0000, -123.0000, 0, 0, 0
L -3005.0000, 956.0000, -123.0000, -2946.0000, 957.0000, -125.0000, 0, 0, 0
L -2946.0000, 957.0000, -125.0000, -2945.0000, 948.0000, -125.0000, 0, 0, 0
L -2945.0000, 948.0000, -125.0000, -2910.0000, 963.0000, -121.0000, 0, 0, 0
L -2910.0000, 963.0000, -121.0000, -2836.0000, 983.0000, -111.0000, 0, 0, 0
L -2836.0000, 983.0000, -111.0000, -2804.0000, 991.0000, -99.0000, 0, 0, 0
L -2804.0000, 991.0000, -99.0000, -2784.0000, 996.0000, -98.0000, 0, 0, 0
L -2784.0000, 996.0000, -98.0000, -2743.0000, 1005.0000, -83.0000, 0, 0, 0
L -2743.0000, 1005.0000, -83.0000, -2697.0000, 1019.0000, -62.0000, 0, 0, 0
L -2697.0000, 1019.0000, -62.0000, -2678.0000, 1024.0000, -50.0000, 0, 0, 0
L -2678.0000, 1024.0000, -50.0000, -2611.0000, 1038.0000, -59.0000, 0, 0, 0
L -2611.0000, 1038.0000, -59.0000, -2575.0000, 1029.0000, -58.0000, 0, 0, 0
L -2575.0000, 1029.0000, -58.0000, -2552.0000, 1025.0000, -47.0000, 0, 0, 0
L -20.0000, -272.0000, -59.0000, -45.0000, -271.0000, -59.0000, 0, 0, 0
L -45.0000, -271.0000, -59.0000, -78.0000, -272.0000, -59.0000, 0, 0, 0
L -78.0000, -272.0000, -59.0000, -111.0000, -267.0000, -56.0000, 0, 0, 0
L -111.0000, -267.0000, -56.0000, -139.0000, -261.0000, -58.0000, 0, 0, 0
L -139.0000, -261.0000, -58.0000, -170.0000, -249.0000, -56.0000, 0, 0, 0
L -170.0000, -249.0000, -56.0000, -209.0000, -235.0000, -56.0000, 0, 0, 0
L -209.0000, -235.0000, -56.0000, -233.0000, -216.0000, -58.0000, 0, 0, 0
L -287.0000, -176.0000, -55.0000, -306.0000, -135.0000, -58.0000, 0, 0, 0
L -306.0000, -135.0000, -58.0000, -320.0000, -109.0000, -48.0000, 0, 0, 0
L -320.0000, -109.0000, -48.0000, -336.0000, -76.0000, -52.0000, 0, 0, 0
L -336.0000, -76.0000, -52.0000, -355.0000, -37.0000, -55.0000, 0, 0, 0
L -355.0000, -37.0000, -55.0000, -372.0000, -31.0000, -56.0000, 0, 0, 0
L -372.0000, -31.0000, -56.0000, -402.0000, -11.0000, -53.0000, 0, 0, 0
L -402.0000, -11.0000, -53.0000, -434.0000, 9.0000, -56.0000, 0, 0, 0
L -434.0000, 9.0000, -56.0000, -437.0000, 10.0000, -55.0000, 0, 0, 0
L -437.0000, 10.0000, -55.0000, -450.0000, 18.0000, -48.0000, 0, 0, 0
L -450.0000, 18.0000, -48.0000, -497.0000, 18.0000, -58.0000, 0, 0, 0
L -1157.0000, -259.0000, -58.0000, -1136.0000, -192.0000, -58.0000, 150, 150, 150
L -1136.0000, -192.0000, -58.0000, -1127.0000, -132.0000, -63.0000, 150, 150, 150
L -1127.0000, -132.0000, -63.0000, -1133.0000, -54.0000, -58.0000, 150, 150, 150
L -1133.0000, -54.0000, -58.0000, -1083.0000, 12.0000, -63.0000, 150, 150, 150
L -1083.0000, 12.0000, -63.0000, -1092.0000, 145.0000, -63.0000, 150, 150, 150
L -1092.0000, 145.0000, -63.0000, -1132.0000, 214.0000, -58.0000, 150, 150, 150
L -1132.0000, 214.0000, -58.0000, -1159.0000, 285.0000, -58.0000, 150, 150, 150
L -1159.0000, 285.0000, -58.0000, -1129.0000, 466.0000, -63.0000, 150, 150, 150
L -1129.0000, 466.0000, -63.0000, -1139.0000, 595.0000, -63.0000, 150, 150, 150
L -1139.0000, 595.0000, -63.0000, -1136.0000, 612.0000, -62.0000, 150, 150, 150
L -1136.0000, 612.0000, -62.0000, -1141.0000, 612.0000, -61.0000, 0, 0, 0
L -1141.0000, 612.0000, -61.0000, -1145.0000, 604.0000, -61.0000, 0, 0, 0
L -1145.0000, 604.0000, -61.0000, -1167.0000, 612.0000, -49.0000, 0, 0, 0
L -1167.0000, 612.0000, -49.0000, -1197.0000, 611.0000, -52.0000, 0, 0, 0
L -1197.0000, 611.0000, -52.0000, -1210.0000, 619.0000, -50.0000, 0, 0, 0
L -1210.0000, 619.0000, -50.0000, -1241.0000, 640.0000, -55.0000, 0, 0, 0
L -1241.0000, 640.0000, -55.0000, -1279.0000, 666.0000, -57.0000, 0, 0, 0
L -1279.0000, 666.0000, -57.0000, -1326.0000, 681.0000, -58.0000, 0, 0, 0
L -1326.0000, 681.0000, -58.0000, -1354.0000, 691.0000, -48.0000, 0, 0, 0
L -1354.0000, 691.0000, -48.0000, -1381.0000, 713.0000, -48.0000, 0, 0, 0
L -1381.0000, 713.0000, -48.0000, -1418.0000, 746.0000, -37.0000, 0, 0, 0
L -1418.0000, 746.0000, -37.0000, -1450.0000, 762.0000, -24.0000, 0, 0, 0
L -1450.0000, 762.0000, -24.0000, -1487.0000, 773.0000, -12.0000, 0, 0, 0
L -1487.0000, 773.0000, -12.0000, -1519.0000, 775.0000, -12.0000, 0, 0, 0
L -1519.0000, 775.0000, -12.0000, -1566.0000, 774.0000, -18.0000, 0, 0, 0
L -1566.0000, 774.0000, -18.0000, -1575.0000, 773.0000, -19.0000, 0, 0, 0
L -1575.0000, 773.0000, -19.0000, -1595.0000, 773.0000, -16.0000, 0, 0, 0
L -1595.0000, 773.0000, -16.0000, -1612.0000, 775.0000, -7.0000, 0, 0, 0
L -1662.0000, 774.0000, -19.0000, -1662.0000, 727.0000, -19.0000, 0, 0, 0
L -1662.0000, 727.0000, -19.0000, -1663.0000, 686.0000, -19.0000, 0, 0, 0
L -1663.0000, 686.0000, -19.0000, -1658.0000, 652.0000, -18.0000, 0, 0, 0
L -1658.0000, 652.0000, -18.0000, -1654.0000, 629.0000, -26.0000, 0, 0, 0
L -1654.0000, 629.0000, -26.0000, -1646.0000, 605.0000, -34.0000, 0, 0, 0
L -1646.0000, 605.0000, -34.0000, -1634.0000, 556.0000, -50.0000, 0, 0, 0
L -1634.0000, 556.0000, -50.0000, -1628.0000, 531.0000, -48.0000, 0, 0, 0
L -1628.0000, 531.0000, -48.0000, -1639.0000, 476.0000, -48.0000, 0, 0, 0
L -1639.0000, 476.0000, -48.0000, -1659.0000, 468.0000, -49.0000, 0, 0, 0
L -1659.0000, 468.0000, -49.0000, -1680.0000, 463.0000, -50.0000, 0, 0, 0
L -1680.0000, 463.0000, -50.0000, -1700.0000, 458.0000, -49.0000, 0, 0, 0
L -1700.0000, 458.0000, -49.0000, -1734.0000, 458.0000, -55.0000, 0, 0, 0
L -1734.0000, 458.0000, -55.0000, -1764.0000, 457.0000, -56.0000, 0, 0, 0
L -1764.0000, 457.0000, -56.0000, -1800.0000, 458.0000, -57.0000, 0, 0, 0
L -1800.0000, 458.0000, -57.0000, -1828.0000, 453.0000, -58.0000, 0, 0, 0
L -1879.0000, 460.0000, -50.0000, -1904.0000, 511.0000, -54.0000, 0, 0, 0
L -1904.0000, 511.0000, -54.0000, -1910.0000, 536.0000, -58.0000, 0, 0, 0
L -1910.0000, 536.0000, -58.0000, -1911.0000, 554.0000, -58.0000, 0, 0, 0
L -1911.0000, 554.0000, -58.0000, -1925.0000, 587.0000, -47.0000, 0, 0, 0
L -1925.0000, 587.0000, -47.0000, -1953.0000, 593.0000, -50.0000, 0, 0, 0
L -1953.0000, 593.0000, -50.0000, -1963.0000, 595.0000, -50.0000, 0, 0, 0
L -1963.0000, 595.0000, -50.0000, -1986.0000, 602.0000, -53.0000, 0, 0, 0
L -1986.0000, 602.0000, -53.0000, -2035.0000, 576.0000, -58.0000, 0, 0, 0
L -2035.0000, 576.0000, -58.0000, -2056.0000, 565.0000, -57.0000, 0, 0, 0
L -2135.0000, 583.0000, -53.0000, -2166.0000, 598.0000, -49.0000, 0, 0, 0
L -2166.0000, 598.0000, -49.0000, -2201.0000, 602.0000, -56.0000, 0, 0, 0
L -2201.0000, 602.0000, -56.0000, -2241.0000, 615.0000, -49.0000, 0, 0, 0
L -2241.0000, 615.0000, -49.0000, -2263.0000, 636.0000, -49.0000, 0, 0, 0
L -2263.0000, 636.0000, -49.0000, -2275.0000, 653.0000, -50.0000, 0, 0, 0
L -2275.0000, 653.0000, -50.0000, -2287.0000, 681.0000, -53.0000, 0, 0, 0
L -2287.0000, 681.0000, -53.0000, -2287.0000, 711.0000, -55.0000, 0, 0, 0
L -2287.0000, 711.0000, -55.0000, -2274.0000, 740.0000, -58.0000, 0, 0, 0
L -2274.0000, 740.0000, -58.0000, -2259.0000, 763.0000, -56.0000, 0, 0, 0
L -2259.0000, 763.0000, -56.0000, -2268.0000, 811.0000, -48.0000, 0, 0, 0
L -2268.0000, 811.0000, -48.0000, -2267.0000, 828.0000, -53.0000, 0, 0, 0
L -2267.0000, 828.0000, -53.0000, -2274.0000, 847.0000, -51.0000, 0, 0, 0
L -509.0000, -1156.0000, -65.0000, -472.0000, -1148.0000, -65.0000, 150, 150, 150
L -472.0000, -1148.0000, -65.0000, -339.0000, -1157.0000, -65.0000, 150, 150, 150
L -339.0000, -1157.0000, -65.0000, -301.0000, -1147.0000, -65.0000, 150, 150, 150
L -301.0000, -1147.0000, -65.0000, -302.0000, -1075.0000, -65.0000, 150, 150, 150
L -302.0000, -1075.0000, -65.0000, -290.0000, -831.0000, -62.0000, 150, 150, 150
L -290.0000, -831.0000, -62.0000, -331.0000, -829.0000, -68.0000, 150, 150, 150
L -331.0000, -829.0000, -68.0000, -440.0000, -765.0000, -82.0000, 150, 150, 150
L -440.0000, -765.0000, -82.0000, -467.0000, -703.0000, -69.0000, 150, 150, 150
L -467.0000, -703.0000, -69.0000, -470.0000, -621.0000, -64.0000, 150, 150, 150
L -470.0000, -620.0000, -64.0000, -462.0000, -642.0000, -69.0000, 0, 0, 0
L -462.0000, -642.0000, -69.0000, -433.0000, -673.0000, -59.0000, 0, 0, 0
L -433.0000, -673.0000, -59.0000, -367.0000, -688.0000, -59.0000, 0, 0, 0
L -367.0000, -688.0000, -59.0000, -339.0000, -697.0000, -42.0000, 0, 0, 0
L -339.0000, -697.0000, -42.0000, -301.0000, -778.0000, -59.0000, 0, 0, 0
L -301.0000, -778.0000, -59.0000, -276.0000, -781.0000, -59.0000, 0, 0, 0
L -276.0000, -781.0000, -59.0000, -245.0000, -778.0000, -50.0000, 0, 0, 0
L -245.0000, -778.0000, -50.0000, -212.0000, -778.0000, -54.0000, 0, 0, 0
L -212.0000, -778.0000, -54.0000, -194.0000, -777.0000, -48.0000, 0, 0, 0
L -194.0000, -777.0000, -48.0000, -134.0000, -749.0000, -57.0000, 0, 0, 0
L -134.0000, -749.0000, -57.0000, -129.0000, -742.0000, -48.0000, 0, 0, 0
L -129.0000, -742.0000, -48.0000, -130.0000, -676.0000, -49.0000, 0, 0, 0
L -130.0000, -676.0000, -49.0000, -128.0000, -637.0000, -56.0000, 0, 0, 0
L -128.0000, -637.0000, -56.0000, -128.0000, -600.0000, -58.0000, 0, 0, 0
L -128.0000, -600.0000, -58.0000, -137.0000, -569.0000, -51.0000, 0, 0, 0
L -137.0000, -569.0000, -51.0000, -164.0000, -550.0000, -49.0000, 0, 0, 0
L -164.0000, -550.0000, -49.0000, -199.0000, -543.0000, -48.0000, 0, 0, 0
L -199.0000, -543.0000, -48.0000, -234.0000, -545.0000, -48.0000, 0, 0, 0
L -234.0000, -545.0000, -48.0000, -259.0000, -537.0000, -47.0000, 0, 0, 0
L -259.0000, -537.0000, -47.0000, -307.0000, -487.0000, -51.0000, 0, 0, 0
L -307.0000, -487.0000, -51.0000, -321.0000, -456.0000, -52.0000, 0, 0, 0
L -321.0000, -456.0000, -52.0000, -322.0000, -426.0000, -49.0000, 0, 0, 0
L -322.0000, -426.0000, -49.0000, -330.0000, -383.0000, -56.0000, 0, 0, 0
L -330.0000, -383.0000, -56.0000, -339.0000, -355.0000, -46.0000, 0, 0, 0
L -339.0000, -355.0000, -46.0000, -329.0000, -323.0000, -51.0000, 0, 0, 0
L -329.0000, -323.0000, -51.0000, -317.0000, -285.0000, -49.0000, 0, 0, 0
L -317.0000, -285.0000, -49.0000, -301.0000, -256.0000, -54.0000, 0, 0, 0
L -301.0000, -256.0000, -54.0000, -289.0000, -230.0000, -49.0000, 0, 0, 0
L -289.0000, -230.0000, -49.0000, -287.0000, -176.0000, -55.0000, 0, 0, 0
L -233.0000, -216.0000, -58.0000, -247.0000, -245.0000, -54.0000, 0, 0, 0
L -247.0000, -245.0000, -54.0000, -262.0000, -275.0000, -55.0000, 0, 0, 0
L -262.0000, -275.0000, -55.0000, -271.0000, -292.0000, -48.0000, 0, 0, 0
L -271.0000, -292.0000, -48.0000, -277.0000, -314.0000, -53.0000, 0, 0, 0
L -277.0000, -314.0000, -53.0000, -290.0000, -357.0000, -52.0000, 0, 0, 0
L -290.0000, -357.0000, -52.0000, -282.0000, -397.0000, -59.0000, 0, 0, 0
L -282.0000, -397.0000, -59.0000, -261.0000, -476.0000, -49.0000, 0, 0, 0
L -261.0000, -476.0000, -49.0000, -198.0000, -494.0000, -49.0000, 0, 0, 0
L -198.0000, -494.0000, -49.0000, -149.0000, -500.0000, -52.0000, 0, 0, 0
L -149.0000, -500.0000, -52.0000, -99.0000, -539.0000, -50.0000, 0, 0, 0
L -99.0000, -539.0000, -50.0000, -85.0000, -563.0000, -52.0000, 0, 0, 0
L -85.0000, -563.0000, -52.0000, -78.0000, -608.0000, -49.0000, 0, 0, 0
L -78.0000, -608.0000, -49.0000, -81.0000, -651.0000, -56.0000, 0, 0, 0
L -81.0000, -651.0000, -56.0000, -79.0000, -701.0000, -51.0000, 0, 0, 0
L -79.0000, -701.0000, -51.0000, -79.0000, -741.0000, -47.0000, 0, 0, 0
L -79.0000, -741.0000, -47.0000, -56.0000, -755.0000, -53.0000, 0, 0, 0
L -56.0000, -755.0000, -53.0000, -14.0000, -777.0000, -48.0000, 0, 0, 0
L -14.0000, -777.0000, -48.0000, 7.0000, -777.0000, -54.0000, 0, 0, 0
L 7.0000, -777.0000, -54.0000, 40.0000, -770.0000, -52.0000, 0, 0, 0
L 40.0000, -770.0000, -52.0000, 47.0000, -763.0000, -47.0000, 0, 0, 0
L 47.0000, -763.0000, -47.0000, 56.0000, -719.0000, -51.0000, 0, 0, 0
L 56.0000, -719.0000, -51.0000, 59.0000, -704.0000, -48.0000, 0, 0, 0
L 59.0000, -704.0000, -48.0000, 55.0000, -685.0000, -49.0000, 0, 0, 0
L 55.0000, -685.0000, -49.0000, 44.0000, -640.0000, -31.0000, 0, 0, 0
L 44.0000, -640.0000, -31.0000, 51.0000, -611.0000, -18.0000, 0, 0, 0
L 51.0000, -611.0000, -18.0000, 59.0000, -580.0000, 4.0000, 0, 0, 0
L 59.0000, -580.0000, 4.0000, 72.0000, -541.0000, 0.0000, 0, 0, 0
L 72.0000, -541.0000, 0.0000, 85.0000, -503.0000, 3.0000, 0, 0, 0
L 85.0000, -503.0000, 3.0000, 108.0000, -449.0000, 0.0000, 0, 0, 0
L 108.0000, -449.0000, 0.0000, 124.0000, -406.0000, -25.0000, 0, 0, 0
L 124.0000, -406.0000, -25.0000, 144.0000, -352.0000, -46.0000, 0, 0, 0
L 144.0000, -352.0000, -46.0000, 144.0000, -317.0000, -52.0000, 0, 0, 0
L 144.0000, -317.0000, -52.0000, 136.0000, -290.0000, -48.0000, 0, 0, 0
L 136.0000, -290.0000, -48.0000, 72.0000, -274.0000, -48.0000, 0, 0, 0
L 72.0000, -274.0000, -48.0000, 22.0000, -273.0000, -58.0000, 0, 0, 0
L 22.0000, -273.0000, -58.0000, -20.0000, -272.0000, -59.0000, 0, 0, 0
L 2.0000, -212.0000, -57.0000, 2.0000, -225.0000, -56.0000, 0, 0, 0
L 2.0000, -225.0000, -56.0000, 16.0000, -226.0000, -52.0000, 0, 0, 0
L 16.0000, -226.0000, -52.0000, 71.0000, -225.0000, -49.0000, 0, 0, 0
L 71.0000, -225.0000, -49.0000, 143.0000, -244.0000, -56.0000, 0, 0, 0
L 143.0000, -244.0000, -56.0000, 175.0000, -273.0000, -54.0000, 0, 0, 0
L 175.0000, -273.0000, -54.0000, 184.0000, -291.0000, -55.0000, 0, 0, 0
L 184.0000, -291.0000, -55.0000, 193.0000, -325.0000, -57.0000, 0, 0, 0
L 193.0000, -325.0000, -57.0000, 189.0000, -349.0000, -54.0000, 0, 0, 0
L 189.0000, -349.0000, -54.0000, 177.0000, -386.0000, -36.0000, 0, 0, 0
L 177.0000, -386.0000, -36.0000, 163.0000, -417.0000, -21.0000, 0, 0, 0
L 163.0000, -417.0000, -21.0000, 144.0000, -453.0000, -1.0000, 0, 0, 0
L 144.0000, -453.0000, -1.0000, 135.0000, -490.0000, 2.0000, 0, 0, 0
L 135.0000, -490.0000, 2.0000, 124.0000, -529.0000, 3.0000, 0, 0, 0
L 124.0000, -529.0000, 3.0000, 119.0000, -542.0000, -1.0000, 0, 0, 0
L 119.0000, -542.0000, -1.0000, 101.0000, -590.0000, -3.0000, 0, 0, 0
L 101.0000, -590.0000, -3.0000, 92.0000, -636.0000, -17.0000, 0, 0, 0
L 92.0000, -636.0000, -17.0000, 90.0000, -654.0000, -34.0000, 0, 0, 0
L 90.0000, -654.0000, -34.0000, 104.0000, -695.0000, -48.0000, 0, 0, 0
L 104.0000, -695.0000, -48.0000, 107.0000, -719.0000, -58.0000, 0, 0, 0
L 107.0000, -719.0000, -58.0000, 100.0000, -743.0000, -60.0000, 0, 0, 0
L 100.0000, -743.0000, -60.0000, 83.0000, -774.0000, -60.0000, 0, 0, 0
L 83.0000, -774.0000, -60.0000, 68.0000, -795.0000, -56.0000, 0, 0, 0
L 68.0000, -795.0000, -56.0000, 41.0000, -815.0000, -55.0000, 0, 0, 0
L 41.0000, -815.0000, -55.0000, 17.0000, -826.0000, -54.0000, 0, 0, 0
L 17.0000, -826.0000, -54.0000, 6.0000, -827.0000, -52.0000, 0, 0, 0
L 6.0000, -827.0000, -52.0000, -28.0000, -819.0000, -51.0000, 0, 0, 0
L -28.0000, -819.0000, -51.0000, -60.0000, -803.0000, -50.0000, 0, 0, 0
L -60.0000, -803.0000, -50.0000, -78.0000, -791.0000, -50.0000, 0, 0, 0
L -78.0000, -791.0000, -50.0000, -110.0000, -795.0000, -53.0000, 0, 0, 0
L -110.0000, -795.0000, -53.0000, -130.0000, -795.0000, -49.0000, 0, 0, 0
L -130.0000, -795.0000, -49.0000, -164.0000, -806.0000, -56.0000, 0, 0, 0
L -164.0000, -806.0000, -56.0000, -196.0000, -820.0000, -56.0000, 0, 0, 0
L -196.0000, -820.0000, -56.0000, -231.0000, -827.0000, -53.0000, 0, 0, 0
L -231.0000, -827.0000, -53.0000, -274.0000, -825.0000, -53.0000, 0, 0, 0
L -274.0000, -825.0000, -53.0000, -277.0000, -829.0000, -59.0000, 0, 0, 0
L -277.0000, -829.0000, -59.0000, -290.0000, -929.0000, -60.0000, 0, 0, 0
L -290.0000, -929.0000, -60.0000, -272.0000, -1024.0000, -59.0000, 0, 0, 0
L -272.0000, -1024.0000, -59.0000, -291.0000, -1159.0000, -51.0000, 0, 0, 0
L -291.0000, -1159.0000, -51.0000, -344.0000, -1183.0000, -59.0000, 0, 0, 0
L -344.0000, -1183.0000, -59.0000, -412.0000, -1160.0000, -61.0000, 0, 0, 0
L -412.0000, -1160.0000, -61.0000, -447.0000, -1153.0000, -63.0000, 0, 0, 0
L -447.0000, -1153.0000, -63.0000, -472.0000, -1167.0000, -62.0000, 0, 0, 0
L -472.0000, -1167.0000, -62.0000, -509.0000, -1156.0000, -65.0000, 0, 0, 0
L 109.0000, 525.0000, -89.0000, 124.0000, 496.0000, -90.0000, 0, 0, 0
L 124.0000, 496.0000, -90.0000, 143.0000, 456.0000, -84.0000, 0, 0, 0
L 143.0000, 456.0000, -84.0000, 145.0000, 435.0000, -84.0000, 0, 0, 0
L 145.0000, 435.0000, -84.0000, 132.0000, 398.0000, -82.0000, 0, 0, 0
L 132.0000, 398.0000, -82.0000, 96.0000, 360.0000, -84.0000, 0, 0, 0
L 96.0000, 360.0000, -84.0000, 68.0000, 343.0000, -84.0000, 0, 0, 0
L 68.0000, 343.0000, -84.0000, 27.0000, 339.0000, -80.0000, 0, 0, 0
L 27.0000, 339.0000, -80.0000, -23.0000, 330.0000, -78.0000, 0, 0, 0
L -23.0000, 330.0000, -78.0000, -95.0000, 312.0000, -55.0000, 0, 0, 0
L -95.0000, 312.0000, -55.0000, -129.0000, 303.0000, -57.0000, 0, 0, 0
L -129.0000, 303.0000, -57.0000, -167.0000, 284.0000, -57.0000, 0, 0, 0
L -167.0000, 284.0000, -57.0000, -173.0000, 283.0000, -55.0000, 0, 0, 0
L -173.0000, 283.0000, -55.0000, -251.0000, 291.0000, -55.0000, 0, 0, 0
L -251.0000, 291.0000, -55.0000, -288.0000, 296.0000, -50.0000, 0, 0, 0
L -288.0000, 296.0000, -50.0000, -304.0000, 308.0000, -51.0000, 0, 0, 0
L -304.0000, 308.0000, -51.0000, -338.0000, 347.0000, -54.0000, 0, 0, 0
L -338.0000, 347.0000, -54.0000, -349.0000, 403.0000, -57.0000, 0, 0, 0
L -349.0000, 403.0000, -57.0000, -357.0000, 442.0000, -53.0000, 0, 0, 0
L -357.0000, 442.0000, -53.0000, -364.0000, 470.0000, -49.0000, 0, 0, 0
L -364.0000, 470.0000, -49.0000, -399.0000, 480.0000, -54.0000, 0, 0, 0
L -399.0000, 480.0000, -54.0000, -432.0000, 482.0000, -50.0000, 0, 0, 0
L -432.0000, 482.0000, -50.0000, -481.0000, 452.0000, -49.0000, 0, 0, 0
L -481.0000, 452.0000, -49.0000, -500.0000, 445.0000, -51.0000, 0, 0, 0
L -500.0000, 445.0000, -51.0000, -504.0000, 441.0000, -51.0000, 0, 0, 0
L -504.0000, 441.0000, -51.0000, -508.0000, 390.0000, -61.0000, 0, 0, 0
L -508.0000, 390.0000, -61.0000, -509.0000, 345.0000, -59.0000, 0, 0, 0
L -509.0000, 345.0000, -59.0000, -505.0000, 331.0000, -61.0000, 0, 0, 0
L -505.0000, 331.0000, -61.0000, -505.0000, 325.0000, -58.0000, 0, 0, 0
L -505.0000, 325.0000, -58.0000, -499.0000, 294.0000, -56.0000, 0, 0, 0
L -499.0000, 294.0000, -56.0000, -498.0000, 226.0000, -59.0000, 0, 0, 0
L -498.0000, 226.0000, -59.0000, -478.0000, 151.0000, -59.0000, 0, 0, 0
L -478.0000, 151.0000, -59.0000, -477.0000, 83.0000, -60.0000, 0, 0, 0
L -356.0000, 1.0000, -54.0000, -334.0000, 39.0000, -57.0000, 0, 0, 0
L -334.0000, 39.0000, -57.0000, -322.0000, 71.0000, -48.0000, 0, 0, 0
L -322.0000, 71.0000, -48.0000, -316.0000, 124.0000, -51.0000, 0, 0, 0
L -316.0000, 124.0000, -51.0000, -298.0000, 151.0000, -51.0000, 0, 0, 0
L -298.0000, 151.0000, -51.0000, -278.0000, 171.0000, -50.0000, 0, 0, 0
L -278.0000, 171.0000, -50.0000, -241.0000, 194.0000, -49.0000, 0, 0, 0
L -241.0000, 194.0000, -49.0000, -203.0000, 192.0000, -52.0000, 0, 0, 0
L -203.0000, 192.0000, -52.0000, -151.0000, 186.0000, -55.0000, 0, 0, 0
L -151.0000, 186.0000, -55.0000, -128.0000, 169.0000, -56.0000, 0, 0, 0
L -128.0000, 169.0000, -56.0000, -101.0000, 146.0000, -55.0000, 0, 0, 0
L -101.0000, 146.0000, -55.0000, -86.0000, 122.0000, -53.0000, 0, 0, 0
L -86.0000, 122.0000, -53.0000, -77.0000, 84.0000, -48.0000, 0, 0, 0
L -77.0000, 84.0000, -48.0000, -118.0000, 75.0000, -60.0000, 0, 0, 0
L -118.0000, 75.0000, -60.0000, -130.0000, 99.0000, -52.0000, 0, 0, 0
L -130.0000, 99.0000, -52.0000, -140.0000, 128.0000, -47.0000, 0, 0, 0
L -140.0000, 128.0000, -47.0000, -180.0000, 141.0000, -48.0000, 0, 0, 0
L -180.0000, 141.0000, -48.0000, -199.0000, 144.0000, -48.0000, 0, 0, 0
L -199.0000, 144.0000, -48.0000, -232.0000, 140.0000, -52.0000, 0, 0, 0
L -232.0000, 140.0000, -52.0000, -264.0000, 128.0000, -52.0000, 0, 0, 0
L -264.0000, 128.0000, -52.0000, -273.0000, 100.0000, -56.0000, 0, 0, 0
L -273.0000, 100.0000, -56.0000, -276.0000, 80.0000, -57.0000, 0, 0, 0
L -276.0000, 80.0000, -57.0000, -291.0000, 36.0000, -59.0000, 0, 0, 0
L -291.0000, 36.0000, -59.0000, -300.0000, 15.0000, -51.0000, 0, 0, 0
L -300.0000, 15.0000, -51.0000, -305.0000, -47.0000, -57.0000, 0, 0, 0
L -594.0000, 86.0000, -72.0000, -551.0000, 154.0000, -65.0000, 150, 150, 150
L -551.0000, 154.0000, -65.0000, -540.0000, 215.0000, -59.0000, 150, 150, 150
L -540.0000, 215.0000, -59.0000, -514.0000, 284.0000, -59.0000, 150, 150, 150
L -514.0000, 284.0000, -59.0000, -532.0000, 388.0000, -65.0000, 150, 150, 150
L -532.0000, 388.0000, -65.0000, -554.0000, 468.0000, -65.0000, 150, 150, 150
L -554.0000, 468.0000, -65.0000, -545.0000, 598.0000, -65.0000, 150, 150, 150
L -545.0000, 598.0000, -65.0000, -557.0000, 641.0000, -65.0000, 150, 150, 150
L -557.0000, 641.0000, -65.0000, -660.0000, 639.0000, -59.0000, 150, 150, 150
L -660.0000, 639.0000, -59.0000, -806.0000, 647.0000, -63.0000, 150, 150, 150
L -806.0000, 647.0000, -63.0000, -748.0000, 651.0000, -59.0000, 0, 0, 0
L -748.0000, 651.0000, -59.0000, -731.0000, 657.0000, -59.0000, 0, 0, 0
L -731.0000, 657.0000, -59.0000, -575.0000, 656.0000, -60.0000, 0, 0, 0
L -575.0000, 656.0000, -60.0000, -556.0000, 653.0000, -61.0000, 0, 0, 0
L -556.0000, 653.0000, -61.0000, -536.0000, 597.0000, -63.0000, 0, 0, 0
L -536.0000, 597.0000, -63.0000, -535.0000, 540.0000, -59.0000, 0, 0, 0
L -535.0000, 540.0000, -59.0000, -523.0000, 526.0000, -50.0000, 0, 0, 0
L -523.0000, 526.0000, -50.0000, -504.0000, 493.0000, -59.0000, 0, 0, 0
L -504.0000, 493.0000, -59.0000, -499.0000, 493.0000, -49.0000, 0, 0, 0
L -499.0000, 493.0000, -49.0000, -460.0000, 509.0000, -59.0000, 0, 0, 0
L -460.0000, 509.0000, -59.0000, -436.0000, 521.0000, -58.0000, 0, 0, 0
L -436.0000, 521.0000, -58.0000, -421.0000, 526.0000, -54.0000, 0, 0, 0
L -421.0000, 526.0000, -54.0000, -373.0000, 527.0000, -48.0000, 0, 0, 0
L -373.0000, 527.0000, -48.0000, -352.0000, 512.0000, -50.0000, 0, 0, 0
L -352.0000, 512.0000, -50.0000, -327.0000, 489.0000, -49.0000, 0, 0, 0
L -327.0000, 489.0000, -49.0000, -306.0000, 461.0000, -48.0000, 0, 0, 0
L -306.0000, 461.0000, -48.0000, -303.0000, 410.0000, -48.0000, 0, 0, 0
L -303.0000, 410.0000, -48.0000, -290.0000, 346.0000, -48.0000, 0, 0, 0
L -290.0000, 346.0000, -48.0000, -238.0000, 340.0000, -49.0000, 0, 0, 0
L -238.0000, 340.0000, -49.0000, -225.0000, 337.0000, -48.0000, 0, 0, 0
L -225.0000, 337.0000, -48.0000, -185.0000, 332.0000, -49.0000, 0, 0, 0
L -185.0000, 332.0000, -49.0000, -170.0000, 331.0000, -46.0000, 0, 0, 0
L -170.0000, 331.0000, -46.0000, -130.0000, 346.0000, -53.0000, 0, 0, 0
L -130.0000, 346.0000, -53.0000, -85.0000, 363.0000, -54.0000, 0, 0, 0
L -85.0000, 363.0000, -54.0000, -17.0000, 379.0000, -73.0000, 0, 0, 0
L -17.0000, 379.0000, -73.0000, 44.0000, 393.0000, -82.0000, 0, 0, 0
L 44.0000, 393.0000, -82.0000, 73.0000, 401.0000, -81.0000, 0, 0, 0
L 73.0000, 401.0000, -81.0000, 95.0000, 451.0000, -89.0000, 0, 0, 0
L 95.0000, 451.0000, -89.0000, 94.0000, 460.0000, -80.0000, 0, 0, 0
L 94.0000, 460.0000, -80.0000, 81.0000, 488.0000, -86.0000, 0, 0, 0
L 81.0000, 488.0000, -86.0000, 69.0000, 512.0000, -87.0000, 0, 0, 0
L 69.0000, 512.0000, -87.0000, 74.0000, 528.0000, -88.0000, 0, 0, 0
L -1092.0000, -415.0000, -64.0000, -1060.0000, -498.0000, -64.0000, 150, 150, 150
L -1060.0000, -498.0000, -64.0000, -1026.0000, -570.0000, -64.0000, 150, 150, 150
L -1026.0000, -570.0000, -64.0000, -1065.0000, -636.0000, -63.0000, 150, 150, 150
L -1065.0000, -636.0000, -63.0000, -1067.0000, -699.0000, -64.0000, 150, 150, 150
L -1067.0000, -699.0000, -64.0000, -1086.0000, -762.0000, -76.0000, 150, 150, 150
L -1086.0000, -762.0000, -76.0000, -1155.0000, -830.0000, -65.0000, 150, 150, 150
L -1155.0000, -830.0000, -65.0000, -1127.0000, -1016.0000, -65.0000, 150, 150, 150
L -1127.0000, -1016.0000, -65.0000, -1134.0000, -1142.0000, -65.0000, 150, 150, 150
L -1134.0000, -1142.0000, -65.0000, -1121.0000, -1187.0000, -65.0000, 150, 150, 150
L -1121.0000, -1187.0000, -65.0000, -1130.0000, -1129.0000, -98.0000, 178, 102, 255
L -1130.0000, -1129.0000, -98.0000, -1127.0000, -1092.0000, -116.0000, 178, 102, 255
L -1127.0000, -1092.0000, -116.0000, -1130.0000, -1041.0000, -139.0000, 178, 102, 255
L -1130.0000, -1041.0000, -139.0000, -1136.0000, -1013.0000, -155.0000, 178, 102, 255
L -1136.0000, -1013.0000, -155.0000, -1161.0000, -980.0000, -168.0000, 178, 102, 255
L -1161.0000, -980.0000, -168.0000, -1164.0000, -929.0000, -192.0000, 178, 102, 255
L -1164.0000, -929.0000, -192.0000, -1173.0000, -899.0000, -195.0000, 178, 102, 255
L -1173.0000, -899.0000, -195.0000, -1175.0000, -876.0000, -197.0000, 178, 102, 255
L -1175.0000, -876.0000, -197.0000, -1177.0000, -847.0000, -201.0000, 178, 102, 255
L -1177.0000, -847.0000, -201.0000, -1168.0000, -810.0000, -214.0000, 178, 102, 255
L -1168.0000, -810.0000, -214.0000, -1151.0000, -785.0000, -224.0000, 178, 102, 255
L -1151.0000, -785.0000, -224.0000, -1133.0000, -771.0000, -230.0000, 178, 102, 255
L -1133.0000, -771.0000, -230.0000, -1139.0000, -750.0000, -237.0000, 178, 102, 255
L -1139.0000, -750.0000, -237.0000, -1131.0000, -719.0000, -236.0000, 178, 102, 255
L -1131.0000, -719.0000, -236.0000, -1118.0000, -692.0000, -254.0000, 178, 102, 255
L -1118.0000, -692.0000, -254.0000, -1097.0000, -657.0000, -268.0000, 178, 102, 255
L -1097.0000, -657.0000, -268.0000, -1087.0000, -635.0000, -285.0000, 178, 102, 255
L -1087.0000, -635.0000, -285.0000, -1071.0000, -603.0000, -293.0000, 178, 102, 255
L -1071.0000, -603.0000, -293.0000, -1051.0000, -589.0000, -313.0000, 178, 102, 255
L -1044.0000, -602.0000, -314.0000, -1050.0000, -654.0000, -277.0000, 178, 102, 255
L -1050.0000, -654.0000, -277.0000, -1087.0000, -727.0000, -246.0000, 178, 102, 255
L -1087.0000, -727.0000, -246.0000, -1115.0000, -770.0000, -233.0000, 178, 102, 255
L -1115.0000, -770.0000, -233.0000, -1119.0000, -819.0000, -217.0000, 178, 102, 255
L -1119.0000, -819.0000, -217.0000, -1145.0000, -891.0000, -200.0000, 178, 102, 255
L -1145.0000, -891.0000, -200.0000, -1117.0000, -972.0000, -181.0000, 178, 102, 255
L -1117.0000, -972.0000, -181.0000, -1109.0000, -1058.0000, -131.0000, 178, 102, 255
L -1109.0000, -1058.0000, -131.0000, -1077.0000, -1130.0000, -104.0000, 178, 102, 255
L -1077.0000, -1130.0000, -104.0000, -1070.0000, -1183.0000, -65.0000, 178, 102, 255
L -1070.0000, -1183.0000, -65.0000, -828.0000, -1193.0000, -65.0000, 150, 150, 150
L -828.0000, -1193.0000, -65.0000, -657.0000, -1182.0000, -59.0000, 150, 150, 150
L -657.0000, -1182.0000, -59.0000, -558.0000, -1164.0000, -65.0000, 150, 150, 150
L -558.0000, -1164.0000, -65.0000, -554.0000, -1193.0000, -60.0000, 0, 0, 0
L -554.0000, -1193.0000, -60.0000, -574.0000, -1201.0000, -59.0000, 0, 0, 0
L -574.0000, -1201.0000, -59.0000, -600.0000, -1193.0000, -59.0000, 0, 0, 0
L -600.0000, -1193.0000, -59.0000, -655.0000, -1209.0000, -59.0000, 0, 0, 0
L -655.0000, -1209.0000, -59.0000, -743.0000, -1196.0000, -59.0000, 0, 0, 0
L -743.0000, -1196.0000, -59.0000, -835.0000, -1209.0000, -59.0000, 0, 0, 0
L -835.0000, -1209.0000, -59.0000, -918.0000, -1197.0000, -60.0000, 0, 0, 0
L -918.0000, -1197.0000, -60.0000, -1133.0000, -1193.0000, -59.0000, 0, 0, 0
L -1133.0000, -1193.0000, -59.0000, -1159.0000, -1144.0000, -59.0000, 0, 0, 0
L -1159.0000, -1144.0000, -59.0000, -1146.0000, -1096.0000, -59.0000, 0, 0, 0
L -1146.0000, -1096.0000, -59.0000, -1169.0000, -1040.0000, -59.0000, 0, 0, 0
L -1169.0000, -1040.0000, -59.0000, -1158.0000, -993.0000, -59.0000, 0, 0, 0
L -1158.0000, -993.0000, -59.0000, -1182.0000, -933.0000, -59.0000, 0, 0, 0
L -1182.0000, -933.0000, -59.0000, -1185.0000, -896.0000, -59.0000, 0, 0, 0
L -1185.0000, -896.0000, -59.0000, -1215.0000, -887.0000, -51.0000, 0, 0, 0
L -1215.0000, -887.0000, -51.0000, -1271.0000, -913.0000, -53.0000, 0, 0, 0
L -1271.0000, -913.0000, -53.0000, -1298.0000, -922.0000, -50.0000, 0, 0, 0
L -1298.0000, -922.0000, -50.0000, -1347.0000, -934.0000, -51.0000, 0, 0, 0
L -1347.0000, -934.0000, -51.0000, -1416.0000, -946.0000, -50.0000, 0, 0, 0
L -1416.0000, -946.0000, -50.0000, -1454.0000, -945.0000, -50.0000, 0, 0, 0
L -1454.0000, -945.0000, -50.0000, -1514.0000, -940.0000, -53.0000, 0, 0, 0
L -1514.0000, -940.0000, -53.0000, -1531.0000, -935.0000, -53.0000, 0, 0, 0
L -1531.0000, -935.0000, -53.0000, -1579.0000, -913.0000, -49.0000, 0, 0, 0
L -1579.0000, -913.0000, -49.0000, -1632.0000, -913.0000, -49.0000, 0, 0, 0
L -1632.0000, -913.0000, -49.0000, -1673.0000, -924.0000, -54.0000, 0, 0, 0
L -1673.0000, -924.0000, -54.0000, -1709.0000, -933.0000, -56.0000, 0, 0, 0
L -1709.0000, -933.0000, -56.0000, -1768.0000, -945.0000, -53.0000, 0, 0, 0
L -1768.0000, -945.0000, -53.0000, -1806.0000, -934.0000, -49.0000, 0, 0, 0
L -1806.0000, -934.0000, -49.0000, -1843.0000, -903.0000, -50.0000, 0, 0, 0
L -1843.0000, -903.0000, -50.0000, -1867.0000, -857.0000, -49.0000, 0, 0, 0
L -1867.0000, -857.0000, -49.0000, -1866.0000, -826.0000, -47.0000, 0, 0, 0
L -1866.0000, -826.0000, -47.0000, -1879.0000, -791.0000, -58.0000, 0, 0, 0
L -1879.0000, -791.0000, -58.0000, -1907.0000, -751.0000, -54.0000, 0, 0, 0
L -1907.0000, -751.0000, -54.0000, -1947.0000, -756.0000, -54.0000, 0, 0, 0
L -1947.0000, -756.0000, -54.0000, -1967.0000, -757.0000, -52.0000, 0, 0, 0
L -1967.0000, -757.0000, -52.0000, -2027.0000, -756.0000, -49.0000, 0, 0, 0
L -2027.0000, -756.0000, -49.0000, -2044.0000, -753.0000, -47.0000, 0, 0, 0
L -2044.0000, -753.0000, -47.0000, -2093.0000, -738.0000, -38.0000, 0, 0, 0
L -2093.0000, -738.0000, -38.0000, -2138.0000, -747.0000, -28.0000, 0, 0, 0
L -2138.0000, -747.0000, -28.0000, -2176.0000, -748.0000, -19.0000, 0, 0, 0
L -2176.0000, -748.0000, -19.0000, -2214.0000, -744.0000, -17.0000, 0, 0, 0
L -2214.0000, -744.0000, -17.0000, -2299.0000, -720.0000, -17.0000, 0, 0, 0
L -2299.0000, -720.0000, -17.0000, -2341.0000, -695.0000, -32.0000, 0, 0, 0
L -2341.0000, -695.0000, -32.0000, -2393.0000, -664.0000, -48.0000, 0, 0, 0
L -2393.0000, -664.0000, -48.0000, -2442.0000, -661.0000, -51.0000, 0, 0, 0
L -2442.0000, -661.0000, -51.0000, -2484.0000, -627.0000, -51.0000, 0, 0, 0
L -2484.0000, -627.0000, -51.0000, -2513.0000, -565.0000, -55.0000, 0, 0, 0
L -2513.0000, -565.0000, -55.0000, -2514.0000, -528.0000, -54.0000, 0, 0, 0
L -2514.0000, -528.0000, -54.0000, -2535.0000, -482.0000, -60.0000, 0, 0, 0
L -2535.0000, -482.0000, -60.0000, -2543.0000, -425.0000, -52.0000, 0, 0, 0
L -2543.0000, -425.0000, -52.0000, -2523.0000, -388.0000, -52.0000, 0, 0, 0
L -2523.0000, -388.0000, -52.0000, -2510.0000, -371.0000, -48.0000, 0, 0, 0
L -2510.0000, -371.0000, -48.0000, -2487.0000, -354.0000, -49.0000, 0, 0, 0
L -2487.0000, -354.0000, -49.0000, -2451.0000, -340.0000, -48.0000, 0, 0, 0
L -2451.0000, -340.0000, -48.0000, -2428.0000, -342.0000, -49.0000, 0, 0, 0
L -2428.0000, -342.0000, -49.0000, -2397.0000, -345.0000, -57.0000, 0, 0, 0
L -2397.0000, -345.0000, -57.0000, -2382.0000, -344.0000, -57.0000, 0, 0, 0
L -2382.0000, -344.0000, -57.0000, -2354.0000, -312.0000, -59.0000, 0, 0, 0
L -2354.0000, -312.0000, -59.0000, -2357.0000, -289.0000, -53.0000, 0, 0, 0
L -2357.0000, -289.0000, -53.0000, -2358.0000, -253.0000, -50.0000, 0, 0, 0
L -2358.0000, -253.0000, -50.0000, -2357.0000, -214.0000, -47.0000, 0, 0, 0
L -2357.0000, -214.0000, -47.0000, -2351.0000, -144.0000, -50.0000, 0, 0, 0
L -2351.0000, -144.0000, -50.0000, -2333.0000, -104.0000, -51.0000, 0, 0, 0
L -2333.0000, -104.0000, -51.0000, -2320.0000, -74.0000, -51.0000, 0, 0, 0
L -2320.0000, -74.0000, -51.0000, -2319.0000, -51.0000, -56.0000, 0, 0, 0
L -2319.0000, -51.0000, -56.0000, -2320.0000, -33.0000, -55.0000, 0, 0, 0
L -2320.0000, -33.0000, -55.0000, -2333.0000, 7.0000, -60.0000, 0, 0, 0
L -2333.0000, 7.0000, -60.0000, -2353.0000, 55.0000, -56.0000, 0, 0, 0
L -2353.0000, 55.0000, -56.0000, -2364.0000, 92.0000, -48.0000, 0, 0, 0
L -2364.0000, 92.0000, -48.0000, -2389.0000, 105.0000, -52.0000, 0, 0, 0
L -2389.0000, 105.0000, -52.0000, -2416.0000, 108.0000, -49.0000, 0, 0, 0
L -2416.0000, 108.0000, -49.0000, -2422.0000, 120.0000, -52.0000, 0, 0, 0
L -2422.0000, 120.0000, -52.0000, -2422.0000, 149.0000, -60.0000, 0, 0, 0
L -2422.0000, 149.0000, -60.0000, -2413.0000, 162.0000, -48.0000, 0, 0, 0
L -2413.0000, 162.0000, -48.0000, -2399.0000, 163.0000, -48.0000, 0, 0, 0
L -2399.0000, 163.0000, -48.0000, -2386.0000, 160.0000, -50.0000, 0, 0, 0
L -2386.0000, 160.0000, -50.0000, -2360.0000, 150.0000, -48.0000, 0, 0, 0
L -2360.0000, 150.0000, -48.0000, -2324.0000, 116.0000, -50.0000, 0, 0, 0
L -2324.0000, 116.0000, -50.0000, -2313.0000, 98.0000, -49.0000, 0, 0, 0
L -2313.0000, 98.0000, -49.0000, -2303.0000, 37.0000, -49.0000, 0, 0, 0
L -2303.0000, 37.0000, -49.0000, -2282.0000, -4.0000, -53.0000, 0, 0, 0
L -2282.0000, -4.0000, -53.0000, -2271.0000, -23.0000, -49.0000, 0, 0, 0
L -2271.0000, -23.0000, -49.0000, -2248.0000, -36.0000, -55.0000, 0, 0, 0
L -2248.0000, -36.0000, -55.0000, -2218.0000, -46.0000, -53.0000, 0, 0, 0
L -2218.0000, -46.0000, -53.0000, -2184.0000, -58.0000, -50.0000, 0, 0, 0
L -2184.0000, -58.0000, -50.0000, -2134.0000, -75.0000, -51.0000, 0, 0, 0
L -2134.0000, -75.0000, -51.0000, -2104.0000, -69.0000, -50.0000, 0, 0, 0
L -2104.0000, -69.0000, -50.0000, -2076.0000, -63.0000, -52.0000, 0, 0, 0
L -2076.0000, -63.0000, -52.0000, -2074.0000, -45.0000, -55.0000, 0, 0, 0
L -2074.0000, -45.0000, -55.0000, -2070.0000, -8.0000, -49.0000, 0, 0, 0
L -2070.0000, -8.0000, -49.0000, -2075.0000, 33.0000, -63.0000, 0, 0, 0
L -2075.0000, 33.0000, -63.0000, -2089.0000, 81.0000, -66.0000, 0, 0, 0
L -2089.0000, 81.0000, -66.0000, -2103.0000, 129.0000, -65.0000, 0, 0, 0
L -2103.0000, 129.0000, -65.0000, -2133.0000, 187.0000, -65.0000, 0, 0, 0
L -2133.0000, 187.0000, -65.0000, -2137.0000, 191.0000, -64.0000, 0, 0, 0
L -2137.0000, 191.0000, -64.0000, -2164.0000, 200.0000, -67.0000, 0, 0, 0
L -2164.0000, 200.0000, -67.0000, -2212.0000, 218.0000, -66.0000, 0, 0, 0
L -2212.0000, 218.0000, -66.0000, -2261.0000, 237.0000, -64.0000, 0, 0, 0
L -2261.0000, 237.0000, -64.0000, -2303.0000, 250.0000, -67.0000, 0, 0, 0
L -2303.0000, 250.0000, -67.0000, -2326.0000, 255.0000, -54.0000, 0, 0, 0
L -2326.0000, 255.0000, -54.0000, -2371.0000, 247.0000, -61.0000, 0, 0, 0
L -2371.0000, 247.0000, -61.0000, -2390.0000, 247.0000, -59.0000, 0, 0, 0
L -2390.0000, 247.0000, -59.0000, -2390.0000, 285.0000, -53.0000, 0, 0, 0
L -2390.0000, 285.0000, -53.0000, -2318.0000, 302.0000, -63.0000, 0, 0, 0
L -2318.0000, 302.0000, -63.0000, -2299.0000, 298.0000, -62.0000, 0, 0, 0
L -2299.0000, 298.0000, -62.0000, -2249.0000, 282.0000, -66.0000, 0, 0, 0
L -2249.0000, 282.0000, -66.0000, -2212.0000, 269.0000, -68.0000, 0, 0, 0
L -2212.0000, 269.0000, -68.0000, -2142.0000, 243.0000, -65.0000, 0, 0, 0
L -2142.0000, 243.0000, -65.0000, -2125.0000, 252.0000, -72.0000, 0, 0, 0
L -2125.0000, 252.0000, -72.0000, -2110.0000, 288.0000, -71.0000, 0, 0, 0
L -2110.0000, 288.0000, -71.0000, -2096.0000, 325.0000, -65.0000, 0, 0, 0
L -2096.0000, 325.0000, -65.0000, -2084.0000, 363.0000, -63.0000, 0, 0, 0
L -2084.0000, 363.0000, -63.0000, -2094.0000, 426.0000, -58.0000, 0, 0, 0
L -2094.0000, 426.0000, -58.0000, -2100.0000, 463.0000, -57.0000, 0, 0, 0
L -2100.0000, 463.0000, -57.0000, -2098.0000, 524.0000, -59.0000, 0, 0, 0
L -2098.0000, 524.0000, -59.0000, -2101.0000, 567.0000, -49.0000, 0, 0, 0
L -2226.0000, 813.0000, -58.0000, -2189.0000, 852.0000, -25.0000, 0, 0, 0
L -2189.0000, 852.0000, -25.0000, -2153.0000, 863.0000, -18.0000, 0, 0, 0
L -2153.0000, 863.0000, -18.0000, -2134.0000, 870.0000, -9.0000, 0, 0, 0
L -2134.0000, 870.0000, -9.0000, -2109.0000, 910.0000, -17.0000, 0, 0, 0
L -2109.0000, 910.0000, -17.0000, -2109.0000, 919.0000, -23.0000, 0, 0, 0
L -2109.0000, 919.0000, -23.0000, -2123.0000, 960.0000, -28.0000, 0, 0, 0
L -2123.0000, 960.0000, -28.0000, -2153.0000, 997.0000, -30.0000, 0, 0, 0
L -2153.0000, 997.0000, -30.0000, -2141.0000, 1030.0000, -22.0000, 0, 0, 0
L -2141.0000, 1030.0000, -22.0000, -2139.0000, 1038.0000, -23.0000, 0, 0, 0
L -2139.0000, 1038.0000, -23.0000, -2130.0000, 1096.0000, -13.0000, 0, 0, 0
L -2130.0000, 1096.0000, -13.0000, -2148.0000, 1111.0000, -14.0000, 0, 0, 0
L -2148.0000, 1111.0000, -14.0000, -2175.0000, 1136.0000, -12.0000, 0, 0, 0
L -2175.0000, 1136.0000, -12.0000, -2215.0000, 1133.0000, -28.0000, 0, 0, 0
L -2215.0000, 1133.0000, -28.0000, -2247.0000, 1124.0000, -29.0000, 0, 0, 0
L -2247.0000, 1124.0000, -29.0000, -2298.0000, 1168.0000, -22.0000, 0, 0, 0
L -2298.0000, 1168.0000, -22.0000, -2310.0000, 1178.0000, -23.0000, 0, 0, 0
L -2310.0000, 1178.0000, -23.0000, -2326.0000, 1162.0000, -27.0000, 0, 0, 0
L -2326.0000, 1162.0000, -27.0000, -2348.0000, 1141.0000, -30.0000, 0, 0, 0
L -2348.0000, 1141.0000, -30.0000, -2377.0000, 1117.0000, -31.0000, 0, 0, 0
L -2377.0000, 1117.0000, -31.0000, -2412.0000, 1133.0000, -23.0000, 0, 0, 0
L -2412.0000, 1133.0000, -23.0000, -2449.0000, 1138.0000, -18.0000, 0, 0, 0
L -2449.0000, 1138.0000, -18.0000, -2475.0000, 1130.0000, -8.0000, 0, 0, 0
L -2475.0000, 1130.0000, -8.0000, -2501.0000, 1103.0000, -7.0000, 0, 0, 0
L -2501.0000, 1103.0000, -7.0000, -2506.0000, 1084.0000, -19.0000, 0, 0, 0
L -2506.0000, 1084.0000, -19.0000, -2512.0000, 1050.0000, -28.0000, 0, 0, 0
L -2512.0000, 1050.0000, -28.0000, -2534.0000, 1026.0000, -45.0000, 0, 0, 0
L -2534.0000, 1026.0000, -45.0000, -2552.0000, 1024.0000, -47.0000, 0, 0, 0
L -2056.0000, 565.0000, -57.0000, -2054.0000, 534.0000, -58.0000, 0, 0, 0
L -2054.0000, 534.0000, -58.0000, -2052.0000, 501.0000, -54.0000, 0, 0, 0
L -2052.0000, 501.0000, -54.0000, -2052.0000, 492.0000, -54.0000, 0, 0, 0
L -2052.0000, 492.0000, -54.0000, -2051.0000, 431.0000, -48.0000, 0, 0, 0
L -2051.0000, 431.0000, -48.0000, -2040.0000, 379.0000, -64.0000, 0, 0, 0
L -2040.0000, 379.0000, -64.0000, -2044.0000, 334.0000, -67.0000, 0, 0, 0
L -2044.0000, 334.0000, -67.0000, -2052.0000, 307.0000, -64.0000, 0, 0, 0
L -2052.0000, 307.0000, -64.0000, -2062.0000, 285.0000, -67.0000, 0, 0, 0
L -2062.0000, 285.0000, -67.0000, -2080.0000, 250.0000, -67.0000, 0, 0, 0
L -2080.0000, 250.0000, -67.0000, -2085.0000, 220.0000, -72.0000, 0, 0, 0
L -2085.0000, 220.0000, -72.0000, -2064.0000, 138.0000, -75.0000, 0, 0, 0
L -2064.0000, 138.0000, -75.0000, -2049.0000, 108.0000, -69.0000, 0, 0, 0
L -2049.0000, 108.0000, -69.0000, -2037.0000, 62.0000, -62.0000, 0, 0, 0
L -2037.0000, 62.0000, -62.0000, -2031.0000, 41.0000, -59.0000, 0, 0, 0
L -2031.0000, 41.0000, -59.0000, -2023.0000, -16.0000, -60.0000, 0, 0, 0
L -2023.0000, -16.0000, -60.0000, -2027.0000, -45.0000, -57.0000, 0, 0, 0
L -2027.0000, -45.0000, -57.0000, -2041.0000, -81.0000, -51.0000, 0, 0, 0
L -2041.0000, -81.0000, -51.0000, -2069.0000, -107.0000, -53.0000, 0, 0, 0
L -2069.0000, -107.0000, -53.0000, -2100.0000, -123.0000, -53.0000, 0, 0, 0
L -2100.0000, -123.0000, -53.0000, -2119.0000, -125.0000, -51.0000, 0, 0, 0
L -2119.0000, -125.0000, -51.0000, -2190.0000, -105.0000, -55.0000, 0, 0, 0
L -2190.0000, -105.0000, -55.0000, -2248.0000, -83.0000, -56.0000, 0, 0, 0
L -2248.0000, -83.0000, -56.0000, -2269.0000, -77.0000, -47.0000, 0, 0, 0
L -2269.0000, -77.0000, -47.0000, -2283.0000, -101.0000, -57.0000, 0, 0, 0
L -2283.0000, -101.0000, -57.0000, -2299.0000, -136.0000, -50.0000, 0, 0, 0
L -2299.0000, -136.0000, -50.0000, -2311.0000, -180.0000, -60.0000, 0, 0, 0
L -2311.0000, -180.0000, -60.0000, -2310.0000, -221.0000, -53.0000, 0, 0, 0
L -2310.0000, -221.0000, -53.0000, -2308.0000, -259.0000, -56.0000, 0, 0, 0
L -2308.0000, -259.0000, -56.0000, -2306.0000, -333.0000, -49.0000, 0, 0, 0
L -2306.0000, -333.0000, -49.0000, -2267.0000, -345.0000, -56.0000, 0, 0, 0
L -2267.0000, -345.0000, -56.0000, -2233.0000, -344.0000, -50.0000, 0, 0, 0
L -2233.0000, -344.0000, -50.0000, -2198.0000, -344.0000, -49.0000, 0, 0, 0
L -2198.0000, -344.0000, -49.0000, -2179.0000, -353.0000, -49.0000, 0, 0, 0
L -2179.0000, -353.0000, -49.0000, -2143.0000, -388.0000, -53.0000, 0, 0, 0
L -2143.0000, -388.0000, -53.0000, -2133.0000, -404.0000, -53.0000, 0, 0, 0
L -2133.0000, -404.0000, -53.0000, -2119.0000, -443.0000, -53.0000, 0, 0, 0
L -2119.0000, -443.0000, -53.0000, -2119.0000, -475.0000, -54.0000, 0, 0, 0
L -2119.0000, -475.0000, -54.0000, -2113.0000, -508.0000, -54.0000, 0, 0, 0
L -2113.0000, -508.0000, -54.0000, -2096.0000, -528.0000, -51.0000, 0, 0, 0
L -2096.0000, -528.0000, -51.0000, -2072.0000, -535.0000, -53.0000, 0, 0, 0
L -2072.0000, -535.0000, -53.0000, -2044.0000, -538.0000, -53.0000, 0, 0, 0
L -2044.0000, -538.0000, -53.0000, -2012.0000, -520.0000, -58.0000, 0, 0, 0
L -2012.0000, -520.0000, -58.0000, -1997.0000, -511.0000, -55.0000, 0, 0, 0
L -1997.0000, -511.0000, -55.0000, -1983.0000, -508.0000, -57.0000, 0, 0, 0
L -1983.0000, -508.0000, -57.0000, -1911.0000, -505.0000, -52.0000, 0, 0, 0
L -1911.0000, -505.0000, -52.0000, -1905.0000, -510.0000, -52.0000, 0, 0, 0
L -1905.0000, -510.0000, -52.0000, -1846.0000, -579.0000, -49.0000, 0, 0, 0
L -1846.0000, -579.0000, -49.0000, -1846.0000, -588.0000, -50.0000, 0, 0, 0
L -1846.0000, -588.0000, -50.0000, -1849.0000, -625.0000, -51.0000, 0, 0, 0
L -1849.0000, -625.0000, -51.0000, -1848.0000, -692.0000, -54.0000, 0, 0, 0
L -1848.0000, -692.0000, -54.0000, -1857.0000, -707.0000, -56.0000, 0, 0, 0
L -1857.0000, -707.0000, -56.0000, -1847.0000, -727.0000, -53.0000, 0, 0, 0
L -1847.0000, -727.0000, -53.0000, -1846.0000, -754.0000, -49.0000, 0, 0, 0
L -1846.0000, -754.0000, -49.0000, -1842.0000, -771.0000, -51.0000, 0, 0, 0
L -1842.0000, -771.0000, -51.0000, -1830.0000, -797.0000, -56.0000, 0, 0, 0
L -1830.0000, -797.0000, -56.0000, -1814.0000, -837.0000, -54.0000, 0, 0, 0
L -1814.0000, -837.0000, -54.0000, -1806.0000, -880.0000, -50.0000, 0, 0, 0
L -1806.0000, -880.0000, -50.0000, -1795.0000, -886.0000, -50.0000, 0, 0, 0
L -1795.0000, -886.0000, -50.0000, -1750.0000, -894.0000, -49.0000, 0, 0, 0
L -1750.0000, -894.0000, -49.0000, -1736.0000, -896.0000, -52.0000, 0, 0, 0
L -1736.0000, -896.0000, -52.0000, -1701.0000, -888.0000, -57.0000, 0, 0, 0
L -1701.0000, -888.0000, -57.0000, -1646.0000, -866.0000, -50.0000, 0, 0, 0
L -1646.0000, -866.0000, -50.0000, -1626.0000, -861.0000, -52.0000, 0, 0, 0
L -1626.0000, -861.0000, -52.0000, -1625.0000, -836.0000, -58.0000, 0, 0, 0
L -1625.0000, -836.0000, -58.0000, -1629.0000, -793.0000, -51.0000, 0, 0, 0
L -1629.0000, -793.0000, -51.0000, -1630.0000, -759.0000, -50.0000, 0, 0, 0
L -1630.0000, -759.0000, -50.0000, -1630.0000, -722.0000, -51.0000, 0, 0, 0
L -1630.0000, -722.0000, -51.0000, -1631.0000, -701.0000, -50.0000, 0, 0, 0
L -1631.0000, -701.0000, -50.0000, -1622.0000, -677.0000, -50.0000, 0, 0, 0
L -1622.0000, -677.0000, -50.0000, -1590.0000, -638.0000, -50.0000, 0, 0, 0
L -1590.0000, -638.0000, -50.0000, -1556.0000, -615.0000, -52.0000, 0, 0, 0
L -1556.0000, -615.0000, -52.0000, -1536.0000, -609.0000, -51.0000, 0, 0, 0
L -1536.0000, -609.0000, -51.0000, -1503.0000, -612.0000, -49.0000, 0, 0, 0
L -1503.0000, -612.0000, -49.0000, -1472.0000, -604.0000, -48.0000, 0, 0, 0
L -1472.0000, -604.0000, -48.0000, -1465.0000, -602.0000, -48.0000, 0, 0, 0
L -1465.0000, -602.0000, -48.0000, -1440.0000, -570.0000, -53.0000, 0, 0, 0
L -1440.0000, -570.0000, -53.0000, -1433.0000, -534.0000, -52.0000, 0, 0, 0
L -1433.0000, -534.0000, -52.0000, -1426.0000, -506.0000, -56.0000, 0, 0, 0
L -1426.0000, -506.0000, -56.0000, -1420.0000, -474.0000, -47.0000, 0, 0, 0
L -1420.0000, -474.0000, -47.0000, -1429.0000, -437.0000, -57.0000, 0, 0, 0
L -1429.0000, -437.0000, -57.0000, -1432.0000, -424.0000, -53.0000, 0, 0, 0
L -1432.0000, -424.0000, -53.0000, -1439.0000, -406.0000, -49.0000, 0, 0, 0
L -1439.0000, -406.0000, -49.0000, -1456.0000, -371.0000, -57.0000, 0, 0, 0
L -1456.0000, -371.0000, -57.0000, -1470.0000, -344.0000, -51.0000, 0, 0, 0
L -1470.0000, -344.0000, -51.0000, -1493.0000, -337.0000, -54.0000, 0, 0, 0
L -1493.0000, -337.0000, -54.0000, -1517.0000, -329.0000, -55.0000, 0, 0, 0
L -1517.0000, -329.0000, -55.0000, -1548.0000, -318.0000, -54.0000, 0, 0, 0
L -1548.0000, -318.0000, -54.0000, -1597.0000, -301.0000, -49.0000, 0, 0, 0
L -1597.0000, -301.0000, -49.0000, -1614.0000, -304.0000, -48.0000, 0, 0, 0
L -1614.0000, -304.0000, -48.0000, -1653.0000, -318.0000, -44.0000, 0, 0, 0
L -1653.0000, -318.0000, -44.0000, -1694.0000, -374.0000, -45.0000, 0, 0, 0
L -1694.0000, -374.0000, -45.0000, -1773.0000, -378.0000, -30.0000, 0, 0, 0
L -1773.0000, -378.0000, -30.0000, -1790.0000, -387.0000, -32.0000, 0, 0, 0
L -1790.0000, -387.0000, -32.0000, -1832.0000, -407.0000, -33.0000, 0, 0, 0
L -1832.0000, -407.0000, -33.0000, -1842.0000, -397.0000, -41.0000, 0, 0, 0
L -1842.0000, -397.0000, -41.0000, -1856.0000, -378.0000, -34.0000, 0, 0, 0
L -1856.0000, -378.0000, -34.0000, -1898.0000, -335.0000, -23.0000, 0, 0, 0
L -1898.0000, -335.0000, -23.0000, -1893.0000, -323.0000, -22.0000, 0, 0, 0
L -1893.0000, -323.0000, -22.0000, -1873.0000, -275.0000, -30.0000, 0, 0, 0
L -1873.0000, -275.0000, -30.0000, -1891.0000, -227.0000, -45.0000, 0, 0, 0
L -1891.0000, -227.0000, -45.0000, -1891.0000, -191.0000, -41.0000, 0, 0, 0
L -1891.0000, -191.0000, -41.0000, -1864.0000, -169.0000, -43.0000, 0, 0, 0
L -1864.0000, -169.0000, -43.0000, -1819.0000, -115.0000, -37.0000, 0, 0, 0
L -1819.0000, -115.0000, -37.0000, -1807.0000, -62.0000, -67.0000, 0, 0, 0
L -1807.0000, -62.0000, -67.0000, -1810.0000, -38.0000, -62.0000, 0, 0, 0
L -1810.0000, -38.0000, -62.0000, -1807.0000, -16.0000, -73.0000, 0, 0, 0
L -1807.0000, -16.0000, -73.0000, -1809.0000, 23.0000, -75.0000, 0, 0, 0
L -1809.0000, 23.0000, -75.0000, -1808.0000, 49.0000, -83.0000, 0, 0, 0
L -1808.0000, 49.0000, -83.0000, -1808.0000, 79.0000, -81.0000, 0, 0, 0
L -1808.0000, 79.0000, -81.0000, -1810.0000, 128.0000, -78.0000, 0, 0, 0
L -1810.0000, 128.0000, -78.0000, -1809.0000, 145.0000, -76.0000, 0, 0, 0
L -1809.0000, 145.0000, -76.0000, -1761.0000, 145.0000, -79.0000, 0, 0, 0
L -1761.0000, 145.0000, -79.0000, -1758.0000, 131.0000, -78.0000, 0, 0, 0
L -1758.0000, 131.0000, -78.0000, -1759.0000, 85.0000, -77.0000, 0, 0, 0
L -1759.0000, 85.0000, -77.0000, -1758.0000, 38.0000, -78.0000, 0, 0, 0
L -1758.0000, 38.0000, -78.0000, -1758.0000, -9.0000, -67.0000, 0, 0, 0
L -1758.0000, -9.0000, -67.0000, -1759.0000, -36.0000, -65.0000, 0, 0, 0
L -1759.0000, -36.0000, -65.0000, -1759.0000, -81.0000, -54.0000, 0, 0, 0
L -1759.0000, -81.0000, -54.0000, -1757.0000, -100.0000, -46.0000, 0, 0, 0
L -1757.0000, -100.0000, -46.0000, -1746.0000, -126.0000, -38.0000, 0, 0, 0
L -1746.0000, -126.0000, -38.0000, -1726.0000, -142.0000, -32.0000, 0, 0, 0
L -1726.0000, -142.0000, -32.0000, -1673.0000, -174.0000, -25.0000, 0, 0, 0
L -1673.0000, -174.0000, -25.0000, -1640.0000, -226.0000, -24.0000, 0, 0, 0
L -1640.0000, -226.0000, -24.0000, -1603.0000, -257.0000, -55.0000, 0, 0, 0
L -1603.0000, -257.0000, -55.0000, -1586.0000, -260.0000, -56.0000, 0, 0, 0
L -1586.0000, -260.0000, -56.0000, -1541.0000, -271.0000, -50.0000, 0, 0, 0
L -1541.0000, -271.0000, -50.0000, -1515.0000, -280.0000, -51.0000, 0, 0, 0
L -1515.0000, -280.0000, -51.0000, -1466.0000, -297.0000, -49.0000, 0, 0, 0
L -1466.0000, -297.0000, -49.0000, -1457.0000, -272.0000, -54.0000, 0, 0, 0
L -1457.0000, -272.0000, -54.0000, -1450.0000, -255.0000, -55.0000, 0, 0, 0
L -1450.0000, -255.0000, -55.0000, -1436.0000, -228.0000, -48.0000, 0, 0, 0
L -1436.0000, -228.0000, -48.0000, -1436.0000, -200.0000, -58.0000, 0, 0, 0
L -1436.0000, -200.0000, -58.0000, -1437.0000, -166.0000, -51.0000, 0, 0, 0
L -1437.0000, -166.0000, -51.0000, -1435.0000, -140.0000, -56.0000, 0, 0, 0
L -1435.0000, -140.0000, -56.0000, -1419.0000, -94.0000, -58.0000, 0, 0, 0
L -1419.0000, -94.0000, -58.0000, -1405.0000, -64.0000, -50.0000, 0, 0, 0
L -1405.0000, -64.0000, -50.0000, -1404.0000, -33.0000, -56.0000, 0, 0, 0
L -1404.0000, -33.0000, -56.0000, -1405.0000, -10.0000, -51.0000, 0, 0, 0
L -1405.0000, -10.0000, -51.0000, -1410.0000, 1.0000, -51.0000, 0, 0, 0
L -1410.0000, 1.0000, -51.0000, -1435.0000, 54.0000, -50.0000, 0, 0, 0
L -1435.0000, 54.0000, -50.0000, -1447.0000, 102.0000, -49.0000, 0, 0, 0
L -1447.0000, 102.0000, -49.0000, -1453.0000, 133.0000, -57.0000, 0, 0, 0
L -1453.0000, 133.0000, -57.0000, -1480.0000, 128.0000, -56.0000, 0, 0, 0
L -1480.0000, 128.0000, -56.0000, -1507.0000, 125.0000, -47.0000, 0, 0, 0
L -1507.0000, 125.0000, -47.0000, -1543.0000, 122.0000, -54.0000, 0, 0, 0
L -1543.0000, 122.0000, -54.0000, -1562.0000, 117.0000, -50.0000, 0, 0, 0
L -1562.0000, 117.0000, -50.0000, -1575.0000, 99.0000, -56.0000, 0, 0, 0
L -1575.0000, 99.0000, -56.0000, -1591.0000, 57.0000, -60.0000, 0, 0, 0
L -1591.0000, 57.0000, -60.0000, -1626.0000, 57.0000, -53.0000, 0, 0, 0
L -1626.0000, 57.0000, -53.0000, -1628.0000, 101.0000, -48.0000, 0, 0, 0
L -1628.0000, 101.0000, -48.0000, -1623.0000, 111.0000, -49.0000, 0, 0, 0
L -1623.0000, 111.0000, -49.0000, -1600.0000, 139.0000, -51.0000, 0, 0, 0
L -1600.0000, 139.0000, -51.0000, -1566.0000, 161.0000, -54.0000, 0, 0, 0
L -1566.0000, 161.0000, -54.0000, -1535.0000, 170.0000, -58.0000, 0, 0, 0
L -1535.0000, 170.0000, -58.0000, -1490.0000, 171.0000, -59.0000, 0, 0, 0
L -1490.0000, 171.0000, -59.0000, -1450.0000, 167.0000, -50.0000, 0, 0, 0
L -1450.0000, 167.0000, -50.0000, -1431.0000, 152.0000, -52.0000, 0, 0, 0
L -1431.0000, 152.0000, -52.0000, -1394.0000, 113.0000, -48.0000, 0, 0, 0
L -1394.0000, 113.0000, -48.0000, -1388.0000, 91.0000, -52.0000, 0, 0, 0
L -1388.0000, 91.0000, -52.0000, -1387.0000, 52.0000, -50.0000, 0, 0, 0
L -1387.0000, 52.0000, -50.0000, -1372.0000, 22.0000, -57.0000, 0, 0, 0
L -1372.0000, 22.0000, -57.0000, -1355.0000, -8.0000, -49.0000, 0, 0, 0
L -1355.0000, -8.0000, -49.0000, -1313.0000, 2.0000, -56.0000, 0, 0, 0
L -1313.0000, 2.0000, -56.0000, -1285.0000, 11.0000, -56.0000, 0, 0, 0
L -1285.0000, 11.0000, -56.0000, -1279.0000, 13.0000, -57.0000, 0, 0, 0
L -1279.0000, 13.0000, -57.0000, -1217.0000, 36.0000, -48.0000, 0, 0, 0
L -1217.0000, 36.0000, -48.0000, -1194.0000, 35.0000, -53.0000, 0, 0, 0
L -1194.0000, 35.0000, -53.0000, -1176.0000, 83.0000, -60.0000, 0, 0, 0
L -1194.0000, -10.0000, -60.0000, -1207.0000, -8.0000, -47.0000, 0, 0, 0
L -1207.0000, -8.0000, -47.0000, -1240.0000, -16.0000, -55.0000, 0, 0, 0
L -1240.0000, -16.0000, -55.0000, -1261.0000, -27.0000, -53.0000, 0, 0, 0
L -1261.0000, -27.0000, -53.0000, -1276.0000, -32.0000, -52.0000, 0, 0, 0
L -1276.0000, -32.0000, -52.0000, -1312.0000, -46.0000, -53.0000, 0, 0, 0
L -1312.0000, -46.0000, -53.0000, -1351.0000, -60.0000, -48.0000, 0, 0, 0
L -1351.0000, -60.0000, -48.0000, -1372.0000, -90.0000, -53.0000, 0, 0, 0
L -1372.0000, -90.0000, -53.0000, -1386.0000, -126.0000, -48.0000, 0, 0, 0
L -1386.0000, -126.0000, -48.0000, -1387.0000, -184.0000, -52.0000, 0, 0, 0
L -1387.0000, -184.0000, -52.0000, -1388.0000, -213.0000, -55.0000, 0, 0, 0
L -1388.0000, -213.0000, -55.0000, -1392.0000, -227.0000, -53.0000, 0, 0, 0
L -1392.0000, -227.0000, -53.0000, -1420.0000, -296.0000, -51.0000, 0, 0, 0
L -1420.0000, -296.0000, -51.0000, -1419.0000, -331.0000, -54.0000, 0, 0, 0
L -1419.0000, -331.0000, -54.0000, -1418.0000, -343.0000, -50.0000, 0, 0, 0
L -1418.0000, -343.0000, -50.0000, -1408.0000, -376.0000, -59.0000, 0, 0, 0
L -1408.0000, -376.0000, -59.0000, -1384.0000, -427.0000, -53.0000, 0, 0, 0
L -1384.0000, -427.0000, -53.0000, -1376.0000, -475.0000, -57.0000, 0, 0, 0
L -1376.0000, -475.0000, -57.0000, -1376.0000, -492.0000, -56.0000, 0, 0, 0
L -1376.0000, -492.0000, -56.0000, -1387.0000, -540.0000, -47.0000, 0, 0, 0
L -1387.0000, -540.0000, -47.0000, -1388.0000, -551.0000, -53.0000, 0, 0, 0
L -1388.0000, -551.0000, -53.0000, -1405.0000, -608.0000, -51.0000, 0, 0, 0
L -1405.0000, -608.0000, -51.0000, -1449.0000, -645.0000, -56.0000, 0, 0, 0
L -1449.0000, -645.0000, -56.0000, -1495.0000, -662.0000, -53.0000, 0, 0, 0
L -1495.0000, -662.0000, -53.0000, -1518.0000, -663.0000, -49.0000, 0, 0, 0
L -1518.0000, -663.0000, -49.0000, -1543.0000, -667.0000, -49.0000, 0, 0, 0
L -1543.0000, -667.0000, -49.0000, -1567.0000, -673.0000, -48.0000, 0, 0, 0
L -1567.0000, -673.0000, -48.0000, -1575.0000, -705.0000, -48.0000, 0, 0, 0
L -1575.0000, -705.0000, -48.0000, -1579.0000, -737.0000, -48.0000, 0, 0, 0
L -1579.0000, -737.0000, -48.0000, -1578.0000, -765.0000, -50.0000, 0, 0, 0
L -1578.0000, -765.0000, -50.0000, -1579.0000, -796.0000, -49.0000, 0, 0, 0
L -1579.0000, -796.0000, -49.0000, -1579.0000, -831.0000, -52.0000, 0, 0, 0
L -1579.0000, -831.0000, -52.0000, -1566.0000, -875.0000, -57.0000, 0, 0, 0
L -1566.0000, -875.0000, -57.0000, -1543.0000, -881.0000, -59.0000, 0, 0, 0
L -1543.0000, -881.0000, -59.0000, -1511.0000, -896.0000, -47.0000, 0, 0, 0
L -1511.0000, -896.0000, -47.0000, -1485.0000, -898.0000, -58.0000, 0, 0, 0
L -1485.0000, -898.0000, -58.0000, -1448.0000, -897.0000, -57.0000, 0, 0, 0
L -1448.0000, -897.0000, -57.0000, -1405.0000, -895.0000, -51.0000, 0, 0, 0
L -1405.0000, -895.0000, -51.0000, -1372.0000, -890.0000, -51.0000, 0, 0, 0
L -1372.0000, -890.0000, -51.0000, -1339.0000, -881.0000, -49.0000, 0, 0, 0
L -1339.0000, -881.0000, -49.0000, -1284.0000, -868.0000, -48.0000, 0, 0, 0
L -1284.0000, -868.0000, -48.0000, -1255.0000, -859.0000, -57.0000, 0, 0, 0
L -1255.0000, -859.0000, -57.0000, -1218.0000, -847.0000, -59.0000, 0, 0, 0
L -1218.0000, -847.0000, -59.0000, -1195.0000, -834.0000, -55.0000, 0, 0, 0
L -1195.0000, -834.0000, -55.0000, -1157.0000, -766.0000, -60.0000, 0, 0, 0
L -1157.0000, -766.0000, -60.0000, -1125.0000, -739.0000, -60.0000, 0, 0, 0
L -1125.0000, -739.0000, -60.0000, -1123.0000, -731.0000, -59.0000, 0, 0, 0
L -1123.0000, -731.0000, -59.0000, -1116.0000, -697.0000, -52.0000, 0, 0, 0
L -1116.0000, -697.0000, -52.0000, -1091.0000, -676.0000, -59.0000, 0, 0, 0
L -1091.0000, -676.0000, -59.0000, -1091.0000, -642.0000, -52.0000, 0, 0, 0
L -1091.0000, -642.0000, -52.0000, -1059.0000, -602.0000, -53.0000, 0, 0, 0
L -1059.0000, -602.0000, -53.0000, -1054.0000, -538.0000, -59.0000, 0, 0, 0
L -1054.0000, -538.0000, -59.0000, -1091.0000, -495.0000, -52.0000, 0, 0, 0
L -1091.0000, -495.0000, -52.0000, -1088.0000, -455.0000, -60.0000, 0, 0, 0
L -1088.0000, -455.0000, -60.0000, -1126.0000, -415.0000, -59.0000, 0, 0, 0
L -1126.0000, -415.0000, -59.0000, -1123.0000, -378.0000, -59.0000, 0, 0, 0
L -1123.0000, -378.0000, -59.0000, -1160.0000, -335.0000, -59.0000, 0, 0, 0
L -1898.0000, -706.0000, -49.0000, -1896.0000, -686.0000, -54.0000, 0, 0, 0
L -1896.0000, -686.0000, -54.0000, -1896.0000, -624.0000, -51.0000, 0, 0, 0
L -1896.0000, -624.0000, -51.0000, -1901.0000, -589.0000, -48.0000, 0, 0, 0
L -1901.0000, -589.0000, -48.0000, -1906.0000, -561.0000, -49.0000, 0, 0, 0
L -1906.0000, -561.0000, -49.0000, -1914.0000, -554.0000, -49.0000, 0, 0, 0
L -1914.0000, -554.0000, -49.0000, -1965.0000, -546.0000, -48.0000, 0, 0, 0
L -1965.0000, -546.0000, -48.0000, -1997.0000, -558.0000, -57.0000, 0, 0, 0
L -1997.0000, -558.0000, -57.0000, -2048.0000, -583.0000, -49.0000, 0, 0, 0
L -2048.0000, -583.0000, -49.0000, -2080.0000, -587.0000, -49.0000, 0, 0, 0
L -2080.0000, -587.0000, -49.0000, -2094.0000, -581.0000, -51.0000, 0, 0, 0
L -2094.0000, -581.0000, -51.0000, -2139.0000, -547.0000, -52.0000, 0, 0, 0
L -2139.0000, -547.0000, -52.0000, -2158.0000, -524.0000, -51.0000, 0, 0, 0
L -2158.0000, -524.0000, -51.0000, -2171.0000, -475.0000, -48.0000, 0, 0, 0
L -2171.0000, -475.0000, -48.0000, -2171.0000, -442.0000, -51.0000, 0, 0, 0
L -2171.0000, -442.0000, -51.0000, -2180.0000, -408.0000, -48.0000, 0, 0, 0
L -2180.0000, -408.0000, -48.0000, -2201.0000, -393.0000, -57.0000, 0, 0, 0
L -2201.0000, -393.0000, -57.0000, -2258.0000, -391.0000, -54.0000, 0, 0, 0
L -2258.0000, -391.0000, -54.0000, -2323.0000, -393.0000, -52.0000, 0, 0, 0
L -2323.0000, -393.0000, -52.0000, -2352.0000, -393.0000, -52.0000, 0, 0, 0
L -2352.0000, -393.0000, -52.0000, -2414.0000, -392.0000, -51.0000, 0, 0, 0
L -2414.0000, -392.0000, -51.0000, -2436.0000, -395.0000, -51.0000, 0, 0, 0
L -2436.0000, -395.0000, -51.0000, -2480.0000, -402.0000, -50.0000, 0, 0, 0
L -2480.0000, -402.0000, -50.0000, -2487.0000, -414.0000, -51.0000, 0, 0, 0
L -2487.0000, -414.0000, -51.0000, -2493.0000, -451.0000, -50.0000, 0, 0, 0
L -2493.0000, -451.0000, -50.0000, -2488.0000, -484.0000, -57.0000, 0, 0, 0
L -2488.0000, -484.0000, -57.0000, -2468.0000, -540.0000, -54.0000, 0, 0, 0
L -2468.0000, -540.0000, -54.0000, -2456.0000, -579.0000, -49.0000, 0, 0, 0
L -2456.0000, -579.0000, -49.0000, -2456.0000, -596.0000, -53.0000, 0, 0, 0
L -2456.0000, -596.0000, -53.0000, -2450.0000, -602.0000, -46.0000, 0, 0, 0
L -2450.0000, -602.0000, -46.0000, -2395.0000, -626.0000, -60.0000, 0, 0, 0
L -2395.0000, -626.0000, -60.0000, -2353.0000, -640.0000, -43.0000, 0, 0, 0
L -2353.0000, -640.0000, -43.0000, -2334.0000, -652.0000, -35.0000, 0, 0, 0
L -2334.0000, -652.0000, -35.0000, -2283.0000, -682.0000, -11.0000, 0, 0, 0
L -2283.0000, -682.0000, -11.0000, -2263.0000, -689.0000, -19.0000, 0, 0, 0
L -2263.0000, -689.0000, -19.0000, -2199.0000, -704.0000, -20.0000, 0, 0, 0
L -2199.0000, -704.0000, -20.0000, -2162.0000, -707.0000, -10.0000, 0, 0, 0
L -2162.0000, -707.0000, -10.0000, -2090.0000, -693.0000, -39.0000, 0, 0, 0
L -2090.0000, -693.0000, -39.0000, -2045.0000, -702.0000, -46.0000, 0, 0, 0
L -2045.0000, -702.0000, -46.0000, -2007.0000, -707.0000, -51.0000, 0, 0, 0
L -2007.0000, -707.0000, -51.0000, -1987.0000, -706.0000, -50.0000, 0, 0, 0
L -1987.0000, -706.0000, -50.0000, -1938.0000, -707.0000, -51.0000, 0, 0, 0
L -1938.0000, -707.0000, -51.0000, -1903.0000, -707.0000, -48.0000, 0, 0, 0
L -1903.0000, -707.0000, -48.0000, -1898.0000, -705.0000, -48.0000, 0, 0, 0
L -1879.0000, 460.0000, -50.0000, -1879.0000, 435.0000, -54.0000, 0, 0, 0
L -1879.0000, 435.0000, -54.0000, -1894.0000, 376.0000, -60.0000, 0, 0, 0
L -1894.0000, 376.0000, -60.0000, -1911.0000, 347.0000, -48.0000, 0, 0, 0
L -1911.0000, 347.0000, -48.0000, -1917.0000, 322.0000, -49.0000, 0, 0, 0
L -1917.0000, 322.0000, -49.0000, -1915.0000, 314.0000, -49.0000, 0, 0, 0
L -1915.0000, 314.0000, -49.0000, -1891.0000, 265.0000, -49.0000, 0, 0, 0
L -1891.0000, 265.0000, -49.0000, -1869.0000, 242.0000, -49.0000, 0, 0, 0
L -1869.0000, 242.0000, -49.0000, -1847.0000, 227.0000, -48.0000, 0, 0, 0
L -1847.0000, 227.0000, -48.0000, -1831.0000, 222.0000, -48.0000, 0, 0, 0
L -1831.0000, 222.0000, -48.0000, -1811.0000, 219.0000, -49.0000, 0, 0, 0
L -1811.0000, 219.0000, -49.0000, -1769.0000, 227.0000, -50.0000, 0, 0, 0
L -1769.0000, 227.0000, -50.0000, -1753.0000, 231.0000, -52.0000, 0, 0, 0
L -1753.0000, 231.0000, -52.0000, -1657.0000, 253.0000, -51.0000, 0, 0, 0
L -1657.0000, 253.0000, -51.0000, -1598.0000, 267.0000, -49.0000, 0, 0, 0
L -1598.0000, 267.0000, -49.0000, -1577.0000, 261.0000, -56.0000, 0, 0, 0
L -1577.0000, 261.0000, -56.0000, -1555.0000, 246.0000, -54.0000, 0, 0, 0
L -1555.0000, 246.0000, -54.0000, -1539.0000, 238.0000, -46.0000, 0, 0, 0
L -1539.0000, 238.0000, -46.0000, -1492.0000, 245.0000, -53.0000, 0, 0, 0
L -1492.0000, 245.0000, -53.0000, -1430.0000, 249.0000, -50.0000, 0, 0, 0
L -1430.0000, 249.0000, -50.0000, -1420.0000, 255.0000, -51.0000, 0, 0, 0
L -1420.0000, 255.0000, -51.0000, -1358.0000, 314.0000, -48.0000, 0, 0, 0
L -1358.0000, 314.0000, -48.0000, -1355.0000, 365.0000, -48.0000, 0, 0, 0
L -1355.0000, 365.0000, -48.0000, -1373.0000, 365.0000, -60.0000, 0, 0, 0
L -1373.0000, 365.0000, -60.0000, -1409.0000, 343.0000, -47.0000, 0, 0, 0
L -1409.0000, 343.0000, -47.0000, -1416.0000, 311.0000, -47.0000, 0, 0, 0
L -1416.0000, 311.0000, -47.0000, -1431.0000, 305.0000, -48.0000, 0, 0, 0
L -1431.0000, 305.0000, -48.0000, -1473.0000, 297.0000, -49.0000, 0, 0, 0
L -1473.0000, 297.0000, -49.0000, -1538.0000, 289.0000, -46.0000, 0, 0, 0
L -1538.0000, 289.0000, -46.0000, -1563.0000, 296.0000, -58.0000, 0, 0, 0
L -1563.0000, 296.0000, -58.0000, -1614.0000, 313.0000, -50.0000, 0, 0, 0
L -1614.0000, 313.0000, -50.0000, -1678.0000, 298.0000, -53.0000, 0, 0, 0
L -1678.0000, 298.0000, -53.0000, -1741.0000, 283.0000, -51.0000, 0, 0, 0
L -1741.0000, 283.0000, -51.0000, -1775.0000, 272.0000, -57.0000, 0, 0, 0
L -1775.0000, 272.0000, -57.0000, -1797.0000, 271.0000, -51.0000, 0, 0, 0
L -1797.0000, 271.0000, -51.0000, -1845.0000, 284.0000, -48.0000, 0, 0, 0
L -1845.0000, 284.0000, -48.0000, -1855.0000, 300.0000, -51.0000, 0, 0, 0
L -1855.0000, 300.0000, -51.0000, -1861.0000, 329.0000, -50.0000, 0, 0, 0
L -1861.0000, 329.0000, -50.0000, -1847.0000, 385.0000, -59.0000, 0, 0, 0
L -1847.0000, 385.0000, -59.0000, -1829.0000, 410.0000, -48.0000, 0, 0, 0
L -1662.0000, 774.0000, -19.0000, -1665.0000, 818.0000, -12.0000, 0, 0, 0
L -1665.0000, 818.0000, -12.0000, -1666.0000, 855.0000, -10.0000, 0, 0, 0
L -1666.0000, 855.0000, -10.0000, -1675.0000, 895.0000, -9.0000, 0, 0, 0
L -1675.0000, 895.0000, -9.0000, -1694.0000, 913.0000, -16.0000, 0, 0, 0
L -1694.0000, 913.0000, -16.0000, -1733.0000, 914.0000, -10.0000, 0, 0, 0
L -1733.0000, 914.0000, -10.0000, -1764.0000, 912.0000, -12.0000, 0, 0, 0
L -1764.0000, 912.0000, -12.0000, -1786.0000, 907.0000, -13.0000, 0, 0, 0
L -1786.0000, 907.0000, -13.0000, -1795.0000, 903.0000, -8.0000, 0, 0, 0
L -1795.0000, 903.0000, -8.0000, -1806.0000, 875.0000, -16.0000, 0, 0, 0
L -1806.0000, 875.0000, -16.0000, -1814.0000, 845.0000, -18.0000, 0, 0, 0
L -1814.0000, 845.0000, -18.0000, -1852.0000, 845.0000, -15.0000, 0, 0, 0
L -1852.0000, 845.0000, -15.0000, -1854.0000, 892.0000, -11.0000, 0, 0, 0
L -1854.0000, 892.0000, -11.0000, -1836.0000, 914.0000, -12.0000, 0, 0, 0
L -1836.0000, 914.0000, -12.0000, -1813.0000, 942.0000, -12.0000, 0, 0, 0
L -1813.0000, 942.0000, -12.0000, -1778.0000, 962.0000, -12.0000, 0, 0, 0
L -1778.0000, 962.0000, -12.0000, -1737.0000, 962.0000, -10.0000, 0, 0, 0
L -1737.0000, 962.0000, -10.0000, -1690.0000, 960.0000, -13.0000, 0, 0, 0
L -1690.0000, 960.0000, -13.0000, -1668.0000, 947.0000, -12.0000, 0, 0, 0
L -1668.0000, 947.0000, -12.0000, -1637.0000, 921.0000, -10.0000, 0, 0, 0
L -1637.0000, 921.0000, -10.0000, -1625.0000, 905.0000, -8.0000, 0, 0, 0
L -1625.0000, 905.0000, -8.0000, -1614.0000, 845.0000, -8.0000, 0, 0, 0
L -1614.0000, 845.0000, -8.0000, -1615.0000, 797.0000, -14.0000, 0, 0, 0
L -1615.0000, 797.0000, -14.0000, -1612.0000, 774.0000, -9.0000, 0, 0, 0
L -495.0000, 17.0000, -59.0000, -498.0000, 17.0000, -59.0000, 0, 0, 0
L -498.0000, 17.0000, -59.0000, -499.0000, -52.0000, -59.0000, 0, 0, 0
L -499.0000, -52.0000, -59.0000, -489.0000, -90.0000, -51.0000, 0, 0, 0
L -489.0000, -90.0000, -51.0000, -500.0000, -121.0000, -59.0000, 0, 0, 0
L -500.0000, -121.0000, -59.0000, -491.0000, -138.0000, -59.0000, 0, 0, 0
L -491.0000, -138.0000, -59.0000, -516.0000, -176.0000, -59.0000, 0, 0, 0
L -2101.0000, 567.0000, -49.0000, -2135.0000, 583.0000, -53.0000, 0, 0, 0
L -806.0000, 647.0000, -63.0000, -1136.0000, 612.0000, -62.0000, 0, 0, 0
L -554.0000, -1193.0000, -60.0000, -509.0000, -1156.0000, -65.0000, 0, 0, 0
L -3008.0000, 802.0000, -123.0000, -3049.0000, 802.0000, -123.0000, 0, 0, 0
L -3008.0000, 860.0000, -123.0000, -3008.0000, 802.0000, -123.0000, 199, 21, 133
L 686.0000, 414.0000, -59.0000, 626.0000, 414.0000, -59.0000, 0, 0, 0
L 686.0000, 356.0000, -59.0000, 686.0000, 414.0000, -59.0000, 199, 21, 133
L -586.0000, -121.0000, -72.0000, -594.0000, 86.0000, -72.0000, 150, 150, 150
L -556.0000, -147.0000, -72.0000, -586.0000, -121.0000, -72.0000, 150, 150, 150
L -556.0000, -147.0000, -72.0000, -516.0000, -176.0000, -59.0000, 150, 150, 150
L -1115.0000, -319.0000, -72.0000, -1157.0000, -259.0000, -58.0000, 150, 150, 150
L -1101.0000, -349.0000, -72.0000, -1115.0000, -319.0000, -72.0000, 150, 150, 150
L -586.0000, -121.0000, -72.0000, -1115.0000, -319.0000, -72.0000, 255, 255, 0
L -1101.0000, -349.0000, -72.0000, -556.0000, -147.0000, -72.0000, 255, 255, 0
L -2555.8999, 978.7999, -56.6999, -2550.8999, 1025.1999, -51.8999, 255, 255, 0
L -2561.0998, 1025.0999, -58.0999, -2566.8999, 979.5000, -57.0999, 255, 255, 0
L -1101.0000, -349.0000, -72.0000, -1092.0000, -415.0000, -64.0000, 150, 150, 150
