P -1349.0000, -1472.0000, -20.0000, 255, 0, 0, 3, to_Chelsith_Reborn
P 1879.0000, -547.0000, -4.0000, 255, 0, 0, 3, to_The_Scarlet_Desert
P 94.0000, -46.0000, -46.0000, 255, 0, 0, 3, to_Ssraeshza_Temple
P -354.0000, 2106.0000, -64.0000, 255, 0, 0, 3, to_Mons_Letalis
P -340.0000, 2000.0000, 0.0000, 255, 0, 0, 2, Succor
P 1097.0000, -1691.0000, 3.0000, 255, 255, 0, 1, TRAP:_Spawn
P -389.0000, -1581.0000, 13.0000, 255, 255, 0, 1, TRAP:_Spawn
P -680.0000, -1416.0000, -15.0000, 255, 255, 0, 1, TRAP:_Spawn
P -1418.0000, -450.0000, 10.0000, 255, 255, 0, 1, TRAP:_Spawn
P -539.0000, 1513.0000, 11.0000, 255, 255, 0, 1, TRAP:_Spawn
P 878.0000, 772.0000, -19.0000, 255, 255, 0, 1, TRAP:_Spawn
P 885.0000, 1554.0000, 7.0000, 255, 255, 0, 1, TRAP:_Spawn
P 1601.0000, 1327.0000, 0.0000, 255, 255, 0, 1, TRAP:_Spawn
P 1543.0000, 904.0000, 18.0000, 255, 255, 0, 1, TRAP:_Spawn
P 1422.0000, 542.0000, 0.0000, 255, 255, 0, 1, TRAP:_Spawn
P 1466.0000, 200.0000, 9.0000, 255, 255, 0, 1, TRAP:_Spawn
P 1726.0000, -409.0000, 3.0000, 255, 255, 0, 1, TRAP:_Spawn
P 1612.0000, -724.0000, -7.0000, 255, 255, 0, 1, TRAP:_Spawn
P 1460.0000, -248.0000, -12.0000, 255, 255, 0, 1, TRAP:_Spawn
P -881.0000, 602.0000, -16.0000, 255, 255, 0, 1, TRAP:_Spawn
P -1569.0000, 618.0000, 28.0000, 255, 255, 0, 1, TRAP:_Spawn
P -1551.0000, -683.0000, 25.0000, 255, 255, 0, 1, TRAP:_Spawn
P -738.0000, -1217.0000, 11.0000, 255, 255, 0, 1, TRAP:_Spawn
P 455.0000, -1201.0000, 7.0000, 255, 255, 0, 1, TRAP:_Spawn
P 969.0000, -1540.0000, -19.0000, 0, 0, 0, 2, Trembling_Earthquake_Elemental
P -237.0000, 131.0000, -18.0000, 0, 0, 0, 2, Scout_Tovi
P 209.0000, -113.0000, -19.0000, 127, 64, 0, 2, An_Ancient_Shissar_Servitor_(Hunter)
P 575.0000, -1471.0000, 121.0000, 127, 64, 0, 2, Boulder_(Hunter)
P 1157.0000, -1225.0000, -12.0000, 127, 64, 0, 2, Boulder_(Hunter)
P -1226.0000, 1025.0000, -10.0000, 127, 64, 0, 2, Crusader_Kezzal_(Hunter)
P 1234.0000, -903.0000, -25.0000, 127, 64, 0, 2, Heirophant_Grazan_(Hunter)
P 1721.0000, -986.0000, 28.0000, 127, 64, 0, 2, Heriohant_Grazan_(Hunter)
P -390.0000, -113.0000, -17.0000, 127, 64, 0, 2, Revenant_Sthzzzizt_(Hunter)
P -145.0000, 157.0000, -19.0000, 127, 64, 0, 2, Revenant_Sthzzzizt_(Hunter)
P -147.0000, -351.0000, -19.0000, 127, 64, 0, 2, Revenant_Zsshta_(Hunter)
P 159.0000, -346.0000, -19.0000, 127, 64, 0, 2, Revenant_Zsshta_(Hunter)
P 144.0000, -195.0000, -11.0000, 127, 64, 0, 2, A_Shattered_Golem_(Hunter)
P -16.0000, 1331.0000, -7.0000, 127, 64, 0, 2, Stonehand_(Hunter
P 1630.0000, -1122.0000, 15.0000, 127, 64, 0, 2, Stonehand_(Hunter
P 331.0000, 1636.0000, 0.0000, 255, 255, 0, 1, TRAP:_Spawn
