P -35.2477, -240.7844, 0.5191, 255, 0, 0, 3, to_Icewell_Keep
P 87.0000, 664.0000, 0.0000, 255, 0, 0, 3, to_Icewell_Keep
P 21.0000, 1229.0000, 0.0000, 255, 0, 0, 3, to_The_Great_Divide
P 0.0000, 1222.0000, 0.0000, 255, 0, 0, 2, Succor
P -95.0000, 546.0000, 0.0000, 128, 128, 0, 2, Arena_(PvP)
P -168.3019, 260.8480, -4.9988, 128, 0, 128, 2, Kiln
P -193.3602, 259.5819, -4.9988, 128, 0, 128, 2, Pottery_Wheel
P 382.1110, -97.4462, -4.9988, 128, 0, 128, 2, Brew_Barrel
P 202.5587, 226.5771, 0.0008, 128, 0, 128, 2, Oven
P 112.2534, 435.3962, 0.0008, 128, 0, 128, 2, Forge
P -121.5964, 11.8103, 0.0009, 240, 240, 240, 2, The_Icy_Mug
P -242.1300, 154.9382, 0.0009, 240, 240, 240, 2, Frostbeard`s_Furs_&_Leather
P -194.2375, 327.6465, 0.0009, 240, 240, 240, 2, Thurgadin_Exchange
P 294.3032, 84.4629, 0.0009, 240, 240, 240, 2, Doogle`s_Drinks
P 269.0548, 219.5589, 0.0009, 240, 240, 240, 2, Argash`s_House_of_Carpentry
P -97.1127, 399.5397, 0.0009, 240, 240, 240, 2, The_Scar`s_Edge
P 106.9826, 399.3305, 0.0009, 240, 240, 240, 2, Underbelly`s_Arms
P 233.8712, 234.8871, 0.0009, 240, 240, 240, 2, Mordin`s_Meats
P 6.1305, 357.5885, 1.6651, 240, 240, 240, 2, The_Broken_Glacier
P -168.0000, 319.0000, 1.0008, 255, 210, 0, 2, Gage_(Banker)
P -176.0000, 319.0000, 1.0008, 255, 210, 0, 2, Mort_(Banker)
P -84.0000, 38.0000, 0.0008, 0, 128, 0, 2, Karey_(Bar)
P -218.0000, 146.0000, 0.0008, 0, 128, 0, 2, Mauren_(Tailor)
P -230.0000, 113.0000, 0.0008, 0, 128, 0, 2, Kyla_(Tailor)
P -814.0000, 228.0000, -19.9988, 0, 128, 0, 2, Taben_(Spells)
P -812.0000, 181.0000, -19.9988, 0, 128, 0, 2, Brita_(Spells)
P -771.0000, 189.0000, -19.9988, 0, 128, 0, 2, Zorik_(Spells)
P -101.0000, 439.0000, 0.0008, 0, 128, 0, 2, Brimgald_(Smithing)
P -78.0000, 440.0000, 0.0008, 0, 128, 0, 2, Hakon_(Weapons)
P -133.0000, 302.0000, -4.9988, 0, 128, 0, 2, Brynjar_(Alchemy)
P -134.0000, 287.0000, -4.9988, 0, 128, 0, 2, Wevil_(Smithing)
P -133.0000, 272.0000, -4.9988, 0, 128, 0, 2, Rexx_(Tailor)
P -134.0000, 257.0000, -4.9988, 0, 128, 0, 2, Brina_(Pottery)
P 27.0000, 311.0000, -14.9988, 0, 128, 0, 2, Fogerty_(Bar)
P 28.0000, 329.0000, -14.9988, 0, 128, 0, 2, Durgan_(Bar)
P 380.0000, -61.0000, 0.0008, 0, 128, 0, 2, Klarp_(Bar)
P 380.0000, -45.0000, 0.0008, 0, 128, 0, 2, Bixx_(Bar)
P 406.0000, -119.0000, -4.9988, 0, 128, 0, 2, Celtir_(Bar)
P 482.0000, 73.0000, 0.0008, 0, 128, 0, 2, Jeril_(Weapons)
P 495.0000, 36.0000, 0.0008, 0, 128, 0, 2, Seril_(Weapons)
P 379.0000, 72.0000, 0.0008, 0, 128, 0, 2, Agar_(Merchant)
P 298.0000, 203.0000, 5.0008, 0, 128, 0, 2, Argash_(Fletching)
P 144.0000, 435.0000, 0.0008, 0, 128, 0, 2, Caitlin_(Armor)
P 134.0000, 435.0000, 0.0008, 0, 128, 0, 2, Dalgrim_(Armor)
P 112.0000, 421.0000, 0.0008, 0, 128, 0, 2, Terman_(Armor)
P -543.0000, 211.0000, -19.9988, 0, 128, 0, 2, Keegan_(Spells)
P -485.0000, 208.0000, -19.9988, 0, 128, 0, 2, Brigam_(Weapons)
P -552.0000, 396.0000, -24.9988, 0, 128, 0, 2, Garish_(Armor)
P 9.0000, 332.0000, 0.0008, 0, 128, 0, 2, Tobart_(Baking)
P -770.0000, 210.0000, -19.9988, 0, 128, 0, 2, Derrin_(Spells)
P -505.0000, 390.0000, -24.9988, 0, 128, 0, 2, Frundle_(Potions)
P -452.0000, 395.0000, -24.9988, 0, 128, 0, 2, Fronden_(Bar)
P -133.0000, 294.0000, -4.9988, 0, 128, 0, 2, Hulda_(Alchemy)
P -134.0000, 279.0000, -4.9988, 0, 128, 0, 2, Perkins_(Baking)
P -133.0000, 264.0000, -4.9988, 0, 128, 0, 2, Betti_(Tailor)
P -134.0000, 249.0000, -4.9988, 0, 128, 0, 2, Gilthan_(Pottery)
P -219.0000, 114.0000, 0.0008, 0, 128, 0, 2, Cobi_(Tailor)
P -107.0000, 57.0000, 0.0008, 0, 128, 0, 2, Adia_(Bar)
P 112.8228, -45.5717, 2.5008, 0, 128, 0, 2, Nimren_(Smithing)
P 311.0000, 56.0000, 0.0008, 0, 128, 0, 2, Doogle_(Bar)
P 298.0000, 187.0000, 5.0008, 0, 128, 0, 2, Tavir_(Fletching)
P 216.0000, 220.0000, 0.0008, 0, 128, 0, 2, Mordin_(Baking)
P 54.0000, 350.0000, 0.0008, 0, 128, 0, 2, Meg_(Jewelcrafting)
P 71.0000, 334.0000, 0.0008, 0, 128, 0, 2, Talem_(Jewelcrafting)
P -134.0000, 278.0000, 0.0000, 0, 128, 0, 2, Milk
P 215.0000, 219.0000, 0.0000, 0, 128, 0, 2, Food
P -9.0000, 325.0000, 0.0000, 128, 128, 128, 2, GM_Bard
P -221.0000, 111.0000, 0.0000, 128, 128, 128, 2, GM_Druid
P -809.0000, 182.0000, 0.0000, 128, 128, 128, 2, GM_Enchanter
P -230.0000, 111.0000, 0.0000, 128, 128, 128, 2, GM_Mage
P -470.0000, 226.0000, 0.0000, 128, 128, 128, 2, GM_Paladin
P 297.0000, 202.0000, 0.0000, 128, 128, 128, 2, GM_Ranger
P 127.0000, 434.0000, 0.0000, 128, 128, 128, 2, GM_ShadowKnight
P -217.0000, 147.0000, 0.0000, 128, 128, 128, 2, GM_Wizard
P -815.0000, 305.0000, -14.9988, 128, 128, 128, 2, Borannin_(GM_Cleric)
P 134.5664, -43.0708, 2.5008, 128, 128, 128, 2, Felspar_(GM_Rogue)
P -3.3168, 835.1775, 10.0018, 240, 240, 240, 2, Breakstone_Bridge
P -497.6939, 319.4531, -24.9978, 240, 240, 240, 2, The_Church_District
P -773.5998, 318.1514, -19.9978, 240, 240, 240, 2, Grand_Historian`s_Chamber
P -807.5945, 320.2792, -14.9978, 0, 0, 0, 2, Grand_Historian_Thoridain
P -780.5124, 271.7775, -19.9978, 240, 240, 240, 2, Temple_of_Lore
P -1.7472, 159.0871, 0.0018, 240, 240, 240, 2, Remembrance_Park
P 206.9361, -148.7628, -14.9978, 240, 240, 240, 2, The_Mines_of_Thurgadin
P 43.5953, 916.0421, -128.9354, 240, 240, 240, 2, The_Pit
