P 78.0000, 762.0000, -99.9675, 255, 0, 0, 3, to_The_City_of_Thurgadin
P -42.0000, -103.0000, -0.9988, 255, 0, 0, 3, to_The_City_of_Thurgadin
P -877.0000, 78.0000, 0.0000, 255, 0, 0, 3, to_The_Great_Divide
P 0.0000, -250.0000, 0.0000, 255, 0, 0, 2, Succor
P -888.2129, -15.4341, -24.8415, 128, 0, 128, 2, Oven
P -882.4568, -13.8059, -24.9978, 0, 0, 240, 1, GS:_Outcast`s_Coal
P -247.9982, -729.5369, -44.9666, 255, 255, 255, 2, Hall_of_Ancestors
P 34.0000, -750.0000, 0.0000, 255, 255, 255, 2, Guarded_Door
P 48.6855, -745.1862, 35.0018, 255, 255, 255, 2, Barracks
P 0.0000, -600.0000, 0.0000, 255, 255, 255, 2, The_Pit
P 66.1767, -668.5521, 58.9715, 0, 127, 127, 2, Dain`s_Historian_Duggans
P -10.2733, -688.3031, 66.6933, 240, 127, 0, 2, Chamberlain_Krystorf_(Raid)
P -5.2414, -775.2720, 63.5882, 240, 127, 0, 2, Dain_Frostreaver_IV_(Raid)
P 6.7487, -758.3959, 63.7328, 240, 127, 0, 2, Seneschal_Aldikar_(Raid)
P -594.1683, 2.7540, -134.2685, 127, 64, 0, 2, Glucose_(Hunter,Roam)
P -362.0651, -479.7144, -113.4427, 127, 64, 0, 2, Grizznot_(Hunter)
P -4.7002, -637.3198, 59.9706, 240, 240, 240, 2, Throne_Room
P -2.4695, -845.2350, -4.9978, 240, 240, 240, 2, The_Great_Hall
P -209.1684, -730.0816, -44.9666, 0, 0, 0, 2, Loremaster_Solstrin
P -5.1441, -780.1093, 35.0018, 0, 0, 0, 2, Seneschal_Aldikar
P 52.8526, -703.5576, 35.0018, 0, 0, 0, 2, Councilor_Thubins
P 102.9920, -703.5139, 35.0018, 0, 0, 0, 2, Councilor_Dirkins
P 78.5167, -655.1188, 35.0018, 0, 0, 0, 2, Councilor_Derakor
P -67.8289, -703.7426, 35.0018, 0, 0, 0, 2, Councilor_icelok
P -67.1584, -654.0824, 35.0018, 0, 0, 0, 2, Councilor_Glacierbane
P -91.4350, -703.7476, 35.0018, 0, 0, 0, 2, Councilor_Deynekn
P -92.7596, -655.8977, 35.0018, 0, 0, 0, 2, Councilor_Coldember
P -115.7833, -699.4920, 35.0018, 0, 0, 0, 2, Councilor_Icepike
P -108.3841, -664.3646, 35.0018, 0, 0, 0, 2, Councilor_Amberfeld
P 200.6120, 448.3305, -130.1017, 0, 0, 0, 2, Frostcube
