P -3620.5512, -5861.4633, -0.0500, 255, 0, 0, 3, to_The_Overthere_&_South_Desert_of_Ro_(Translocator_Jorbin)
P 2499.1364, 3146.8793, -3.1413, 240, 0, 0, 2, from_Firiona_Vie
P 550.2702, 5139.9018, -3.1017, 240, 0, 0, 3, to_The_Overthere
P -2006.9770, 633.8887, -3.1017, 240, 0, 0, 2, from_The_Overthere
P 2494.0000, -677.0000, 0.0000, 255, 0, 0, 3, to_Firiona_Vie
P 7295.7661, -3309.8051, -3.1341, 240, 0, 0, 2, from_Butcherblock_Mountains
P -4994.1171, -7423.4765, 6.1558, 240, 0, 0, 2, from_South_Desert_of_Ro
P -4324.1132, 12309.9257, -281.1490, 240, 0, 0, 3, to_Halas
P -4367.7016, 12307.1220, -281.1446, 240, 0, 0, 3, to_East_Freeport
P -4424.1738, 12309.6103, -281.1462, 240, 0, 0, 3, to_Cablis_West
P -4426.3535, 12299.1562, -281.1403, 240, 0, 0, 3, to_South_Kaladim
P -4430.3950, 12256.6005, -281.1475, 240, 0, 0, 3, to_Ak`Anon
P -4430.7138, 12220.3857, -281.1435, 240, 0, 0, 3, to_Rivervale
P -4415.3320, 12201.0058, -281.1381, 240, 0, 0, 3, to_Gukta
P -4373.3349, 12200.7656, -281.1336, 240, 0, 0, 3, to_Oggok
P -4328.5400, 12197.1552, -281.1278, 240, 0, 0, 3, to_Erudin
P -4309.4184, 12202.4062, -281.1468, 240, 0, 0, 3, to_Neriak_Commons
P -4309.9638, 12250.1601, -281.1507, 240, 0, 0, 3, to_Greater_Faydark
P -4308.8266, 12295.9345, -281.1450, 240, 0, 0, 3, to_North_Felwithe
P -5317.7861, -7921.3901, 6.1546, 240, 0, 0, 3, to_South_Ro
P 7367.1674, -5114.5683, 1.0008, 240, 0, 0, 3, to_Butcherblock
P 3255.9101, 4543.5595, 17.2295, 240, 0, 0, 3, to_Butcherblock_&_Firiona_Vie_(Translocator_Deela)
P -2194.0000, 5392.0000, 0.0000, 255, 0, 0, 2, Succor
P 6037.6577, 8848.9648, 22.6502, 0, 0, 240, 1, GS:_Crushed_Diamonds
P 3226.0000, 4489.0000, 0.0000, 255, 255, 255, 2, Dock
P -2783.0000, 1293.0000, 0.0000, 255, 255, 255, 2, Ogre_Raiders
P -3566.0000, -5873.0000, 0.0000, 255, 255, 255, 2, Dock
P 5366.2504, 8975.6923, 77.9346, 240, 240, 240, 2, Golra_Island
P 1788.5528, 11604.1220, 10.6336, 240, 240, 240, 2, Oasis_in_a_Deserted_Sea
P -1104.2825, -5843.4316, 15.5774, 240, 240, 240, 2, Spiroc_Tower
P 1868.8610, -5069.7734, 10.3470, 240, 240, 240, 2, Undead_Iksar
P 1991.6962, -5773.1474, 7.9232, 240, 240, 240, 2, Bandit_Camp
P 3772.7426, -6228.6772, 8.0791, 240, 240, 240, 2, Gunthak_Swabby`s
P -3204.8825, -7948.3027, 261.8651, 240, 240, 240, 2, Fallen_Deckhands
P 185.3428, -189.2943, -135.5293, 240, 240, 240, 2, Wrecked_Boat
P -2773.1945, 6376.5278, 4.5259, 240, 240, 240, 2, Chessboard
P 6355.6181, -4039.2719, 15.5625, 240, 240, 0, 2, Ship_Transfer
P 2511.8178, 4054.0214, -3.1413, 240, 240, 0, 2, Ship_Transfer
P -3335.1276, 9391.8818, 14.5169, 240, 240, 240, 2, Raptors
P -1898.8739, 9588.2109, 15.0496, 240, 240, 240, 2, Raptors
P -2091.4938, 9439.5390, 274.4377, 240, 240, 240, 2, Iksar_Statue
P 5989.4970, 6496.3100, 19.9620, 240, 240, 240, 2, Large_Eagle_Statue
P 3755.7155, -5257.6279, 318.6154, 240, 240, 240, 2, Iksar_Statue
P 4337.0000, 5197.0000, 2.2638, 0, 128, 0, 2, Mircus_(Bar)
P 3439.0000, 4868.0000, 15.5946, 0, 128, 0, 2, Seloris_(Merchant)
P 2276.0000, 11594.0000, 71.1715, 0, 128, 0, 2, Portik_(Bar)
P -2795.0000, 5064.0000, 286.0129, 128, 128, 128, 2, Iksar_Master_(GM_Monk)
P -2819.1137, 5925.8354, 1.8619, 0, 0, 0, 2, Alrik_Farsight_(Roam)
P -2738.1884, 6212.0009, 1.4172, 0, 0, 0, 2, Perican_Fallhammer
P -2946.0402, 5773.0849, 0.4719, 0, 0, 0, 2, Xiblin_Fizzlebik
P -2984.9196, 8969.1357, 256.6268, 0, 0, 0, 2, Scout_Sihmoj
P -3169.4418, -5440.9921, 2.8686, 0, 0, 0, 2, Ogre_Wise_One
P 5910.9311, 6445.3940, 16.2391, 0, 0, 0, 2, Sellcondru_Dusaan
P 5929.1342, 9616.0058, 18.4953, 0, 0, 0, 2, Kellewin_Stillwater
P 4930.6982, -5875.3168, 6.1230, 0, 0, 0, 2, Salco_Dagor
P 2156.7543, -5107.3881, 8.0011, 0, 0, 0, 2, Silithis_Sisnta_(Roam)
P -2666.8576, -7365.0527, 9.0418, 0, 0, 0, 2, Farstara_Dio
P -2808.3798, 8985.8398, 1.0964, 0, 0, 0, 2, Ebon_Ice_Servant
P -3734.0000, 11565.0000, 10.0000, 240, 127, 0, 2, Faydedar_(Raid)
P 6112.0947, 9637.7060, 11.9288, 127, 64, 0, 2, Halara_(Hunter)
P 5301.1337, 9320.5673, 91.6231, 127, 64, 0, 2, Halara_(Hunter)
P 5443.2651, 9189.4228, 184.0985, 127, 64, 0, 2, Halara_(Hunter)
P -2697.2824, -7293.8017, 72.2204, 127, 64, 0, 2, Ugrak_da_Raider_(Hunter)
P -3243.8698, -5534.3491, -1.8837, 127, 64, 0, 2, Ugrak_da_Raider_(Hunter)
P -3171.2272, -5429.6259, 0.8589, 127, 64, 0, 2, Ugrak_da_Raider_(Hunter)
P -2535.2470, -5265.1088, 20.8517, 127, 64, 0, 2, Ugrak_da_Raider_(Hunter)
