L -1092.2, -133.0, -49.6, -1092.0, -128.7, -49.6, 0, 0, 0
L -1092.0, -128.7, -49.6, -1056.9, -130.4, -49.6, 0, 0, 0
L -1056.9, -130.4, -49.6, -1057.7, -146.9, -49.6, 0, 0, 0
L -1057.7, -146.9, -49.6, -1092.8, -145.1, -49.6, 0, 0, 0
L -1092.8, -145.1, -49.6, -1092.7, -143.0, -49.6, 0, 0, 0
L -1092.7, -142.7, -49.6, -1092.6, -141.3, -49.6, 0, 0, 0
L -1092.7, -143.0, -49.6, -1092.7, -142.7, -49.6, 0, 0, 0
L -1092.6, -141.3, -49.5, -1096.2, -141.1, -49.5, 0, 0, 0
L -1092.2, -133.0, -49.5, -1095.8, -132.8, -49.5, 0, 0, 0
L -1096.2, -141.1, -50.4, -1096.5, -147.9, -50.4, 0, 0, 0
L -1096.5, -147.9, -50.4, -1054.3, -150.0, -49.7, 0, 0, 0
L -1054.3, -150.0, -49.6, -1053.2, -127.8, -49.6, 0, 0, 0
L -1053.2, -127.8, -49.6, -1095.4, -125.7, -50.4, 0, 0, 0
L -1095.4, -125.7, -50.4, -1095.8, -132.8, -50.4, 0, 0, 0
L -2611.0, 1142.8, 119.5, -2610.2, 513.9, 120.2, 0, 0, 0
L -2611.2, 1407.1, 188.0, -2611.0, 1142.8, 119.5, 0, 0, 0
L -2611.6, 1735.3, 137.2, -2611.2, 1407.1, 188.0, 0, 0, 0
L -2611.8, 1919.7, 83.4, -2611.6, 1735.3, 137.2, 0, 0, 0
L -2609.6, -94.9, 173.9, -2610.2, 441.8, 105.2, 0, 0, 0
L -2608.2, -1366.2, 157.8, -2609.6, -94.9, 173.9, 0, 0, 0
L -2607.4, -2074.0, 134.3, -2608.2, -1366.2, 157.8, 0, 0, 0
L -2654.5, 498.3, -37.6, -2654.4, 526.1, -37.6, 199, 21, 133
L 419.2, 2614.5, -44.5, 446.1, 2614.6, -44.5, 199, 21, 133
L 475.4, 1016.9, -89.8, 472.6, 1017.0, -89.8, 0, 0, 0
L 485.9, 1024.7, -89.8, 475.4, 1016.9, -89.8, 0, 0, 0
L 488.1, 1037.5, -90.2, 485.9, 1024.7, -89.8, 0, 0, 0
L 480.3, 1048.0, -90.0, 488.1, 1037.5, -90.2, 0, 0, 0
L 467.2, 1049.9, -89.6, 480.3, 1048.0, -90.0, 0, 0, 0
L 457.0, 1042.2, -89.4, 467.2, 1049.9, -89.6, 0, 0, 0
L 454.9, 1029.5, -89.5, 457.0, 1042.2, -89.4, 0, 0, 0
L 463.0, 1018.5, -90.0, 454.9, 1029.5, -89.5, 0, 0, 0
L 476.2, 1013.9, -89.7, 472.5, 1014.3, -89.7, 0, 0, 0
L 488.6, 1022.8, -89.7, 476.2, 1013.9, -89.7, 0, 0, 0
L 491.4, 1038.2, -90.2, 488.6, 1022.8, -89.8, 0, 0, 0
L 481.9, 1050.7, -89.7, 491.4, 1038.2, -90.2, 0, 0, 0
L 467.0, 1053.0, -89.6, 481.9, 1050.7, -90.0, 0, 0, 0
L 454.5, 1043.6, -88.9, 467.0, 1053.0, -89.5, 0, 0, 0
L 452.1, 1028.9, -89.4, 454.5, 1043.6, -89.3, 0, 0, 0
L 461.2, 1016.2, -89.5, 452.1, 1028.9, -89.4, 0, 0, 0
L 465.4, 1015.6, -89.9, 461.2, 1016.2, -90.0, 0, 0, 0
L 463.0, 1018.5, -90.0, 465.2, 1018.6, -90.0, 0, 0, 0
L 465.4, 1015.6, -89.9, 465.2, 1018.6, -90.0, 0, 0, 0
L 472.6, 1017.0, -89.8, 472.5, 1014.3, -89.8, 0, 0, 0
L 474.6, 991.8, -88.2, 477.5, 990.7, -88.2, 0, 0, 0
L 474.4, 984.4, -87.7, 472.1, 985.2, -87.8, 0, 0, 0
L 473.8, 981.7, -87.5, 474.4, 984.4, -87.6, 0, 0, 0
L 479.0, 970.4, -86.5, 473.8, 981.7, -87.5, 0, 0, 0
L 490.4, 965.9, -85.9, 479.0, 970.4, -86.5, 0, 0, 0
L 501.6, 970.5, -86.1, 490.4, 965.9, -85.9, 0, 0, 0
L 506.6, 981.8, -86.9, 501.6, 970.5, -86.1, 0, 0, 0
L 502.1, 993.5, -88.0, 506.6, 981.8, -86.9, 0, 0, 0
L 490.4, 998.7, -88.6, 502.1, 993.5, -88.0, 0, 0, 0
L 478.3, 993.7, -88.4, 490.4, 998.7, -88.6, 0, 0, 0
L 477.5, 990.7, -88.3, 478.3, 993.7, -88.4, 0, 0, 0
L 470.7, 981.7, -87.5, 472.1, 985.2, -87.7, 0, 0, 0
L 476.7, 968.2, -86.4, 470.7, 981.7, -87.5, 0, 0, 0
L 490.2, 962.7, -85.6, 476.7, 968.2, -86.2, 0, 0, 0
L 503.9, 968.4, -85.7, 490.2, 962.7, -85.7, 0, 0, 0
L 509.7, 981.4, -86.8, 503.9, 968.4, -86.0, 0, 0, 0
L 504.5, 995.6, -88.0, 509.7, 981.4, -86.8, 0, 0, 0
L 490.4, 1001.9, -88.8, 504.5, 995.6, -88.1, 0, 0, 0
L 476.2, 995.6, -88.3, 490.4, 1001.9, -88.8, 0, 0, 0
L 474.6, 991.8, -88.4, 476.2, 995.6, -88.5, 0, 0, 0
L 812.6, 1555.0, -45.0, 870.3, 1558.3, -43.7, 0, 0, 0
L 808.8, 1613.9, -48.5, 812.6, 1555.0, -45.0, 0, 0, 0
L 868.6, 1617.3, -49.5, 808.8, 1613.9, -48.4, 0, 0, 0
L 870.3, 1558.3, -43.8, 868.6, 1617.3, -49.5, 0, 0, 0
L 875.4, 1423.1, -34.4, 872.9, 1475.9, -36.7, 0, 0, 0
L 822.3, 1420.1, -34.5, 875.4, 1423.1, -34.2, 0, 0, 0
L 819.0, 1473.7, -37.2, 822.3, 1420.1, -34.6, 0, 0, 0
L 872.9, 1475.9, -36.6, 819.0, 1473.7, -37.1, 0, 0, 0
L 950.5, 1425.4, -38.1, 947.6, 1480.4, -40.3, 0, 0, 0
L 1004.1, 1428.9, -34.6, 950.5, 1425.4, -38.1, 0, 0, 0
L 1001.5, 1482.2, -34.7, 1004.1, 1428.9, -34.3, 0, 0, 0
L 947.6, 1480.4, -40.4, 1001.5, 1482.2, -34.8, 0, 0, 0
L 998.8, 1566.2, -39.0, 997.0, 1622.5, -42.5, 0, 0, 0
L 942.4, 1562.3, -45.8, 998.8, 1566.2, -39.1, 0, 0, 0
L 938.8, 1621.6, -49.5, 942.4, 1562.3, -45.8, 0, 0, 0
L 997.0, 1622.5, -42.8, 938.8, 1621.6, -49.5, 0, 0, 0
L 1053.8, 1870.8, -35.7, 1053.7, 1872.0, -35.8, 0, 0, 0
L 1048.8, 1871.1, -36.2, 1053.8, 1870.8, -35.8, 0, 0, 0
L 1047.8, 1853.0, -36.3, 1048.8, 1871.1, -36.2, 0, 0, 0
L 1065.9, 1852.1, -35.3, 1047.8, 1853.0, -36.3, 0, 0, 0
L 1066.9, 1869.9, -35.2, 1065.9, 1852.1, -35.3, 0, 0, 0
L 1062.6, 1870.2, -35.4, 1066.9, 1869.9, -35.2, 0, 0, 0
L 1062.7, 1871.4, -35.4, 1062.6, 1870.2, -35.4, 0, 0, 0
L 1062.7, 1871.4, -35.4, 1068.1, 1871.0, -35.2, 0, 0, 0
L 1047.8, 1872.4, -36.2, 1053.7, 1872.0, -35.8, 0, 0, 0
L 1046.5, 1851.9, -36.5, 1047.8, 1872.4, -36.3, 0, 0, 0
L 1066.9, 1850.8, -35.2, 1046.5, 1851.9, -36.4, 0, 0, 0
L 1068.1, 1871.0, -35.2, 1066.9, 1850.8, -35.2, 0, 0, 0
L 1096.0, 1909.6, -34.1, 1094.9, 1909.6, -34.2, 0, 0, 0
L 1097.7, 1901.0, -34.0, 1096.6, 1900.1, -34.1, 0, 0, 0
L 1095.3, 1913.8, -34.1, 1112.9, 1917.3, -33.4, 0, 0, 0
L 1095.3, 1913.8, -34.1, 1096.0, 1909.6, -34.1, 0, 0, 0
L 1098.6, 1896.0, -34.0, 1097.7, 1901.0, -34.0, 0, 0, 0
L 1116.2, 1899.5, -33.3, 1098.6, 1896.0, -34.0, 0, 0, 0
L 1112.9, 1917.3, -33.4, 1116.2, 1899.5, -33.3, 0, 0, 0
L 1094.9, 1909.6, -34.1, 1093.9, 1914.8, -34.2, 0, 0, 0
L 1097.6, 1894.7, -34.0, 1096.6, 1900.1, -34.1, 0, 0, 0
L 1117.6, 1898.5, -33.3, 1097.6, 1894.7, -34.0, 0, 0, 0
L 1113.9, 1918.4, -33.4, 1117.6, 1898.5, -33.2, 0, 0, 0
L 1093.9, 1914.8, -34.1, 1113.9, 1918.4, -33.4, 0, 0, 0
L -1184.1, 2403.4, 102.9, 246.2, 2408.1, -45.1, 0, 0, 0
L -1249.8, 2063.9, 48.8, -1184.1, 2403.4, 102.9, 0, 0, 0
L -1364.1, 2021.5, -60.6, -1249.8, 2063.9, 48.8, 0, 0, 255
L -1359.3, 2006.0, -60.7, -1364.1, 2021.5, -60.6, 0, 0, 255
L -1348.1, 1988.3, -60.7, -1359.3, 2006.0, -60.7, 0, 0, 255
L -1340.1, 1998.1, -60.0, -1348.1, 1988.3, -60.7, 0, 0, 255
L -1247.6, 1940.8, -60.2, -1340.1, 1998.1, -60.0, 0, 0, 255
L -1200.0, 1953.5, -60.3, -1247.6, 1940.8, -60.2, 0, 0, 255
L -1186.8, 1907.6, -60.7, -1200.0, 1953.5, -60.3, 0, 0, 255
L -1175.0, 1880.0, -60.2, -1186.8, 1907.6, -60.7, 0, 0, 255
L -1157.8, 1806.1, -60.6, -1175.0, 1880.0, -60.2, 0, 0, 255
L -1159.5, 1795.0, -60.6, -1157.8, 1806.1, -60.6, 0, 0, 255
L -1159.3, 1705.3, -60.4, -1159.5, 1795.0, -60.6, 0, 0, 255
L -1163.6, 1690.3, -60.6, -1159.3, 1705.3, -60.4, 0, 0, 255
L -1169.9, 1605.9, -60.6, -1163.6, 1690.3, -60.6, 0, 0, 255
L -1175.9, 1578.5, -60.6, -1169.9, 1605.9, -60.6, 0, 0, 255
L -1176.2, 1505.3, -60.7, -1175.9, 1578.5, -60.6, 0, 0, 255
L -1182.3, 1472.2, -60.7, -1176.2, 1505.3, -60.7, 0, 0, 255
L -1182.3, 1403.5, -60.6, -1182.3, 1472.2, -60.7, 0, 0, 255
L -1183.9, 1370.7, -60.5, -1182.3, 1403.5, -60.6, 0, 0, 255
L -1184.4, 1203.9, -60.7, -1183.9, 1370.7, -60.5, 0, 0, 255
L -1182.3, 1173.6, -60.6, -1184.4, 1203.9, -60.7, 0, 0, 255
L -1182.2, 1105.1, -60.7, -1182.3, 1173.6, -60.6, 0, 0, 255
L -1179.3, 1075.3, -60.7, -1182.2, 1105.1, -60.7, 0, 0, 255
L -1179.1, 1005.6, -60.6, -1179.3, 1075.3, -60.7, 0, 0, 255
L -1174.0, 979.8, -60.7, -1179.1, 1005.6, -60.6, 0, 0, 255
L -1173.6, 905.0, -60.6, -1174.0, 979.8, -60.7, 0, 0, 255
L -1169.5, 884.1, -60.6, -1173.6, 905.0, -60.6, 0, 0, 255
L -1148.2, 860.7, -60.7, -1169.5, 884.1, -60.6, 0, 0, 255
L -1093.7, 861.2, -60.6, -1148.2, 860.7, -60.7, 0, 0, 255
L -1048.4, 892.4, -60.8, -1093.7, 861.2, -60.6, 0, 0, 255
L -961.2, 892.3, -60.9, -1048.4, 892.4, -60.8, 0, 0, 255
L -950.3, 894.0, -60.2, -961.2, 892.3, -60.9, 0, 0, 255
L -859.9, 893.9, -60.2, -950.3, 894.0, -60.2, 0, 0, 255
L -848.6, 887.9, -60.5, -859.9, 893.9, -60.2, 0, 0, 255
L -780.5, 887.6, -60.7, -848.6, 887.9, -60.5, 0, 0, 255
L -765.5, 879.3, -60.6, -780.5, 887.6, -60.7, 0, 0, 255
L -755.3, 805.9, -60.8, -765.5, 879.3, -60.6, 0, 0, 255
L -751.5, 802.8, -60.2, -755.3, 805.9, -60.8, 0, 0, 255
L -748.4, 800.6, -60.9, -751.5, 802.8, -60.2, 0, 0, 255
L -662.4, 791.1, -60.3, -748.4, 800.6, -60.9, 0, 0, 255
L -662.6, 706.4, -60.5, -662.4, 791.1, -60.3, 0, 0, 255
L -648.4, 665.0, -60.7, -662.6, 706.4, -60.5, 0, 0, 255
L -593.5, 661.0, -60.6, -648.4, 665.0, -60.7, 0, 0, 255
L -622.4, 605.6, -60.7, -593.5, 661.0, -60.6, 0, 0, 255
L -584.4, 569.4, -60.0, -622.4, 605.6, -60.7, 0, 0, 255
L -579.6, 505.7, -59.4, -584.4, 569.4, -60.0, 0, 0, 255
L -575.7, 479.6, -60.4, -579.6, 505.7, -59.4, 0, 0, 255
L -548.9, 435.7, -60.4, -575.7, 479.6, -60.4, 0, 0, 255
L -528.8, 425.0, -60.2, -548.9, 435.7, -60.4, 0, 0, 255
L -531.5, 405.7, -59.8, -528.8, 425.0, -60.2, 0, 0, 255
L -493.3, 361.0, -60.4, -531.5, 405.7, -59.8, 0, 0, 255
L -448.6, 327.7, -60.4, -493.3, 361.0, -60.4, 0, 0, 255
L -418.8, 335.3, -60.5, -448.6, 327.7, -60.4, 0, 0, 255
L -349.1, 313.1, -60.4, -418.8, 335.3, -60.5, 0, 0, 255
L -248.1, 323.0, -60.6, -349.1, 313.1, -60.4, 0, 0, 255
L -231.3, 323.4, -60.4, -248.1, 323.0, -60.6, 0, 0, 255
L -149.0, 314.5, -60.6, -231.3, 323.4, -60.4, 0, 0, 255
L -128.3, 325.5, -60.7, -149.0, 314.5, -60.6, 0, 0, 255
L -116.6, 305.8, -60.7, -128.3, 325.5, -60.7, 0, 0, 255
L -57.2, 297.7, -60.0, -116.6, 305.8, -60.7, 0, 0, 255
L -48.4, 281.2, -60.5, -57.2, 297.7, -60.0, 0, 0, 255
L 22.1, 276.8, -60.8, -48.4, 281.2, -60.5, 0, 0, 255
L 23.2, 205.4, -60.5, 22.1, 276.8, -60.8, 0, 0, 255
L 36.1, 190.7, -60.8, 23.2, 205.4, -60.5, 0, 0, 255
L 39.1, 105.9, -60.3, 36.1, 190.7, -60.8, 0, 0, 255
L 42.7, 96.6, -60.1, 39.1, 105.9, -60.3, 0, 0, 255
L 50.4, -3.9, -60.2, 42.7, 96.6, -60.1, 0, 0, 255
L 67.3, -93.9, -60.7, 71.8, -58.6, -60.7, 0, 0, 255
L 51.3, -136.4, -60.7, 67.3, -93.9, -60.7, 0, 0, 255
L 47.7, -194.7, -60.4, 51.3, -136.4, -60.7, 0, 0, 255
L 40.6, -292.4, -60.3, 47.7, -194.7, -60.4, 0, 0, 255
L 41.0, -304.9, -60.1, 40.6, -292.4, -60.3, 0, 0, 255
L 51.9, -394.4, -60.3, 41.0, -304.9, -60.1, 0, 0, 255
L 77.3, -468.6, -60.4, 51.9, -394.4, -60.3, 0, 0, 255
L 113.1, -494.2, -60.5, 77.3, -468.6, -60.4, 0, 0, 255
L 133.1, -512.4, -60.2, 113.1, -494.2, -60.5, 0, 0, 255
L 150.7, -518.1, -60.5, 133.1, -512.4, -60.2, 0, 0, 255
L 219.0, -527.3, -60.7, 150.7, -518.1, -60.5, 0, 0, 255
L 251.1, -538.6, -60.3, 219.0, -527.3, -60.7, 0, 0, 255
L 307.1, -538.4, -60.1, 251.1, -538.6, -60.3, 0, 0, 255
L 352.0, -528.0, -60.7, 307.1, -538.4, -60.1, 0, 0, 255
L 450.8, -495.7, -60.4, 352.0, -528.0, -60.7, 0, 0, 255
L 455.1, -494.1, -60.7, 450.8, -495.7, -60.4, 0, 0, 255
L 550.9, -417.0, -60.3, 455.1, -494.1, -60.7, 0, 0, 255
L 728.5, -417.3, -60.6, 550.9, -417.0, -60.3, 0, 0, 255
L 751.2, -476.0, -60.7, 728.5, -417.3, -60.6, 0, 0, 255
L 769.8, -475.9, -60.6, 751.2, -476.0, -60.7, 0, 0, 255
L 769.6, -493.9, -60.7, 769.8, -475.9, -60.6, 0, 0, 255
L 840.7, -505.4, -60.2, 769.6, -493.9, -60.7, 0, 0, 255
L 851.3, -590.0, -60.7, 840.7, -505.4, -60.2, 0, 0, 255
L 853.6, -591.5, -60.7, 851.3, -590.0, -60.7, 0, 0, 255
L 855.6, -594.5, -60.6, 853.6, -591.5, -60.7, 0, 0, 255
L 927.0, -618.4, -60.5, 855.6, -594.5, -60.6, 0, 0, 255
L 929.0, -694.7, -61.0, 927.0, -618.4, -60.5, 0, 0, 255
L 938.7, -707.3, -60.4, 929.0, -694.7, -61.0, 0, 0, 255
L 949.2, -796.2, -60.3, 938.7, -707.3, -60.4, 0, 0, 255
L 1023.5, -822.0, -60.4, 949.2, -796.2, -60.3, 0, 0, 255
L 1050.9, -880.2, -60.6, 1023.5, -822.0, -60.4, 0, 0, 255
L 1084.8, -894.6, -60.7, 1050.9, -880.2, -60.6, 0, 0, 255
L 1151.5, -902.6, -59.7, 1084.8, -894.6, -60.7, 0, 0, 255
L 1160.3, -909.4, -59.2, 1151.5, -902.6, -59.7, 0, 0, 255
L 1138.8, 2405.7, 41.1, 1160.3, -909.4, -59.2, 0, 0, 0
L 346.7, 2408.3, -45.5, 1138.8, 2405.7, 41.1, 0, 0, 0
L 346.7, 2408.3, -45.1, 332.9, 2408.7, -45.1, 0, 0, 0
L 341.9, 2338.6, -49.5, 346.7, 2408.3, -45.5, 150, 150, 150
L 306.1, 2341.2, -49.5, 341.9, 2338.6, -49.5, 150, 150, 150
L 304.9, 2327.3, -49.5, 305.5, 2334.5, -49.5, 150, 150, 150
L 277.8, 2329.6, -49.5, 304.9, 2327.3, -49.5, 150, 150, 150
L 278.2, 2343.3, -49.5, 277.8, 2336.6, -49.5, 150, 150, 150
L 241.1, 2345.9, -49.5, 278.2, 2343.3, -49.5, 150, 150, 150
L 246.2, 2408.1, -45.1, 241.1, 2345.9, -49.5, 150, 150, 150
L 269.9, 2408.7, -44.9, 246.2, 2408.1, -45.1, 0, 0, 0
L 424.1, 2625.9, -45.1, 391.7, 2659.4, -45.1, 0, 0, 0
L 410.2, 2593.7, -45.1, 424.1, 2625.9, -45.1, 0, 0, 0
L 396.7, 2583.3, -45.1, 410.2, 2593.7, -45.1, 0, 0, 0
L 386.9, 2583.3, -45.1, 396.7, 2583.3, -45.1, 0, 0, 0
L 348.0, 2572.5, -45.1, 386.9, 2583.3, -45.1, 0, 0, 0
L 298.0, 2530.5, -45.0, 348.0, 2572.5, -45.1, 0, 0, 0
L 269.9, 2408.7, -44.9, 298.0, 2530.5, -45.0, 0, 0, 0
L 325.9, 2530.8, -45.0, 332.9, 2408.7, -44.9, 0, 0, 0
L 354.8, 2551.2, -45.1, 325.9, 2530.8, -45.0, 0, 0, 0
L 383.0, 2564.8, -45.1, 354.8, 2551.2, -45.1, 0, 0, 0
L 400.2, 2563.9, -45.1, 383.0, 2564.8, -45.1, 0, 0, 0
L 429.2, 2581.1, -45.1, 400.2, 2563.9, -45.1, 0, 0, 0
L 452.7, 2627.5, -45.1, 429.2, 2581.1, -45.1, 0, 0, 0
L 419.0, 2664.8, -45.1, 452.7, 2627.5, -45.1, 0, 0, 0
L 138.0, -7.4, -47.5, 137.0, -3.9, -47.5, 139, 69, 19
L 131.7, -58.6, -47.5, 138.5, -3.9, -47.5, 139, 69, 19
L -255.8, -58.6, -50.9, 131.7, -58.6, -47.5, 139, 69, 19
L -253.2, -3.8, -51.1, -255.8, -58.6, -51.1, 139, 69, 19
L 138.5, -3.9, -51.3, -253.2, -3.8, -51.1, 139, 69, 19
L -1706.2, -2314.8, -60.3, -245.2, -2394.9, -48.7, 0, 0, 0
L -252.2, -2394.5, -48.7, -256.5, -2308.8, -48.7, 150, 150, 150
L -256.5, -2308.8, -48.7, -155.8, -2303.6, -49.5, 150, 150, 150
L -155.8, -2303.6, -49.5, -151.8, -2394.7, -48.6, 150, 150, 150
L -151.8, -2394.7, -48.6, -192.1, -2394.4, -48.6, 0, 0, 0
L -192.1, -2394.4, -48.4, -193.0, -2526.4, -48.5, 0, 0, 0
L -193.0, -2526.4, -48.5, -273.9, -2526.5, -48.4, 0, 0, 0
L -273.9, -2526.5, -48.4, -290.5, -2543.2, -48.4, 0, 0, 0
L -290.5, -2543.2, -48.4, -290.5, -2560.1, -48.4, 0, 0, 0
L -290.5, -2560.1, -48.4, -278.1, -2572.5, -48.4, 0, 0, 0
L -304.3, -2573.0, -48.4, -304.3, -2528.1, -48.4, 0, 0, 0
L -304.3, -2528.1, -48.4, -288.9, -2512.7, -48.4, 0, 0, 0
L -288.9, -2512.7, -48.4, -224.8, -2512.7, -48.5, 0, 0, 0
L -224.8, -2512.7, -48.5, -220.4, -2506.3, -48.5, 0, 0, 0
L -220.4, -2506.3, -48.5, -218.2, -2487.9, -48.4, 0, 0, 0
L -218.2, -2487.9, -48.4, -218.5, -2394.9, -48.3, 0, 0, 0
L -218.5, -2394.9, -48.3, -245.2, -2394.9, -48.7, 0, 0, 0
L -171.4, -2312.1, -48.6, -164.8, -2316.4, -48.6, 0, 0, 0
L -164.8, -2316.4, -48.6, -158.6, -2311.5, -48.6, 0, 0, 0
L -158.6, -2311.5, -48.6, -161.4, -2304.2, -48.6, 0, 0, 0
L -161.4, -2304.2, -48.7, -169.3, -2304.5, -48.7, 0, 0, 0
L -169.3, -2304.5, -48.6, -171.4, -2312.1, -48.6, 0, 0, 0
L -241.9, -2315.6, -48.6, -248.0, -2320.5, -48.6, 0, 0, 0
L -248.0, -2320.5, -48.6, -254.6, -2316.2, -48.6, 0, 0, 0
L -254.6, -2316.2, -48.6, -252.5, -2308.6, -48.6, 0, 0, 0
L -252.5, -2308.6, -48.6, -244.7, -2308.3, -48.6, 0, 0, 0
L -244.7, -2308.3, -48.6, -241.9, -2315.6, -48.6, 0, 0, 0
L 1161.5, -1090.5, -61.4, 1155.4, -1094.2, -60.9, 0, 0, 255
L 1155.4, -1094.2, -60.9, 1151.4, -1106.2, -60.3, 0, 0, 255
L 1151.4, -1106.2, -60.3, 995.3, -1150.3, -60.6, 0, 0, 255
L 995.3, -1150.3, -60.6, 994.5, -1094.7, -60.7, 0, 0, 255
L 994.5, -1094.7, -60.7, 961.1, -1084.6, -60.6, 0, 0, 255
L 961.1, -1084.6, -60.6, 861.2, -1083.6, -60.2, 0, 0, 255
L 861.2, -1083.6, -60.2, 851.1, -1053.3, -60.5, 0, 0, 255
L 851.1, -1053.3, -60.5, 793.2, -1052.7, -60.6, 0, 0, 255
L 793.2, -1052.7, -60.6, 792.9, -994.6, -60.6, 0, 0, 255
L 792.9, -994.6, -60.6, 762.8, -982.7, -60.6, 0, 0, 255
L 762.8, -982.7, -60.6, 758.1, -886.7, -60.4, 0, 0, 255
L 758.1, -886.7, -60.4, 750.8, -879.8, -60.5, 0, 0, 255
L 750.8, -879.8, -60.5, 697.5, -848.2, -60.7, 0, 0, 255
L 697.5, -848.2, -60.7, 686.0, -794.2, -60.6, 0, 0, 255
L 686.0, -794.2, -60.6, 672.4, -773.1, -60.7, 0, 0, 255
L 672.4, -773.1, -60.7, 657.0, -693.8, -60.5, 0, 0, 255
L 657.0, -693.8, -60.5, 656.4, -688.6, -60.7, 0, 0, 255
L 656.4, -688.6, -60.7, 551.3, -686.6, -60.5, 0, 0, 255
L 551.3, -686.6, -60.5, 525.5, -694.4, -60.3, 0, 0, 255
L 525.5, -694.4, -60.3, 451.4, -748.6, -60.5, 0, 0, 255
L 451.4, -748.6, -60.5, 387.1, -758.9, -60.5, 0, 0, 255
L 387.1, -758.9, -60.5, 351.6, -781.3, -60.1, 0, 0, 255
L 351.6, -781.3, -60.1, 264.7, -781.6, -60.2, 0, 0, 255
L 264.7, -781.6, -60.2, 251.9, -782.8, -60.1, 0, 0, 255
L 251.9, -782.8, -60.1, 163.3, -782.2, -60.8, 0, 0, 255
L 163.3, -782.2, -60.8, 151.1, -780.5, -60.6, 0, 0, 255
L 151.1, -780.5, -60.6, 65.3, -781.1, -60.1, 0, 0, 255
L 65.3, -781.1, -60.1, 51.8, -756.3, -60.9, 0, 0, 255
L 51.8, -756.3, -60.9, -10.7, -756.2, -60.7, 0, 0, 255
L -10.7, -756.2, -60.7, -20.6, -694.2, -60.6, 0, 0, 255
L -20.6, -694.2, -60.6, -49.0, -685.9, -60.4, 0, 0, 255
L -49.0, -685.9, -60.4, -128.0, -673.6, -60.1, 0, 0, 255
L -128.0, -673.6, -60.1, -131.2, -594.4, -60.2, 0, 0, 255
L -131.2, -594.4, -60.2, -148.8, -520.2, -60.5, 0, 0, 255
L -148.8, -520.2, -60.5, -157.4, -503.1, -60.7, 0, 0, 255
L -157.4, -503.1, -60.7, -167.5, -494.4, -60.7, 0, 0, 255
L -167.5, -494.4, -60.7, -196.4, -441.0, -60.5, 0, 0, 255
L -196.4, -441.0, -60.5, -215.2, -394.1, -60.7, 0, 0, 255
L -215.2, -394.1, -60.7, -220.3, -365.2, -60.6, 0, 0, 255
L -220.3, -365.2, -60.6, -220.3, -194.5, -60.6, 0, 0, 255
L -220.3, -194.5, -60.6, -227.6, -173.5, -60.7, 0, 0, 255
L -227.6, -173.5, -60.7, -234.4, -94.4, -60.5, 0, 0, 255
L -234.4, -94.4, -60.5, -237.4, -82.3, -60.5, 0, 0, 255
L -237.4, -82.3, -60.5, -237.8, -58.6, -60.1, 0, 0, 255
L -236.3, -2.8, -60.3, -236.3, 5.1, -60.2, 0, 0, 255
L -236.3, 5.1, -60.2, -238.6, 16.3, -60.5, 0, 0, 255
L -238.6, 16.3, -60.5, -249.1, 83.1, -60.6, 0, 0, 255
L -249.1, 83.1, -60.6, -254.8, 99.8, -60.4, 0, 0, 255
L -254.8, 99.8, -60.4, -348.8, 104.7, -60.6, 0, 0, 255
L -348.8, 104.7, -60.6, -351.5, 102.9, -60.5, 0, 0, 255
L -351.5, 102.9, -60.5, -376.8, 106.0, -60.8, 0, 0, 255
L -376.8, 106.0, -60.8, -447.7, 106.9, -60.4, 0, 0, 255
L -447.7, 106.9, -60.4, -539.8, 114.2, -60.3, 0, 0, 255
L -539.8, 114.2, -60.3, -548.5, 117.7, -60.2, 0, 0, 255
L -548.5, 117.7, -60.2, -644.7, 109.7, -60.5, 0, 0, 255
L -644.7, 109.7, -60.5, -606.2, 205.5, -60.4, 0, 0, 255
L -606.2, 205.5, -60.4, -615.9, 238.2, -60.3, 0, 0, 255
L -615.9, 238.2, -60.3, -648.7, 252.1, -60.1, 0, 0, 255
L -648.7, 252.1, -60.1, -731.5, 222.8, -60.4, 0, 0, 255
L -731.5, 222.8, -60.4, -732.3, 305.6, -60.3, 0, 0, 255
L -732.3, 305.6, -60.3, -738.9, 315.0, -60.2, 0, 0, 255
L -738.9, 315.0, -60.2, -748.6, 357.5, -60.7, 0, 0, 255
L -748.6, 357.5, -60.7, -795.9, 357.6, -60.6, 0, 0, 255
L -795.9, 357.6, -60.6, -797.1, 405.5, -60.6, 0, 0, 255
L -797.1, 405.5, -60.6, -833.0, 421.0, -60.6, 0, 0, 255
L -833.0, 421.0, -60.6, -831.1, 505.2, -60.6, 0, 0, 255
L -831.1, 505.2, -60.6, -836.7, 517.5, -60.5, 0, 0, 255
L -836.7, 517.5, -60.5, -848.9, 553.9, -60.6, 0, 0, 255
L -848.9, 553.9, -60.6, -871.6, 583.2, -60.5, 0, 0, 255
L -871.6, 583.2, -60.5, -882.8, 605.6, -60.7, 0, 0, 255
L -882.8, 605.6, -60.7, -927.5, 627.1, -60.2, 0, 0, 255
L -927.5, 627.1, -60.2, -948.4, 641.2, -60.3, 0, 0, 255
L -948.4, 641.2, -60.3, -1024.5, 630.1, -61.0, 0, 0, 255
L -1024.5, 630.1, -61.0, -1048.4, 622.2, -59.7, 0, 0, 255
L -1048.4, 622.2, -59.7, -1062.3, 605.7, -59.8, 0, 0, 255
L -1063.1, 605.8, -60.7, -1081.9, 506.3, -60.1, 0, 0, 255
L -1081.9, 506.3, -60.1, -1153.2, 405.5, -59.9, 0, 0, 255
L -1153.2, 405.5, -59.9, -1155.5, 306.4, -60.6, 0, 0, 255
L -1155.5, 306.4, -60.6, -1163.5, 205.6, -60.2, 0, 0, 255
L -1163.5, 205.6, -60.2, -1196.6, 106.6, -60.5, 0, 0, 255
L -1196.6, 106.6, -60.5, -1195.4, 5.4, -60.5, 0, 0, 255
L -1195.4, 5.4, -60.5, -1192.9, -37.6, -60.5, 0, 0, 255
L -1192.9, -37.6, -60.5, -1167.7, -94.0, -60.6, 0, 0, 255
L -1167.7, -94.0, -60.6, -1166.8, -129.4, -60.6, 0, 0, 255
L -1166.6, -149.4, -60.5, -1166.6, -196.6, -60.6, 0, 0, 255
L -1166.6, -196.6, -60.6, -1165.7, -211.8, -60.6, 0, 0, 255
L -1165.7, -211.8, -60.6, -1168.7, -293.7, -60.7, 0, 0, 255
L -1168.7, -293.7, -60.7, -1166.2, -312.2, -60.2, 0, 0, 255
L -1166.2, -312.2, -60.2, -1198.2, -393.9, -60.4, 0, 0, 255
L -1198.2, -393.9, -60.4, -1195.9, -440.6, -60.8, 0, 0, 255
L -1195.9, -440.6, -60.8, -1159.8, -493.9, -60.5, 0, 0, 255
L -1159.8, -493.9, -60.5, -1159.4, -604.7, -60.5, 0, 0, 255
L -1159.4, -604.7, -60.5, -1186.2, -693.1, -60.9, 0, 0, 255
L -1186.2, -693.1, -60.9, -1186.2, -931.9, -60.9, 0, 0, 255
L -1186.2, -931.9, -60.9, -1159.4, -994.3, -60.6, 0, 0, 255
L -1159.4, -994.3, -60.6, -1159.7, -1193.4, -60.7, 0, 0, 255
L -1159.7, -1193.4, -60.7, -1161.3, -1206.4, -60.9, 0, 0, 255
L -1161.3, -1206.4, -60.9, -1175.0, -1293.9, -60.8, 0, 0, 255
L -1175.0, -1293.9, -60.8, -1176.7, -1322.1, -60.9, 0, 0, 255
L -1176.7, -1322.1, -60.9, -1191.2, -1394.5, -60.6, 0, 0, 255
L -1191.2, -1394.5, -60.6, -1193.9, -1439.8, -60.1, 0, 0, 255
L -1193.9, -1439.8, -60.1, -1203.0, -1494.8, -60.6, 0, 0, 255
L -1203.0, -1494.8, -60.6, -1206.5, -1552.1, -60.6, 0, 0, 255
L -1206.5, -1552.1, -60.6, -1207.2, -1593.7, -60.5, 0, 0, 255
L -1207.2, -1593.7, -60.5, -1211.4, -1656.7, -60.6, 0, 0, 255
L -1211.4, -1656.7, -60.6, -1174.9, -1694.0, -60.6, 0, 0, 255
L -1174.9, -1694.0, -60.6, -1175.3, -1820.2, -60.7, 0, 0, 255
L -1175.3, -1820.2, -60.7, -1191.0, -1893.9, -60.7, 0, 0, 255
L -1191.0, -1893.9, -60.7, -1187.5, -1933.4, -60.5, 0, 0, 255
L -1187.5, -1933.4, -60.5, -1188.0, -1994.5, -60.8, 0, 0, 255
L -1188.0, -1994.5, -60.8, -1167.6, -2094.3, -60.8, 0, 0, 255
L -1167.6, -2094.3, -60.8, -1193.5, -2138.4, -60.7, 0, 0, 255
L -1193.5, -2138.4, -60.7, -1193.8, -2194.2, -60.6, 0, 0, 255
L -1193.8, -2194.2, -60.6, -1248.6, -2212.1, -60.6, 0, 0, 255
L -1248.6, -2212.1, -60.6, -1304.0, -2194.0, -60.6, 0, 0, 255
L -1304.0, -2194.0, -60.6, -1348.1, -2169.3, -60.6, 0, 0, 255
L -1348.1, -2169.3, -60.6, -1373.9, -2168.0, -60.7, 0, 0, 255
L -1373.9, -2168.0, -60.7, -1448.4, -2150.1, -60.6, 0, 0, 255
L -1448.4, -2150.1, -60.6, -1495.4, -2146.0, -60.8, 0, 0, 255
L -1495.4, -2146.0, -60.8, -1548.4, -2137.5, -60.6, 0, 0, 255
L -1548.4, -2137.5, -60.6, -1646.0, -2096.1, -60.8, 0, 0, 255
L -1646.0, -2096.1, -60.8, -1626.6, -2194.6, -60.5, 0, 0, 255
L -1626.6, -2194.6, -60.5, -1624.4, -2217.9, -60.6, 0, 0, 255
L -1624.4, -2217.9, -60.6, -1647.9, -2215.0, -60.7, 0, 0, 255
L -1647.9, -2215.0, -60.7, -1707.0, -2294.6, -60.8, 0, 0, 255
L -1707.0, -2294.6, -60.8, -1706.7, -2314.6, -60.6, 0, 0, 255
L -151.8, -2394.7, -48.6, 1169.9, -2399.2, 35.2, 0, 0, 0
L 1169.9, -2399.2, 35.2, 1161.5, -1090.5, -59.1, 0, 0, 0
L 343.9, 2391.1, -45.1, 337.9, 2396.2, -45.1, 0, 0, 0
L 337.9, 2396.2, -45.1, 331.2, 2392.1, -45.1, 0, 0, 0
L 331.2, 2392.1, -45.1, 333.1, 2384.4, -45.1, 0, 0, 0
L 333.1, 2384.4, -45.1, 340.9, 2383.9, -45.1, 0, 0, 0
L 340.9, 2383.9, -45.1, 343.9, 2391.1, -45.1, 0, 0, 0
L 260.8, 2397.3, -45.1, 260.3, 2396.2, -45.1, 0, 0, 0
L 257.8, 2389.9, -45.1, 250.0, 2390.6, -45.1, 0, 0, 0
L 250.0, 2390.6, -45.1, 248.1, 2398.2, -45.1, 0, 0, 0
L 248.1, 2398.2, -45.1, 254.8, 2402.3, -45.1, 0, 0, 0
L 254.8, 2402.3, -45.1, 260.8, 2397.3, -45.1, 0, 0, 0
L 260.3, 2396.2, -45.1, 258.3, 2391.2, -45.1, 0, 0, 0
L 258.3, 2391.2, -45.1, 257.8, 2389.9, -45.1, 0, 0, 0
L 327.9, 2347.2, -45.1, 329.8, 2339.5, -45.1, 0, 0, 0
L 334.6, 2351.3, -45.1, 327.9, 2347.2, -45.1, 0, 0, 0
L 334.6, 2351.3, -45.1, 340.6, 2346.3, -45.1, 0, 0, 0
L 340.6, 2346.3, -45.1, 337.6, 2338.9, -45.1, 0, 0, 0
L 257.5, 2352.4, -45.1, 254.4, 2344.9, -45.1, 0, 0, 0
L 246.7, 2345.5, -45.1, 244.8, 2353.3, -45.1, 0, 0, 0
L 244.8, 2353.3, -45.1, 251.5, 2357.5, -45.1, 0, 0, 0
L 251.5, 2357.5, -45.1, 257.5, 2352.4, -45.1, 0, 0, 0
L -1213.6, -129.6, -51.7, -1213.5, -149.3, -51.7, 127, 64, 0
L -1213.5, -149.3, -51.7, -1207.9, -149.3, -51.7, 127, 64, 0
L -1161.1, -129.8, -51.7, -1161.1, -126.0, -51.7, 127, 64, 0
L -1161.1, -126.0, -51.7, -1166.2, -126.0, -51.7, 127, 64, 0
L -1166.2, -126.0, -51.7, -1166.2, -129.7, -51.7, 127, 64, 0
L -1161.3, -153.1, -51.7, -1161.3, -149.4, -51.7, 127, 64, 0
L -1161.3, -153.1, -51.7, -1166.4, -153.1, -51.7, 127, 64, 0
L -1166.4, -153.1, -51.7, -1166.4, -149.4, -51.7, 127, 64, 0
L -1180.7, -129.7, -51.7, -1180.7, -126.0, -51.7, 127, 64, 0
L -1180.7, -126.0, -51.7, -1185.9, -126.0, -51.7, 127, 64, 0
L -1185.9, -126.0, -51.7, -1185.9, -129.7, -51.7, 127, 64, 0
L -1186.0, -149.4, -51.7, -1180.9, -149.4, -51.7, 127, 64, 0
L -1186.0, -149.4, -51.7, -1186.0, -153.1, -51.7, 127, 64, 0
L -1186.0, -153.1, -51.7, -1180.9, -153.1, -51.7, 127, 64, 0
L -1180.9, -149.4, -51.7, -1153.6, -149.4, -51.7, 127, 64, 0
L -1180.9, -153.1, -51.7, -1180.9, -149.4, -51.7, 127, 64, 0
L -1202.8, -149.3, -51.7, -1202.8, -153.1, -51.7, 127, 64, 0
L -1202.8, -153.1, -51.7, -1207.9, -153.1, -51.7, 127, 64, 0
L -1207.9, -149.3, -51.7, -1186.0, -149.4, -51.7, 127, 64, 0
L -1207.9, -153.1, -51.7, -1207.9, -149.3, -51.7, 127, 64, 0
L -1207.9, -129.6, -51.7, -1207.9, -126.0, -51.7, 127, 64, 0
L -1207.9, -126.0, -51.7, -1202.9, -126.0, -51.7, 127, 64, 0
L -1202.9, -126.0, -51.7, -1202.8, -129.7, -51.7, 127, 64, 0
L -1213.6, -129.6, -51.7, -1153.7, -129.8, -51.7, 127, 64, 0
L -1153.6, -149.4, -51.7, -1153.7, -129.8, -51.7, 127, 64, 0
L 330.0, -1027.2, -55.4, 338.2, -1021.7, -55.1, 0, 0, 0
L 338.2, -1021.7, -55.0, 343.6, -1030.0, -54.2, 0, 0, 0
L 335.5, -1035.5, -53.8, 330.0, -1027.2, -53.5, 0, 0, 0
L 343.2, -1018.4, -53.5, 348.7, -1026.6, -53.3, 0, 0, 0
L 356.8, -1021.1, -52.8, 351.3, -1012.9, -52.5, 0, 0, 0
L 351.3, -1012.9, -52.4, 343.2, -1018.4, -52.1, 0, 0, 0
L 383.8, -1025.7, -56.3, 392.0, -1020.2, -56.1, 0, 0, 0
L 397.6, -1028.4, -57.0, 389.3, -1034.0, -57.2, 0, 0, 0
L 389.3, -1034.0, -57.0, 383.8, -1025.7, -56.5, 0, 0, 0
L 392.6, -1038.9, -57.7, 400.9, -1033.3, -57.5, 0, 0, 0
L 406.6, -1041.8, -58.4, 398.1, -1047.2, -58.5, 0, 0, 0
L 398.1, -1047.2, -58.4, 392.6, -1038.9, -57.9, 0, 0, 0
L 332.7, -1061.6, -59.4, 338.4, -1070.0, -59.6, 0, 0, 0
L 338.4, -1070.0, -59.9, 330.0, -1075.6, -60.5, 0, 0, 0
L 330.0, -1075.6, -60.5, 324.3, -1067.2, -60.2, 0, 0, 0
L 324.3, -1067.2, -59.9, 332.7, -1061.6, -59.5, 0, 0, 0
L 341.6, -1074.8, -60.3, 333.2, -1080.4, -60.8, 0, 0, 0
L 347.3, -1083.2, -60.5, 341.6, -1074.8, -60.2, 0, 0, 0
L 377.6, -1078.4, -60.8, 369.1, -1084.0, -60.9, 0, 0, 0
L 369.1, -1084.0, -61.1, 374.8, -1092.5, -61.7, 0, 0, 0
L 383.2, -1086.8, -61.5, 377.6, -1078.4, -60.9, 0, 0, 0
L 388.0, -1083.6, -61.3, 382.4, -1075.1, -60.8, 0, 0, 0
L 382.4, -1075.1, -60.6, 390.8, -1069.5, -60.4, 0, 0, 0
L 390.8, -1069.5, -60.5, 396.4, -1077.9, -61.1, 0, 0, 0
L 338.8, -1088.8, -61.2, 347.3, -1083.2, -60.7, 0, 0, 0
L 338.8, -1088.8, -61.3, 333.2, -1080.4, -61.0, 0, 0, 0
L 362.8, -1066.9, -59.1, 352.5, -1051.4, -58.0, 0, 0, 0
L 352.5, -1051.4, -57.7, 368.0, -1041.1, -57.3, 0, 0, 0
L 368.0, -1041.1, -57.4, 378.3, -1056.5, -58.7, 0, 0, 0
L 378.3, -1056.5, -58.9, 362.8, -1066.9, -59.3, 0, 0, 0
L 406.6, -1041.8, -58.2, 400.9, -1033.3, -57.7, 0, 0, 0
L 397.6, -1028.4, -56.9, 392.0, -1020.2, -56.2, 0, 0, 0
L 356.8, -1021.1, -55.3, 348.7, -1026.6, -55.4, 0, 0, 0
L 343.6, -1030.0, -56.3, 335.5, -1035.5, -56.8, 0, 0, 0
L 374.8, -1092.5, -61.9, 383.2, -1086.8, -61.7, 0, 0, 0
L 388.0, -1083.6, -61.5, 396.4, -1077.9, -61.4, 0, 0, 0
L -1008.9, -2203.8, -31.7, -988.0, -2203.8, -30.8, 0, 0, 0
L -988.0, -2203.8, -30.7, -962.3, -2248.4, -30.4, 0, 0, 0
L -962.3, -2248.4, -30.4, -988.0, -2293.0, -36.6, 0, 0, 0
L -988.0, -2293.0, -37.1, -1039.4, -2292.9, -45.6, 0, 0, 0
L -1039.4, -2292.9, -45.9, -1065.2, -2248.4, -42.6, 0, 0, 0
L -1065.2, -2248.4, -42.3, -1039.5, -2203.8, -36.2, 0, 0, 0
L -1039.5, -2203.8, -35.9, -1018.6, -2203.8, -31.7, 0, 0, 0
L -1008.9, -2203.8, -30.8, -1008.9, -2210.1, -30.8, 0, 0, 0
L -1018.6, -2210.1, -30.8, -1018.6, -2203.8, -30.8, 0, 0, 0
L -1018.6, -2210.1, -31.5, -1035.9, -2210.1, -31.5, 0, 0, 0
L -1035.9, -2210.1, -31.5, -1058.0, -2248.4, -31.5, 0, 0, 0
L -1058.0, -2248.4, -31.5, -1035.9, -2286.7, -31.5, 0, 0, 0
L -1035.9, -2286.7, -31.5, -991.6, -2286.7, -31.5, 0, 0, 0
L -991.6, -2286.7, -31.5, -969.5, -2248.4, -31.5, 0, 0, 0
L -969.5, -2248.4, -31.5, -991.6, -2210.1, -31.5, 0, 0, 0
L -991.6, -2210.1, -31.5, -1008.9, -2210.1, -31.5, 0, 0, 0
L -445.5, -2169.8, -43.2, -467.6, -2131.5, -43.2, 0, 0, 0
L -467.6, -2131.5, -43.2, -445.5, -2093.2, -43.2, 0, 0, 0
L -445.5, -2093.2, -43.2, -401.2, -2093.2, -43.2, 0, 0, 0
L -401.2, -2093.2, -43.2, -379.1, -2131.5, -39.3, 0, 0, 0
L -379.1, -2131.5, -39.3, -401.2, -2169.8, -43.2, 0, 0, 0
L -401.2, -2169.8, -43.2, -416.6, -2169.8, -43.2, 0, 0, 0
L -418.5, -2169.8, -42.6, -418.5, -2176.2, -42.6, 0, 0, 0
L -428.2, -2176.2, -43.4, -449.1, -2176.1, -49.5, 0, 0, 0
L -449.1, -2176.1, -49.5, -474.8, -2131.5, -49.5, 0, 0, 0
L -474.8, -2131.5, -49.5, -449.1, -2087.0, -49.3, 0, 0, 0
L -449.1, -2087.0, -49.5, -397.6, -2087.0, -49.5, 0, 0, 0
L -397.6, -2087.0, -49.5, -371.7, -2131.9, -49.5, 0, 0, 0
L -371.7, -2131.9, -49.5, -397.6, -2176.1, -49.5, 0, 0, 0
L -416.6, -2169.8, -43.2, -418.5, -2169.8, -43.2, 0, 0, 0
L -428.2, -2169.8, -43.2, -429.6, -2169.8, -43.2, 0, 0, 0
L -428.2, -2169.8, -42.6, -428.2, -2176.2, -42.6, 0, 0, 0
L -429.6, -2169.8, -43.2, -445.5, -2169.8, -43.2, 0, 0, 0
L -418.5, -2176.2, -43.4, -397.6, -2176.1, -49.5, 0, 0, 0
L -412.8, -2176.1, -49.5, -413.6, -2191.7, -49.5, 150, 150, 150
L -413.6, -2191.7, -49.5, -431.5, -2191.6, -49.5, 150, 150, 150
L -432.7, -2176.1, -49.5, -431.5, -2191.6, -49.3, 150, 150, 150
L 1070.0, -2196.4, -24.6, 1070.0, -2180.1, -23.9, 0, 0, 0
L 1070.0, -2180.1, -23.7, 1114.6, -2154.3, -20.3, 0, 0, 0
L 1114.6, -2154.3, -20.2, 1159.2, -2180.1, -11.2, 0, 0, 0
L 1159.2, -2180.1, -9.7, 1159.1, -2231.5, -14.2, 0, 0, 0
L 1159.1, -2231.5, -16.8, 1114.5, -2257.2, -27.4, 0, 0, 0
L 1114.5, -2257.2, -27.5, 1070.0, -2231.5, -27.5, 0, 0, 0
L 1070.0, -2231.5, -27.4, 1070.0, -2216.4, -26.2, 0, 0, 0
L 1069.9, -2216.4, -26.2, 1045.3, -2215.6, -26.8, 150, 150, 150
L 1045.3, -2215.6, -26.8, 1045.6, -2203.9, -26.5, 150, 150, 150
L 1045.6, -2203.9, -26.5, 1046.8, -2199.0, -26.0, 150, 150, 150
L 1046.8, -2199.0, -26.0, 1046.6, -2197.4, -26.1, 150, 150, 150
L 1046.6, -2197.4, -26.1, 1069.9, -2196.4, -24.6, 150, 150, 150
L 1069.9, -2196.4, -17.0, 1069.9, -2200.9, -17.0, 0, 0, 0
L 1069.9, -2210.7, -17.0, 1069.9, -2216.4, -17.0, 0, 0, 0
L 1069.9, -2200.9, -16.1, 1076.3, -2200.9, -16.1, 0, 0, 0
L 1069.9, -2210.7, -16.1, 1076.3, -2210.7, -16.1, 0, 0, 0
L 1076.3, -2210.7, -16.8, 1076.3, -2227.9, -16.8, 0, 0, 0
L 1076.3, -2227.9, -16.8, 1114.6, -2250.0, -16.8, 0, 0, 0
L 1114.6, -2250.0, -16.8, 1152.9, -2227.9, -16.8, 0, 0, 0
L 1152.9, -2227.9, -16.8, 1152.9, -2183.7, -16.8, 0, 0, 0
L 1152.9, -2183.7, -16.8, 1114.6, -2161.6, -16.8, 0, 0, 0
L 1114.6, -2161.6, -16.8, 1076.3, -2183.7, -16.8, 0, 0, 0
L 1076.3, -2183.7, -16.8, 1076.3, -2200.9, -16.8, 0, 0, 0
L 762.7, -1810.5, -83.3, 788.4, -1766.0, -79.8, 0, 0, 0
L 788.4, -1766.0, -79.6, 762.7, -1721.4, -77.6, 0, 0, 0
L 762.7, -1721.4, -77.7, 711.2, -1721.4, -74.8, 0, 0, 0
L 711.2, -1721.4, -74.7, 685.5, -1766.0, -76.3, 0, 0, 0
L 685.5, -1766.0, -76.6, 711.2, -1810.6, -80.5, 0, 0, 0
L 727.6, -1810.6, -82.2, 728.4, -1827.0, -80.6, 150, 150, 150
L 728.4, -1827.0, -80.6, 746.7, -1830.5, -82.0, 150, 150, 150
L 746.7, -1830.5, -82.0, 747.6, -1810.5, -84.1, 150, 150, 150
L 732.1, -1810.6, -74.1, 711.2, -1810.6, -80.6, 0, 0, 0
L 741.9, -1810.7, -74.1, 762.7, -1810.5, -83.4, 0, 0, 0
L 732.1, -1810.6, -73.3, 732.1, -1804.3, -73.3, 0, 0, 0
L 741.9, -1810.7, -73.3, 741.9, -1804.3, -73.3, 0, 0, 0
L 759.1, -1804.3, -74.0, 781.0, -1766.3, -72.1, 0, 0, 0
L 781.0, -1766.3, -72.1, 759.1, -1727.7, -74.0, 0, 0, 0
L 759.1, -1727.7, -74.0, 714.9, -1727.7, -74.0, 0, 0, 0
L 714.9, -1727.7, -74.0, 692.8, -1766.0, -74.0, 0, 0, 0
L 692.8, -1766.0, -74.0, 714.9, -1804.3, -74.0, 0, 0, 0
L 732.1, -1804.3, -74.0, 714.9, -1804.3, -74.0, 0, 0, 0
L 741.9, -1804.3, -74.0, 759.1, -1804.3, -74.0, 0, 0, 0
L -2381.7, -2134.3, -60.5, -2606.8, -2074.2, 132.5, 0, 0, 0
L -2611.1, 1919.0, 81.7, -2368.7, 1939.9, -60.6, 0, 0, 0
L -2368.7, 1939.9, -60.6, -2398.4, 1856.5, -60.1, 0, 0, 255
L -2398.4, 1856.5, -60.1, -2398.2, 1806.4, -60.6, 0, 0, 255
L -2398.2, 1806.4, -60.6, -2372.0, 1782.8, -60.9, 0, 0, 255
L -2372.0, 1782.8, -60.9, -2372.0, 1705.7, -60.5, 0, 0, 255
L -2392.7, 1661.9, -60.4, -2372.0, 1705.7, -60.4, 0, 0, 255
L -2392.7, 1661.9, -60.9, -2393.5, 1605.1, -60.4, 0, 0, 255
L -2370.0, 1584.4, -60.3, -2364.6, 1406.2, -60.3, 0, 0, 255
L -2364.6, 1406.2, -60.3, -2367.7, 1386.3, -60.5, 0, 0, 255
L -2367.7, 1386.3, -60.5, -2372.9, 1305.4, -60.8, 0, 0, 255
L -2372.9, 1305.4, -60.8, -2392.2, 1262.2, -60.2, 0, 0, 255
L -2392.2, 1262.2, -60.2, -2392.2, 1205.9, -60.6, 0, 0, 255
L -2392.2, 1205.9, -60.6, -2372.1, 1181.8, -60.7, 0, 0, 255
L -2372.1, 1181.8, -60.7, -2372.8, 1105.6, -60.0, 0, 0, 255
L -2372.8, 1105.6, -60.0, -2384.5, 1069.9, -60.3, 0, 0, 255
L -2384.5, 1069.9, -60.3, -2384.5, 1006.4, -60.5, 0, 0, 255
L -2384.5, 1006.4, -60.5, -2375.8, 979.1, -60.4, 0, 0, 255
L -2375.8, 979.1, -60.4, -2364.4, 905.8, -60.3, 0, 0, 255
L -2364.4, 905.8, -60.3, -2371.9, 883.9, -60.4, 0, 0, 255
L -2371.9, 883.9, -60.4, -2395.7, 758.0, -60.7, 0, 0, 255
L -2395.7, 758.0, -60.7, -2396.1, 705.5, -60.5, 0, 0, 255
L -2396.1, 705.5, -60.5, -2419.3, 635.2, -60.5, 0, 0, 255
L -2419.3, 635.2, -60.5, -2347.7, 606.7, -60.6, 0, 0, 255
L -2347.7, 606.7, -60.6, -2350.7, 506.1, -60.6, 0, 0, 255
L -2350.7, 506.1, -60.6, -2352.0, 502.4, -60.6, 0, 0, 255
L -2352.0, 502.4, -60.6, -2341.2, 412.8, -60.7, 0, 0, 255
L -2341.2, 412.8, -60.7, -2344.0, 406.0, -60.6, 0, 0, 255
L -2344.0, 406.0, -60.6, -2348.2, 401.4, -60.7, 0, 0, 255
L -2348.2, 401.4, -60.7, -2393.9, 305.8, -60.6, 0, 0, 255
L -2393.9, 305.8, -60.6, -2401.0, 254.0, -60.6, 0, 0, 255
L -2401.0, 254.0, -60.6, -2400.4, 105.1, -61.0, 0, 0, 255
L -2400.4, 105.1, -61.0, -2395.8, 58.5, -60.7, 0, 0, 255
L -2395.8, 58.5, -60.7, -2396.2, 6.0, -60.5, 0, 0, 255
L -2396.2, 6.0, -60.5, -2376.5, -22.5, -60.5, 0, 0, 255
L -2376.5, -22.5, -60.5, -2368.3, -94.0, -60.7, 0, 0, 255
L -2368.3, -94.0, -60.7, -2372.1, -117.9, -60.6, 0, 0, 255
L -2372.1, -117.9, -60.6, -2350.8, -193.9, -60.8, 0, 0, 255
L -2350.8, -193.9, -60.8, -2353.2, -199.5, -60.6, 0, 0, 255
L -2353.2, -199.5, -60.6, -2384.8, -294.8, -60.2, 0, 0, 255
L -2384.8, -294.8, -60.2, -2362.6, -308.4, -60.5, 0, 0, 255
L -2362.6, -308.4, -60.5, -2368.4, -393.1, -60.8, 0, 0, 255
L -2368.4, -393.1, -60.8, -2388.8, -434.4, -60.1, 0, 0, 255
L -2388.8, -434.4, -60.1, -2388.9, -494.0, -60.5, 0, 0, 255
L -2388.9, -494.0, -60.5, -2401.4, -546.8, -60.4, 0, 0, 255
L -2401.4, -546.8, -60.4, -2400.7, -593.7, -60.8, 0, 0, 255
L -2400.7, -593.7, -60.8, -2395.6, -641.1, -60.6, 0, 0, 255
L -2395.6, -641.1, -60.6, -2395.5, -693.7, -60.6, 0, 0, 255
L -2395.5, -693.7, -60.6, -2375.9, -722.3, -60.7, 0, 0, 255
L -2375.9, -722.3, -60.7, -2376.3, -794.2, -60.4, 0, 0, 255
L -2376.3, -794.2, -60.4, -2383.2, -829.2, -60.3, 0, 0, 255
L -2383.2, -829.2, -60.3, -2382.8, -894.3, -60.5, 0, 0, 255
L -2382.8, -894.3, -60.5, -2367.1, -913.5, -60.5, 0, 0, 255
L -2367.1, -913.5, -60.5, -2361.1, -993.6, -60.3, 0, 0, 255
L -2361.1, -993.6, -60.3, -2375.7, -1021.7, -60.2, 0, 0, 255
L -2375.7, -1021.7, -60.2, -2385.8, -1094.6, -60.5, 0, 0, 255
L -2385.8, -1094.6, -60.5, -2378.4, -1124.6, -60.5, 0, 0, 255
L -2378.4, -1124.6, -60.5, -2378.2, -1194.1, -60.6, 0, 0, 255
L -2378.2, -1194.1, -60.6, -2360.8, -1207.0, -60.4, 0, 0, 255
L -2360.8, -1207.0, -60.4, -2357.9, -1294.0, -59.8, 0, 0, 255
L -2357.9, -1294.0, -59.8, -2370.7, -1316.5, -59.7, 0, 0, 255
L -2370.7, -1316.5, -59.7, -2376.6, -1394.0, -60.5, 0, 0, 255
L -2376.6, -1394.0, -60.5, -2374.1, -1419.2, -60.5, 0, 0, 255
L -2374.1, -1419.2, -60.5, -2374.4, -1493.8, -60.1, 0, 0, 255
L -2374.4, -1493.8, -60.1, -2366.1, -1512.0, -60.0, 0, 0, 255
L -2366.1, -1512.0, -60.0, -2358.2, -1594.6, -60.5, 0, 0, 255
L -2358.2, -1594.6, -60.5, -2366.0, -1612.1, -60.1, 0, 0, 255
L -2366.0, -1612.1, -60.1, -2377.1, -1695.0, -60.9, 0, 0, 255
L -2377.1, -1695.0, -60.9, -2396.0, -1741.9, -60.4, 0, 0, 255
L -2396.0, -1741.9, -60.4, -2396.7, -1794.1, -60.8, 0, 0, 255
L -2396.7, -1794.1, -60.8, -2374.5, -1820.3, -60.6, 0, 0, 255
L -2374.9, -1820.4, -60.3, -2380.3, -1894.4, -60.6, 0, 0, 255
L -2380.3, -1894.4, -60.6, -2406.4, -1952.0, -60.2, 0, 0, 255
L -2406.4, -1952.0, -60.2, -2399.9, -1994.2, -60.4, 0, 0, 255
L -2399.9, -1994.2, -60.4, -2397.7, -2094.3, -60.4, 0, 0, 255
L -2397.7, -2094.3, -60.4, -2381.9, -2127.2, -60.5, 0, 0, 255
L -2381.9, -2127.2, -60.5, -2381.7, -2134.3, -60.5, 0, 0, 255
L -2393.5, 1605.1, -59.9, -2370.0, 1584.4, -60.3, 0, 0, 255
L -2451.8, 440.0, -42.0, -2479.0, 439.9, -40.9, 178, 102, 255
L -2479.0, 439.9, -40.8, -2479.0, 438.4, -40.8, 178, 102, 255
L -2479.0, 438.4, -40.8, -2603.3, 438.4, -38.2, 178, 102, 255
L -2603.3, 438.4, -38.2, -2622.7, 448.0, -38.2, 178, 102, 255
L -2622.7, 448.0, -38.2, -2632.5, 467.5, -38.2, 178, 102, 255
L -2632.5, 467.5, -38.2, -2632.5, 498.3, -38.2, 178, 102, 255
L -2684.7, 498.3, -38.2, -2632.5, 498.3, -38.2, 178, 102, 255
L -2683.3, 526.1, -38.2, -2633.9, 526.1, -38.2, 178, 102, 255
L -2633.9, 526.1, -38.2, -2614.2, 515.9, -38.2, 178, 102, 255
L -2614.2, 515.9, -38.2, -2604.7, 496.9, -38.2, 178, 102, 255
L -2604.7, 496.9, -38.2, -2604.7, 466.1, -38.2, 178, 102, 255
L -2479.1, 466.5, -40.8, -2604.7, 466.1, -38.2, 178, 102, 255
L -2479.2, 464.7, -40.9, -2452.0, 464.8, -41.9, 178, 102, 255
L -2479.2, 464.7, -40.8, -2479.2, 466.5, -40.8, 178, 102, 255
L -2452.0, 464.8, -42.1, -2452.1, 493.8, -40.1, 150, 150, 150
L -2452.1, 493.8, -40.1, -2481.4, 493.3, -19.7, 150, 150, 150
L -2478.4, 511.5, -19.7, -2481.4, 493.3, -19.7, 150, 150, 150
L -2478.2, 393.7, -15.3, -2481.3, 410.9, -22.5, 150, 150, 150
L -2481.3, 410.9, -22.5, -2451.7, 410.3, -43.4, 150, 150, 150
L -2451.7, 410.3, -43.4, -2451.8, 440.0, -42.0, 150, 150, 150
L 840.9, -1142.9, -55.7, 824.4, -1142.9, -56.5, 0, 0, 0
L 824.4, -1142.9, -56.8, 798.7, -1187.5, -62.9, 0, 0, 0
L 798.7, -1187.5, -63.2, 824.4, -1232.0, -64.8, 0, 0, 0
L 824.4, -1232.0, -64.7, 875.8, -1232.0, -60.5, 0, 0, 0
L 875.8, -1232.0, -60.0, 901.6, -1187.5, -55.2, 0, 0, 0
L 901.6, -1187.5, -55.2, 875.8, -1142.9, -55.2, 0, 0, 0
L 875.8, -1142.9, -55.0, 858.2, -1142.9, -55.0, 0, 0, 0
L 858.2, -1142.9, -52.1, 858.5, -1137.1, -54.3, 150, 150, 150
L 858.5, -1137.1, -54.3, 852.0, -1137.2, -54.3, 150, 150, 150
L 852.0, -1137.2, -54.3, 840.9, -1135.8, -54.8, 150, 150, 150
L 840.9, -1135.8, -54.8, 840.9, -1142.8, -52.1, 150, 150, 150
L 845.2, -1142.8, -52.1, 840.9, -1142.8, -52.1, 0, 0, 0
L 858.3, -1142.8, -52.1, 855.0, -1142.8, -52.1, 0, 0, 0
L 855.0, -1142.8, -51.2, 855.0, -1149.2, -51.2, 0, 0, 0
L 845.2, -1149.2, -51.2, 845.2, -1142.8, -51.2, 0, 0, 0
L 845.2, -1149.2, -51.9, 828.0, -1149.2, -51.9, 0, 0, 0
L 828.0, -1149.2, -51.9, 805.9, -1187.5, -51.9, 0, 0, 0
L 805.9, -1187.5, -51.9, 828.0, -1225.8, -51.9, 0, 0, 0
L 828.0, -1225.8, -51.9, 872.2, -1225.8, -51.9, 0, 0, 0
L 872.2, -1225.8, -51.9, 894.3, -1187.5, -51.9, 0, 0, 0
L 894.3, -1187.5, -51.9, 872.2, -1149.2, -51.9, 0, 0, 0
L 872.2, -1149.2, -51.9, 855.0, -1149.2, -51.9, 0, 0, 0
L -290.5, -2549.8, -47.8, -304.3, -2549.9, -47.8, 199, 21, 133
L 329.8, 2339.5, -45.1, 337.6, 2338.9, -45.1, 0, 0, 0
L 246.7, 2345.5, -45.1, 254.4, 2344.9, -45.1, 0, 0, 0
L 278.2, 2343.3, -49.5, 306.1, 2341.2, -49.5, 150, 150, 150
L 277.8, 2336.6, -49.5, 277.4, 2329.8, -49.5, 150, 150, 150
L 305.5, 2334.5, -49.5, 306.1, 2341.2, -49.5, 150, 150, 150
L 277.8, 2336.6, -49.5, 305.5, 2334.5, -49.5, 150, 150, 150
L -2368.7, 1939.9, -60.6, -1249.8, 2063.9, 48.8, 0, 0, 0
L -1706.2, -2314.8, -60.3, -2381.7, -2134.3, -60.5, 0, 0, 0
L 1161.5, -1090.5, -59.1, 1160.3, -909.4, -59.2, 0, 0, 0
L -2610.2, 441.8, 105.2, -2610.2, 513.9, 120.2, 0, 0, 0
