P -2642.0000, 515.0000, -38.2490, 255, 0, 0, 3, to_Kerra_Ridge
P -291.0000, -2545.0000, -48.4052, 255, 0, 0, 3, to_Erudin
P 429.0000, 2601.0000, -41.9677, 255, 0, 0, 3, to_Paineel
P -287.0000, 2343.0000, -46.3740, 255, 0, 0, 3, to_The_Plane_of_Knowledge_(Click_Book)
P 581.0000, -2322.0000, -44.3641, 255, 0, 0, 3, to_The_Plane_of_Knowledge_(Click_Book)
P 909.0000, 1483.0000, -38.6741, 255, 0, 0, 2, Wizard_Spires
P 359.0000, -1081.0000, -60.6020, 255, 0, 0, 2, Druid_Ring
P 362.0000, -1039.0000, -54.2645, 0, 128, 0, 2, Martyn_(Spells)
P -1007.0000, -2273.0000, -25.9638, 0, 128, 0, 2, Islan_(Merchant)
P -985.0000, -2218.0000, -28.3683, 0, 128, 0, 2, Win_(Smithing)
P 732.0000, -1759.0000, -70.8301, 0, 128, 0, 2, Tran_(Merchant)
P 1129.0000, -2195.0000, -13.6540, 0, 128, 0, 2, Xylania_(Merchant)
P 1108.0000, -2166.0000, -13.6540, 0, 128, 0, 2, Quana_(Baking)
P -400.0000, -2101.0000, -43.2469, 0, 128, 0, 2, Stylla_(Merchant)
P -419.0000, -2115.0000, -43.2469, 0, 128, 0, 2, Emil_(Merchant)
P 912.0000, 1515.0000, -40.6118, 0, 0, 0, 2, Nexus_Scion

