P 740.0662, 1906.8831, 150.0009, 255, 0, 0, 3, to_Vex_Thal
P -2115.0000, 725.0000, 0.0000, 255, 0, 0, 3, to_The_Maiden`s_Eye
P -1900.0000, 474.0000, 0.0000, 255, 0, 0, 2, Succor
P -202.8198, 299.6832, -5.1295, 240, 240, 240, 2, Dark_Master_Camp
P -649.0322, -1542.1088, 12.5961, 240, 240, 240, 2, Netherbian_Cave
P 1688.8754, -429.6142, 24.1585, 240, 240, 240, 2, Alien_Caves
P 2044.2537, 827.2841, -15.4747, 240, 240, 240, 2, Broken_Portal
P -81.8618, -1587.3332, 4.0567, 0, 128, 128, 2, remains_of_Vah_Kerrath_(Quest)
P 1271.1623, 708.7904, -23.2710, 0, 0, 0, 2, Binkl_Dirkwafer
P -480.1854, -2260.8112, 298.0213, 0, 0, 0, 2, Netherbian_Swarmcaller
P -58.6133, -2897.7829, 348.1667, 0, 0, 0, 2, Tawro_Icequake
P 1177.9643, 1111.8295, -26.3457, 0, 0, 0, 2, Netherbian_Swarmfiend
P 2027.7497, 770.3415, -19.6790, 0, 0, 0, 2, Radir_Fireshower
P -1092.1286, -1185.1177, -10.6059, 0, 0, 0, 2, Gantru_Dralkenr
P -1361.3211, 580.6515, 27.4697, 0, 0, 0, 2, Gantru_Dralkenr
P -120.3656, 297.9907, -1.7419, 240, 127, 0, 2, Doomshade_(Raid)
P -480.1854, -2260.8112, 298.0213, 240, 127, 0, 2, Netherbian_Swarmlord_(Raid)
P 739.3718, 1863.3560, 142.0435, 240, 127, 0, 2, Rumblecrush_(Raid)
P 2027.7497, 770.3415, -19.6790, 240, 127, 0, 2, Spirit_of_Radir_(Raid)
P -58.6133, -2897.7829, 348.1667, 240, 127, 0, 2, Spirit_of_Tawro_(Raid)
P -609.4693, -495.9101, -8.2584, 240, 127, 0, 2, Zelithak_(Raid,Roam)
P -695.5918, -2078.8649, 217.8642, 127, 64, 0, 2, Bile_Spew_(Hunter)
P -818.0126, -2294.5590, 298.9466, 127, 64, 0, 2, Bile_Spew_(Hunter)
P -587.0468, -2460.3549, 391.4822, 127, 64, 0, 2, Bile_Spew_(Hunter)
P -608.9354, -2526.2956, 387.9899, 127, 64, 0, 2, Bloodwretch_(Hunter)
P -1698.8140, -727.0070, 132.2837, 127, 64, 0, 2, Fallen_Sergeant_(Hunter,Roam)
P -725.5235, -2431.1010, 321.0804, 127, 64, 0, 2, Festersore_(Hunter,Roam)
P -701.1516, -2130.6708, 219.0384, 127, 64, 0, 2, Fleshrot_(Hunter)
P 1930.3472, -49.6697, -19.2085, 127, 64, 0, 2, Fyrthek_Fior_(Hunter)
P 1921.0451, 136.9771, -104.1025, 127, 64, 0, 2, Fyrthek_Fior_(Hunter)
P 197.9303, 252.0575, 3.9346, 127, 64, 0, 2, A_Shadowy_Assassin_(Hunter,Roam)
P -93.0604, -427.0380, -45.9070, 127, 64, 0, 2, A_Shadowy_Assassin_(Hunter,Roam)
P 856.9183, -944.7440, -24.7449, 127, 64, 0, 2, Shak_Dathor_Warlord_(Hunter,Roam)
P 891.4689, 291.5418, -16.6652, 127, 64, 0, 2, Shak_Dathor_Warlord_(Hunter)
P -135.4147, -2571.1706, 405.6197, 127, 64, 0, 2, Sylra_Fris_(Hunter)
