L -690.0, -364.0, 238.0, -696.0, -369.0, 220.0, 240, 83, 0
L -686.0, -362.0, 240.0, -690.0, -364.0, 238.0, 240, 83, 0
L -680.0, -358.0, 243.0, -686.0, -362.0, 240.0, 240, 83, 0
L -671.0, -358.0, 253.0, -680.0, -358.0, 243.0, 240, 83, 0
L -576.0, -358.0, 289.0, -671.0, -358.0, 253.0, 240, 83, 0
L -547.0, -358.0, 289.0, -576.0, -358.0, 289.0, 240, 83, 0
L -425.0, -279.0, 378.0, -432.0, -282.0, 337.0, 240, 83, 0
L -418.0, -269.0, 380.0, -425.0, -279.0, 378.0, 240, 83, 0
L -417.0, -265.0, 380.0, -418.0, -269.0, 380.0, 240, 83, 0
L -417.0, -262.0, 381.0, -417.0, -265.0, 380.0, 240, 83, 0
L -447.0, -278.0, 327.0, -431.0, -282.0, 289.0, 240, 83, 0
L -441.0, -281.0, 334.0, -447.0, -278.0, 327.0, 240, 83, 0
L -432.0, -282.0, 337.0, -441.0, -281.0, 334.0, 240, 83, 0
L -405.0, -306.0, 372.0, -422.0, -318.0, 289.0, 240, 83, 0
L -402.0, -304.0, 378.0, -405.0, -306.0, 372.0, 240, 83, 0
L -398.0, -288.0, 380.0, -402.0, -304.0, 378.0, 240, 83, 0
L -397.0, -280.0, 381.0, -398.0, -288.0, 380.0, 240, 83, 0
L -397.0, -254.0, 380.0, -397.0, -280.0, 381.0, 240, 83, 0
L -347.0, -203.0, 381.0, -348.0, -186.0, 381.0, 240, 83, 0
L -373.0, -203.0, 381.0, -347.0, -203.0, 381.0, 240, 83, 0
L -378.0, -199.0, 381.0, -373.0, -203.0, 381.0, 240, 83, 0
L -391.0, -201.0, 381.0, -378.0, -199.0, 381.0, 240, 83, 0
L -396.0, -204.0, 381.0, -391.0, -201.0, 381.0, 240, 83, 0
L -397.0, -254.0, 380.0, -396.0, -204.0, 381.0, 240, 83, 0
L -418.0, -200.0, 381.0, -417.0, -262.0, 381.0, 240, 83, 0
L -418.0, -192.0, 381.0, -418.0, -200.0, 381.0, 240, 83, 0
L -411.0, -183.0, 381.0, -418.0, -192.0, 381.0, 240, 83, 0
L -407.0, -182.0, 381.0, -411.0, -183.0, 381.0, 240, 83, 0
L -402.0, -182.0, 380.0, -407.0, -182.0, 381.0, 240, 83, 0
L -395.0, -182.0, 380.0, -402.0, -182.0, 380.0, 240, 83, 0
L -348.0, -186.0, 381.0, -395.0, -182.0, 380.0, 240, 83, 0
L -858.0, -458.0, 201.0, -895.0, -458.0, 178.0, 240, 83, 0
L -855.0, -458.0, 201.0, -858.0, -458.0, 201.0, 240, 83, 0
L -834.0, -447.0, 205.0, -855.0, -458.0, 201.0, 240, 83, 0
L -831.0, -445.0, 205.0, -834.0, -447.0, 205.0, 240, 83, 0
L -823.0, -438.0, 209.0, -831.0, -445.0, 205.0, 240, 83, 0
L -809.0, -438.0, 209.0, -823.0, -438.0, 209.0, 240, 83, 0
L -727.0, -389.0, 209.0, -809.0, -438.0, 209.0, 240, 83, 0
L -702.0, -373.0, 209.0, -727.0, -389.0, 209.0, 240, 83, 0
L -696.0, -369.0, 220.0, -702.0, -373.0, 209.0, 240, 83, 0
L -824.0, -354.0, 209.0, -839.0, -361.0, 209.0, 240, 83, 0
L -780.0, -332.0, 239.0, -824.0, -354.0, 209.0, 240, 83, 0
L -762.0, -323.0, 257.0, -780.0, -332.0, 239.0, 240, 83, 0
L -758.0, -321.0, 257.0, -762.0, -323.0, 257.0, 240, 83, 0
L -705.0, -303.0, 260.0, -758.0, -321.0, 257.0, 240, 83, 0
L -677.0, -294.0, 273.0, -705.0, -303.0, 260.0, 240, 83, 0
L -659.0, -288.0, 283.0, -677.0, -294.0, 273.0, 240, 83, 0
L -648.0, -286.0, 287.0, -659.0, -288.0, 283.0, 240, 83, 0
L -645.0, -284.0, 287.0, -648.0, -286.0, 287.0, 240, 83, 0
L -640.0, -282.0, 289.0, -645.0, -284.0, 287.0, 240, 83, 0
L -562.0, -243.0, 289.0, -640.0, -282.0, 289.0, 240, 83, 0
L -559.0, -242.0, 289.0, -562.0, -243.0, 289.0, 240, 83, 0
L -520.0, -242.0, 289.0, -559.0, -242.0, 289.0, 240, 83, 0
L -485.0, -259.0, 290.0, -520.0, -242.0, 289.0, 240, 83, 0
L -459.0, -272.0, 289.0, -485.0, -259.0, 290.0, 240, 83, 0
L -442.0, -281.0, 289.0, -459.0, -272.0, 289.0, 240, 83, 0
L -431.0, -282.0, 289.0, -442.0, -281.0, 289.0, 240, 83, 0
L -516.0, -358.0, 290.0, -547.0, -358.0, 289.0, 240, 83, 0
L -486.0, -358.0, 289.0, -516.0, -358.0, 290.0, 240, 83, 0
L -466.0, -343.0, 290.0, -486.0, -358.0, 289.0, 240, 83, 0
L -449.0, -326.0, 290.0, -466.0, -343.0, 290.0, 240, 83, 0
L -442.0, -319.0, 289.0, -449.0, -326.0, 290.0, 240, 83, 0
L -434.0, -318.0, 288.0, -442.0, -319.0, 289.0, 240, 83, 0
L -422.0, -318.0, 289.0, -434.0, -318.0, 288.0, 240, 83, 0
L -1128.0, -938.0, 183.0, -1129.0, -938.0, 183.0, 240, 83, 0
L -1138.0, -919.0, 184.0, -1128.0, -938.0, 183.0, 240, 83, 0
L -1159.0, -918.0, 183.0, -1138.0, -919.0, 184.0, 240, 83, 0
L -1183.0, -893.0, 184.0, -1159.0, -918.0, 183.0, 240, 83, 0
L -1184.0, -890.0, 184.0, -1183.0, -893.0, 184.0, 240, 83, 0
L -1187.0, -875.0, 184.0, -1184.0, -890.0, 184.0, 240, 83, 0
L -1193.0, -868.0, 183.0, -1187.0, -875.0, 184.0, 240, 83, 0
L -1207.0, -868.0, 184.0, -1193.0, -868.0, 183.0, 240, 83, 0
L -1209.0, -860.0, 184.0, -1207.0, -868.0, 184.0, 240, 83, 0
L -1198.0, -853.0, 184.0, -1209.0, -860.0, 184.0, 240, 83, 0
L -1198.0, -846.0, 184.0, -1198.0, -853.0, 184.0, 240, 83, 0
L -1178.0, -819.0, 183.0, -1198.0, -846.0, 184.0, 240, 83, 0
L -1177.0, -780.0, 183.0, -1178.0, -819.0, 183.0, 240, 83, 0
L -1186.0, -766.0, 184.0, -1177.0, -780.0, 183.0, 240, 83, 0
L -1194.0, -754.0, 183.0, -1186.0, -766.0, 184.0, 240, 83, 0
L -1199.0, -748.0, 182.0, -1194.0, -754.0, 183.0, 240, 83, 0
L -1211.0, -742.0, 177.0, -1199.0, -748.0, 182.0, 240, 83, 0
L -1215.0, -739.0, 177.0, -1211.0, -742.0, 177.0, 240, 83, 0
L -1211.0, -734.0, 177.0, -1215.0, -739.0, 177.0, 240, 83, 0
L -1209.0, -732.0, 177.0, -1211.0, -734.0, 177.0, 240, 83, 0
L -1206.0, -732.0, 177.0, -1209.0, -732.0, 177.0, 240, 83, 0
L -1197.0, -735.0, 177.0, -1206.0, -732.0, 177.0, 240, 83, 0
L -1191.0, -729.0, 178.0, -1197.0, -735.0, 177.0, 240, 83, 0
L -1188.0, -726.0, 178.0, -1191.0, -729.0, 178.0, 240, 83, 0
L -1188.0, -711.0, 177.0, -1188.0, -726.0, 178.0, 240, 83, 0
L -1161.0, -684.0, 177.0, -1188.0, -711.0, 177.0, 240, 83, 0
L -1158.0, -681.0, 178.0, -1161.0, -684.0, 177.0, 240, 83, 0
L -1158.0, -601.0, 177.0, -1158.0, -681.0, 178.0, 240, 83, 0
L -1158.0, -598.0, 177.0, -1158.0, -601.0, 177.0, 240, 83, 0
L -1161.0, -593.0, 178.0, -1158.0, -598.0, 177.0, 240, 83, 0
L -1165.0, -584.0, 178.0, -1161.0, -593.0, 178.0, 240, 83, 0
L -1168.0, -578.0, 177.0, -1165.0, -584.0, 178.0, 240, 83, 0
L -1173.0, -570.0, 177.0, -1168.0, -578.0, 177.0, 240, 83, 0
L -1198.0, -519.0, 178.0, -1173.0, -570.0, 177.0, 240, 83, 0
L -1198.0, -444.0, 177.0, -1198.0, -519.0, 178.0, 240, 83, 0
L -1162.0, -405.0, 177.0, -1198.0, -444.0, 177.0, 240, 83, 0
L -1141.0, -384.0, 178.0, -1162.0, -405.0, 177.0, 240, 83, 0
L -1119.0, -362.0, 177.0, -1141.0, -384.0, 178.0, 240, 83, 0
L -960.0, -362.0, 176.0, -1119.0, -362.0, 177.0, 240, 83, 0
L -951.0, -354.0, 176.0, -960.0, -362.0, 176.0, 240, 83, 0
L -919.0, -322.0, 176.0, -951.0, -354.0, 176.0, 240, 83, 0
L -911.0, -322.0, 179.0, -919.0, -322.0, 176.0, 240, 83, 0
L -880.0, -322.0, 176.0, -911.0, -322.0, 179.0, 240, 83, 0
L -861.0, -341.0, 176.0, -880.0, -322.0, 176.0, 240, 83, 0
L -899.0, -458.0, 178.0, -895.0, -458.0, 178.0, 240, 83, 0
L -903.0, -457.0, 177.0, -899.0, -458.0, 178.0, 240, 83, 0
L -919.0, -452.0, 177.0, -903.0, -457.0, 177.0, 240, 83, 0
L -923.0, -450.0, 178.0, -919.0, -452.0, 177.0, 240, 83, 0
L -939.0, -441.0, 177.0, -923.0, -450.0, 178.0, 240, 83, 0
L -942.0, -441.0, 173.0, -939.0, -441.0, 177.0, 240, 83, 0
L -952.0, -438.0, 173.0, -942.0, -441.0, 173.0, 240, 83, 0
L -961.0, -437.0, 174.0, -952.0, -438.0, 173.0, 240, 83, 0
L -969.0, -437.0, 175.0, -961.0, -437.0, 174.0, 240, 83, 0
L -1005.0, -438.0, 178.0, -969.0, -437.0, 175.0, 240, 83, 0
L -1036.0, -438.0, 184.0, -1005.0, -438.0, 178.0, 240, 83, 0
L -1040.0, -438.0, 187.0, -1036.0, -438.0, 184.0, 240, 83, 0
L -1050.0, -448.0, 188.0, -1040.0, -438.0, 187.0, 240, 83, 0
L -1090.0, -488.0, 186.0, -1050.0, -448.0, 188.0, 240, 83, 0
L -1095.0, -493.0, 188.0, -1090.0, -488.0, 186.0, 240, 83, 0
L -1111.0, -508.0, 187.0, -1095.0, -493.0, 188.0, 240, 83, 0
L -1114.0, -511.0, 187.0, -1111.0, -508.0, 187.0, 240, 83, 0
L -1121.0, -517.0, 187.0, -1114.0, -511.0, 187.0, 240, 83, 0
L -1121.0, -583.0, 186.0, -1121.0, -517.0, 187.0, 240, 83, 0
L -1122.0, -587.0, 186.0, -1121.0, -583.0, 186.0, 240, 83, 0
L -1124.0, -590.0, 186.0, -1122.0, -587.0, 186.0, 240, 83, 0
L -1131.0, -600.0, 187.0, -1124.0, -590.0, 186.0, 240, 83, 0
L -1132.0, -607.0, 182.0, -1131.0, -600.0, 187.0, 240, 83, 0
L -1131.0, -615.0, 180.0, -1132.0, -607.0, 182.0, 240, 83, 0
L -1125.0, -619.0, 179.0, -1131.0, -615.0, 180.0, 240, 83, 0
L -1113.0, -624.0, 178.0, -1125.0, -619.0, 179.0, 240, 83, 0
L -1098.0, -624.0, 178.0, -1113.0, -624.0, 178.0, 240, 83, 0
L -1083.0, -638.0, 177.0, -1098.0, -624.0, 178.0, 240, 83, 0
L -1081.0, -640.0, 177.0, -1083.0, -638.0, 177.0, 240, 83, 0
L -1081.0, -677.0, 177.0, -1081.0, -640.0, 177.0, 240, 83, 0
L -1083.0, -683.0, 177.0, -1081.0, -677.0, 177.0, 240, 83, 0
L -1090.0, -695.0, 177.0, -1083.0, -683.0, 177.0, 240, 83, 0
L -1091.0, -700.0, 177.0, -1090.0, -695.0, 177.0, 240, 83, 0
L -1089.0, -710.0, 177.0, -1091.0, -700.0, 177.0, 240, 83, 0
L -1099.0, -729.0, 177.0, -1089.0, -710.0, 177.0, 240, 83, 0
L -1084.0, -748.0, 176.0, -1099.0, -729.0, 177.0, 240, 83, 0
L -1066.0, -762.0, 177.0, -1084.0, -748.0, 176.0, 240, 83, 0
L -1043.0, -780.0, 175.0, -1066.0, -762.0, 177.0, 240, 83, 0
L -1041.0, -795.0, 175.0, -1043.0, -780.0, 175.0, 240, 83, 0
L -1042.0, -800.0, 175.0, -1041.0, -795.0, 175.0, 240, 83, 0
L -1043.0, -806.0, 176.0, -1042.0, -800.0, 175.0, 240, 83, 0
L -1043.0, -809.0, 176.0, -1043.0, -806.0, 176.0, 240, 83, 0
L -1044.0, -815.0, 176.0, -1043.0, -809.0, 176.0, 240, 83, 0
L -1045.0, -829.0, 175.0, -1044.0, -815.0, 176.0, 240, 83, 0
L -1046.0, -892.0, 176.0, -1045.0, -829.0, 175.0, 240, 83, 0
L -1041.0, -891.0, 176.0, -1046.0, -892.0, 176.0, 240, 83, 0
L -1041.0, -918.0, 175.0, -1041.0, -891.0, 176.0, 240, 83, 0
L -1056.0, -918.0, 188.0, -1041.0, -918.0, 175.0, 240, 83, 0
L -1066.0, -916.0, 196.0, -1056.0, -918.0, 188.0, 240, 83, 0
L -1071.0, -918.0, 206.0, -1066.0, -916.0, 196.0, 240, 83, 0
L -1078.0, -933.0, 218.0, -1071.0, -918.0, 206.0, 240, 83, 0
L -1081.0, -939.0, 226.0, -1078.0, -933.0, 218.0, 240, 83, 0
L -1082.0, -943.0, 227.0, -1081.0, -939.0, 226.0, 240, 83, 0
L -1084.0, -948.0, 229.0, -1082.0, -943.0, 227.0, 240, 83, 0
L -1088.0, -963.0, 228.0, -1084.0, -948.0, 229.0, 240, 83, 0
L -1089.0, -966.0, 228.0, -1088.0, -963.0, 228.0, 240, 83, 0
L -1094.0, -982.0, 227.0, -1089.0, -966.0, 228.0, 240, 83, 0
L -1097.0, -993.0, 228.0, -1094.0, -982.0, 227.0, 240, 83, 0
L -1099.0, -998.0, 228.0, -1097.0, -993.0, 228.0, 240, 83, 0
L -1104.0, -1015.0, 229.0, -1099.0, -998.0, 228.0, 240, 83, 0
L -1107.0, -1023.0, 228.0, -1104.0, -1015.0, 229.0, 240, 83, 0
L -1124.0, -1029.0, 229.0, -1107.0, -1023.0, 228.0, 240, 83, 0
L -1135.0, -1033.0, 229.0, -1124.0, -1029.0, 229.0, 240, 83, 0
L -1199.0, -1033.0, 229.0, -1135.0, -1033.0, 229.0, 240, 83, 0
L -1230.0, -1033.0, 228.0, -1199.0, -1033.0, 229.0, 240, 83, 0
L -1251.0, -1033.0, 229.0, -1230.0, -1033.0, 228.0, 240, 83, 0
L -1127.0, -982.0, 229.0, -1128.0, -976.0, 229.0, 240, 83, 0
L -1128.0, -991.0, 229.0, -1127.0, -982.0, 229.0, 240, 83, 0
L -1137.0, -995.0, 230.0, -1128.0, -991.0, 229.0, 240, 83, 0
L -1142.0, -999.0, 229.0, -1137.0, -995.0, 230.0, 240, 83, 0
L -1160.0, -1007.0, 230.0, -1142.0, -999.0, 229.0, 240, 83, 0
L -1168.0, -1011.0, 230.0, -1160.0, -1007.0, 230.0, 240, 83, 0
L -1253.0, -1011.0, 230.0, -1168.0, -1011.0, 230.0, 240, 83, 0
L -1253.0, -1023.0, 229.0, -1253.0, -1011.0, 230.0, 240, 83, 0
L -1253.0, -1027.0, 229.0, -1253.0, -1023.0, 229.0, 240, 83, 0
L -1252.0, -1030.0, 229.0, -1253.0, -1027.0, 229.0, 240, 83, 0
L -1251.0, -1033.0, 229.0, -1252.0, -1030.0, 229.0, 240, 83, 0
L -1792.0, 198.0, 4.0, -1861.0, 198.0, 4.0, 240, 83, 0
L -1760.0, 196.0, 3.0, -1792.0, 198.0, 4.0, 240, 83, 0
L -1642.0, 159.0, 3.0, -1760.0, 196.0, 3.0, 240, 83, 0
L -1551.0, 99.0, 3.0, -1642.0, 159.0, 3.0, 240, 83, 0
L -1525.0, 81.0, 4.0, -1551.0, 99.0, 3.0, 240, 83, 0
L -1521.0, 79.0, 4.0, -1525.0, 81.0, 4.0, 240, 83, 0
L -1504.0, 62.0, 3.0, -1521.0, 79.0, 4.0, 240, 83, 0
L -1482.0, 39.0, 4.0, -1504.0, 62.0, 3.0, 240, 83, 0
L -1481.0, -81.0, 3.0, -1482.0, 39.0, 4.0, 240, 83, 0
L -1478.0, -84.0, 4.0, -1481.0, -81.0, 3.0, 240, 83, 0
L -1416.0, -146.0, 3.0, -1478.0, -84.0, 4.0, 240, 83, 0
L -1401.0, -161.0, 3.0, -1416.0, -146.0, 3.0, 240, 83, 0
L -1401.0, -239.0, 4.0, -1401.0, -161.0, 3.0, 240, 83, 0
L -1469.0, -341.0, 3.0, -1401.0, -239.0, 4.0, 240, 83, 0
L -1480.0, -358.0, 3.0, -1469.0, -341.0, 3.0, 240, 83, 0
L -1598.0, -357.0, 3.0, -1480.0, -358.0, 3.0, 240, 83, 0
L -1616.0, -341.0, 3.0, -1598.0, -357.0, 3.0, 240, 83, 0
L -1624.0, -332.0, 3.0, -1616.0, -341.0, 3.0, 240, 83, 0
L -1638.0, -318.0, 3.0, -1624.0, -332.0, 3.0, 240, 83, 0
L -1641.0, -318.0, 3.0, -1638.0, -318.0, 3.0, 240, 83, 0
L -1651.0, -318.0, 2.0, -1641.0, -318.0, 3.0, 240, 83, 0
L -1656.0, -316.0, 3.0, -1651.0, -318.0, 2.0, 240, 83, 0
L -1669.0, -316.0, 3.0, -1656.0, -316.0, 3.0, 240, 83, 0
L -1697.0, -318.0, 4.0, -1669.0, -316.0, 3.0, 240, 83, 0
L -1727.0, -318.0, 4.0, -1697.0, -318.0, 4.0, 240, 83, 0
L -1732.0, -316.0, 3.0, -1727.0, -318.0, 4.0, 240, 83, 0
L -1743.0, -316.0, 4.0, -1732.0, -316.0, 3.0, 240, 83, 0
L -1750.0, -317.0, 4.0, -1743.0, -316.0, 4.0, 240, 83, 0
L -1761.0, -319.0, 4.0, -1750.0, -317.0, 4.0, 240, 83, 0
L -1766.0, -324.0, 3.0, -1761.0, -319.0, 4.0, 240, 83, 0
L -1787.0, -345.0, 4.0, -1766.0, -324.0, 3.0, 240, 83, 0
L -1795.0, -352.0, 4.0, -1787.0, -345.0, 4.0, 240, 83, 0
L -1799.0, -357.0, 3.0, -1795.0, -352.0, 4.0, 240, 83, 0
L -1806.0, -358.0, 4.0, -1799.0, -357.0, 3.0, 240, 83, 0
L -1838.0, -357.0, 3.0, -1806.0, -358.0, 4.0, 240, 83, 0
L -1956.0, -278.0, 3.0, -1838.0, -357.0, 3.0, 240, 83, 0
L -1963.0, -263.0, 4.0, -1956.0, -278.0, 3.0, 240, 83, 0
L -1980.0, -212.0, 3.0, -1963.0, -263.0, 4.0, 240, 83, 0
L -1989.0, -184.0, 4.0, -1980.0, -212.0, 3.0, 240, 83, 0
L -1994.0, -170.0, 3.0, -1989.0, -184.0, 4.0, 240, 83, 0
L -1997.0, -160.0, 3.0, -1994.0, -170.0, 3.0, 240, 83, 0
L -1986.0, -137.0, 3.0, -1997.0, -160.0, 3.0, 240, 83, 0
L -1968.0, -102.0, 3.0, -1986.0, -137.0, 3.0, 240, 83, 0
L -1957.0, -81.0, 3.0, -1968.0, -102.0, 3.0, 240, 83, 0
L -1957.0, 27.0, 3.0, -1957.0, -81.0, 3.0, 240, 83, 0
L -1954.0, 31.0, 3.0, -1957.0, 27.0, 3.0, 240, 83, 0
L -1955.0, 36.0, 4.0, -1954.0, 31.0, 3.0, 240, 83, 0
L -1956.0, 39.0, 4.0, -1955.0, 36.0, 4.0, 240, 83, 0
L -1983.0, 66.0, 4.0, -1956.0, 39.0, 4.0, 240, 83, 0
L -1997.0, 81.0, 4.0, -1983.0, 66.0, 4.0, 240, 83, 0
L -1997.0, 119.0, 3.0, -1997.0, 81.0, 4.0, 240, 83, 0
L -1889.0, 190.0, 4.0, -1892.0, 190.0, 4.0, 240, 83, 0
L -1861.0, 198.0, 4.0, -1889.0, 190.0, 4.0, 240, 83, 0
L -1668.0, -134.0, 27.0, -1668.0, -316.0, 27.0, 139, 69, 19
L -1668.0, -316.0, 27.0, -1655.0, -330.0, 23.0, 0, 0, 0
L -1655.0, -330.0, 23.0, -1655.0, -324.0, 23.0, 0, 0, 0
L -1655.0, -324.0, 23.0, -1643.0, -322.0, 23.0, 0, 0, 0
L -1643.0, -322.0, 23.0, -1603.0, -361.0, 23.0, 0, 0, 0
L -1603.0, -361.0, 23.0, -1637.0, -430.0, 23.0, 0, 0, 0
L -1637.0, -430.0, 23.0, -1644.0, -436.0, 42.0, 0, 0, 0
L -1644.0, -436.0, 42.0, -1642.0, -448.0, 43.0, 0, 0, 0
L -1642.0, -448.0, 43.0, -1659.0, -448.0, 43.0, 0, 0, 0
L -1659.0, -448.0, 43.0, -1660.0, -513.0, 43.0, 0, 0, 0
L -1660.0, -513.0, 43.0, -1642.0, -512.0, 43.0, 0, 0, 0
L -1642.0, -512.0, 43.0, -1642.0, -680.0, 43.0, 0, 0, 0
L -1642.0, -680.0, 43.0, -1560.0, -762.0, 43.0, 0, 0, 0
L -1560.0, -762.0, 43.0, -1236.0, -762.0, 203.0, 0, 0, 0
L -1236.0, -762.0, 203.0, -1219.0, -742.0, 202.0, 0, 0, 0
L -1219.0, -742.0, 202.0, -1207.0, -747.0, 202.0, 0, 0, 0
L -1207.0, -747.0, 202.0, -1212.0, -752.0, 202.0, 0, 0, 0
L -1212.0, -752.0, 202.0, -1212.0, -761.0, 202.0, 0, 0, 0
L -1212.0, -761.0, 202.0, -1019.0, -762.0, 205.0, 139, 69, 19
L -1019.0, -762.0, 205.0, -1017.0, -750.0, 203.0, 0, 0, 0
L -1017.0, -750.0, 203.0, -1030.0, -748.0, 203.0, 0, 0, 0
L -1030.0, -748.0, 203.0, -1075.0, -749.0, 202.0, 0, 0, 0
L -1075.0, -749.0, 202.0, -1086.0, -704.0, 202.0, 0, 0, 0
L -1086.0, -704.0, 202.0, -1079.0, -685.0, 202.0, 0, 0, 0
L -1079.0, -685.0, 202.0, -1077.0, -648.0, 202.0, 0, 0, 0
L -1077.0, -648.0, 202.0, -1114.0, -602.0, 202.0, 0, 0, 0
L -1114.0, -602.0, 202.0, -1116.0, -525.0, 202.0, 0, 0, 0
L -1116.0, -525.0, 202.0, -1041.0, -447.0, 202.0, 0, 0, 0
L -1041.0, -447.0, 202.0, -959.0, -448.0, 204.0, 0, 0, 0
L -959.0, -448.0, 204.0, -900.0, -461.0, 214.0, 0, 0, 0
L -900.0, -461.0, 214.0, -856.0, -461.0, 231.0, 0, 0, 0
L -856.0, -461.0, 231.0, -822.0, -445.0, 238.0, 0, 0, 0
L -822.0, -445.0, 238.0, -803.0, -442.0, 242.0, 0, 0, 0
L -803.0, -442.0, 242.0, -684.0, -366.0, 301.0, 0, 0, 0
L -684.0, -366.0, 301.0, -639.0, -361.0, 325.0, 0, 0, 0
L -639.0, -361.0, 325.0, -497.0, -365.0, 358.0, 0, 0, 0
L -497.0, -365.0, 358.0, -480.0, -386.0, 362.0, 0, 0, 0
L -480.0, -386.0, 362.0, -469.0, -362.0, 377.0, 0, 0, 0
L -469.0, -362.0, 377.0, -401.0, -362.0, 362.0, 0, 0, 0
L -401.0, -362.0, 362.0, -363.0, -400.0, 370.0, 0, 0, 0
L -363.0, -400.0, 370.0, -361.0, -442.0, 362.0, 0, 0, 0
L -361.0, -442.0, 362.0, -280.0, -442.0, 363.0, 0, 0, 0
L -280.0, -442.0, 363.0, -272.0, -433.0, 368.0, 0, 0, 0
L -272.0, -433.0, 368.0, -270.0, -423.0, 368.0, 0, 0, 0
L -270.0, -423.0, 368.0, -270.0, -411.0, 368.0, 0, 0, 0
L -270.0, -411.0, 368.0, -279.0, -402.0, 368.0, 0, 0, 0
L -279.0, -402.0, 368.0, -295.0, -401.0, 368.0, 0, 0, 0
L -295.0, -401.0, 368.0, -298.0, -322.0, 363.0, 0, 0, 0
L -298.0, -322.0, 363.0, -298.0, -317.0, 368.0, 0, 0, 0
L -298.0, -317.0, 368.0, -292.0, -316.0, 368.0, 0, 0, 0
L -292.0, -316.0, 368.0, -287.0, -311.0, 368.0, 0, 0, 0
L -287.0, -311.0, 368.0, -283.0, -297.0, 368.0, 0, 0, 0
L -283.0, -297.0, 368.0, -298.0, -278.0, 369.0, 0, 0, 0
L -298.0, -278.0, 369.0, -298.0, -197.0, 368.0, 0, 0, 0
L -298.0, -197.0, 368.0, -293.0, -197.0, 368.0, 0, 0, 0
L -293.0, -197.0, 368.0, -284.0, -188.0, 368.0, 0, 0, 0
L -284.0, -188.0, 368.0, -283.0, -175.0, 368.0, 0, 0, 0
L -283.0, -175.0, 368.0, -296.0, -161.0, 368.0, 0, 0, 0
L -296.0, -161.0, 368.0, -298.0, -85.0, 368.0, 0, 0, 0
L -298.0, -85.0, 368.0, -287.0, -86.0, 368.0, 0, 0, 0
L -287.0, -86.0, 368.0, -276.0, -79.0, 368.0, 0, 0, 0
L -276.0, -79.0, 368.0, -272.0, -61.0, 368.0, 0, 0, 0
L -272.0, -61.0, 368.0, -277.0, -58.0, 368.0, 0, 0, 0
L -277.0, -58.0, 368.0, -274.0, -58.0, 368.0, 0, 0, 0
L -274.0, -58.0, 368.0, -278.0, -40.0, 363.0, 0, 0, 0
L -278.0, -40.0, 363.0, -326.0, -35.0, 365.0, 0, 0, 0
L -326.0, -35.0, 365.0, -398.0, 2.0, 372.0, 0, 0, 0
L -398.0, 2.0, 372.0, -398.0, 192.0, 363.0, 0, 0, 0
L -398.0, 192.0, 363.0, -320.0, 236.0, 363.0, 0, 0, 0
L -320.0, 236.0, 363.0, -279.0, 237.0, 371.0, 0, 0, 0
L -279.0, 237.0, 371.0, -278.0, 317.0, 390.0, 0, 0, 0
L -278.0, 317.0, 390.0, -242.0, 354.0, 402.0, 0, 0, 0
L -242.0, 354.0, 402.0, -237.0, 438.0, 411.0, 0, 0, 0
L -237.0, 438.0, 411.0, -159.0, 517.0, 403.0, 0, 0, 0
L -159.0, 517.0, 403.0, 71.0, 517.0, 423.0, 0, 0, 0
L 71.0, 517.0, 423.0, 115.0, 443.0, 427.0, 0, 0, 0
L 115.0, 443.0, 427.0, 119.0, 356.0, 423.0, 0, 0, 0
L 119.0, 356.0, 423.0, 197.0, 277.0, 423.0, 0, 0, 0
L 197.0, 277.0, 423.0, 197.0, 249.0, 425.0, 0, 0, 0
L 197.0, 249.0, 425.0, 188.0, 256.0, 423.0, 0, 0, 0
L 188.0, 256.0, 423.0, 167.0, 256.0, 423.0, 0, 0, 0
L 167.0, 256.0, 423.0, 157.0, 245.0, 423.0, 0, 0, 0
L 157.0, 245.0, 423.0, 157.0, 201.0, 442.0, 0, 0, 0
L 157.0, 201.0, 442.0, 157.0, 78.0, 443.0, 0, 0, 0
L 157.0, 78.0, 443.0, 682.0, 80.0, 443.0, 0, 0, 0
L 682.0, 80.0, 443.0, 681.0, 242.0, 443.0, 0, 0, 0
L 681.0, 242.0, 443.0, 691.0, 258.0, 443.0, 0, 0, 0
L 691.0, 258.0, 443.0, 708.0, 267.0, 443.0, 0, 0, 0
L 708.0, 267.0, 443.0, 756.0, 238.0, 443.0, 0, 0, 0
L 756.0, 238.0, 443.0, 756.0, 41.0, 443.0, 0, 0, 0
L 756.0, 41.0, 443.0, 718.0, 1.0, 443.0, 0, 0, 0
L 718.0, 1.0, 443.0, 517.0, 0.0, 443.0, 0, 0, 0
L 517.0, 0.0, 443.0, 476.0, -41.0, 453.0, 0, 0, 0
L 797.0, -281.0, 453.0, 912.0, -282.0, 463.0, 0, 0, 0
L 912.0, -282.0, 463.0, 913.0, -292.0, 463.0, 0, 0, 0
L 913.0, -292.0, 463.0, 934.0, -292.0, 463.0, 0, 0, 0
L 934.0, -292.0, 463.0, 936.0, -277.0, 463.0, 0, 0, 0
L 936.0, -277.0, 463.0, 921.0, -276.0, 463.0, 0, 0, 0
L 921.0, -276.0, 463.0, 918.0, 42.0, 443.0, 0, 0, 0
L 918.0, 42.0, 443.0, 881.0, 41.0, 443.0, 0, 0, 0
L 881.0, 41.0, 443.0, 881.0, 155.0, 443.0, 0, 0, 0
L 881.0, 155.0, 443.0, 921.0, 197.0, 443.0, 0, 0, 0
L 921.0, 197.0, 443.0, 959.0, 197.0, 443.0, 0, 0, 0
L 959.0, 197.0, 443.0, 1001.0, 237.0, 443.0, 0, 0, 0
L 1001.0, 237.0, 443.0, 1237.0, 237.0, 376.0, 0, 0, 0
L 1237.0, 237.0, 376.0, 1281.0, 279.0, 365.0, 0, 0, 0
L 1281.0, 279.0, 365.0, 1277.0, 363.0, 331.0, 0, 0, 0
L 1277.0, 363.0, 331.0, 1241.0, 401.0, 323.0, 0, 0, 0
L 1241.0, 401.0, 323.0, 1240.0, 481.0, 323.0, 0, 0, 0
L 1240.0, 481.0, 323.0, 1201.0, 519.0, 323.0, 0, 0, 0
L 1201.0, 519.0, 323.0, 1039.0, 522.0, 283.0, 0, 0, 0
L 1039.0, 522.0, 283.0, 962.0, 599.0, 283.0, 0, 0, 0
L 962.0, 599.0, 283.0, 961.0, 656.0, 283.0, 0, 0, 0
L 961.0, 656.0, 283.0, 968.0, 656.0, 283.0, 0, 0, 0
L 968.0, 656.0, 283.0, 966.0, 680.0, 283.0, 0, 0, 0
L 966.0, 680.0, 283.0, 961.0, 680.0, 283.0, 0, 0, 0
L 961.0, 680.0, 283.0, 962.0, 719.0, 283.0, 0, 0, 0
L 962.0, 719.0, 283.0, 1040.0, 796.0, 283.0, 0, 0, 0
L 1040.0, 796.0, 283.0, 1073.0, 793.0, 294.0, 0, 0, 0
L 1073.0, 793.0, 294.0, 1081.0, 799.0, 283.0, 0, 0, 0
L 1081.0, 799.0, 283.0, 1121.0, 879.0, 283.0, 0, 0, 0
L 1121.0, 879.0, 283.0, 1121.0, 1010.0, 283.0, 0, 0, 0
L 1121.0, 1010.0, 283.0, 1129.0, 1010.0, 283.0, 0, 0, 0
L 1129.0, 1010.0, 283.0, 1130.0, 1034.0, 283.0, 0, 0, 0
L 1130.0, 1034.0, 283.0, 1121.0, 1034.0, 283.0, 0, 0, 0
L 1121.0, 1034.0, 283.0, 1122.0, 1079.0, 283.0, 0, 0, 0
L 1122.0, 1079.0, 283.0, 1202.0, 1156.0, 284.0, 0, 0, 0
L 1202.0, 1156.0, 284.0, 1241.0, 1157.0, 283.0, 0, 0, 0
L 1241.0, 1157.0, 283.0, 1278.0, 1195.0, 283.0, 0, 0, 0
L 1278.0, 1195.0, 283.0, 1320.0, 1195.0, 284.0, 0, 0, 0
L 1320.0, 1195.0, 284.0, 1396.0, 1157.0, 285.0, 0, 0, 0
L 1396.0, 1157.0, 285.0, 1396.0, 1118.0, 286.0, 0, 0, 0
L 1396.0, 1118.0, 286.0, 1357.0, 1042.0, 285.0, 0, 0, 0
L 1357.0, 1042.0, 285.0, 1281.0, 1041.0, 286.0, 0, 0, 0
L 1281.0, 1041.0, 286.0, 1240.0, 1080.0, 285.0, 0, 0, 0
L 1240.0, 1080.0, 285.0, 1196.0, 1039.0, 283.0, 0, 0, 0
L 1196.0, 1039.0, 283.0, 1196.0, 1034.0, 283.0, 0, 0, 0
L 1196.0, 1034.0, 283.0, 1188.0, 1034.0, 283.0, 0, 0, 0
L 1188.0, 1034.0, 283.0, 1186.0, 1012.0, 283.0, 0, 0, 0
L 1186.0, 1012.0, 283.0, 1196.0, 1010.0, 283.0, 0, 0, 0
L 1196.0, 1010.0, 283.0, 1197.0, 957.0, 283.0, 0, 0, 0
L 1197.0, 957.0, 283.0, 1276.0, 796.0, 283.0, 0, 0, 0
L 1276.0, 796.0, 283.0, 1276.0, 760.0, 283.0, 0, 0, 0
L 1276.0, 760.0, 283.0, 1196.0, 681.0, 283.0, 0, 0, 0
L 1196.0, 681.0, 283.0, 1119.0, 681.0, 283.0, 0, 0, 0
L 1119.0, 681.0, 283.0, 1083.0, 717.0, 287.0, 0, 0, 0
L 1083.0, 717.0, 287.0, 1072.0, 721.0, 283.0, 0, 0, 0
L 1072.0, 721.0, 283.0, 1037.0, 680.0, 283.0, 0, 0, 0
L 1037.0, 680.0, 283.0, 1027.0, 680.0, 283.0, 0, 0, 0
L 1027.0, 680.0, 283.0, 1027.0, 657.0, 283.0, 0, 0, 0
L 1027.0, 657.0, 283.0, 1036.0, 656.0, 283.0, 0, 0, 0
L 1036.0, 656.0, 283.0, 1036.0, 639.0, 283.0, 0, 0, 0
L 1036.0, 639.0, 283.0, 1080.0, 597.0, 297.0, 0, 0, 0
L 1080.0, 597.0, 297.0, 1279.0, 597.0, 323.0, 0, 0, 0
L 1279.0, 597.0, 323.0, 1314.0, 560.0, 323.0, 255, 0, 0
L 1314.0, 560.0, 323.0, 1316.0, 478.0, 323.0, 255, 0, 0
L 1316.0, 478.0, 323.0, 1359.0, 514.0, 304.0, 255, 0, 0
L 1359.0, 514.0, 304.0, 1394.0, 481.0, 304.0, 255, 0, 0
L 1394.0, 481.0, 304.0, 1356.0, 440.0, 323.0, 0, 0, 0
L 1356.0, 440.0, 323.0, 1356.0, 240.0, 363.0, 0, 0, 0
L 1356.0, 240.0, 363.0, 1276.0, 161.0, 363.0, 0, 0, 0
L 1276.0, 161.0, 363.0, 1077.0, 161.0, 447.0, 0, 0, 0
L 1077.0, 161.0, 447.0, 1038.0, 122.0, 443.0, 0, 0, 0
L 1038.0, 122.0, 443.0, 1036.0, 41.0, 443.0, 0, 0, 0
L 1036.0, 41.0, 443.0, 999.0, 41.0, 443.0, 0, 0, 0
L 999.0, 41.0, 443.0, 996.0, -318.0, 463.0, 0, 0, 0
L 996.0, -318.0, 463.0, 959.0, -356.0, 463.0, 0, 0, 0
L 959.0, -356.0, 463.0, 944.0, -358.0, 463.0, 0, 0, 0
L 944.0, -358.0, 463.0, 936.0, -348.0, 463.0, 0, 0, 0
L 936.0, -348.0, 463.0, 913.0, -348.0, 463.0, 0, 0, 0
L 913.0, -348.0, 463.0, 912.0, -358.0, 463.0, 0, 0, 0
L 912.0, -358.0, 463.0, 796.0, -359.0, 453.0, 0, 0, 0
L 477.0, -600.0, 453.0, 599.0, -802.0, 443.0, 0, 0, 0
L 599.0, -802.0, 443.0, 769.0, -802.0, 443.0, 0, 0, 0
L 769.0, -802.0, 443.0, 825.0, -831.0, 443.0, 0, 0, 0
L 825.0, -831.0, 443.0, 808.0, -856.0, 443.0, 0, 0, 0
L 808.0, -856.0, 443.0, 789.0, -857.0, 443.0, 0, 0, 0
L 789.0, -857.0, 443.0, 768.0, -877.0, 443.0, 0, 0, 0
L 768.0, -877.0, 443.0, 560.0, -877.0, 443.0, 0, 0, 0
L 560.0, -877.0, 443.0, 441.0, -719.0, 443.0, 0, 0, 0
L 441.0, -719.0, 443.0, 398.0, -718.0, 443.0, 0, 0, 0
L 398.0, -718.0, 443.0, 277.0, -877.0, 443.0, 0, 204, 0
L 277.0, -877.0, 443.0, 79.0, -877.0, 443.0, 0, 204, 0
L 79.0, -877.0, 443.0, 77.0, -917.0, 443.0, 0, 204, 0
L 77.0, -917.0, 443.0, 38.0, -918.0, 443.0, 0, 204, 0
L 38.0, -918.0, 443.0, 37.0, -957.0, 443.0, 0, 204, 0
L 37.0, -957.0, 443.0, -3.0, -997.0, 443.0, 0, 204, 0
L -3.0, -997.0, 443.0, -318.0, -997.0, 523.0, 0, 204, 0
L -318.0, -997.0, 523.0, -358.0, -958.0, 523.0, 0, 204, 0
L -358.0, -958.0, 523.0, -358.0, -918.0, 523.0, 0, 204, 0
L -358.0, -918.0, 523.0, -398.0, -917.0, 523.0, 0, 204, 0
L -398.0, -917.0, 523.0, -398.0, -878.0, 523.0, 0, 204, 0
L -398.0, -878.0, 523.0, -520.0, -877.0, 523.0, 0, 204, 0
L -520.0, -877.0, 523.0, -601.0, -958.0, 531.0, 0, 204, 0
L -601.0, -958.0, 531.0, -602.0, -1160.0, 608.0, 0, 204, 0
L -602.0, -1160.0, 608.0, -561.0, -1241.0, 593.0, 0, 204, 0
L -561.0, -1241.0, 593.0, -442.0, -1281.0, 593.0, 0, 204, 0
L -442.0, -1281.0, 593.0, -280.0, -1282.0, 603.0, 0, 204, 0
L -280.0, -1282.0, 603.0, -275.0, -1291.0, 603.0, 0, 204, 0
L -275.0, -1291.0, 603.0, -253.0, -1292.0, 603.0, 0, 204, 0
L -253.0, -1292.0, 603.0, -251.0, -1282.0, 603.0, 0, 204, 0
L -251.0, -1282.0, 603.0, -239.0, -1282.0, 603.0, 0, 204, 0
L -239.0, -1282.0, 603.0, -198.0, -1241.0, 603.0, 0, 204, 0
L -198.0, -1241.0, 603.0, -197.0, -1200.0, 603.0, 0, 204, 0
L -197.0, -1200.0, 603.0, -122.0, -1125.0, 603.0, 0, 204, 0
L -122.0, -1125.0, 603.0, -41.0, -1122.0, 603.0, 0, 204, 0
L -41.0, -1122.0, 603.0, 37.0, -1202.0, 603.0, 0, 204, 0
L 37.0, -1202.0, 603.0, 37.0, -1401.0, 683.0, 0, 204, 0
L 37.0, -1401.0, 683.0, 76.0, -1439.0, 683.0, 0, 204, 0
L 76.0, -1439.0, 683.0, 39.0, -1475.0, 683.0, 0, 204, 0
L 39.0, -1475.0, 683.0, -1.0, -1477.0, 683.0, 0, 204, 0
L -1.0, -1477.0, 683.0, -2.0, -1519.0, 683.0, 0, 204, 0
L -2.0, -1519.0, 683.0, 36.0, -1561.0, 683.0, 0, 204, 0
L 42.0, -1719.0, 689.0, 82.0, -1676.0, 684.0, 0, 204, 0
L 82.0, -1676.0, 684.0, 40.0, -1638.0, 683.0, 0, 204, 0
L 40.0, -1638.0, 683.0, -40.0, -1636.0, 683.0, 0, 204, 0
L -40.0, -1636.0, 683.0, -77.0, -1599.0, 683.0, 0, 204, 0
L -77.0, -1599.0, 683.0, -78.0, -1559.0, 683.0, 0, 204, 0
L -78.0, -1559.0, 683.0, -118.0, -1517.0, 683.0, 0, 204, 0
L -118.0, -1517.0, 683.0, -117.0, -1440.0, 683.0, 0, 204, 0
L -117.0, -1440.0, 683.0, -77.0, -1399.0, 683.0, 0, 204, 0
L -77.0, -1399.0, 683.0, -77.0, -1319.0, 646.0, 0, 204, 0
L -77.0, -1319.0, 646.0, -38.0, -1237.0, 603.0, 0, 204, 0
L -38.0, -1237.0, 603.0, -82.0, -1197.0, 603.0, 0, 204, 0
L -82.0, -1197.0, 603.0, -122.0, -1238.0, 603.0, 0, 204, 0
L -122.0, -1238.0, 603.0, -122.0, -1277.0, 603.0, 0, 204, 0
L -122.0, -1277.0, 603.0, -201.0, -1357.0, 603.0, 0, 204, 0
L -201.0, -1357.0, 603.0, -251.0, -1357.0, 603.0, 0, 204, 0
L -251.0, -1357.0, 603.0, -252.0, -1348.0, 603.0, 0, 204, 0
L -252.0, -1348.0, 603.0, -276.0, -1349.0, 603.0, 0, 204, 0
L -276.0, -1349.0, 603.0, -282.0, -1358.0, 603.0, 0, 204, 0
L -282.0, -1358.0, 603.0, -323.0, -1397.0, 597.0, 0, 204, 0
L -323.0, -1397.0, 597.0, -361.0, -1397.0, 593.0, 0, 204, 0
L -361.0, -1397.0, 593.0, -323.0, -1478.0, 593.0, 0, 204, 0
L -323.0, -1478.0, 593.0, -251.0, -1587.0, 601.0, 0, 204, 0
L -251.0, -1587.0, 601.0, -250.0, -1597.0, 604.0, 0, 204, 204
L -250.0, -1597.0, 604.0, -250.0, -1608.0, 604.0, 0, 204, 204
L -250.0, -1608.0, 604.0, -248.0, -1611.0, 604.0, 0, 204, 0
L -248.0, -1611.0, 604.0, -241.0, -1618.0, 604.0, 0, 204, 0
L -241.0, -1618.0, 604.0, -230.0, -1620.0, 604.0, 0, 204, 204
L -230.0, -1620.0, 604.0, -222.0, -1624.0, 604.0, 0, 204, 204
L -222.0, -1624.0, 604.0, -202.0, -1641.0, 603.0, 0, 204, 0
L -202.0, -1641.0, 603.0, -202.0, -1724.0, 603.0, 0, 204, 0
L -202.0, -1724.0, 603.0, -208.0, -1728.0, 603.0, 0, 204, 0
L -208.0, -1728.0, 603.0, -210.0, -1753.0, 603.0, 0, 204, 0
L -210.0, -1753.0, 603.0, -202.0, -1753.0, 603.0, 0, 204, 204
L -202.0, -1753.0, 603.0, -202.0, -1760.0, 603.0, 0, 204, 204
L -202.0, -1760.0, 603.0, -161.0, -1801.0, 603.0, 0, 204, 204
L -161.0, -1801.0, 603.0, -78.0, -1800.0, 563.0, 0, 204, 204
L -78.0, -1800.0, 563.0, -38.0, -1760.0, 563.0, 0, 204, 204
L -38.0, -1760.0, 563.0, -38.0, -1678.0, 522.0, 0, 204, 204
L -38.0, -1678.0, 522.0, -118.0, -1598.0, 470.0, 0, 204, 204
L -118.0, -1598.0, 470.0, -118.0, -1483.0, 443.0, 0, 204, 204
L -118.0, -1483.0, 443.0, -39.0, -1402.0, 446.0, 0, 204, 204
L -39.0, -1402.0, 446.0, 4.0, -1402.0, 443.0, 0, 204, 204
L 4.0, -1402.0, 443.0, 15.0, -1410.0, 443.0, 0, 204, 204
L 15.0, -1410.0, 443.0, 40.0, -1409.0, 443.0, 0, 204, 204
L 40.0, -1409.0, 443.0, 44.0, -1397.0, 443.0, 0, 204, 204
L 44.0, -1397.0, 443.0, 79.0, -1362.0, 443.0, 0, 204, 204
L 79.0, -1362.0, 443.0, 44.0, -1321.0, 443.0, 0, 204, 204
L 44.0, -1321.0, 443.0, 41.0, -1281.0, 446.0, 0, 204, 204
L 41.0, -1281.0, 446.0, 118.0, -1242.0, 444.0, 0, 204, 204
L 118.0, -1242.0, 444.0, 157.0, -1280.0, 446.0, 0, 204, 204
L 157.0, -1280.0, 446.0, 158.0, -1362.0, 443.0, 0, 204, 204
L 158.0, -1362.0, 443.0, 234.0, -1400.0, 444.0, 0, 204, 204
L 234.0, -1400.0, 444.0, 232.0, -1443.0, 443.0, 0, 204, 204
L 232.0, -1443.0, 443.0, 198.0, -1477.0, 446.0, 0, 204, 204
L 198.0, -1477.0, 446.0, 165.0, -1477.0, 443.0, 0, 204, 204
L 165.0, -1477.0, 443.0, 156.0, -1479.0, 443.0, 0, 204, 204
L 156.0, -1479.0, 443.0, 118.0, -1517.0, 444.0, 0, 204, 204
L 118.0, -1517.0, 444.0, 83.0, -1517.0, 443.0, 0, 204, 204
L 83.0, -1517.0, 443.0, 43.0, -1480.0, 443.0, 0, 204, 204
L 43.0, -1480.0, 443.0, 37.0, -1467.0, 443.0, 0, 204, 204
L 37.0, -1467.0, 443.0, 17.0, -1467.0, 443.0, 0, 204, 204
L 17.0, -1467.0, 443.0, 0.0, -1477.0, 443.0, 0, 204, 204
L 0.0, -1477.0, 443.0, -42.0, -1520.0, 443.0, 0, 204, 204
L -42.0, -1520.0, 443.0, -42.0, -1559.0, 445.0, 0, 204, 204
L -42.0, -1559.0, 445.0, 37.0, -1640.0, 498.0, 0, 204, 204
L 37.0, -1640.0, 498.0, 36.0, -1799.0, 563.0, 0, 204, 204
L 36.0, -1799.0, 563.0, -41.0, -1877.0, 563.0, 0, 204, 204
L -41.0, -1877.0, 563.0, -199.0, -1877.0, 603.0, 0, 204, 204
L -199.0, -1877.0, 603.0, -278.0, -1797.0, 603.0, 0, 204, 204
L -278.0, -1797.0, 603.0, -278.0, -1753.0, 603.0, 0, 204, 204
L -278.0, -1753.0, 603.0, -268.0, -1752.0, 603.0, 0, 204, 204
L -268.0, -1752.0, 603.0, -268.0, -1730.0, 603.0, 0, 204, 0
L -268.0, -1730.0, 603.0, -278.0, -1722.0, 603.0, 0, 204, 0
L -278.0, -1722.0, 603.0, -278.0, -1719.0, 603.0, 0, 204, 0
L -278.0, -1719.0, 603.0, -295.0, -1701.0, 603.0, 0, 204, 0
L -295.0, -1701.0, 603.0, -297.0, -1695.0, 604.0, 0, 204, 0
L -297.0, -1695.0, 604.0, -300.0, -1691.0, 604.0, 0, 204, 0
L -300.0, -1691.0, 604.0, -301.0, -1678.0, 604.0, 0, 204, 0
L -301.0, -1678.0, 604.0, -304.0, -1674.0, 604.0, 0, 204, 0
L -304.0, -1674.0, 604.0, -315.0, -1669.0, 604.0, 0, 204, 0
L -315.0, -1669.0, 604.0, -319.0, -1669.0, 604.0, 0, 204, 0
L -319.0, -1669.0, 604.0, -327.0, -1665.0, 602.0, 0, 204, 0
L -327.0, -1665.0, 602.0, -341.0, -1677.0, 601.0, 0, 204, 0
L -341.0, -1677.0, 601.0, -403.0, -1678.0, 593.0, 0, 204, 0
L -403.0, -1678.0, 593.0, -440.0, -1717.0, 593.0, 0, 204, 0
L -440.0, -1717.0, 593.0, -519.0, -1717.0, 593.0, 0, 204, 0
L -519.0, -1717.0, 593.0, -552.0, -1747.0, 600.0, 0, 204, 0
L -552.0, -1747.0, 600.0, -563.0, -1747.0, 600.0, 0, 204, 0
L -563.0, -1747.0, 600.0, -567.0, -1755.0, 604.0, 0, 204, 0
L -567.0, -1755.0, 604.0, -573.0, -1763.0, 604.0, 0, 204, 0
L -573.0, -1763.0, 604.0, -574.0, -1767.0, 604.0, 0, 204, 0
L -574.0, -1767.0, 604.0, -572.0, -1788.0, 604.0, 0, 204, 0
L -572.0, -1788.0, 604.0, -569.0, -1812.0, 603.0, 0, 204, 0
L -569.0, -1812.0, 603.0, -562.0, -1812.0, 603.0, 0, 204, 0
L -562.0, -1812.0, 603.0, -562.0, -1838.0, 603.0, 0, 204, 0
L -562.0, -1838.0, 603.0, -641.0, -1917.0, 603.0, 0, 204, 0
L -641.0, -1917.0, 603.0, -760.0, -1917.0, 644.0, 0, 204, 0
L -760.0, -1917.0, 644.0, -800.0, -1956.0, 664.0, 0, 204, 0
L -800.0, -1956.0, 664.0, -1040.0, -1957.0, 683.0, 0, 204, 0
L -1040.0, -1957.0, 683.0, -1081.0, -1997.0, 683.0, 0, 204, 0
L -1081.0, -1997.0, 683.0, -1120.0, -1996.0, 683.0, 0, 204, 0
L -1120.0, -1996.0, 683.0, -1157.0, -1959.0, 683.0, 0, 204, 0
L -1157.0, -1959.0, 683.0, -1157.0, -1920.0, 683.0, 0, 204, 0
L -1157.0, -1920.0, 683.0, -1153.0, -1813.0, 649.0, 0, 204, 0
L -1153.0, -1813.0, 649.0, -1158.0, -1801.0, 644.0, 0, 204, 0
L -1158.0, -1801.0, 644.0, -1125.0, -1802.0, 644.0, 0, 204, 0
L -1125.0, -1802.0, 644.0, -1083.0, -1839.0, 656.0, 0, 204, 0
L -1083.0, -1839.0, 656.0, -1082.0, -1869.0, 666.0, 0, 204, 0
L -1082.0, -1869.0, 666.0, -1117.0, -1916.0, 683.0, 0, 204, 0
L -1117.0, -1916.0, 683.0, -1084.0, -1888.0, 683.0, 0, 204, 0
L -1084.0, -1888.0, 683.0, -1077.0, -1837.0, 683.0, 0, 204, 0
L -1077.0, -1837.0, 683.0, -1114.0, -1801.0, 683.0, 0, 204, 0
L -1114.0, -1801.0, 683.0, -1114.0, -1759.0, 683.0, 0, 204, 0
L -1114.0, -1759.0, 683.0, -1096.0, -1740.0, 683.0, 0, 204, 0
L -1078.0, -1721.0, 683.0, -1041.0, -1722.0, 683.0, 150, 150, 150
L -1041.0, -1722.0, 683.0, -1025.0, -1737.0, 683.0, 150, 150, 150
L -1004.0, -1757.0, 683.0, -1002.0, -1839.0, 683.0, 0, 204, 0
L -1002.0, -1839.0, 683.0, -966.0, -1875.0, 683.0, 0, 204, 0
L -966.0, -1875.0, 683.0, -838.0, -1880.0, 683.0, 0, 204, 0
L -838.0, -1880.0, 683.0, -794.0, -1841.0, 661.0, 0, 204, 0
L -794.0, -1841.0, 661.0, -678.0, -1841.0, 603.0, 0, 204, 0
L -678.0, -1841.0, 603.0, -643.0, -1806.0, 603.0, 0, 204, 0
L -643.0, -1806.0, 603.0, -629.0, -1811.0, 603.0, 0, 204, 0
L -629.0, -1811.0, 603.0, -628.0, -1789.0, 604.0, 0, 204, 0
L -628.0, -1789.0, 604.0, -630.0, -1784.0, 604.0, 0, 204, 0
L -630.0, -1784.0, 604.0, -627.0, -1775.0, 604.0, 0, 204, 0
L -627.0, -1775.0, 604.0, -627.0, -1764.0, 604.0, 0, 204, 0
L -627.0, -1764.0, 604.0, -633.0, -1754.0, 604.0, 0, 204, 0
L -633.0, -1754.0, 604.0, -634.0, -1749.0, 604.0, 0, 204, 0
L -634.0, -1749.0, 604.0, -650.0, -1746.0, 599.0, 0, 204, 0
L -650.0, -1746.0, 599.0, -679.0, -1717.0, 593.0, 0, 204, 0
L -679.0, -1717.0, 593.0, -721.0, -1689.0, 593.0, 0, 204, 0
L -721.0, -1689.0, 593.0, -681.0, -1646.0, 593.0, 0, 204, 0
L -681.0, -1646.0, 593.0, -681.0, -1659.0, 593.0, 0, 204, 0
L -681.0, -1659.0, 593.0, -655.0, -1662.0, 593.0, 0, 204, 0
L -655.0, -1662.0, 593.0, -656.0, -1644.0, 593.0, 0, 204, 0
L -656.0, -1644.0, 593.0, -531.0, -1642.0, 593.0, 0, 204, 0
L -531.0, -1642.0, 593.0, -531.0, -1660.0, 593.0, 0, 204, 0
L -531.0, -1660.0, 593.0, -508.0, -1662.0, 593.0, 0, 204, 0
L -508.0, -1662.0, 593.0, -507.0, -1640.0, 593.0, 0, 204, 0
L -507.0, -1640.0, 593.0, -513.0, -1638.0, 593.0, 0, 204, 0
L -513.0, -1638.0, 593.0, -441.0, -1568.0, 593.0, 0, 204, 0
L -441.0, -1568.0, 593.0, -440.0, -1571.0, 593.0, 0, 204, 0
L -440.0, -1571.0, 593.0, -426.0, -1572.0, 593.0, 0, 204, 0
L -426.0, -1572.0, 593.0, -417.0, -1549.0, 593.0, 0, 204, 0
L -417.0, -1549.0, 593.0, -435.0, -1547.0, 593.0, 0, 204, 0
L -435.0, -1547.0, 593.0, -437.0, -1414.0, 593.0, 0, 204, 0
L -437.0, -1414.0, 593.0, -419.0, -1412.0, 593.0, 0, 204, 0
L -419.0, -1412.0, 593.0, -417.0, -1392.0, 593.0, 0, 204, 0
L -417.0, -1392.0, 593.0, -439.0, -1387.0, 593.0, 0, 204, 0
L -439.0, -1387.0, 593.0, -441.0, -1395.0, 593.0, 0, 204, 0
L -441.0, -1395.0, 593.0, -550.0, -1322.0, 593.0, 0, 204, 0
L -550.0, -1322.0, 593.0, -546.0, -1319.0, 593.0, 0, 204, 0
L -546.0, -1319.0, 593.0, -547.0, -1305.0, 593.0, 0, 204, 0
L -547.0, -1305.0, 593.0, -569.0, -1296.0, 593.0, 0, 204, 0
L -569.0, -1296.0, 593.0, -571.0, -1316.0, 593.0, 0, 204, 0
L -571.0, -1316.0, 593.0, -656.0, -1316.0, 593.0, 0, 204, 0
L -656.0, -1316.0, 593.0, -656.0, -1299.0, 593.0, 0, 204, 0
L -656.0, -1299.0, 593.0, -678.0, -1296.0, 593.0, 0, 204, 0
L -678.0, -1296.0, 593.0, -681.0, -1309.0, 593.0, 0, 204, 0
L -681.0, -1309.0, 593.0, -734.0, -1259.0, 593.0, 0, 204, 0
L -734.0, -1259.0, 593.0, -720.0, -1243.0, 593.0, 0, 204, 0
L -720.0, -1243.0, 593.0, -677.0, -1159.0, 604.0, 0, 204, 0
L -677.0, -1159.0, 604.0, -677.0, -881.0, 523.0, 0, 204, 0
L -677.0, -881.0, 523.0, -597.0, -802.0, 523.0, 0, 204, 0
L -597.0, -802.0, 523.0, -399.0, -802.0, 523.0, 0, 204, 0
L -399.0, -802.0, 523.0, -398.0, -762.0, 523.0, 0, 204, 0
L -398.0, -762.0, 523.0, -356.0, -760.0, 523.0, 0, 204, 0
L -356.0, -760.0, 523.0, -357.0, -720.0, 523.0, 0, 204, 0
L -357.0, -720.0, 523.0, -319.0, -682.0, 523.0, 0, 204, 0
L -319.0, -682.0, 523.0, -1.0, -682.0, 443.0, 0, 204, 0
L -1.0, -682.0, 443.0, 37.0, -721.0, 443.0, 0, 204, 0
L 37.0, -721.0, 443.0, 37.0, -758.0, 443.0, 0, 204, 0
L 37.0, -758.0, 443.0, 77.0, -762.0, 443.0, 0, 204, 0
L 77.0, -762.0, 443.0, 77.0, -801.0, 443.0, 0, 204, 0
L 77.0, -801.0, 443.0, 240.0, -802.0, 443.0, 0, 204, 0
L 240.0, -802.0, 443.0, 362.0, -597.0, 453.0, 0, 204, 0
L 360.0, -38.0, 453.0, 321.0, 0.0, 443.0, 0, 0, 0
L 321.0, 0.0, 443.0, 120.0, 2.0, 443.0, 0, 0, 0
L 120.0, 2.0, 443.0, 81.0, 40.0, 443.0, 0, 0, 0
L 81.0, 40.0, 443.0, 81.0, 244.0, 423.0, 0, 0, 0
L 81.0, 244.0, 423.0, 69.0, 256.0, 423.0, 0, 0, 0
L 69.0, 256.0, 423.0, 50.0, 256.0, 423.0, 0, 0, 0
L 50.0, 256.0, 423.0, 39.0, 247.0, 423.0, 0, 0, 0
L 39.0, 247.0, 423.0, 37.0, 204.0, 430.0, 0, 0, 0
L 37.0, 204.0, 430.0, 3.0, 240.0, 423.0, 0, 0, 0
L 3.0, 240.0, 423.0, 1.0, 278.0, 423.0, 0, 0, 0
L 1.0, 278.0, 423.0, 41.0, 358.0, 436.0, 0, 0, 0
L 41.0, 358.0, 436.0, 1.0, 440.0, 427.0, 0, 0, 0
L 1.0, 440.0, 427.0, -120.0, 441.0, 410.0, 0, 0, 0
L -120.0, 441.0, 410.0, -164.0, 396.0, 403.0, 0, 0, 0
L -164.0, 396.0, 403.0, -162.0, 361.0, 405.0, 0, 0, 0
L -162.0, 361.0, 405.0, -164.0, 321.0, 391.0, 255, 0, 0
L -164.0, 321.0, 391.0, -202.0, 238.0, 365.0, 255, 0, 0
L -202.0, 238.0, 365.0, -161.0, 197.0, 363.0, 255, 0, 0
L -161.0, 197.0, 363.0, -113.0, 198.0, 360.0, 255, 0, 0
L -113.0, 198.0, 360.0, -42.0, 238.0, 353.0, 255, 0, 0
L -42.0, 238.0, 353.0, -43.0, 199.0, 358.0, 0, 0, 0
L -43.0, 199.0, 358.0, -123.0, 121.0, 360.0, 0, 0, 0
L -123.0, 121.0, 360.0, -202.0, 122.0, 363.0, 0, 0, 0
L -202.0, 122.0, 363.0, -278.0, 160.0, 363.0, 0, 0, 0
L -278.0, 160.0, 363.0, -321.0, 117.0, 384.0, 0, 0, 0
L -321.0, 117.0, 384.0, -277.0, 75.0, 362.0, 0, 0, 0
L -277.0, 75.0, 362.0, -203.0, 38.0, 362.0, 0, 0, 0
L -203.0, 38.0, 362.0, -85.0, 37.0, 362.0, 0, 0, 0
L -85.0, 37.0, 362.0, -42.0, -3.0, 382.0, 0, 0, 0
L -42.0, -3.0, 382.0, -42.0, -38.0, 368.0, 0, 0, 0
L -42.0, -38.0, 368.0, -81.0, -38.0, 362.0, 0, 0, 0
L -81.0, -38.0, 362.0, -86.0, -43.0, 363.0, 0, 0, 0
L -86.0, -43.0, 363.0, -84.0, -72.0, 368.0, 0, 0, 0
L -84.0, -72.0, 368.0, -66.0, -101.0, 368.0, 0, 0, 0
L -66.0, -101.0, 368.0, -62.0, -158.0, 363.0, 0, 0, 0
L -62.0, -158.0, 363.0, -73.0, -169.0, 368.0, 0, 0, 0
L -73.0, -169.0, 368.0, -77.0, -183.0, 368.0, 0, 0, 0
L -77.0, -183.0, 368.0, -62.0, -203.0, 369.0, 0, 0, 0
L -62.0, -203.0, 369.0, -62.0, -283.0, 368.0, 0, 0, 0
L -62.0, -283.0, 368.0, -71.0, -287.0, 368.0, 0, 0, 0
L -71.0, -287.0, 368.0, -75.0, -291.0, 368.0, 0, 0, 0
L -75.0, -291.0, 368.0, -76.0, -309.0, 368.0, 0, 0, 0
L -76.0, -309.0, 368.0, -62.0, -320.0, 368.0, 0, 0, 0
L -62.0, -320.0, 368.0, -62.0, -391.0, 368.0, 0, 0, 0
L -62.0, -391.0, 368.0, -71.0, -391.0, 368.0, 0, 0, 0
L -71.0, -391.0, 368.0, -74.0, -393.0, 368.0, 0, 0, 0
L -74.0, -393.0, 368.0, -86.0, -410.0, 368.0, 0, 0, 0
L -86.0, -410.0, 368.0, -84.0, -422.0, 368.0, 0, 0, 0
L -84.0, -422.0, 368.0, -87.0, -436.0, 363.0, 0, 0, 0
L -87.0, -436.0, 363.0, -82.0, -439.0, 363.0, 0, 0, 0
L -82.0, -439.0, 363.0, -2.0, -442.0, 362.0, 0, 0, 0
L -2.0, -442.0, 362.0, -3.0, -479.0, 362.0, 0, 0, 0
L -3.0, -479.0, 362.0, -42.0, -518.0, 362.0, 0, 0, 0
L -42.0, -518.0, 362.0, -401.0, -515.0, 369.0, 0, 0, 0
L -401.0, -515.0, 369.0, -476.0, -440.0, 362.0, 0, 0, 0
L -476.0, -440.0, 362.0, -643.0, -438.0, 326.0, 0, 0, 0
L -643.0, -438.0, 326.0, -717.0, -513.0, 289.0, 0, 0, 0
L -717.0, -513.0, 289.0, -965.0, -520.0, 202.0, 0, 0, 0
L -965.0, -520.0, 202.0, -1040.0, -558.0, 203.0, 0, 0, 0
L -1040.0, -558.0, 203.0, -1042.0, -678.0, 203.0, 0, 0, 0
L -1042.0, -678.0, 203.0, -1012.0, -711.0, 203.0, 0, 0, 0
L -1012.0, -711.0, 203.0, -1012.0, -726.0, 203.0, 0, 0, 0
L -1012.0, -726.0, 203.0, -999.0, -732.0, 203.0, 0, 0, 0
L -999.0, -732.0, 203.0, -993.0, -732.0, 203.0, 0, 0, 0
L -993.0, -732.0, 203.0, -963.0, -759.0, 203.0, 0, 0, 0
L -963.0, -759.0, 203.0, -840.0, -762.0, 203.0, 0, 0, 0
L -840.0, -762.0, 203.0, -766.0, -836.0, 203.0, 0, 0, 0
L -766.0, -836.0, 203.0, -761.0, -1002.0, 247.0, 0, 0, 0
L -761.0, -1002.0, 247.0, -724.0, -1038.0, 243.0, 0, 0, 0
L -724.0, -1038.0, 243.0, -520.0, -1042.0, 283.0, 0, 0, 0
L -520.0, -1042.0, 283.0, -442.0, -1121.0, 283.0, 0, 0, 0
L -442.0, -1121.0, 283.0, -442.0, -1214.0, 259.0, 0, 0, 0
L -442.0, -1214.0, 259.0, -442.0, -1280.0, 253.0, 0, 0, 0
L -442.0, -1280.0, 253.0, -360.0, -1405.0, 254.0, 0, 0, 0
L -360.0, -1405.0, 254.0, -322.0, -1480.0, 254.0, 0, 0, 0
L -322.0, -1480.0, 254.0, -366.0, -1606.0, 256.0, 0, 0, 0
L -366.0, -1606.0, 256.0, -402.0, -1678.0, 254.0, 0, 0, 0
L -402.0, -1678.0, 254.0, -441.0, -1717.0, 254.0, 0, 0, 0
L -441.0, -1717.0, 254.0, -681.0, -1716.0, 254.0, 0, 0, 0
L -681.0, -1716.0, 254.0, -792.0, -1642.0, 254.0, 0, 0, 0
L -792.0, -1642.0, 254.0, -837.0, -1556.0, 254.0, 0, 0, 0
L -837.0, -1556.0, 254.0, -837.0, -1402.0, 255.0, 0, 0, 0
L -837.0, -1402.0, 255.0, -798.0, -1321.0, 254.0, 0, 0, 0
L -719.0, -1242.0, 254.0, -634.0, -1280.0, 254.0, 0, 0, 0
L -634.0, -1280.0, 254.0, -560.0, -1242.0, 254.0, 0, 0, 0
L -560.0, -1242.0, 254.0, -518.0, -1160.0, 287.0, 0, 0, 0
L -518.0, -1160.0, 287.0, -555.0, -1121.0, 283.0, 0, 0, 0
L -555.0, -1121.0, 283.0, -599.0, -1117.0, 275.0, 0, 0, 0
L -599.0, -1117.0, 275.0, -761.0, -1117.0, 243.0, 0, 0, 0
L -761.0, -1117.0, 243.0, -802.0, -1170.0, 259.0, 0, 0, 0
L -802.0, -1170.0, 259.0, -802.0, -1194.0, 247.0, 0, 0, 0
L -802.0, -1194.0, 247.0, -881.0, -1277.0, 243.0, 0, 0, 0
L -881.0, -1277.0, 243.0, -1099.0, -1276.0, 254.0, 0, 0, 0
L -1099.0, -1276.0, 254.0, -1117.0, -1249.0, 247.0, 0, 0, 0
L -1117.0, -1249.0, 247.0, -1140.0, -1247.0, 248.0, 0, 0, 0
L -1140.0, -1247.0, 248.0, -1152.0, -1239.0, 250.0, 0, 0, 0
L -1152.0, -1239.0, 250.0, -1114.0, -1202.0, 247.0, 0, 0, 0
L -1114.0, -1202.0, 247.0, -920.0, -1202.0, 243.0, 0, 0, 0
L -920.0, -1202.0, 243.0, -882.0, -1165.0, 243.0, 0, 0, 0
L -882.0, -1165.0, 243.0, -877.0, -1119.0, 243.0, 0, 0, 0
L -877.0, -1119.0, 243.0, -837.0, -1038.0, 243.0, 0, 0, 0
L -837.0, -1038.0, 243.0, -838.0, -877.0, 204.0, 0, 0, 0
L -838.0, -877.0, 204.0, -878.0, -838.0, 203.0, 0, 0, 0
L -878.0, -838.0, 203.0, -958.0, -837.0, 203.0, 0, 0, 0
L -958.0, -837.0, 203.0, -981.0, -858.0, 203.0, 0, 0, 0
L -981.0, -858.0, 203.0, -1017.0, -846.0, 202.0, 0, 0, 0
L -1017.0, -846.0, 202.0, -1017.0, -839.0, 202.0, 0, 0, 0
L -1017.0, -839.0, 202.0, -1208.0, -837.0, 205.0, 139, 69, 19
L -1208.0, -837.0, 205.0, -1213.0, -852.0, 202.0, 0, 0, 0
L -1213.0, -852.0, 202.0, -1223.0, -853.0, 202.0, 0, 0, 0
L -1223.0, -853.0, 202.0, -1238.0, -838.0, 203.0, 0, 0, 0
L -1238.0, -838.0, 203.0, -1561.0, -838.0, 43.0, 0, 0, 0
L -1561.0, -838.0, 43.0, -1641.0, -917.0, 43.0, 0, 0, 0
L -1641.0, -917.0, 43.0, -1759.0, -917.0, 43.0, 0, 0, 0
L -1759.0, -917.0, 43.0, -1837.0, -838.0, 43.0, 0, 0, 0
L -1837.0, -838.0, 43.0, -1837.0, -760.0, 43.0, 0, 0, 0
L -1837.0, -760.0, 43.0, -1757.0, -681.0, 43.0, 0, 0, 0
L -1757.0, -681.0, 43.0, -1757.0, -513.0, 43.0, 0, 0, 0
L -1757.0, -513.0, 43.0, -1742.0, -512.0, 43.0, 0, 0, 0
L -1742.0, -512.0, 43.0, -1737.0, -448.0, 43.0, 0, 0, 0
L -1737.0, -448.0, 43.0, -1757.0, -448.0, 43.0, 0, 0, 0
L -1757.0, -448.0, 43.0, -1752.0, -437.0, 42.0, 0, 0, 0
L -1752.0, -437.0, 42.0, -1762.0, -430.0, 23.0, 0, 0, 0
L -1762.0, -430.0, 23.0, -1791.0, -372.0, 29.0, 0, 0, 0
L -1791.0, -372.0, 29.0, -1760.0, -325.0, 23.0, 0, 0, 0
L -1760.0, -325.0, 23.0, -1744.0, -324.0, 23.0, 0, 0, 0
L -1744.0, -324.0, 23.0, -1732.0, -330.0, 23.0, 0, 0, 0
L -1732.0, -330.0, 23.0, -1731.0, -134.0, 27.0, 139, 69, 19
L -1731.0, -134.0, 27.0, -1729.0, -124.0, 28.0, 139, 69, 19
L -1729.0, -124.0, 28.0, -1723.0, -106.0, 19.0, 139, 69, 19
L -1723.0, -106.0, 19.0, -1708.0, -87.0, 23.0, 139, 69, 19
L -1708.0, -87.0, 23.0, -1721.0, -52.0, 23.0, 139, 69, 19
L -1721.0, -52.0, 23.0, -1738.0, -36.0, 19.0, 139, 69, 19
L -1738.0, -36.0, 19.0, -1767.0, -26.0, 11.0, 139, 69, 19
L -1767.0, -26.0, 11.0, -1800.0, -5.0, 7.0, 139, 69, 19
L -1800.0, -5.0, 7.0, -1831.0, -12.0, 4.0, 139, 69, 19
L -1831.0, -12.0, 4.0, -1835.0, 7.0, 4.0, 139, 69, 19
L -1835.0, 7.0, 4.0, -1784.0, 25.0, 9.0, 139, 69, 19
L -1784.0, 25.0, 9.0, -1742.0, 26.0, 14.0, 139, 69, 19
L -1742.0, 26.0, 14.0, -1696.0, -6.0, 20.0, 139, 69, 19
L -1696.0, -6.0, 20.0, -1678.0, -10.0, 25.0, 139, 69, 19
L -1678.0, -10.0, 25.0, -1648.0, -37.0, 25.0, 139, 69, 19
L -1648.0, -37.0, 25.0, -1641.0, -73.0, 23.0, 139, 69, 19
L -1641.0, -73.0, 23.0, -1665.0, -120.0, 22.0, 139, 69, 19
L -1665.0, -120.0, 22.0, -1668.0, -134.0, 27.0, 139, 69, 19
L 512.0, -1362.0, 683.0, 523.0, -1358.0, 683.0, 0, 204, 0
L 523.0, -1358.0, 683.0, 561.0, -1321.0, 683.0, 0, 204, 0
L 561.0, -1321.0, 683.0, 521.0, -1277.0, 677.0, 0, 204, 0
L 521.0, -1277.0, 677.0, 521.0, -1238.0, 675.0, 0, 204, 0
L 521.0, -1238.0, 675.0, 485.0, -1237.0, 671.0, 0, 204, 0
L 485.0, -1237.0, 671.0, 443.0, -1158.0, 680.0, 0, 204, 0
L 443.0, -1158.0, 680.0, 477.0, -1125.0, 681.0, 0, 204, 0
L 477.0, -1125.0, 681.0, 558.0, -1122.0, 678.0, 0, 204, 0
L 558.0, -1122.0, 678.0, 637.0, -1085.0, 687.0, 0, 204, 0
L 637.0, -1085.0, 687.0, 676.0, -1159.0, 674.0, 0, 204, 0
L 676.0, -1159.0, 674.0, 639.0, -1196.0, 670.0, 0, 204, 0
L 639.0, -1196.0, 670.0, 676.0, -1279.0, 677.0, 0, 204, 0
L 676.0, -1279.0, 677.0, 639.0, -1316.0, 681.0, 0, 204, 0
L 639.0, -1316.0, 681.0, 636.0, -1359.0, 683.0, 0, 204, 0
L 636.0, -1359.0, 683.0, 558.0, -1437.0, 683.0, 0, 204, 0
L 558.0, -1437.0, 683.0, 513.0, -1437.0, 683.0, 0, 204, 0
L 513.0, -1437.0, 683.0, 507.0, -1428.0, 683.0, 0, 204, 0
L 507.0, -1428.0, 683.0, 484.0, -1428.0, 683.0, 0, 204, 0
L 484.0, -1428.0, 683.0, 480.0, -1434.0, 683.0, 0, 204, 0
L 480.0, -1434.0, 683.0, 396.0, -1438.0, 643.0, 0, 204, 0
L 396.0, -1438.0, 643.0, 356.0, -1481.0, 646.0, 0, 204, 0
L 356.0, -1481.0, 646.0, 434.0, -1558.0, 682.0, 0, 204, 0
L 434.0, -1558.0, 682.0, 437.0, -1633.0, 683.0, 0, 204, 0
L 437.0, -1633.0, 683.0, 399.0, -1676.0, 683.0, 0, 204, 0
L 399.0, -1676.0, 683.0, 357.0, -1679.0, 683.0, 0, 204, 0
L 357.0, -1679.0, 683.0, 319.0, -1713.0, 683.0, 0, 204, 0
L 319.0, -1713.0, 683.0, 282.0, -1715.0, 683.0, 0, 204, 0
L 282.0, -1715.0, 683.0, 247.0, -1685.0, 687.0, 0, 204, 0
L 247.0, -1685.0, 687.0, 244.0, -1602.0, 687.0, 139, 69, 19
L 244.0, -1602.0, 687.0, 274.0, -1602.0, 683.0, 0, 204, 0
L 274.0, -1602.0, 683.0, 321.0, -1561.0, 683.0, 0, 204, 0
L 321.0, -1561.0, 683.0, 281.0, -1518.0, 664.0, 0, 204, 0
L 281.0, -1518.0, 664.0, 281.0, -1440.0, 643.0, 0, 204, 0
L 281.0, -1440.0, 643.0, 361.0, -1362.0, 643.0, 0, 204, 0
L 361.0, -1362.0, 643.0, 479.0, -1363.0, 683.0, 0, 204, 0
L 479.0, -1363.0, 683.0, 483.0, -1367.0, 683.0, 0, 204, 0
L 483.0, -1367.0, 683.0, 508.0, -1370.0, 683.0, 0, 204, 0
L 508.0, -1370.0, 683.0, 512.0, -1362.0, 683.0, 0, 204, 0
L -1324.0, -1597.0, 683.0, -1328.0, -1589.0, 683.0, 0, 204, 0
L -1328.0, -1589.0, 683.0, -1351.0, -1587.0, 683.0, 0, 204, 0
L -1351.0, -1587.0, 683.0, -1355.0, -1595.0, 683.0, 0, 204, 0
L -1355.0, -1595.0, 683.0, -1399.0, -1597.0, 683.0, 0, 204, 0
L -1399.0, -1597.0, 683.0, -1477.0, -1517.0, 683.0, 0, 204, 0
L -1477.0, -1517.0, 683.0, -1476.0, -1280.0, 763.0, 0, 204, 0
L -1476.0, -1280.0, 763.0, -1397.0, -1202.0, 763.0, 0, 204, 0
L -1397.0, -1202.0, 763.0, -1363.0, -1202.0, 763.0, 0, 204, 0
L -1363.0, -1202.0, 763.0, -1357.0, -1193.0, 763.0, 0, 204, 0
L -1357.0, -1193.0, 763.0, -1357.0, -1167.0, 764.0, 0, 204, 0
L -1357.0, -1167.0, 764.0, -1320.0, -1123.0, 763.0, 0, 204, 0
L -1320.0, -1123.0, 763.0, -1242.0, -1122.0, 764.0, 0, 204, 0
L -1242.0, -1122.0, 764.0, -1196.0, -1084.0, 764.0, 0, 204, 0
L -1196.0, -1084.0, 764.0, -1160.0, -1084.0, 763.0, 0, 204, 0
L -1160.0, -1084.0, 763.0, -1122.0, -1166.0, 767.0, 0, 204, 0
L -1122.0, -1166.0, 767.0, -1126.0, -1192.0, 767.0, 0, 204, 0
L -1126.0, -1192.0, 767.0, -1161.0, -1277.0, 763.0, 0, 204, 0
L -1161.0, -1277.0, 763.0, -1122.0, -1321.0, 763.0, 0, 204, 0
L -1122.0, -1321.0, 763.0, -1122.0, -1358.0, 763.0, 0, 204, 0
L -1122.0, -1358.0, 763.0, -1165.0, -1380.0, 779.0, 0, 204, 0
L -1165.0, -1380.0, 779.0, -1197.0, -1396.0, 765.0, 0, 204, 0
L -1197.0, -1396.0, 765.0, -1231.0, -1397.0, 765.0, 0, 204, 0
L -1231.0, -1397.0, 765.0, -1276.0, -1321.0, 763.0, 0, 204, 0
L -1276.0, -1321.0, 763.0, -1355.0, -1274.0, 763.0, 0, 204, 0
L -1355.0, -1274.0, 763.0, -1399.0, -1315.0, 763.0, 0, 204, 0
L -1399.0, -1315.0, 763.0, -1399.0, -1483.0, 683.0, 0, 204, 0
L -1399.0, -1483.0, 683.0, -1363.0, -1519.0, 683.0, 0, 204, 0
L -1363.0, -1519.0, 683.0, -1358.0, -1522.0, 683.0, 0, 204, 0
L -1358.0, -1522.0, 683.0, -1353.0, -1530.0, 683.0, 0, 204, 0
L -1353.0, -1530.0, 683.0, -1329.0, -1531.0, 683.0, 0, 204, 0
L -1329.0, -1531.0, 683.0, -1328.0, -1527.0, 683.0, 0, 204, 0
L -1328.0, -1527.0, 683.0, -1162.0, -1522.0, 683.0, 0, 204, 0
L -1162.0, -1522.0, 683.0, -1123.0, -1559.0, 683.0, 0, 204, 0
L -1123.0, -1559.0, 683.0, -1040.0, -1562.0, 683.0, 0, 204, 0
L -1040.0, -1562.0, 683.0, -1002.0, -1600.0, 683.0, 0, 204, 0
L -1002.0, -1600.0, 683.0, -960.0, -1602.0, 683.0, 0, 204, 0
L -960.0, -1602.0, 683.0, -927.0, -1635.0, 683.0, 0, 204, 0
L -927.0, -1635.0, 683.0, -997.0, -1635.0, 683.0, 0, 204, 0
L -997.0, -1635.0, 683.0, -1025.0, -1656.0, 683.0, 0, 204, 0
L -1025.0, -1656.0, 683.0, -1096.0, -1656.0, 683.0, 139, 69, 19
L -1096.0, -1656.0, 683.0, -1116.0, -1638.0, 683.0, 0, 204, 0
L -1116.0, -1638.0, 683.0, -1156.0, -1633.0, 683.0, 0, 204, 0
L -1156.0, -1633.0, 683.0, -1184.0, -1608.0, 683.0, 0, 204, 0
L -1184.0, -1608.0, 683.0, -1237.0, -1594.0, 683.0, 0, 204, 0
L -1237.0, -1594.0, 683.0, -1281.0, -1634.0, 683.0, 0, 204, 0
L -1281.0, -1634.0, 683.0, -1319.0, -1597.0, 683.0, 0, 204, 0
L -1319.0, -1597.0, 683.0, -1324.0, -1596.0, 683.0, 0, 204, 0
L -1324.0, -1596.0, 683.0, -1328.0, -1593.0, 683.0, 0, 204, 0
L -115.0, -762.0, 443.0, -72.0, -762.0, 443.0, 0, 204, 0
L -72.0, -762.0, 443.0, -73.0, -751.0, 443.0, 0, 204, 0
L -73.0, -751.0, 443.0, -245.0, -750.0, 523.0, 0, 204, 0
L -245.0, -750.0, 523.0, -248.0, -764.0, 523.0, 0, 204, 0
L -248.0, -764.0, 523.0, -282.0, -799.0, 523.0, 0, 204, 0
L -282.0, -799.0, 523.0, -282.0, -880.0, 523.0, 0, 204, 0
L -282.0, -880.0, 523.0, -247.0, -916.0, 523.0, 0, 204, 0
L -247.0, -916.0, 523.0, -247.0, -928.0, 523.0, 0, 204, 0
L -247.0, -928.0, 523.0, -74.0, -929.0, 443.0, 0, 204, 0
L -74.0, -929.0, 443.0, -73.0, -916.0, 443.0, 0, 204, 0
L -73.0, -916.0, 443.0, -115.0, -917.0, 443.0, 0, 204, 0
L -115.0, -917.0, 443.0, -78.0, -880.0, 443.0, 0, 204, 0
L -78.0, -880.0, 443.0, -78.0, -800.0, 443.0, 0, 204, 0
L -78.0, -800.0, 443.0, -115.0, -762.0, 443.0, 0, 204, 0
L -1892.0, 190.0, 4.0, -1997.0, 119.0, 3.0, 240, 83, 0
L -1128.0, -976.0, 229.0, -1128.0, -938.0, 183.0, 240, 83, 0
L -798.0, -1321.0, 254.0, -719.0, -1242.0, 254.0, 0, 0, 0
L -1096.0, -1656.0, 683.0, -1096.0, -1740.0, 683.0, 139, 69, 19
L -1096.0, -1740.0, 683.0, -1078.0, -1721.0, 683.0, 150, 150, 150
L -1096.0, -1740.0, 683.0, -1096.0, -1787.0, 683.0, 139, 69, 19
L -1096.0, -1787.0, 683.0, -1025.0, -1787.0, 683.0, 139, 69, 19
L -1025.0, -1656.0, 683.0, -1025.0, -1737.0, 683.0, 139, 69, 19
L -1025.0, -1737.0, 683.0, -1004.0, -1757.0, 683.0, 0, 204, 0
L -1025.0, -1737.0, 683.0, -1025.0, -1787.0, 683.0, 139, 69, 19
L -839.0, -361.0, 209.0, -847.0, -355.0, 178.0, 240, 83, 0
L -847.0, -355.0, 178.0, -861.0, -341.0, 176.0, 240, 83, 0
L 106.0, -1685.0, 687.0, 106.0, -1602.0, 687.0, 139, 69, 19
L 112.0, -1560.0, 687.0, 148.0, -1594.0, 687.0, 0, 204, 0
L 158.0, -1797.0, 687.0, 123.0, -1797.0, 687.0, 0, 204, 0
L 123.0, -1797.0, 687.0, 42.0, -1719.0, 687.0, 0, 204, 0
L 36.0, -1561.0, 683.0, 112.0, -1560.0, 687.0, 0, 204, 0
L 196.0, -1759.0, 687.0, 158.0, -1797.0, 687.0, 0, 204, 0
L 247.0, -1685.0, 687.0, 164.0, -1685.0, 687.0, 139, 69, 19
L 244.0, -1602.0, 687.0, 148.0, -1602.0, 687.0, 139, 69, 19
L 191.0, -1715.0, 687.0, 196.0, -1759.0, 687.0, 0, 204, 0
L 148.0, -1594.0, 687.0, 148.0, -1602.0, 687.0, 0, 204, 0
L 164.0, -1685.0, 687.0, 106.0, -1685.0, 687.0, 139, 69, 19
L 148.0, -1602.0, 687.0, 106.0, -1602.0, 687.0, 139, 69, 19
L 148.0, -1602.0, 687.0, 148.0, -1667.0, 687.0, 150, 150, 150
L 191.0, -1715.0, 687.0, 164.0, -1685.0, 687.0, 0, 204, 0
L 155.0, -1675.0, 687.0, 148.0, -1667.0, 687.0, 150, 150, 150
L 164.0, -1685.0, 687.0, 155.0, -1675.0, 687.0, 150, 150, 150
L 796.0, -122.0, 453.0, 797.0, -281.0, 453.0, 0, 0, 0
L 479.0, -518.0, 453.0, 477.0, -600.0, 453.0, 0, 0, 0
L 796.0, -359.0, 453.0, 796.0, -518.0, 453.0, 0, 0, 0
L 284.0, -518.0, 453.0, 230.0, -467.0, 453.0, 0, 0, 0
L 359.0, -122.0, 453.0, 360.0, -38.0, 453.0, 0, 0, 0
L 230.0, -467.0, 453.0, 161.0, -398.0, 453.0, 0, 0, 0
L 161.0, -241.0, 453.0, 280.0, -122.0, 453.0, 0, 0, 0
L 362.0, -597.0, 453.0, 360.0, -518.0, 453.0, 0, 0, 0
L 161.0, -398.0, 453.0, 161.0, -241.0, 453.0, 0, 0, 0
L 796.0, -122.0, 453.0, 476.0, -122.0, 453.0, 0, 0, 0
L 359.0, -122.0, 453.0, 280.0, -122.0, 453.0, 0, 0, 0
L 476.0, -41.0, 453.0, 476.0, -122.0, 453.0, 0, 0, 0
L 796.0, -518.0, 453.0, 479.0, -518.0, 453.0, 0, 0, 0
L 360.0, -518.0, 453.0, 284.0, -518.0, 453.0, 0, 0, 0
L -1433.7, -63.1, -85.4, -1419.1, -58.3, -80.0, 127, 0, 0
L -1419.1, -58.3, -80.0, -1417.2, -58.3, -80.0, 127, 0, 0
L -1417.2, -58.3, -80.0, -1415.4, -58.4, -80.0, 127, 0, 0
L -1415.4, -58.4, -80.0, -1413.5, -58.7, -80.0, 127, 0, 0
L -1413.5, -58.7, -80.0, -1411.8, -59.2, -80.0, 127, 0, 0
L -1411.8, -59.2, -80.0, -1407.8, -60.4, -80.0, 127, 0, 0
L -1407.8, -60.4, -80.0, -1406.5, -61.5, -80.0, 127, 0, 0
L -1406.5, -61.5, -80.0, -1399.0, -67.9, -80.0, 127, 0, 0
L -1399.0, -67.9, -80.0, -1397.5, -69.2, -80.0, 127, 0, 0
L -1397.5, -69.2, -80.0, -1396.0, -69.9, -80.0, 127, 0, 0
L -1396.0, -69.9, -80.0, -1379.1, -78.4, -80.0, 127, 0, 0
L -1379.1, -78.4, -80.0, -1377.2, -78.4, -80.0, 127, 0, 0
L -1377.2, -78.4, -80.0, -1356.9, -78.6, -80.0, 127, 0, 0
L -1356.9, -78.6, -80.0, -1355.1, -78.9, -80.0, 127, 0, 0
L -1355.1, -78.9, -80.0, -1351.2, -79.6, -80.0, 127, 0, 0
L -1351.2, -79.6, -80.0, -1341.6, -82.0, -80.0, 127, 0, 0
L -1341.6, -82.0, -80.0, -1334.4, -84.1, -80.0, 127, 0, 0
L -1334.4, -84.1, -80.0, -1334.0, -85.8, -80.0, 127, 0, 0
L -1334.0, -85.8, -80.0, -1333.6, -88.2, -80.0, 127, 0, 0
L -1333.6, -88.2, -80.0, -1333.2, -90.1, -80.0, 127, 0, 0
L -1333.2, -90.1, -80.0, -1332.7, -92.5, -80.0, 127, 0, 0
L -1332.7, -92.5, -80.0, -1332.3, -94.4, -80.0, 127, 0, 0
L -1332.3, -94.4, -80.0, -1331.8, -96.9, -80.0, 127, 0, 0
L -1331.8, -96.9, -80.0, -1331.5, -98.7, -80.0, 127, 0, 0
L -1331.5, -98.7, -80.0, -1331.0, -100.9, -80.0, 127, 0, 0
L -1331.0, -100.9, -80.0, -1330.7, -102.6, -80.0, 127, 0, 0
L -1330.7, -102.6, -80.0, -1330.3, -104.8, -80.0, 127, 0, 0
L -1330.3, -104.8, -80.0, -1329.9, -106.5, -80.0, 127, 0, 0
L -1329.9, -106.5, -80.0, -1329.0, -108.1, -80.0, 127, 0, 0
L -1329.0, -108.1, -80.0, -1327.7, -109.5, -80.0, 127, 0, 0
L -1327.7, -109.5, -80.0, -1316.9, -120.4, -79.9, 127, 0, 0
L -1316.9, -120.4, -79.9, -1315.6, -121.9, -79.6, 127, 0, 0
L -1315.6, -121.9, -79.6, -1314.4, -123.5, -79.3, 127, 0, 0
L -1314.4, -123.5, -79.3, -1310.9, -128.1, -78.3, 127, 0, 0
L -1310.9, -128.1, -78.3, -1311.3, -129.9, -78.0, 127, 0, 0
L -1311.3, -129.9, -78.0, -1311.7, -131.6, -77.7, 127, 0, 0
L -1311.7, -131.6, -77.7, -1312.1, -133.3, -77.3, 127, 0, 0
L -1312.1, -133.3, -77.3, -1312.6, -135.3, -76.9, 127, 0, 0
L -1312.6, -135.3, -76.9, -1317.9, -157.5, -72.4, 127, 0, 0
L -1317.9, -157.5, -72.4, -1317.9, -159.3, -72.0, 127, 0, 0
L -1317.9, -159.3, -72.0, -1318.4, -201.3, -46.8, 127, 0, 0
L -1318.4, -201.3, -46.8, -1319.5, -202.7, -41.1, 127, 0, 0
L -1319.5, -202.7, -41.1, -1325.9, -210.7, -28.6, 127, 0, 0
L -1325.9, -210.7, -28.6, -1327.8, -211.3, -21.3, 127, 0, 0
L -1327.8, -211.3, -21.3, -1329.4, -212.1, -16.9, 127, 0, 0
L -1329.4, -212.1, -16.9, -1330.8, -213.4, -15.5, 127, 0, 0
L -1330.8, -213.4, -15.5, -1352.0, -234.7, 35.8, 127, 0, 0
L -1352.0, -234.7, 35.8, -1373.1, -255.8, 26.4, 127, 0, 0
L -1373.1, -255.8, 26.4, -1391.4, -274.2, 26.4, 127, 0, 0
L -1391.4, -274.2, 26.4, -1392.3, -275.8, 26.4, 127, 0, 0
L -1392.3, -275.8, 26.4, -1397.3, -284.5, 26.4, 127, 0, 0
L -1397.3, -284.5, 26.4, -1397.9, -286.4, 26.3, 127, 0, 0
L -1397.9, -286.4, 26.3, -1397.9, -288.3, 26.3, 127, 0, 0
L -1397.9, -288.3, 26.3, -1397.4, -310.5, 32.0, 127, 0, 0
L -1397.4, -310.5, 32.0, -1396.9, -312.4, 33.6, 127, 0, 0
L -1396.9, -312.4, 33.6, -1396.4, -313.9, 34.9, 127, 0, 0
L -1396.4, -313.9, 34.9, -1395.8, -315.7, 36.2, 127, 0, 0
L -1395.8, -315.7, 36.2, -1395.2, -317.2, 37.6, 127, 0, 0
L -1395.2, -317.2, 37.6, -1394.6, -319.0, 39.1, 127, 0, 0
L -1394.6, -319.0, 39.1, -1393.9, -320.6, 40.0, 127, 0, 0
L -1393.9, -320.6, 40.0, -1392.8, -323.3, 40.0, 127, 0, 0
L -1392.8, -323.3, 40.0, -1391.1, -327.6, 40.1, 127, 0, 0
L -1391.1, -327.6, 40.1, -1394.7, -336.6, 40.1, 127, 0, 0
L -1394.7, -336.6, 40.1, -1397.8, -344.6, 40.2, 127, 0, 0
L -1397.8, -344.6, 40.2, -1397.9, -346.4, 40.2, 127, 0, 0
L -1397.9, -346.4, 40.2, -1397.4, -399.6, 40.4, 127, 0, 0
L -1397.4, -399.6, 40.4, -1396.1, -401.0, 40.5, 127, 0, 0
L -1396.1, -401.0, 40.5, -1388.3, -408.7, 40.5, 127, 0, 0
L -1388.3, -408.7, 40.5, -1387.0, -409.9, 40.5, 127, 0, 0
L -1387.0, -409.9, 40.5, -1384.3, -412.2, 40.5, 127, 0, 0
L -1384.3, -412.2, 40.5, -1376.9, -418.8, 40.6, 127, 0, 0
L -1376.9, -418.8, 40.6, -1375.7, -420.3, 40.6, 127, 0, 0
L -1375.7, -420.3, 40.6, -1369.4, -427.7, 40.7, 127, 0, 0
L -1369.4, -427.7, 40.7, -1368.0, -429.1, 40.7, 127, 0, 0
L -1368.0, -429.1, 40.7, -1346.8, -450.2, 40.8, 127, 0, 0
L -1346.8, -450.2, 40.8, -1318.8, -478.2, 41.1, 127, 0, 0
L -1318.8, -478.2, 41.1, -1316.9, -478.2, 41.1, 127, 0, 0
L -1316.9, -478.2, 41.1, -1235.4, -478.3, 41.5, 127, 0, 0
L -1235.4, -478.3, 41.5, -1234.7, -480.1, 41.5, 127, 0, 0
L -1234.7, -480.1, 41.5, -1233.5, -483.5, 41.5, 127, 0, 0
L -1233.5, -483.5, 41.5, -1232.2, -484.9, 41.5, 127, 0, 0
L -1232.2, -484.9, 41.5, -1225.2, -491.9, 41.5, 127, 0, 0
L -1225.2, -491.9, 41.5, -1196.8, -520.3, 41.5, 127, 0, 0
L -1196.8, -520.3, 41.5, -1196.1, -522.1, 41.5, 127, 0, 0
L -1196.1, -522.1, 41.5, -1195.5, -523.8, 41.5, 127, 0, 0
L -1195.5, -523.8, 41.5, -1194.9, -525.6, 41.5, 127, 0, 0
L -1194.9, -525.6, 41.5, -1194.0, -527.4, 41.5, 127, 0, 0
L -1194.0, -527.4, 41.5, -1189.6, -536.1, 41.5, 127, 0, 0
L -1189.6, -536.1, 41.5, -1179.9, -555.4, 41.5, 127, 0, 0
L -1179.9, -555.4, 41.5, -1171.9, -571.5, 41.5, 127, 0, 0
L -1156.5, -445.1, 41.5, -1168.9, -432.7, 40.0, 127, 0, 0
L -1168.9, -432.7, 40.0, -1190.1, -411.5, 40.0, 127, 0, 0
L -1190.1, -411.5, 40.0, -1200.2, -401.4, 40.0, 127, 0, 0
L -1200.2, -401.4, 40.0, -1202.1, -401.4, 40.0, 127, 0, 0
L -1202.1, -401.4, 40.0, -1212.0, -401.4, 40.0, 127, 0, 0
L -1212.0, -401.4, 40.0, -1241.9, -401.4, 40.0, 127, 0, 0
L -1241.9, -401.4, 40.0, -1249.5, -401.0, 40.0, 127, 0, 0
L -1249.5, -401.0, 40.0, -1254.6, -400.5, 40.0, 127, 0, 0
L -1254.6, -400.5, 40.0, -1255.8, -399.0, 40.0, 127, 0, 0
L -1255.8, -399.0, 40.0, -1257.7, -396.6, 40.0, 127, 0, 0
L -1257.7, -396.6, 40.0, -1263.0, -389.8, 40.0, 127, 0, 0
L -1263.0, -389.8, 40.0, -1264.6, -389.1, 40.0, 127, 0, 0
L -1264.6, -389.1, 40.0, -1291.4, -375.7, 40.0, 127, 0, 0
L -1291.4, -375.7, 40.0, -1320.8, -360.9, 40.0, 127, 0, 0
L -1320.8, -360.9, 40.0, -1322.4, -359.9, 40.0, 127, 0, 0
L -1322.4, -359.9, 40.0, -1324.0, -358.8, 40.0, 127, 0, 0
L -1324.0, -358.8, 40.0, -1325.4, -357.6, 40.0, 127, 0, 0
L -1325.4, -357.6, 40.0, -1326.7, -356.6, 40.0, 127, 0, 0
L -1326.7, -356.6, 40.0, -1329.1, -354.4, 40.0, 127, 0, 0
L -1329.1, -354.4, 40.0, -1330.3, -353.2, 40.0, 127, 0, 0
L -1330.3, -353.2, 40.0, -1331.5, -352.0, 40.0, 127, 0, 0
L -1331.5, -352.0, 40.0, -1332.5, -350.8, 40.0, 127, 0, 0
L -1332.5, -350.8, 40.0, -1335.9, -346.9, 40.0, 127, 0, 0
L -1335.9, -346.9, 40.0, -1329.5, -339.4, 40.0, 127, 0, 0
L -1329.5, -339.4, 40.0, -1322.0, -330.6, 40.0, 127, 0, 0
L -1322.0, -330.6, 40.0, -1321.0, -329.0, 40.0, 127, 0, 0
L -1321.0, -329.0, 40.0, -1321.0, -327.3, 40.0, 127, 0, 0
L -1321.0, -327.3, 40.0, -1320.6, -316.4, 38.5, 127, 0, 0
L -1320.6, -316.4, 38.5, -1320.1, -314.6, 37.7, 127, 0, 0
L -1320.1, -314.6, 37.7, -1319.6, -312.7, 37.7, 127, 0, 0
L -1319.6, -312.7, 37.7, -1318.9, -310.0, 37.6, 127, 0, 0
L -1318.9, -310.0, 37.6, -1317.7, -308.4, 35.4, 127, 0, 0
L -1317.7, -308.4, 35.4, -1316.4, -307.0, 34.2, 127, 0, 0
L -1316.4, -307.0, 34.2, -1315.1, -305.6, 33.2, 127, 0, 0
L -1315.1, -305.6, 33.2, -1308.0, -298.7, 29.6, 127, 0, 0
L -1308.0, -298.7, 29.6, -1306.1, -296.9, 28.8, 127, 0, 0
L -1306.1, -296.9, 28.8, -1304.6, -295.9, 27.3, 127, 0, 0
L -1304.6, -295.9, 27.3, -1296.5, -290.4, 22.2, 127, 0, 0
L -1296.5, -290.4, 22.2, -1283.2, -281.4, 14.9, 127, 0, 0
L -1283.2, -281.4, 14.9, -1281.8, -280.0, 14.0, 127, 0, 0
L -1281.8, -280.0, 14.0, -1244.2, -242.4, 44.4, 127, 0, 0
L -1244.2, -242.4, 44.4, -1243.1, -241.1, 46.4, 127, 0, 0
L -1243.1, -241.1, 46.4, -1241.9, -239.6, 48.6, 127, 0, 0
L -1481.0, 29.7, -119.8, -1481.0, -64.2, -118.9, 127, 0, 0
L -1478.7, 37.7, -97.7, -1475.2, 36.1, -88.7, 127, 0, 0
L -1475.2, 36.1, -88.7, -1473.4, 35.2, -88.8, 127, 0, 0
L -1473.4, 35.2, -88.8, -1446.7, 21.9, -90.5, 127, 0, 0
L -1446.7, 21.9, -90.5, -1419.8, 8.4, -80.1, 127, 0, 0
L -1419.8, 8.4, -80.1, -1418.1, 7.8, -80.0, 127, 0, 0
L -1418.1, 7.8, -80.0, -1412.9, 6.0, -80.0, 127, 0, 0
L -1412.9, 6.0, -80.0, -1411.0, 5.9, -80.0, 127, 0, 0
L -1411.0, 5.9, -80.0, -1401.1, 4.7, -80.0, 127, 0, 0
L -1401.1, 4.7, -80.0, -1399.4, 4.4, -80.0, 127, 0, 0
L -1399.4, 4.4, -80.0, -1369.2, -1.6, -80.0, 127, 0, 0
L -1369.2, -1.6, -80.0, -1367.3, -1.6, -80.0, 127, 0, 0
L -1367.3, -1.6, -80.0, -1357.5, -1.6, -80.0, 127, 0, 0
L -1357.5, -1.6, -80.0, -1325.2, -1.6, -80.0, 127, 0, 0
L -1325.2, -1.6, -80.0, -1323.3, -2.1, -80.0, 127, 0, 0
L -1323.3, -2.1, -80.0, -1318.1, -3.6, -80.0, 127, 0, 0
L -1318.1, -3.6, -80.0, -1316.7, -5.0, -80.0, 127, 0, 0
L -1316.7, -5.0, -80.0, -1295.5, -26.2, -79.9, 127, 0, 0
L -1295.5, -26.2, -79.9, -1274.4, -47.3, -80.0, 127, 0, 0
L -1274.4, -47.3, -80.0, -1253.3, -68.4, -80.0, 127, 0, 0
L -1253.3, -68.4, -80.0, -1241.1, -80.7, -80.0, 127, 0, 0
L -1241.1, -80.7, -80.0, -1241.1, -82.6, -80.0, 127, 0, 0
L -1241.1, -82.6, -80.0, -1241.5, -239.7, -0.9, 127, 0, 0
L -1241.5, -239.7, -0.9, -1242.9, -241.1, 2.2, 127, 0, 0
L -1242.9, -241.1, 2.2, -1244.0, -242.2, 2.1, 127, 0, 0
L 921.8, -291.5, 461.5, 921.8, -348.1, 461.3, 255, 255, 0
L 33.6, -1466.7, 440.2, 33.4, -1412.1, 440.2, 205, 133, 63
L 23.3, -1412.1, 440.2, 23.4, -1466.7, 440.2, 205, 133, 63
L -267.2, -1746.5, 600.2, -212.5, -1746.5, 600.2, 255, 255, 0
L -212.5, -1736.4, 600.2, -267.2, -1736.3, 600.2, 255, 255, 0
L -572.5, -1793.7, 600.2, -627.2, -1793.7, 600.2, 255, 255, 0
L -627.2, -1803.8, 600.2, -572.5, -1803.8, 600.2, 255, 255, 0
L -1336.8, -1586.7, 680.1, -1336.8, -1532.1, 680.1, 205, 133, 63
L -1346.9, -1532.1, 680.1, -1346.9, -1586.7, 680.1, 205, 133, 63
L -268.7, -1292.1, 600.2, -268.7, -1346.8, 600.2, 255, 255, 0
L -258.6, -1346.8, 600.2, -258.6, -1292.1, 600.2, 255, 255, 0
L 491.8, -1426.8, 680.1, 491.7, -1372.1, 680.1, 205, 133, 63
L 501.9, -1372.1, 680.1, 501.9, -1426.8, 680.1, 205, 133, 63
L 1186.9, 1028.5, 280.3, 1132.2, 1028.5, 280.3, 205, 133, 63
L 1132.2, 1018.4, 280.3, 1186.9, 1018.4, 280.3, 205, 133, 63
L 1027.0, 672.3, 280.3, 972.3, 672.3, 280.3, 205, 133, 63
L 972.3, 662.2, 280.3, 1027.0, 662.2, 280.3, 205, 133, 63
L 1283.1, 599.8, 294.7, 1319.5, 636.1, 294.7, 255, 0, 0
L 1319.5, 636.1, 294.7, 1356.1, 599.4, 294.7, 255, 0, 0
L 1356.1, 599.4, 294.7, 1399.4, 636.1, 294.7, 255, 0, 0
L 1399.4, 636.1, 294.7, 1436.9, 598.7, 294.7, 255, 0, 0
L 1436.9, 598.7, 294.7, 1436.9, 560.4, 294.7, 255, 0, 0
L 1436.9, 560.4, 294.7, 1398.7, 484.2, 294.7, 255, 0, 0
L 1397.3, 638.2, 162.6, 1357.3, 718.3, 160.4, 255, 0, 0
L 1357.3, 718.3, 160.4, 1356.9, 797.1, 160.4, 255, 0, 0
L 1356.9, 797.1, 160.4, 1281.1, 797.1, 160.4, 255, 0, 0
L 1281.1, 797.1, 160.4, 1242.1, 719.1, 160.4, 255, 0, 0
L 1242.1, 719.1, 160.4, 1242.1, 640.8, 160.4, 255, 0, 0
L 1242.1, 640.8, 160.4, 1287.4, 595.5, 131.0, 255, 0, 0
L -163.9, 358.5, 399.9, -157.4, 357.3, 347.6, 255, 0, 0
L -157.4, 357.3, 347.6, -121.0, 357.3, 347.6, 255, 0, 0
L -121.0, 357.3, 347.6, -93.4, 329.0, 344.9, 255, 0, 0
L -93.4, 329.0, 344.9, -42.5, 234.0, 350.8, 255, 0, 0
L -12.6, 322.4, 441.7, -12.6, 348.8, 441.7, 255, 0, 0
L -12.6, 348.8, 441.7, -31.0, 367.2, 441.7, 255, 0, 0
L -31.0, 367.2, 441.7, -89.5, 367.3, 441.2, 255, 0, 0
L -89.5, 367.3, 441.2, -113.0, 359.4, 433.1, 255, 0, 0
L -81.3, 324.1, 433.8, -72.9, 349.1, 440.8, 255, 0, 0
L -72.9, 349.1, 440.8, -41.9, 352.5, 441.7, 255, 0, 0
L -41.9, 352.5, 441.7, -28.2, 341.7, 441.7, 255, 0, 0
L -28.2, 341.7, 441.7, -27.4, 322.4, 441.8, 255, 0, 0
L -27.4, 322.4, 441.8, -12.6, 322.4, 441.7, 255, 0, 0
L -393.9, -1582.6, 255.4, -625.8, -1582.2, 255.4, 255, 0, 0
L -625.8, -1582.2, 255.4, -702.5, -1505.2, 255.4, 255, 0, 0
L -702.5, -1505.2, 255.4, -701.9, -1393.9, 255.5, 255, 0, 0
L -701.9, -1393.9, 255.5, -691.5, -1402.2, 256.3, 255, 0, 0
L -691.5, -1402.2, 256.3, -621.8, -1332.5, 255.3, 255, 0, 0
L -621.8, -1332.5, 255.3, -618.5, -1346.5, 256.4, 255, 0, 0
L -618.5, -1346.5, 256.4, -483.6, -1346.6, 255.4, 255, 0, 0
L -483.6, -1346.6, 255.4, -413.7, -1416.4, 255.4, 255, 0, 0
L -413.7, -1416.4, 255.4, -417.6, -1417.9, 255.7, 255, 0, 0
L -417.6, -1417.9, 255.7, -416.8, -1481.9, 256.7, 255, 0, 0
L -416.8, -1481.9, 256.7, -390.8, -1480.2, 255.4, 255, 0, 0
L -390.8, -1480.2, 255.4, -460.8, -1551.4, 257.8, 255, 0, 0
L -460.8, -1551.4, 257.8, -393.9, -1582.6, 255.4, 255, 0, 0
