P 5002.3432, 559.9228, -198.4051, 255, 0, 0, 3, to_Kael_Drakkel
P -4755.6430, -1545.5202, -63.9676, 255, 0, 0, 3, to_Skyshrine
P 1069.5025, -466.4201, -24.9989, 255, 0, 0, 3, to_The_Plane_of_Growth
P 2978.0000, 3017.0000, 0.0000, 240, 0, 0, 2, Druid_Portal
P 5000.0000, 673.0000, 0.0000, 255, 0, 0, 2, Succor
P 3796.4782, 1597.7061, -54.3285, 0, 0, 240, 1, GS:_Yew_Leaf
P 3486.7890, 719.9221, -193.2257, 0, 0, 240, 1, GS:_Yew_Leaf
P 2001.1652, 97.6348, -193.8531, 0, 0, 240, 1, GS:_Yew_Leaf
P 1114.2781, 454.1201, -178.1052, 0, 0, 240, 1, GS:_Yew_Leaf
P 1110.6204, 657.1790, -188.9940, 0, 0, 240, 1, GS:_Yew_Leaf
P 1113.6713, 716.4873, -175.0822, 0, 0, 240, 1, GS:_Yew_Leaf
P 1349.8493, 716.7042, -179.9847, 0, 0, 240, 1, GS:_Yew_Leaf
P -428.7417, -391.5250, -194.3774, 0, 0, 240, 1, GS:_Yew_Leaf
P -2064.3627, 847.9080, -40.0913, 0, 0, 240, 1, GS:_Yew_Leaf
P -1599.1425, 101.0865, -215.7220, 0, 0, 240, 1, GS:_Yew_Leaf
P -1599.2990, -393.6399, -188.7619, 0, 0, 240, 1, GS:_Yew_Leaf
P -1849.6060, -393.4135, -155.6057, 0, 0, 240, 1, GS:_Yew_Leaf
P -1603.0655, -513.6273, -196.5482, 0, 0, 240, 1, GS:_Yew_Leaf
P -1622.2664, -1529.2879, -155.2306, 0, 0, 240, 1, GS:_Yew_Leaf
P -1599.7316, -2024.4726, -189.0261, 0, 0, 240, 1, GS:_Yew_Leaf
P 100.5267, -2499.9589, 13.9953, 0, 0, 240, 1, GS:_Yew_Leaf
P 938.1153, -2421.9091, -66.8117, 0, 0, 240, 1, GS:_Yew_Leaf
P 2099.4772, -1402.9661, -177.0247, 0, 0, 240, 1, GS:_Yew_Leaf
P 3798.1474, -1399.6475, 23.3769, 0, 0, 240, 1, GS:_Yew_Leaf
P 2289.6774, 718.0673, -190.2877, 0, 0, 240, 1, GS:_Yew_Leaf
P 2581.5773, 717.4865, -195.3728, 0, 0, 240, 1, GS:_Yew_Leaf
P 2100.4594, 1595.2663, -100.4333, 0, 0, 240, 1, GS:_Yew_Leaf
P 1113.2698, 1625.1995, -96.6314, 0, 0, 240, 1, GS:_Yew_Leaf
P 1111.7991, 1340.5447, -167.3569, 0, 0, 240, 1, GS:_Yew_Leaf
P -1597.3577, -245.1223, -164.8261, 0, 0, 240, 1, GS:_Yew_Leaf
P -1600.5419, 563.9132, -160.0610, 0, 0, 240, 1, GS:_Yew_Leaf
P -1600.5380, 848.0753, -109.2802, 0, 0, 240, 1, GS:_Yew_Leaf
P -1602.3323, 1121.7106, -7.7051, 0, 0, 240, 1, GS:_Yew_Leaf
P 1999.9396, 1696.8472, -43.4049, 0, 0, 240, 1, GS:_Yew_Leaf
P 203.9724, 1699.6369, 4.4337, 0, 0, 240, 1, GS:_Yew_Leaf
P -2193.0258, 1203.4140, 6.1164, 0, 0, 240, 1, GS:_Yew_Leaf
P -1015.5637, -391.3240, -193.0011, 0, 0, 240, 1, GS:_Yew_Leaf
P -718.8280, -390.9390, -178.4267, 0, 0, 240, 1, GS:_Yew_Leaf
P -1597.4053, -1445.6447, -166.1440, 0, 0, 240, 1, GS:_Yew_Leaf
P -2199.8825, -2498.2436, -20.5828, 0, 0, 240, 1, GS:_Yew_Leaf
P -1601.4650, -2397.1796, -65.5298, 0, 0, 240, 1, GS:_Yew_Leaf
P 1111.6197, -1621.6752, -179.3798, 0, 0, 240, 1, GS:_Yew_Leaf
P 942.2588, -1626.0789, -175.2979, 0, 0, 240, 1, GS:_Yew_Leaf
P 940.6435, -1245.2580, -194.1026, 0, 0, 240, 1, GS:_Yew_Leaf
P 39.0000, -1726.0000, 0.0000, 255, 255, 255, 2, Fairie_Village
P -2044.0000, 3394.0000, 0.0000, 255, 255, 255, 2, Holgresh_Lair
P -1447.0000, -1857.0000, 0.0000, 0, 0, 0, 2, Lady_Gelistial
P -161.0000, -206.0000, -62.0000, 240, 127, 0, 2, Wuoshi_(Raid)
P -3937.9799, -389.8347, 24.8950, 0, 0, 0, 2, Lantaric`Dar
P 1694.4158, 966.0541, -167.6529, 0, 0, 0, 2, Eysa_Florawhisper
P 4599.2358, -670.6015, 38.0108, 0, 0, 0, 2, Taxonomist_Drorjon
P 4069.7072, 732.5983, -189.8464, 0, 0, 0, 2, Frostgiant_Overseer
P -761.3192, 3083.6879, 24.9019, 0, 0, 0, 2, Scout_Leader_Plavo
P -411.3926, -2988.0812, 23.3769, 0, 0, 0, 2, Rolandal
P 4580.2236, -640.8859, 28.8692, 0, 0, 0, 2, Tomekeeper_Brordnessin
P 819.4375, -2255.4865, -113.2126, 0, 0, 0, 2, Alaurin_(Roam,HS)
P -2029.7829, 4132.3842, -186.7530, 127, 64, 0, 2, an_elder_holgresh_(Hunter)
P -2028.3173, 4133.8100, -186.7322, 127, 64, 0, 2, Grand_Vizier_Poolakacha`tei_(Hunter)
P -1633.2161, 2122.0546, 20.9588, 127, 64, 0, 2, a_holgresh_raider_(Hunter)
P -775.7102, -947.1647, -199.1643, 127, 64, 0, 2, Lord_Gossimerwind_(Hunter,Roam)
P -449.3566, -611.2273, -204.8607, 127, 64, 0, 2, Lord_Prismwing_(Hunter,Roam)
P -797.1702, -2186.2807, -120.7617, 127, 64, 0, 2, Rapticor_(Hunter,Roam,HS)
P 2153.0905, 2799.7124, -129.7292, 240, 240, 240, 2, Wuoshi`s_Lair
P 1073.1263, -444.7269, -170.3103, 0, 0, 0, 2, Shamus_Aghllews
P 1030.1186, -418.4740, -170.3103, 240, 240, 240, 2, The_Growth_Nexus
P 1041.5052, -523.7344, -122.0291, 0, 127, 0, 2, Weinna_Oakchild_(Spells)
P 1028.2679, -522.8619, -122.0291, 0, 127, 0, 1, Phillip_Aghllsews_(Spells)
