P -1129.7226, 85.7167, -110.9675, 255, 0, 0, 3, to_The_Stonebrunt_Mountains
P 908.5728, -747.9071, -36.9988, 255, 0, 0, 3, to_Paineel
P 930.0000, -748.0000, 0.0000, 255, 0, 0, 2, Succor
P 995.3203, -300.7817, -102.7061, 240, 240, 240, 2, Captured_Erudites
P -240.5713, -562.8232, -111.7061, 240, 240, 0, 2, Fake_Wall
P -204.1695, -510.0508, -111.7061, 240, 240, 240, 2, Batlings
P -97.0734, -313.1479, -81.7061, 240, 240, 0, 2, TRAP:_Fake_Floor
P -746.4189, 81.9593, -110.9665, 240, 240, 240, 2, Lair_of_the_Bat_Cave_Lord
P 1039.3034, -379.5393, -94.9665, 240, 240, 240, 2, Prison_Area
P 905.6393, -308.5074, -109.9665, 240, 240, 240, 2, Rat_Room
P -213.9532, -187.2986, -81.9665, 240, 240, 240, 2, Throne_Room_of_King_Gragnar
P -339.3959, -633.4534, -113.9666, 240, 240, 240, 2, Lair_of_the_Muglwup
P 1118.9201, -291.4288, -98.7061, 0, 0, 0, 2, Koajin
P 1123.3637, -263.6195, -98.7061, 0, 0, 0, 2, Aderius_Rhenar
P 1080.5378, -257.9070, -98.7061, 0, 0, 0, 2, Kujanko
P 1076.8709, -278.1060, -98.7061, 0, 0, 0, 2, Owakanji
P 720.3172, -228.0860, -95.9665, 0, 0, 0, 2, Jailor_Mkrarrg
P 755.9646, -305.4940, -89.9665, 0, 0, 0, 2, Trainer_Daxgrr
P -988.2218, -54.0513, -81.9665, 0, 0, 0, 2, Huntmaster_Furgrl
P -789.2253, 102.1459, -101.7061, 0, 0, 0, 2, cave_bat_lord
P -954.9219, 271.6114, -110.7061, 0, 0, 0, 2, The_Mighty_Bear_Paw
P -306.9330, -612.0036, -113.7061, 0, 0, 0, 2, The_Muglwump
P 167.5967, -335.2073, -67.4319, 0, 0, 0, 2, Prince_Bagnar
P -330.4628, -183.5185, -77.4149, 0, 0, 0, 2, King_Gragnar
P -232.6490, -419.2844, -113.7061, 0, 0, 0, 2, Krode_the_Diviner
P -297.7966, -218.0530, -80.7061, 0, 0, 0, 2, High_Shaman_Drogik
P -171.6246, -325.9972, -81.7061, 0, 0, 0, 2, Lorekeeper_Roggik
P 1010.8302, -532.3609, -80.3952, 0, 0, 0, 2, Rikfeer_the_Arcane
P 847.1907, -657.3067, -74.9025, 0, 0, 0, 2, Smithy_Rrarrgin
P 829.7436, -674.1640, -74.9010, 0, 0, 0, 2, Foodmaster_Rargnar
P -238.1767, -613.4814, -97.4455, 0, 0, 0, 2, Wilslik_Gissu_(SHM:1.5)
P 956.7341, -318.7756, -106.6540, 127, 64, 0, 2, Packmaster_Dledsh_(Hunter)
P -107.7655, -339.0147, -80.3923, 127, 64, 0, 2, Warlord_Drrig_(Hunter)
