P -4070.0000, 241.0000, 239.0000, 255, 0, 0, 3, to_The_Overthere
P -1187.0000, 3651.0000, 50.0000, 255, 0, 0, 3, to_Lake_of_Ill_Omen
P -4548.0000, -2567.0000, -244.0000, 255, 0, 0, 3, to_The_Crypt_of_Dalnir
P 1015.0000, 2322.0000, 262.0000, 255, 0, 0, 3, to_Cabilis_West
P 3500.0000, -1400.0000, 0.0000, 255, 0, 0, 3, to_The_Field_of_Bone
P 468.0000, 1429.0000, 0.0000, 240, 0, 0, 2, Succor
P -4211.0000, -4239.0000, -258.0000, 0, 0, 240, 1, GS:_Scroll_in_a_Bottle
P -3964.0000, -2536.0000, -187.0000, 0, 0, 240, 1, GS:_Meditation_Basket
P 448.0000, -1549.0000, -40.0000, 240, 240, 240, 2, Goblins
P -1452.0000, -1772.0000, -19.0000, 240, 240, 240, 2, Goblins
P -2475.0856, -1499.3032, 176.5979, 240, 240, 240, 2, Goblins
P -2625.0000, 900.0000, 0.0000, 255, 255, 255, 2, Iksar_Bandits
P 2489.0000, -3779.0000, 0.0000, 255, 255, 255, 2, Iksar_Bandits
P 2130.0000, -3264.0000, 0.0000, 255, 255, 255, 2, Goblins
P -3707.0000, 1517.0000, 585.0000, 255, 255, 255, 2, Iksar_Bandits
P -4184.0000, 1369.0000, 548.0000, 255, 255, 255, 2, Iksar_Bandits
P 2839.0000, -2813.0000, -9.0000, 255, 255, 255, 2, Iksar_Bandits
P 123.0000, -2247.0000, -23.0000, 255, 255, 255, 2, Goblins
P -2075.0000, -1557.0000, 174.0000, 255, 255, 255, 2, Goblins
P -1454.0000, 2273.0000, 0.0000, 255, 255, 255, 2, Iksar_Bandit_Caves
P -958.0000, 2052.0000, 0.0000, 255, 255, 255, 2, Goblin_Pond
P -3297.0000, 2891.0000, 0.0000, 255, 255, 255, 2, Open_Valley
P 0.0000, -3000.0000, 0.0000, 255, 255, 255, 2, Goblin_Outpost_of_Twark
P -1250.0000, 950.0000, 0.0000, 255, 255, 255, 2, Giant_Outpost_of_Chalp
P -1929.0000, 3561.0000, -72.0000, 240, 240, 240, 2, Iksar_Lookout_Cavern
P -1521.0000, -1155.0000, -13.0000, 240, 240, 240, 2, Giants
P 600.0000, 1882.0000, 301.0000, 0, 128, 0, 2, Rogalin_(Merchant)
P 707.0000, 1651.0000, 302.0000, 0, 128, 0, 2, Gargin_(Merchant)
P 895.0000, 1710.0000, 303.0000, 0, 128, 0, 2, Kogrin_(Merchant)
P -803.0000, 1050.0000, -16.0000, 0, 0, 0, 2, Gellrazz_Scalerunner
P -3611.0000, -247.0000, 220.0000, 0, 0, 0, 2, Juikull_Slizz
P -394.0000, -4015.0000, -211.0000, 0, 0, 0, 2, Ssolet_Dnaas
P -2190.0000, 3354.0000, -21.0000, 0, 0, 0, 2, Karrenabell_Joonan
P -751.0000, -3084.0000, -18.0000, 0, 0, 0, 2, Xarezia_Dru`Shiv
P -624.0000, -176.0000, -78.0000, 0, 0, 0, 2, Lurking_Hopeful
P 1489.0000, 972.0000, 272.0000, 0, 0, 0, 2, an_injured_traveller
P 2469.0000, -3827.0000, -25.0000, 0, 0, 0, 2, Silliv`Host
P 424.0000, 1380.0000, 199.0000, 0, 0, 0, 2, Drakigone_Bruann
P 889.0000, 1856.0000, 304.0000, 0, 0, 0, 2, Warlord_Vyzer
P 224.0000, -2953.0000, -19.0000, 0, 0, 0, 2, Pit_Fighter_Dob
P 1731.0000, -272.0000, 149.0000, 127, 64, 0, 2, Grachnist_the_Destroyer_(Hunter)
P 1948.0000, -1243.0000, -35.0000, 127, 64, 0, 2, Grachnist_the_Destroyer_(Hunter)
P 2070.0000, -3243.0000, -24.0000, 127, 64, 0, 2, Grachnist_the_Destroyer_(Hunter)
P -39.0000, -3260.0000, -19.0000, 127, 64, 0, 2, Grachnist_the_Destroyer_(Hunter)
P -2413.0000, -1475.0000, 178.0000, 127, 64, 0, 2, Grachnist_the_Destroyer_(Hunter)
P -2451.0000, -564.0000, 179.0000, 127, 64, 0, 2, Iksar_Bandit_Lord_(Hunter)
